2001-02-22 1.038785179079067 2.1445557887224407 3.690977799687209 2.0375581305060395 1.090244694070847 1.2418350832190694 1.2332683961607311 1.1231086987365624 1.4380141136966866 3.699238309861123 0.8975880604813408
2001-02-23 0.9731245544505116 7.804138097166411 3.847683527385751 1.3566662654665649 3.1083420744053165 0.87060951415459 1.223099650860703 0.8274565176353845 0.6998966340687709 0.8290591968454701 5.721396869285027
2001-02-24 0.6429901006943173 1.6798470920419892 5.035311843110666 1.7558260435031416 16.798497401740235 2.7201459852856757 0.8484752421923039 1.3510691229833918 0.8466734264821237 0.9416999781120228 1.293920403710306
2001-02-25 1.7875188482335829 4.418455124093365 9.702651938486486 1.887902067958911 9.259057895145059 3.9841185135642934 6.618638347234927 7.18065940974594 2.8006946697977506 1.9214500832261785 4.51385786383905
2001-02-26 13.056190497741717 4.581871741410788 14.73425027205925 4.516373642039838 7.793987402285266 3.744028895917502 15.781304500372224 8.28031849731655 26.533140643030762 1.8924359231365342 7.552212409599631
2001-02-27 3.171132781592913 13.395160143409683 4.128349077237488 0.7210349902806698 6.296794857862499 6.58161239187289 6.34821474683615 11.991868372684939 8.954160278084297 1.8876447246625914 4.145270967577641
2001-02-28 3.498283005139295 3.6113073705265735 6.049013035447545 0.25777702459460605 2.3982287605384034 9.710257254995863 4.280346028082088 19.309994403081692 7.489196893437213 4.1992788195641575 0.988043409105688
2001-03-01 17.511982444531146 8.225773632905975 23.207854258540667 13.918226824995482 8.587802736945408 8.762338821062015 10.966251658606698 10.566393931913863 13.33786957757549 6.623435112493574 2.8095399548795728
2001-03-02 12.291831150718197 12.64350393489142 5.841128373645574 4.420822288164704 10.177767921324687 16.565913271184407 32.956782128796284 4.268786237119766 6.262552091676987 6.72284743898137 14.895018393423978
2001-03-03 11.243594510238289 7.294238307945868 13.589243241760276 3.976273865100863 7.667651314778417 4.376379045697185 8.66844104877754 6.232150841591504 16.32485807686897 1.357320510221769 14.476550296058178
2001-03-04 13.888094029697386 3.5318261041081693 4.603345030845837 2.8387735815222257 3.2707774009750104 7.162857941040068 5.408274597938846 2.7066763487481103 4.2816392405256005 0.6585749054153183 2.9719107309238266
2001-03-05 2.711082443033887 10.943247463851238 1.2086726174314626 1.1323604684251083 0.5268660789679482 2.737408459734352 14.885526553624615 3.3758877892584547 8.912226903492272 0.7068014407266487 0.887656923060733
2001-03-06 2.2188557628650054 1.810104021275196 0.9249619944468566 2.949188441018364 2.350569213250581 1.8279669408455022 16.145657981159285 1.9576123837165418 3.733129389101681 0.9901370445233708 0.35411806618166275
2001-03-07 1.679646139346142 1.9897172752842947 0.889150951515593 4.658315468531329 5.281697784671399 2.1867675123894257 2.219912101608417 3.4170863073274615 12.133772413690341 9.716662401472833 3.452323995885507
2001-03-08 2.4264262240106573 7.651588058087624 1.6850030023472122 12.997160358316378 1.644793899698318 2.9058273317239074 14.710465110766805 2.114987410620121 2.4824815855664433 5.433359493775765 5.361302945080725
2001-03-09 0.0 7.82948996248858 0.6210474132351065 2.550232080814804 0.8107168028995948 1.5199454174757339 1.4089260394485823 14.557148674983733 0.0 1.9164391164117398 6.445186955557877
2001-03-10 3.322961747983302 7.845602959900695 0.6841958467983218 6.353843368247359 5.736289642608007 5.785978720392703 1.604881835466974 12.23089036463427 5.657685474737754 6.060711831880859 5.778784724691484
2001-03-11 4.448434466258374 3.3522108833602315 6.3021060508721 10.903128172756627 1.0068440596912782 8.547243603015282 4.024045429854722 12.986944048841021 4.125767885106445 15.277867295460137 7.07839633479024
2001-03-12 9.140789943876078 10.32475812348118 11.045547261855372 14.814108548991184 7.365536827878627 42.99682905471681 11.706912637054376 2.502197623113769 2.4965275167882925 9.35246541195831 6.530193158602303
2001-03-13 2.3281784670765444 36.038079536668 5.1601112208201645 15.890325221831597 5.837896088923298 9.965260212663818 13.980257924964798 5.403002336345573 1.1811012809012937 3.2565993939203923 2.4658176070837188
2001-03-14 11.171500832742847 6.905974494453287 0.7990036508715707 21.41469600762308 9.653101993151399 5.427574561760806 3.8982372216557035 7.690454542653738 1.3880600007644968 1.3575294451382238 3.1149091571076717
2001-03-15 14.34864184446096 15.55764862766393 2.8952099027220655 7.219631861732016 8.307252485903188 2.8964305505365395 1.2018414836409694 5.875529606888207 2.3982905872825873 4.800227142177091 24.665468226498522
2001-03-16 10.377645441453426 7.845048301123309 7.803389273820077 6.76284557323738 1.075809708468047 3.301026832711817 5.706247814234482 4.338131153482083 4.025462903649381 7.155074449626534 1.8761161380578633
2001-03-17 5.788157790618516 1.1493074067491804 11.900617170535783 2.2858989757193813 2.85326315283321 7.681197445856436 10.586935658853832 24.461306863583967 7.348405111943361 4.797670099132426 1.5875389893771596
2001-03-18 8.823592270771844 2.5175582701980788 2.3121784573635806 8.398219074171227 4.1135086771382285 3.176781598909633 12.218846185244836 1.9766266978552556 8.003160659975283 2.8014605484687074 7.158650754261269
2001-03-19 11.463201825243415 12.763046504353579 9.433420666833864 9.624453301873558 11.0621604628436 3.495984749503167 11.6784907975758 4.44216875994951 2.772365136313807 7.619710607162692 6.1705441464031106
2001-03-20 11.293979735561436 4.436824384612397 2.8501759006435408 8.364340877295252 6.453299226698434 11.981266008638748 3.5562221588019445 0.9236322713557155 2.9235541725206096 31.588905005049824 3.311738486832474
2001-03-21 11.48216856975581 10.942505409335405 2.6321312691686316 4.581987342355028 10.323885786087434 2.488862861076459 9.461240827082722 2.3335180042903176 3.21765842545865 8.671534197558245 3.8293712743400543
2001-03-22 15.459880266395906 39.834712119910115 1.9772397046924723 18.71937589908777 3.9906486602763005 1.7124219370892977 2.732660372760952 0.7434970359458517 1.0289661765790574 7.596711380408963 10.118539610717104
2001-03-23 14.463445697048446 6.292269393989837 2.560605874181759 1.7209679094811408 4.918361662214345 3.020012076188846 2.6842574558077716 2.7454755030229583 1.1763959438554035 25.398007478561986 8.805837550539948
2001-03-24 6.337529498743862 8.393236576281218 5.191812506254557 14.788241477582085 8.0028192151185 10.527711582178869 3.4520149180320145 2.2008379333232355 6.052689549657155 12.369600951135165 1.8907407412894455
2001-03-25 1.0570797162186827 5.223337360485382 4.90580013924586 29.603688224989845 4.925299116869784 2.9838338058717606 2.4564104390431867 9.043302628585932 0.3471088207997172 9.004295748072517 2.0560434930623552
2001-03-26 7.962875423990647 10.200920889148094 14.982526023085855 4.551989835465051 3.996948779659069 4.645058213328761 8.97415307113739 2.37276614935669 1.3404649522494623 8.673297155463064 1.1095882498864973
2001-03-27 11.587105396968083 8.772378919900454 8.683863434945788 0.624480691120901 4.199583919054039 6.272214774408519 10.47287871138407 4.769891576695414 1.1841799257866428 4.789227506887007 0.9754448317104807
2001-03-28 2.526774240070098 5.4016568970079515 1.6135534795028865 4.637006821069034 6.174866663007164 6.784177650260671 12.320439900436071 0.9460495172906938 3.504538513750324 9.011396190735063 2.5604231595130695
2001-03-29 2.19622381905924 1.19611870806254 1.9187899312715957 2.2339854116218163 8.842525111719295 10.06737756514655 4.230510521291269 1.192733916375365 3.325720478446362 30.334294441256414 1.0066672353097919
2001-03-30 8.149716111438467 0.5541575275748225 3.8118457993295536 0.43530650511109603 12.701132754803213 15.330977095717977 21.3800091066437 1.5875054855778128 5.758468611705339 10.078838660358857 11.73435128387462
2001-03-31 13.76623112399245 16.63322434941618 9.369930853550606 2.9096307291870795 13.92045920316452 2.379990578271205 7.765210670932827 3.1296547725664037 2.991950036185675 11.429776651972265 12.808293688292242
2001-04-01 10.129200467486458 10.240706353882441 4.633791606328436 28.348203138131332 8.5341145884017 4.895554551315159 0.2969406237106196 5.049243002520903 0.8128273142258448 18.26934896402907 20.066501872506123
2001-04-02 4.229348524339935 4.840147588373096 5.815928899296274 9.504792283797292 9.482389348647558 13.310241062270588 3.108125430243221 4.860841702118025 1.8315712177995307 1.0809495273408052 5.51208724694389
2001-04-03 3.009291143766734 7.752937164724196 5.675627285365623 34.183982195186154 4.589588940306171 11.001832829180092 6.565045128570143 0.7205480228171746 0.5577431194015052 1.278790583053051 4.993165146662249
2001-04-04 1.9995512486676081 17.093431296717537 1.0377657650921093 2.3050464471453873 3.137364207077302 11.63796554348605 3.554723283607819 0.21770389845927351 5.809159614676778 1.5012703874102582 6.8309502558363135
2001-04-05 6.025528221581368 3.9210001027889594 0.47764711781192515 0.5600059025922905 9.836766122434204 12.938741510616772 1.270507699448412 0.25083802094301433 3.719909374562092 3.5723916947060896 1.6242350101913847
2001-04-06 5.60858987013661 1.2392634960064275 0.026343946286773858 2.8079115702500985 9.254085316718513 17.523137516658984 2.7322678561851417 1.237792951904157 2.1270267315663762 14.455038294692516 4.681706139937505
2001-04-07 2.7404738193109175 0.5202005855855651 0.10737138635030372 8.099315517996182 4.07681615250979 21.090609548676767 2.556302613030165 21.702783134728314 4.3865493868845515 19.0135291638938 8.180583347173572
2001-04-08 6.3109786004062425 2.474791438298767 0.27821082242585154 7.9299382608171936 2.121438710523357 13.630493678251117 2.7036249876959433 2.2827065672071223 2.9424086061191104 9.088202078080064 23.288619665663077
