2001-04-05 0.4799815369484134 0.7034548699524732 0.9496048069976483 1.2675623404755827 0.30393712092310937 0.6358756327305132 1.3942991854386348 0.48336408057742386 0.8598541724242293 0.5185705464178072 2.1345171858937064
2001-04-06 0.19886925651616283 0.02783773581849794 0.1452445281727695 0.1992358654414414 0.04026818023445744 0.02271658433190611 1.156641238512936 0.32356861766912953 0.22409087816799195 0.28044926308235835 0.0560599595658022
2001-04-07 0.5299501682966241 0.9878226623644603 0.9242776140452735 0.5932082298723469 0.24374636839227215 0.013625849005159781 0.47861314551602346 0.4318851958049148 9.258923380968323 1.2849829856299115 1.049625153643855
2001-04-08 0.14330464418572864 1.4197768577172676 1.599512417566391 4.166740215704978 0.03551754900762586 0.08574388137129671 0.3616472509669949 0.0 2.1474254288035524 0.3611671563252042 0.14636214450471774
2001-04-09 0.30019575152366307 1.2667136198909734 6.627614163704162 0.46844885282907844 0.350129411971211 0.06690614334461173 1.9639434055287388 1.9453919101530426 1.1679978668885374 0.06336900132048089 0.3411047276238077
2001-04-10 3.905083940420897 0.3918760403208036 0.2342430711333732 0.8239676968347108 0.3938568982604624 2.0694214711691257 3.2323786821812663 6.196959264698316 0.7007610993366712 1.0237740742857881 3.8972290197106636
2001-04-11 2.8894663934605758 0.65961022057212 1.061238300971524 8.800578172936678 0.8978231270660304 0.9331275283091497 4.307020762899812 17.230781986448076 0.05312688099133425 1.295345434691074 3.514477919540223
2001-04-12 2.330470554545869 0.018444414828585495 5.3710466704032305 2.40377100035562 1.8148307205374958 17.796452466111813 2.620004144283725 2.37092466064035 0.0 4.208322012957186 3.2444907958260645
2001-04-13 8.15244685677271 0.44173459318596336 0.17746400954881214 6.492093457898168 1.9787928785603748 2.767880349743941 0.30870971893738874 1.3668315509464923 0.007597979041754564 2.9212023586843268 1.040676354308701
2001-04-14 2.105337937876193 0.5634356934182838 2.4541593667934123 9.609675408056127 0.4054204476595267 2.243381353977324 2.871593969173958 0.5392046268539623 0.5512164753651885 10.79601618490237 5.41195773832988
2001-04-15 2.1544781704393534 3.117525385312418 3.4552913951805015 37.56240185065363 3.1016244864326787 0.007512316135684706 7.8868694113616495 3.4490678016739817 0.41993499513438526 1.9765833156983263 0.3000413604951884
2001-04-16 2.1849970262758767 25.75846491150951 7.394338927218459 0.7984031803002375 1.030862268937259 0.2713390959354556 1.6234187000819071 2.625460715446243 2.232332775999138 0.37702078802404926 0.978032614166227
2001-04-17 5.856232815252368 5.857445643334561 8.99719528997627 22.556752323888126 2.941184435292366 0.7298843050978652 5.840041792316553 9.098615932880561 6.858021213859546 0.43167538712428005 3.4507423616754527
2001-04-18 3.513291651845642 0.3328849504504148 4.089612341142802 11.781788256549998 1.7779109709054899 1.1352382732334174 11.967560762065714 5.046380065637026 1.0665904772212378 1.6811071040491998 3.3969857909131345
2001-04-19 5.2806970959815 12.506737870743311 8.123072402052474 0.5201886382550021 0.34563219087755176 2.3239929111613966 1.4464784009919924 32.73611005096334 4.125317345856407 12.98065113640765 5.8364258566816325
2001-04-20 4.001520031345107 1.6226825837740495 11.995165021066743 5.593104474351398 1.4887049338487515 0.021079741766845114 7.806087525558143 0.611721164477803 2.6235496577108783 14.178399367014567 0.0024728154484696518
2001-04-21 0.9589794597140264 1.1138371847827226 4.740375614966154 4.508565429659404 0.6973457230992236 5.357030833812609 7.572952680406987 0.17029410559040775 0.38658134903344643 3.6913789249175832 0.5561663745446372
2001-04-22 0.506914651605541 1.8539163483119983 3.231236758076669 7.20456877033117 0.008120025465842541 12.499717866343847 0.3067248408375705 0.05936571866733759 0.0 3.9957271302627024 1.2834892416960204
2001-04-23 1.5170408388881431 4.353442212335784 1.367233334893078 23.64894987477632 0.02528914517283631 1.6195138006659828 1.2438223505038528 0.19797116852816043 0.23910936029719704 8.443092667787692 9.65589809297613
2001-04-24 1.342822163259614 1.5238800282268337 1.0128951743693804 0.9813810907209818 0.45317677565138403 1.8751979119543045 1.704168799269664 0.6076410498318574 0.25313990884432047 2.8683781801578685 4.275171288821583
2001-04-25 1.8784272893916465 2.0808336662702756 3.413926891097323 2.386841664941834 0.691343854667607 0.40767026863171335 0.5842461809244086 0.8195426012126679 0.2238854787706221 0.6372743112730305 0.07111887154413647
2001-04-26 1.6563937870142251 6.4198423631554675 15.237087923281203 0.9788861328302629 0.35974189335868256 0.5822506262675071 0.06328315420584368 2.7229852215534356 1.3540055099016766 0.20053671746319626 0.04604263826095538
2001-04-27 2.3889970548215533 4.772849143649019 0.4357856278199703 1.555039221278514 0.11257443167817464 1.3285041390154189 1.257981689013648 4.775178395910903 1.4307220066275477 1.4621909479741735 0.6888027161405891
2001-04-28 0.48786593435095793 8.365849681465084 4.115651749743449 1.7400606484726997 0.0 0.8278065710939694 5.187017367253895 1.0030201576087552 0.7867072175560705 3.8647807238343566 0.6988544985959337
2001-04-29 2.491614564419443 1.790214694870632 21.60446012438333 0.5061447260151792 1.4240095712839715 0.9734474030305382 5.035573494277022 6.782741395252069 0.21521467943848918 11.55985741080482 0.3934980229185923
2001-04-30 0.8543906675520837 0.05808447812000334 12.342852317720213 0.16341128625848292 0.20071842816616234 1.3661375563898703 4.875800248533594 5.328090720329588 0.8859707366362441 5.910875488838872 0.11303487942418698
2001-05-01 0.273926297366472 0.34552469470484337 0.28597055611064254 0.0 0.29072387002912775 5.654671718248173 6.057884499107196 3.110141159190615 0.12040737145917972 1.9712293951748376 1.4528705389612235
2001-05-02 1.19654017131097 4.7625211495249715 0.3353598246226213 0.0919740661278457 0.4133690405697569 1.0666478839247284 5.53186558765472 1.6111343847417907 1.0331321674181446 0.82575789369349 0.32629513919034697
2001-05-03 1.068968033304476 5.773687242467977 0.5493634989561903 0.0 0.09918354431648346 0.09128857040157778 8.23593026602916 2.3740640340137897 0.032506647351763396 1.3239190253007327 0.365096656173335
2001-05-04 0.8447997025250454 7.524767915954913 0.5085196879750433 0.005712962080833738 0.07623171268328038 0.3591423845054643 16.626481145393505 0.17584788041349778 0.08682473715453107 0.3033671617559037 0.43951106825039593
2001-05-05 0.10537506958576082 12.43116885499694 0.04989049418813246 0.011360172098206627 0.06690614334461173 0.7966149272999394 3.083905379361982 0.25275224928241435 0.1125207085709515 1.1256717312816664 1.4602686061623573
2001-05-06 0.0 1.6195558392101577 0.48871223499771865 0.8798768656310437 0.0 1.8163261267215838 2.49254679826878 0.060892173338020814 0.6386593443007549 0.710951956565474 1.7124299516990134
2001-05-07 0.6274742844799264 2.2510800615134974 0.06977570075214054 0.14152573794869405 0.24918015476605548 2.0877973597435693 2.8199505346081377 0.08967645182457065 0.045817588474351696 0.23862901113178644 0.9492598781315115
2001-05-08 0.5643087476644248 0.922405247477349 0.561773063457278 3.986768852162116 0.4786234184530793 1.1439981896814808 1.2641817096948693 0.10519300971521052 0.6823530311313211 0.18646052033485627 0.0358819860871485
2001-05-09 0.2652473458738074 0.09352157543228537 0.6341803438322096 0.18167666943665536 0.1589295564554821 2.71630461201163 1.3041158819174539 0.3053101024755076 0.4269370745933826 0.29551597467639606 0.034628741802682356
2001-05-10 0.18531609206678124 1.1546810797689009 0.9045741581696756 0.10803520344048423 0.13733120802700144 6.287475779829629 0.9166489751215217 0.020917230277055148 0.49264369964922633 1.1136130775419861 0.19295295274107369
2001-05-11 0.11389427959015176 0.28362719082310245 1.727171681069665 0.1919824253009367 0.14914361902843515 3.8074075861350165 0.7955545116925918 0.2408750742145973 0.06690614334461173 2.1833675292831396 0.010070794490224216
2001-05-12 0.23355890107438754 0.13546234167802373 2.935525468005272 0.11204035918836225 0.18308880142913025 1.5577354773015197 1.3398492012907273 0.11200242026407309 0.007084242730378868 9.292917380130959 0.007227389887804967
2001-05-13 0.13824049194063953 0.06047957482555238 6.686812544929463 1.1077375465992652 0.058843488895253024 0.15559226946638774 0.22917795558821447 0.64640857199764 0.04846172921634541 29.60273375955387 0.201539485427241
2001-05-14 0.5191530786636313 0.12731002231067917 2.2570099989824515 1.6420262363325322 0.3048739746617682 0.0711067323322172 0.234537702119456 0.22687779128255386 0.07781013168649796 0.905691648047628 0.11952687577229097
2001-05-15 2.5924033061794916 0.11195845524159248 2.166329022251435 4.958118306871025 0.024075542762045876 0.5697466593049552 0.5444310530713466 0.04010462639351796 2.095393297959534 0.5005225678059927 1.6396073427952924
2001-05-16 0.2952702519109744 0.17985116263189266 9.850100267157885 0.695769242270958 0.061933900254686244 0.8886461863789891 0.15161473025521932 0.015050419128548348 0.9547464032190145 0.6605625253324343 0.44915954159514543
2001-05-17 0.7358905037432086 0.500374729757991 2.0803630919712948 3.1141399223978903 0.033098457533620174 1.791184087681399 0.0255899705690171 0.0 0.0 0.6789848994302773 0.02467942333350721
2001-05-18 0.8447079049923013 0.42380436789119125 0.03130293264985084 0.8048697288973397 0.13836742438445176 0.4931558054173608 0.8017360781770747 0.0 0.0 1.0082429306482412 0.01083812567411865
2001-05-19 0.23822008753445956 0.925145292943284 0.02762257335516971 0.11906231209150539 0.0 0.4121117074281562 0.053587144411616654 0.13705243293598512 0.209623809825564 0.3337954322652212 0.23603859606793726
2001-05-20 0.405626265676023 0.3309895554369149 0.8628124535705124 0.24195699288650607 0.18702482776363827 0.5720176637665348 0.521493167287539 0.6599213685531553 0.011360172098206627 0.05312688099133425 0.018583802121504456
