2001-03-22 1.2666958520462415 1.0256140252772308 6.205714109593959 2.4913410565904224 2.266003818962996 3.7474362016988843 2.3622315328470878 7.303870541586069 1.9575935947311416 4.503679095385447 1.3379099585040635
2001-03-23 7.976199681823582 0.6441066121132782 0.5492699888638026 1.7196174606552157 1.0343487701686247 4.953723965231809 0.31117531601366183 0.5480811335458369 1.3150830942109777 1.4129771934231845 3.7330059471569865
2001-03-24 2.3799043234861355 3.540007049543063 0.28683282016128286 0.7462176550099902 0.9084810806086543 1.9938388993742766 1.9669373108622552 2.014552700867634 0.2918496289498542 3.9490888088278835 0.18522166542134905
2001-03-25 1.9320024111745377 1.1752786378757165 1.1641960693054512 0.5050253454613638 0.4933958539425949 3.8086278642237197 4.620333617661365 1.1839889371797132 4.888121731341777 2.4451311764881902 2.4446349814603017
2001-03-26 0.8343690044376504 1.8956212588152956 0.21654335931678992 6.451464746044321 3.3860646108808785 1.3037688186795957 4.076714267976405 4.524279790260719 3.4459676329604374 0.30566632770383206 2.86510203642212
2001-03-27 8.594929179971246 6.631769350953613 5.689742611139347 7.6112456060198 5.901249759869053 5.204511935009018 2.941234453575209 26.90334126032601 1.8357489388796473 1.8456965209580953 4.5906918760525866
2001-03-28 9.134826828913871 9.217152083011113 9.955096143017327 9.709841656960652 8.18797299666912 11.768399228809244 15.396083794884461 28.423136270105836 3.9922462519162165 3.275957890316065 5.612393425180489
2001-03-29 17.666477639878032 6.587088906727072 6.671066796230493 23.15987770520165 22.783921887196982 17.02901782514265 5.256482128446386 10.47734796966488 3.490015672204699 8.753492208353368 5.978258926763904
2001-03-30 7.741137197674339 13.036044798623745 8.265444535759924 20.427657764022257 19.588766012092957 15.384050783764557 10.042798434999945 1.0309679004510879 5.454281916066892 7.313068580124485 8.793214336126411
2001-03-31 11.714155521463422 23.142470690859568 0.7521277118198748 0.8400618575109877 1.3440337585289515 12.337756683589639 7.791759748484012 6.184818188368693 3.5973580553294098 7.043696156798722 32.776886504146766
2001-04-01 3.833093292366931 1.4648893804918475 0.9285975808586888 4.778442112247545 3.588958734556723 3.5548303352989765 1.1959138452657565 4.857539704740773 4.496669140854279 17.592671633888173 1.4161335553463583
2001-04-02 1.8953375676747088 8.94450477122065 0.8370437498890609 5.516347147798896 4.812542262276063 2.8183448535437163 10.46314773798085 7.269108252492061 8.180597229095717 2.8154925885069444 0.7293029711898324
2001-04-03 5.257083287892566 2.239473160796283 25.974878737638555 4.765596613160197 3.2209642471694693 8.843014029328506 7.442120960300171 0.12284937391500521 3.1375563253505314 3.575764082801205 10.591206006476993
2001-04-04 4.708124897169181 1.1625358805820398 8.2756153308778 12.478340672211003 2.8327663248273653 49.96573248343907 4.456693235513031 0.19404075763157347 0.5320617031828629 9.6622728350372 1.0853200275805377
2001-04-05 7.875384527246759 2.8033387526095543 9.17650933524358 0.3975281900126676 1.1185738785005344 17.70048980440027 0.5322764551796723 0.6448663821588898 0.7262190712613772 4.287757116309326 1.7833906727050373
2001-04-06 3.163033145287071 8.890491200573457 0.9582024089064226 1.3032588418786257 1.5073124158663485 20.391179848185025 6.750898387654442 0.0 9.245018438584951 2.909187037250545 3.5561173250476585
2001-04-07 9.20894061221826 0.42969827157890417 1.1947175718714163 2.6877605009191115 0.09527065438136596 22.61664451990939 15.144393269968486 2.9729776765822913 2.5632150152442756 4.270360603037521 5.209383353131431
2001-04-08 4.361823608236435 0.9744493002571037 3.9957367721792747 6.3114850092485675 0.08772166289325264 2.241016627726833 5.321640031444462 3.5984380193696683 1.0931735737869923 1.0641207709275142 2.6199360667267237
2001-04-09 4.967866782823165 2.5070698813649326 5.522058387924515 4.789741397506575 7.537980442699563 4.857843622620433 6.552844824868211 14.757330825957993 5.9119849919367455 2.332908054144222 0.19591784732400644
2001-04-10 7.786269751639743 0.34776399594839347 15.437886693141403 3.839961146889028 3.4253302545036846 4.213764754948651 2.679803517457536 4.896493239894409 2.0559932341224596 12.830925036389473 7.324320886049138
2001-04-11 5.814568113227843 0.3880330485925141 3.2416818148601676 3.215918596874367 2.1098474662758298 0.04333474235179878 1.543853354600218 1.153953490596764 0.8988613303658348 12.616083562290862 0.5545391091397653
2001-04-12 1.8609690206658982 0.3142882750641961 7.563401894268595 2.823047651685863 0.06958550029912455 0.9619282623121447 5.901468836542514 0.5538000360057288 0.5327894720324857 7.1616980039769285 0.07795493627862055
2001-04-13 12.697420559290538 1.7646060340836662 3.542358833701341 2.322569659688447 3.1227248737559203 1.6284277742064865 0.8794633278478172 0.8090658517375877 0.46092736613301266 0.5538944684590535 5.28052059072319
2001-04-14 3.351711066885335 3.0539869047030033 19.52926595177849 5.775505501451133 1.941935190646276 0.9627077672894592 2.307884373991966 0.15219605213617649 0.25235892346098143 9.834602814845407 5.315003615668667
2001-04-15 2.367288448979963 6.221134132408672 20.68457856514538 10.145549800574457 3.265895619027507 0.03154694266541322 1.5182097966330494 0.9141442624265613 0.21283534971610057 8.49324796699212 3.325459281075346
2001-04-16 1.1711672990515272 10.380593795621923 2.649435399858357 20.74054370721066 5.340569520587168 2.886733771451577 0.013685152250071178 0.9301884588679576 0.6937943369357824 5.4360608883664705 10.272412532347138
2001-04-17 0.9829279208291875 8.246758754602036 2.170474271253765 18.64750755383399 1.4681213284299894 3.5129360613245746 0.5366050710693355 2.656428403717732 12.559244809036246 5.517619387568319 0.9784395988998131
2001-04-18 1.7985088748458624 13.877902121604176 6.140334532226971 17.876455396976247 4.480350157192743 1.474257139393996 0.046875136119674636 0.4440410658124301 9.058945778844233 14.976741721233378 0.367998712831627
2001-04-19 1.8583203459082318 4.330550988792135 6.733140784984743 21.04231975094766 4.717502556059853 0.38693412942344746 0.06663494849297218 0.7563412305664539 0.30762129526729265 14.47878299458734 0.5703184721466781
2001-04-20 2.5346600441121714 0.2467114114463642 23.043284139600203 10.730350730609013 1.0400248247146369 0.8828400234302431 0.17685891564132245 2.154192658800116 2.716945802066883 1.2569987303791081 1.4345964658988026
2001-04-21 1.9650191567007078 3.7212831482466084 11.325517864017854 10.14878322647344 3.4162368542591097 3.0322104682767055 0.6424697811147527 9.901882442406617 4.531296714857408 0.1923993111586001 4.11485312538364
2001-04-22 0.05276146944838485 4.116009840438133 17.15334456459392 18.569362789654047 0.9948466618683376 4.986157850426425 0.5926350846680855 1.0169603635985873 2.117990240261661 0.07217871055960019 3.4762963713356863
2001-04-23 0.275339499597099 0.9616803832857669 9.972573662181627 7.564557802691991 0.004141942399549589 3.845200081045615 1.616009615593898 2.9232738098303264 8.203203040753657 0.655880922214116 1.1394904185361079
2001-04-24 0.8127271240517182 2.415236176419865 3.5748335396827065 2.162445797064683 0.7516209901558577 4.297161234253616 3.36335934122371 0.2405211241815475 2.5576193672254415 0.4207453852091998 0.13691149986189757
2001-04-25 0.9182135636174023 1.369491046105654 3.3127277110114948 2.761390437913967 0.2999648133874321 3.882276970955646 4.500785834270765 0.3867101883593732 3.4257075537480994 0.1682274510397958 0.7835766825698498
2001-04-26 0.9589493349405581 0.48518623989548976 1.3332687340758784 24.446345308667254 0.45886898099794365 9.523690734302447 6.004040240660154 4.690216040276999 0.7454688272311294 0.3550754532335171 2.2138052625229268
2001-04-27 0.8156673835701889 0.9059300251564373 6.130271291151568 2.817694809346706 3.204153681041691 1.280931597493227 5.6363581556290905 34.524515502240874 0.7901665334842842 0.24149530363917535 7.365197079929955
2001-04-28 0.40842735549401055 4.104185204273669 1.1636713607262401 0.81041613718614 3.8934143350047523 2.4914261281117196 4.272496533553042 0.12153878128487251 1.6337031410394314 0.008364906072526362 0.9665043412893062
2001-04-29 0.16415980938080887 6.920250934245202 0.5643802246508175 2.0678058693351082 8.46126353802402 0.9837586408912147 0.8570089407915418 5.350402984439316 4.0840671369469295 0.10668062259632853 2.9775916811145433
2001-04-30 0.3540242123941125 10.113322433526136 0.7832539421392166 6.693637234382073 2.9256928703468876 2.9497708070429867 0.7304903016194138 8.217875826038266 20.39117337734211 0.5532433125806051 5.031702428451167
2001-05-01 0.5511900125541238 1.2938461940926609 0.18954808998338818 0.2915051938627815 2.025532994210973 0.8868828328380864 0.06319695333448169 4.741179944840402 7.186391479758492 0.5350486617073807 2.2112624984317355
2001-05-02 2.5628721286872835 1.4722914871725443 0.38903128767009865 0.7152418797739168 1.504639361591335 1.194806705352656 0.5284587486757417 0.6510672309586176 17.834994048117373 1.0579510639527383 5.567313634643742
2001-05-03 14.899642720901584 2.9923543372520927 1.3039933332534988 0.9172353580040697 1.211359585038846 1.230107080852725 2.7361113504277377 1.9855873108426756 3.4330569886900246 1.2073732478812595 0.35400282393683263
2001-05-04 3.4247251581422073 4.3110992128218095 0.6578138865932894 0.024358010620245327 0.7248647960525734 0.3476446280081228 0.26346857792029565 0.14055555451685678 1.8732780391163675 2.667555187983051 2.7540065800759317
2001-05-05 0.7762599558572316 3.6016804903362383 0.8011523502118356 0.08655472453645133 1.2568391644731782 0.02477247554005332 0.09013028043302376 0.42669838615738764 0.1623576455435749 1.7711011528556266 2.289143719112836
2001-05-06 1.1255603464556074 0.03455690679467349 0.027080427837701107 0.125674858768823 1.2714171042042672 0.6820032149315791 1.2154023637344409 0.12785769873272854 2.6902934590259724 2.42987123523747 1.3330058007089542
