2001-02-01 4.986888883757538 9.92047542080148 4.439070520150134 8.165387932814212 2.879547225217162 7.658037165945466 6.670224132120369 3.8493940843315695 4.772696201549865 8.419870170861806 3.417418798586164
2001-02-02 11.569659572911506 19.829520752190234 3.7796292704298393 7.845611454460041 4.49555526186227 3.5712203609735864 7.1838235441991625 10.504793059682187 6.529726395497916 5.303723536500301 11.502267792873011
2001-02-03 10.061080423643388 10.42086399966624 8.485626519343207 2.342698020735502 2.862738154024022 3.4078835658393016 4.63269278237508 6.915833694806098 4.04657675430321 3.94981626967653 7.119353782481619
2001-02-04 16.712357086117485 7.428069385355969 21.459679532597875 8.599479270290932 6.398633687337146 12.373582005790759 5.344087084460128 9.2590516587386 4.278283982395668 37.35241414700423 6.4105179977659486
2001-02-05 12.10399403748172 8.529383044790425 2.2353892477866264 6.021372808276171 5.6359821033212905 1.683171948702093 8.573266270419055 5.2773306656625785 5.460467452435713 2.9120899076390723 9.772138748042996
2001-02-06 6.4688776312131235 27.879576352162616 2.812454784252572 20.604018591691876 4.384900886603807 3.4276754829888048 5.140047122957358 1.2862122863208527 3.933056817082007 2.0232724093701204 7.136374063487695
2001-02-07 1.6081332318051036 0.3876590430944078 8.478404472239333 2.6848416550098064 6.449948157167844 3.655320311273096 12.340732231387003 10.173960582889642 7.569693006065739 1.8396052427183212 7.587113233909253
2001-02-08 0.8159658462503161 3.7649163466754474 0.981962511719104 0.2420740291372817 6.1092747907787945 1.7378932731386227 0.26812729765479726 0.5070653190131468 0.34551123356777946 5.914574096308627 0.6157946981981135
2001-02-09 3.2875768868846897 20.882346177049786 1.0040609193085945 6.351352464825124 0.7936539944031216 2.471938280056558 6.735059548982711 4.072907062771011 0.6716358397006416 8.6813332024125 0.9485057374505865
2001-02-10 8.377733635322741 11.353012652165432 1.3553695650349782 17.386473649900715 4.197583477275956 11.077258734783593 7.800077232902706 11.925282159055486 19.253625929548452 3.037740204583824 13.243317155820447
2001-02-11 2.7122839831105297 22.316842093254145 3.9870710750165728 15.464085493900019 1.647016945913363 5.927387393061356 9.851159705115684 2.633201106247702 10.624592754936073 0.09440473071202535 2.252978978319109
2001-02-12 7.430423524223761 13.343066708847374 7.278118692298395 8.505186880901451 5.748590040255138 22.168660656377135 3.242556090300089 5.967811957201551 2.3786251081874696 3.4452692850714435 2.8351109527546474
2001-02-13 9.753786553862229 6.599351474793118 6.896671197259005 14.072308708602423 0.6879154646644697 21.269723793533032 2.1511336482968004 19.04839951101737 4.060297675584499 0.6713901374956494 2.4775979300189803
2001-02-14 11.459910764946132 0.03311819056155516 9.032583283801152 10.465142586350593 5.6332630325877755 12.219542502617262 5.01757159009918 6.9769042174152744 15.005487437681012 1.1728792063147575 23.683487994974957
2001-02-15 6.510767498235376 0.41457631467693956 2.1804530164846936 2.501199095662043 3.0778341977461263 9.871064484495301 7.391372644074664 5.3682038897483615 3.534920212053307 0.3517251594399036 19.668409828210343
2001-02-16 1.0508831952800037 2.678100198551763 10.47251515573104 0.0 18.89645000022248 1.0194967668163906 0.44812548382919326 7.051847018398317 2.408182194514571 4.151797966749868 1.2858743561200014
2001-02-17 4.553341028636768 4.977245234891296 9.96368353529824 9.307707024481939 11.522207233066734 1.4643839592818688 0.15342808101792385 2.979563041242177 1.567648353044043 1.6298439246111025 3.226915060244994
2001-02-18 9.237526097580442 1.3536292372706802 4.087600303249212 0.7478902383706376 1.8797982301532001 0.1267503057186635 0.38125305584162295 3.93476743827018 0.23797084451646963 0.42325402635867804 3.7257598884736485
2001-02-19 6.10505696871717 8.91014271804002 1.0451905988631403 0.09931377879527047 1.6136711168847735 0.012192246156839205 4.012770117444438 11.320788294842888 2.9760364931996337 5.7222629508248115 2.910731993504654
2001-02-20 2.9030117960654187 9.906016709839019 5.469466378107681 4.09523402768598 0.9469036577182417 0.3104180497291938 0.9059737012158212 0.18347335607074966 3.543557911649035 6.485769660409439 1.8516942393605047
2001-02-21 2.1566201938366314 11.467563847539422 1.7753517668574017 3.464694226053214 1.4114848857386044 0.5694427236468358 1.405725064181135 0.8715545300246539 7.631657295728044 6.051603952813666 0.4228620246966198
2001-02-22 3.079311691337556 4.65391315676922 2.6120060203769304 0.0485367035331394 4.1020433549068365 0.7079159185941939 0.20000944538784404 2.6504575309524676 4.003746679326997 4.6156258247747 0.16678511345010727
2001-02-23 0.4470537831494805 0.7840980293902633 1.476914641303659 2.727057672854823 4.605183504407477 0.28441154486533365 0.07600597179152192 17.488183351120096 3.3309819425278 13.548589442243504 0.2071172017129684
2001-02-24 0.17947890578573494 0.8133377095823638 0.6988611718855102 0.9454820475702466 2.3536183547647576 1.2122577150259577 0.9164199858100537 2.088717852186086 4.086377829098208 10.274951257956594 1.3070624254128038
2001-02-25 0.32746059457529053 0.30193517883062676 0.03323445147723108 2.618250669835252 2.1765237848735404 0.14478664954559228 1.6260860512930835 0.5760787406028626 6.56563545353198 1.2354966412487045 1.3469740848055705
2001-02-26 0.05372283509689985 0.33608870291896903 1.3007219937197436 0.8374864980017808 2.2827448979462415 0.06258351054447453 8.862230322301283 1.7484380497713623 0.38197455848473166 0.22167921849224143 0.12707678524528096
2001-02-27 0.6548696503521588 1.7419740279146005 5.028309337335632 4.59854610277163 8.704824624687596 0.0 9.887737649087933 1.2839593863121088 1.4792482225633532 1.1456113214485542 1.2132858992674271
2001-02-28 0.05179782219297788 1.6055913252856615 5.478997355471286 1.438793528410046 3.512215327015123 0.30027078637664495 5.278003394405732 0.9811362646989843 0.9473890947931716 1.3890224846329513 6.157693695800612
2001-03-01 0.07307449390722204 3.054367060811529 2.6327862701979923 0.836127948045751 3.485559099005119 0.05924155734617981 0.09779489552253698 1.3060143878547041 0.2379239642187933 8.53828187147677 2.874581447149855
2001-03-02 0.47538164317040366 27.90130811853053 8.741732882161573 3.831554119509843 1.310509826152845 0.7174271355751289 1.8416403555176197 1.266299449787658 0.3696315439457487 2.788436079475983 1.2726894250594896
2001-03-03 0.8066112909783503 5.707384728327109 11.333143241692312 3.3515464960473738 1.8240227322990843 4.513963538553609 0.9204852372720589 0.028137727077968296 2.989741279425173 3.0228021315790126 2.269738838340486
2001-03-04 6.515106820142279 3.398077617052964 16.273957238329096 0.8866522217377286 1.9014806582177015 0.0219820606019666 0.8627752453548978 1.3653920144231213 3.7632276120969683 22.51990999301169 4.955942216523473
2001-03-05 3.8641964744279274 4.313686228263579 3.8038387644388805 6.415409223861879 9.196737574042155 0.011739813290620188 1.1032635264783384 0.4254682759705993 3.0271165591278733 13.072197801178318 2.8287252659436195
2001-03-06 0.6988021125888362 2.703461001314411 3.0093805064228425 12.225930753042112 7.6103579647202455 0.19327957381842542 2.6649353658662984 1.2568897106578096 0.1376218124401236 16.326697377964503 16.093349717244052
2001-03-07 0.885440562765721 3.8005757205542263 2.6597377601229595 8.388873263842944 7.128427747201261 1.9922611604550713 4.739864877153433 8.893768215223094 3.6839043168423777 24.319824259844232 14.417952806028016
2001-03-08 0.9330161480649033 6.605924527561676 11.798142262579024 1.5724496474995902 8.693607538769328 0.5129123208308741 5.575787885329519 0.6466743306777318 6.688916164388743 40.42926102128804 6.820205748188913
2001-03-09 0.4081501214111341 11.922599075395008 5.62680595084619 3.184931444220778 11.966161437602354 1.3176752342796192 7.643952970648247 0.9474068437230905 1.4418948135837892 2.7535365474487317 10.978979916633545
2001-03-10 1.8163835402190474 0.6922843887939507 10.36855143270473 11.73889652900588 3.036546986951449 2.5918836265767196 4.057322621678721 0.4977466170014036 5.787059252796962 14.53764066655434 14.466789705653076
2001-03-11 4.822549085646608 2.1058984145270463 19.65389236698344 5.2140748170442635 1.5137323497164357 2.709978193765723 7.479689131423098 2.5889911723926393 12.476124724587395 11.429313669199328 15.844855382373236
2001-03-12 7.324597968530369 3.954714397223533 0.8371985500755457 16.049875403047604 2.5445000878410573 0.7506767870209637 20.650535785507905 1.634591151997234 14.161973317141449 1.139573889148774 6.303954347218996
2001-03-13 1.5415484068329692 12.309658588195411 1.4916617530255067 22.04132238442527 3.4648693637934542 0.2769833414132728 29.340015630870212 0.44223825471145883 17.63716514281589 3.1849268598599427 1.2464825658735283
2001-03-14 3.400458740692429 11.176749523156913 1.3283366321290373 2.1235042524315513 4.36960047817383 1.252087045363266 5.808537266133726 0.23494307838527467 3.017868998728191 3.6758704575890357 9.04750817607009
2001-03-15 1.8192766424869096 18.195262363625783 0.7604842222894348 3.628230197284574 2.988353612408141 32.87940443716369 2.624432621755499 1.0926828763386705 3.574303469942415 1.0965008784904084 14.812184977065236
2001-03-16 1.5011097889646177 24.896284940374393 2.0551583231081247 2.752198054065943 3.1292481917805803 6.216973105808176 2.429660096744759 1.072455556039156 3.2653089128080417 2.2369376779762087 20.267791693709555
2001-03-17 2.2043051085172776 16.33381329747556 4.633519258437087 1.119105663077903 9.903333507786746 1.9140087585900618 3.3899213919951445 5.871556206510401 8.375278379845449 1.9624730630669298 1.4127556923164912
2001-03-18 3.022498943651599 31.619046452208725 10.365691515614742 1.8034019831973198 4.001364339292906 5.3679077523717265 3.645948658618863 3.1631710135073328 8.644878403230992 4.445659100483553 0.15224853943784344
