2001-01-25 0.2782964431863737 0.022554029370721342 0.8445285676790506 0.09705033898353575 0.5906430479723358 1.3193319747601788 0.39306597311507163 0.7026713215642315 0.6884978750039514 1.0225277681128975 0.7678448823587856
2001-01-26 0.8900751967786664 0.3688996375542183 0.6651189521247715 0.51143447653396 0.12823313846281115 0.16591688555039336 0.5423601964796647 0.5787732956372192 0.4110336555979451 1.1055131269172351 3.83186452232229
2001-01-27 0.05538936387056359 0.19993285373922487 0.8691825725391599 0.4518643422462413 0.2150091984598863 6.373389212620914 0.7541487800586424 0.5290979704599782 0.9149253350438327 1.4914350946142159 10.893508028305245
2001-01-28 4.117884967841134 3.6927395943786223 11.678662517993828 1.551239634606889 4.899065882934403 3.9771139611450104 30.605501978001733 3.1414989593560794 0.9200086469022428 7.187115396606663 25.200241849766453
2001-01-29 14.195578373706741 5.651369885046586 4.294852031016333 0.7471521736734834 0.39992141717342333 0.37878472794957135 2.2076166459765045 1.7451117657592672 1.7846010119521512 9.486260136910857 23.267994802994824
2001-01-30 8.908442700223887 6.5392587559960464 5.758996376237584 10.305698819665608 4.7961812811820765 7.743541955343024 5.8587615473843915 12.572095950825899 8.352968821900244 6.021664227648187 7.5823344159891946
2001-01-31 13.493599400001619 8.509968795789721 7.092974857432177 7.203759862924509 3.6631491537913305 3.81335681396071 13.194313913314872 29.290592167456587 13.585988579896046 2.7523119129508995 4.148794476786183
2001-02-01 8.469544074491356 9.581178598206543 12.159864723275325 1.6747102576953843 5.207083043512084 3.708848401231325 26.607990260641934 1.9495622743803156 11.803395587195375 15.150671758376845 2.9503606664300968
2001-02-02 5.4322095040880365 6.545894209348624 20.01952086692737 2.3929417370668817 1.5006240496744256 17.96332150388948 34.910868201405826 18.159609434132996 8.071391669306493 5.651256919714976 7.608560261479806
2001-02-03 4.4869273537092305 2.6295502243521853 17.34846889844671 2.219322007030035 2.264679679516578 6.842290281382374 31.923200517793994 5.684446693647784 18.59592582830119 3.638373811455716 19.701978514962896
2001-02-04 6.961255636901974 8.743544483838837 3.200053210549898 8.379213281919519 6.847250495779521 6.297842459838501 1.7228446875237224 4.703126777286066 1.7035138305414983 9.592301396075657 20.211232352445798
2001-02-05 4.274216463508541 0.477560944375821 9.244548498741807 0.6133468518483626 20.572628325343835 5.153451467494088 3.9802528112439606 1.919625946531592 3.407523122445928 1.1374230219873667 2.717886698490873
2001-02-06 1.0640276577981593 0.08856388565340101 11.690355346824695 0.08540300235541055 17.74811561701997 7.091757611414191 10.397651787826828 0.9933661565147288 3.9779914550828996 0.8876175875569996 9.571926332061949
2001-02-07 0.5440904303968483 0.4149200610304055 2.5048262754325092 0.05793534307017751 1.2020996791211942 7.242860892610906 0.8400170781852903 1.230355904206398 0.3812745861592667 0.4557164890203655 6.401365666416552
2001-02-08 1.5025062987760676 0.20458504235063996 2.8320619206426123 0.893148792060437 0.15667669436445417 1.0527049068746397 0.7305339439436404 0.2603333760359519 1.6005277116381413 1.9366366991807493 3.0094171353956978
2001-02-09 2.533441421066821 3.019337578608507 5.1437063214686445 20.828560796818927 5.2629731638180175 0.6378330231165319 0.7358672700046636 7.095527467338754 1.1632601552679596 0.983818254246059 0.0
2001-02-10 3.007156227959717 2.6440761164655027 4.504037654344067 3.6430383303243157 0.08155565961586533 1.0207303526994782 2.9350133490682766 4.410746636145384 3.7190949349075106 0.3119045357928676 1.7406649515425454
2001-02-11 3.241670490983616 1.8488359024210488 1.894609234240108 8.951509103903543 2.9417372445910175 0.6355224176791412 0.332281864863125 3.5505361232178623 16.178353340277624 1.6442836556008265 2.42256697319372
2001-02-12 3.1460662787663467 1.172870790777404 1.0235122830659957 9.973780850771771 10.204218471661918 1.1501818795389016 1.6434585672854496 0.522417080877191 5.363886261022039 0.30000905413723894 0.925430339727153
2001-02-13 2.103582409656921 0.26461688536405303 0.27963348605368327 9.721100505939507 5.340870525736626 3.8674269737213214 0.11333369561599774 2.380961492411955 3.2245240366780994 0.9339124755104379 1.929384609323452
2001-02-14 2.93388762714164 0.004182508339171782 0.8048818377336231 32.59857998931059 4.59796517955276 9.523472558465048 1.1245676817303956 2.0745589528040824 5.069957568207229 1.0876664343107523 5.41800171397799
2001-02-15 1.9987057283689849 0.5877954514146408 0.12442495039322293 7.273804708879936 0.46290189605305276 1.1198831763343537 1.1634074666174914 2.8244602212885446 7.493289159619126 0.5029256471117689 0.16239769071473853
2001-02-16 9.002686474340795 12.676177888865237 1.4915076325796632 3.039714810743809 5.017764750207649 0.012034663987011692 0.2842230689019662 0.07216551253988757 6.218744056138437 0.7770375863127781 0.25458571936317764
2001-02-17 5.5752275371287245 8.469140614424335 0.6413339140818481 1.4860725667759 0.631860867095956 0.04379197794380566 0.8321708080857516 0.8612685956437145 5.772879384184563 2.4709570734039765 0.08991212031000334
2001-02-18 2.7556633744487553 0.47903959666473905 1.0757699291426432 5.88563053614368 1.8863428252173517 0.5331022944879946 2.259956539254892 1.5516209030140375 0.4851743942054968 0.9894195923546675 1.8602995820073147
2001-02-19 3.988193825767242 0.6844111444249537 0.798764196446194 18.087793229659972 2.846325566715005 7.101545499145297 8.579668107478106 7.338217327020331 0.24237791866777317 0.7285881886837842 2.6912940608138647
2001-02-20 3.621833944180728 3.2118314653457722 1.0616836705443593 11.521988779502426 9.097739341473027 8.358031721183577 7.500559384662825 3.724174655712625 3.841814310489248 5.277981985496381 2.3771648371793144
2001-02-21 7.754230616909074 3.4261057689142147 2.206424742595388 9.8802957388343 4.518962313392692 12.871460916028608 5.85500814776816 1.8826189079853222 0.5577644724735111 2.6395518557821607 6.744829681989993
2001-02-22 5.63030929796847 10.202473212378411 9.383156785682518 9.582477382143809 5.177674537947316 15.989240085260345 1.9435647281375563 5.553230519100059 0.14349090881500934 4.379117687721457 3.5689374939216147
2001-02-23 3.1303676246308214 1.9115793145461797 7.075996843188936 9.064424279752034 0.03981928458403354 0.596528951501475 1.8908570745091655 5.3350040242001295 0.9178390259955955 5.462205180576893 3.277083460136862
2001-02-24 0.6477159891399829 0.09379466764800258 0.3988459742222388 7.70236246780204 0.5975625802512687 2.4375238042677703 11.569220243411024 0.6660807790880077 5.8301484488811415 0.8903494700528415 0.9619265654631195
2001-02-25 1.1143706397663053 0.558700686429327 4.735347724799559 0.4351687801244709 4.112440065717554 1.3386533007665475 4.221343009730974 0.6644169928570018 6.474688283366768 0.9792310775159414 2.756225451242724
2001-02-26 0.8406228928748491 0.10759205738722556 3.1777327771726376 3.471329236612741 1.8025913259107784 3.832718064594007 2.738729316914173 4.341182715396323 2.9528537447759446 1.1634450337067372 3.3946505029342338
2001-02-27 1.1014647907726438 0.3342821736923386 0.14160638892415883 6.894016574944435 2.5983731335402203 3.783527437471426 9.59764448624832 2.5389227513916097 0.44645359869873275 0.4835413530849796 0.8671241803244168
2001-02-28 2.1131010767281353 0.48252154623304105 2.732627897269034 6.558662688784175 3.2113528568004863 8.028310109100188 8.519063536346941 0.46711732501653813 0.5182155464233106 0.8745765128216173 1.2979180890688322
2001-03-01 5.471874241359165 0.1761309546388705 1.1448325508906845 0.7324733979846779 2.3866650344311977 4.474150323280478 6.870676394073769 0.6198573497848232 1.1952122656621609 7.577557490385809 0.23802667728371993
2001-03-02 3.5199575997045818 0.5822121542996703 0.7122521961497095 2.3534333073749094 10.57777689654661 0.3467883426410027 11.27764279774679 14.552977823426648 3.633650705548826 17.162909783732907 1.860458163737859
2001-03-03 1.9034443178685807 1.1145208617833642 3.925254622540617 9.618199871140504 17.750062160202134 1.1660418222220408 3.0377283443776077 32.77841677920286 1.577671684591444 6.627092648902584 10.757821668530479
2001-03-04 1.7396604250810104 0.007469169105994756 2.4020268843392163 2.270667907116187 3.9552961233255806 0.09829432685777012 3.6594497660970617 18.413008875091897 4.961229316514892 9.587238238543472 2.469875032430686
2001-03-05 5.8619545923119265 0.057534106022955875 5.675943968210312 3.976703588053555 6.255023756692543 0.27544709411322865 1.6291679895438032 27.04084062564262 1.5489027190246945 17.108362373807076 6.785855884364127
2001-03-06 5.74498961117126 0.20787523787536702 7.405944537907424 0.6642709872797696 4.1020335242619925 8.603340032534213 1.8167077628256032 2.3283129606473274 1.2373099628555777 16.124165492396415 10.372761851519716
2001-03-07 1.3106168512651863 10.751437502400055 17.893009414519387 2.7775085600223495 1.1164192045572028 4.094024093466807 2.7864584803845225 6.449207105386579 2.1085423322131502 0.7447703714000911 1.4976335233051963
2001-03-08 1.7168211891599152 7.394606002516582 2.3590514995894516 15.194191995404168 7.123090295678389 2.065993784491005 7.069902811235648 36.53775123986044 1.2130908433021914 2.075489996394007 0.09866320928875431
2001-03-09 0.5377163113780379 2.9218375069208964 10.859117119264955 14.859619667323916 10.290843853732564 13.772415279520121 10.8078451738079 5.078665463530884 0.4372207069440035 1.2625336221668382 0.315295199134478
2001-03-10 2.952264558937909 2.21899841616749 1.538367426441647 6.439136665252944 9.71226708283626 8.40455315788734 14.093551563937586 5.317649547570474 0.825558249784808 1.2541413942940527 0.9800842507388852
2001-03-11 1.639752231732101 14.113747810675829 1.182348586285138 4.3781206107466 3.0228810895402094 0.12372499865339828 15.192106574443363 8.882571301513908 1.9420287811132562 0.4776149449901227 0.47403512681057625
