2001-01-11 0.33980572194415415 0.6198664306145479 0.5504525474308428 1.2968108791514592 0.28773135596615035 1.8552577432755792 1.0008456419165812 0.5263125278864906 0.5504525474308428 0.1275139570922721 3.633453288403085
2001-01-12 8.026354254792189 4.778041816103182 1.026676572439201 11.352866716230618 9.733755214498164 6.682484693137074 0.8879062068970208 8.282745566421841 6.684966117961687 3.095975131241721 1.4951869551773183
2001-01-13 9.406612837416937 0.3349063494502723 1.4939474344392352 9.688964306812615 0.9472496979737245 2.0871522195145777 0.8028923901409399 11.449746194387005 17.30563729761608 18.391429914256427 2.8670733846879983
2001-01-14 2.881941411994818 11.103514051297012 1.329627019331165 7.415415620877441 1.5154357300343526 1.480829041996792 4.538506641157298 7.439080335245645 3.123563964335226 13.759142144375325 5.45564141365696
2001-01-15 1.3640603836449614 9.721422235769097 2.1445438258349876 2.7649141290716672 7.525865344790151 0.8465855427339324 0.8538005835387363 1.376427688572801 5.706066282553108 8.1583929090959 3.674671449673545
2001-01-16 3.6353119692959117 8.768330454923852 6.690786297781662 6.500429545706959 3.61624608560466 1.8237686666297475 2.3470367286089595 3.841461092990347 4.263065797138038 3.8016460943077037 1.0741649766058752
2001-01-17 4.1736934750315715 14.831827873848106 42.560749929989 1.7988206563588156 0.5065345433716683 9.009036581887662 1.5856347529394887 9.217786953311592 1.7501343243244063 1.0584487931340478 8.097382337380939
2001-01-18 3.0598917293584895 0.7801830410749471 0.7801273582747159 1.8021808124466645 4.7532173256444175 2.385512494283032 2.025937474775867 7.940587261229393 1.353699250813634 0.3615806781507763 1.2343790223157414
2001-01-19 2.512303018923111 1.1630717939544342 8.890418019395058 0.1275874624678991 1.0059352827871382 0.43640772031601494 8.632667095924575 0.1922664803313769 0.5862735884752805 1.1108404901802336 5.244057981040015
2001-01-20 0.7062166686807849 9.706921460968932 0.4421992243929608 0.6211818028727998 11.696641507299471 1.2172112391569185 17.439267264288638 0.30780968132205955 0.6812901353263323 1.946426073884151 3.376948279656026
2001-01-21 0.883174952538294 19.337086863680074 1.4081765784712812 0.04171535520319851 4.132506398672557 1.8569613500818758 17.324064888565843 1.0097713835996487 1.3417158664999427 0.4654643388798957 6.810301360649495
2001-01-22 4.8540602053651645 3.968706944336448 3.3685852267809837 1.2904935946296208 3.499526259408175 4.760258712607652 0.5913380474868148 2.0569643580971766 1.1090371374674461 0.13241441523416236 10.843348551072774
2001-01-23 3.876141154157664 19.25711352623539 2.199326904715311 2.6447405167198834 0.06893728893809131 0.6052948621990084 0.8031298901673323 5.579949803948671 1.6542947685013645 0.27104542911732904 1.6599915540037424
2001-01-24 1.760222452399549 7.056579732499418 0.14867961116137843 15.838382160116371 0.31496524092621625 0.08556157719318347 0.9267722142605621 5.327363830651678 1.3489336599316735 0.42550856108758583 0.9649477541701266
2001-01-25 0.6735036761912921 5.658914181510421 0.0 1.0526866019629955 0.30038192338098435 0.5371314695759818 0.6147214470908009 8.948282451775974 0.967178501948323 1.709672438185003 0.07048313251754355
2001-01-26 0.8866782461963836 0.5981565687403014 0.0 0.14968492865925573 0.12965396234557228 0.33107667962540294 0.0 8.513133421754137 0.31000745942984065 1.1765181728512246 0.0
2001-01-27 1.7424500434439698 4.423736933791598 0.0 5.839237427499661 0.5015097251633088 0.4970704899254937 0.8397102823826672 1.9384381499430976 0.07482606462209346 3.7557314691995605 1.149918983587344
2001-01-28 1.0871151242453698 9.219263664117275 0.03313236171092404 2.9804978591461984 14.656560340058354 7.842675536818338 0.3005472404618334 1.4985827111609729 9.966726556140843 0.8946194211946245 3.1896157814369697
2001-01-29 2.6273088160704345 0.5650806973141147 0.02103186243577242 6.6509510044393245 2.8658834258336183 3.29584336937366 3.402620818814045 5.759307849355787 8.267331881026816 0.4669184746930695 0.13027826619617533
2001-01-30 0.9963380443971341 0.8863021491891505 0.04816819855715321 4.192389884429021 1.183979583522995 0.332426694873327 3.9471358891349273 7.800667254591215 1.5792739643734537 3.1203961935475446 0.7587527788624817
2001-01-31 0.4604474643827302 8.267308373153348 0.09069241114231921 0.21660769767673482 4.022251042577077 0.06802455146769462 7.460276667413639 4.466323793438388 4.416226953709554 4.649732305861252 2.8357683796412756
2001-02-01 2.5214037444177766 15.15692391800613 0.915790938669572 1.7088673191042527 0.041098707579500265 0.32944596840614704 2.252988010653285 3.589534404179635 3.506288471713397 3.985712966391384 5.4156352368557314
2001-02-02 3.617695114682618 1.48740333444765 0.6634105517267317 9.093427255884729 0.6102804745046035 2.041427429586654 16.620897628650017 3.6058704351810382 0.7173508448610768 1.6703618027461644 9.140813447624772
2001-02-03 4.088784558974476 0.5917129746722781 6.480232671476957 10.562437157415069 0.9436557302489443 0.4893622570739241 17.078611557482166 0.07942114515962403 4.001758739033896 0.7824497146810849 5.460224081503133
2001-02-04 3.944808282023928 1.9041203741441812 0.7606557933328444 20.99941787311984 0.26615333233079225 1.759308801777887 10.27512446483341 0.03348594097942051 14.851849618587043 1.1080148799404608 3.739258835601196
2001-02-05 6.942367025309409 4.316883320016765 0.7513626513965573 10.141662247296988 1.901393135533373 0.8291003015265253 3.3693726913353577 1.2098466980012268 14.127037766939752 1.4688022743001057 0.06053501772793886
2001-02-06 5.505091102611836 8.011533682533994 2.509152442886795 3.1356142611439095 3.4112480682991286 8.279188397372575 0.31355943264288166 0.8074113707330826 7.32692917163021 0.8448261546658475 1.4162290724592428
2001-02-07 1.4587335300464668 0.6968522313570097 3.6604462792640167 7.29127790471878 0.7111356713666832 9.206728886701661 0.09991696847350351 4.075696726614407 1.3895577682728604 0.29886922777808345 2.886652399975387
2001-02-08 0.7985876756505161 0.9087418709559885 1.147129221919091 3.644091899765967 0.41589002773739914 16.93348528363297 4.61296430881179 10.990156063274938 6.1860954488546165 1.099569631709845 2.8141004736405617
2001-02-09 0.8008966470519434 7.944393895173482 1.6913331262573361 1.3692263475622295 4.402889781671505 20.162104087979255 10.052156494789145 13.703109911673238 12.378574806032477 1.7768019733111617 3.6838701974277894
2001-02-10 7.394520476962416 7.328370885195829 1.6806211239291575 1.636689428268817 13.025523547032671 13.832019731903575 0.044045372386571816 5.303174014445586 13.298708591584715 0.5183495208998525 7.355185934681112
2001-02-11 11.25477774138405 2.886178604507586 0.7470525273721498 2.1148277204080332 12.551067079093407 0.5777059627221046 0.8495105956973497 0.634503580059282 7.791370254778947 0.5401914002180991 13.097089234594819
2001-02-12 9.53498833065391 11.866004975239585 2.8977569284282105 4.592175549107855 1.0597760344334626 5.715352688053512 1.1421638950448418 1.2555359168894946 3.645833653543866 2.316218737276926 2.5571496505311795
2001-02-13 4.156644548973069 6.107924476767501 1.1295554132391208 5.205240641409704 1.0577804989268484 6.44328170876094 0.5975114834549389 1.4119614181381501 4.429903256571915 9.699833039710676 0.37299404275394005
2001-02-14 0.8382407839127113 6.681988713931668 0.8214977305385321 1.3266149590497829 2.0406555029328786 0.6158760119404219 4.505673457256529 0.4758855920370825 2.0311413430459377 12.908443999890117 0.17356497333800863
2001-02-15 0.08726153540856893 10.176779961178609 1.833373786665284 0.9504126146562452 3.9056516858654895 1.2354551218552383 8.304719000493348 0.795199443409861 2.064910480877294 3.84853598055835 1.607740463153914
2001-02-16 0.014564243457060191 7.343779165363948 9.149953237421059 1.4517125398585886 18.112438007138962 0.09161691304874332 9.17097879373285 1.78976329874228 4.500068813314291 14.374150754725532 2.7500000383606675
2001-02-17 0.0 4.3934813388502825 7.984688575122962 4.853875731501359 24.54974766725008 0.03276745520643358 18.497162672115756 9.989779499394658 0.6521331788056963 3.738240635860093 7.508555378221523
2001-02-18 0.47834599980879616 10.584093666109736 0.15917178919126226 0.09532455019883315 1.8650301340838162 0.09729008427257413 8.987218368139352 0.9223162651377914 4.075194307690422 0.5452958742504385 0.6110228632268676
2001-02-19 1.214335871285415 15.333376145904765 0.3400818493957402 1.0440134991613386 1.620248419430945 0.29147696382516125 5.009796292408376 1.3120830128180554 5.191256640594855 0.7651418772663515 0.2837814698375778
2001-02-20 3.3556333378914687 4.9420989350718045 6.378163526404994 2.4270673495587607 2.074010630167788 2.171114382208022 5.912689203702074 2.017177728424021 1.8586943982952 1.1028716945344088 3.1785755220007674
2001-02-21 7.541550796321122 3.2720652364305916 16.795405099394202 8.082155522929977 4.120002741562714 3.376375696564191 12.051486123785764 0.8375357173435762 1.5696742770213925 2.804107248308794 6.482655237087207
2001-02-22 4.9704464853227 3.365820788630105 3.535108964362428 16.947921600322196 7.922962857665981 0.7430214101870172 5.316625777168498 10.236301259968682 0.05157535303003136 4.841606421658481 1.1306112762729132
2001-02-23 5.111244366599394 1.9981881029462725 0.07834234872123258 4.939560465864502 16.328692866599788 1.748779622773693 2.5836960252379675 23.067222115355523 3.8938257701574095 12.159339233166538 25.725726360329432
2001-02-24 3.5207529879113957 5.20554073116022 0.90181485596762 6.714540163032016 1.5797584272832665 1.1194821425546835 5.633469336704383 4.389827749980709 4.828767600656031 0.15005969705553485 18.940151555539295
2001-02-25 1.021757754204745 5.911071842098297 0.060267256399150294 15.961738345079228 3.8131758573039405 1.1661125759013302 9.890668141755846 1.2410838489291576 6.000254062146605 0.6350038403222056 1.1823180482499487
