2001-04-19 5.292952745321366 8.580567753234696 5.48762067018128 8.490720865480295 7.213109763875409 3.8470142633861313 4.28930999834466 2.7480503448058053 46.63164272424303 3.405468980862275 7.17982149357734
2001-04-20 1.5416620568797579 9.327196527985729 0.4940459103225046 0.9212882417304646 1.6596476708308505 1.7324791797427714 1.9407190154652953 2.0877129328875093 2.2978961311191064 0.9556546714728223 2.901657327419422
2001-04-21 1.0397994367066143 5.3580939808982 2.1625963486144526 2.4836808627345164 1.3837937778915859 0.32912290914028425 1.8860035355852225 0.8940917817747349 1.2036537038501574 1.1149902811692094 0.7696620025295238
2001-04-22 1.6822437161099073 2.591778103573834 6.375314325070938 9.745774062812409 0.6733708222872121 0.16706862291601188 2.8762233543134808 0.6744737455831811 2.61073970695407 2.387164036758334 4.279494511492283
2001-04-23 0.31137301191209876 0.09823521016712279 0.4619290726584365 0.17356811813165554 1.062494467804271 0.11637254807640114 0.12173512783479287 0.5020411280703186 0.1974602920778561 0.6483078991100861 1.5402637117648856
2001-04-24 0.038301722323490536 0.08665139115431231 0.0030678865193423614 0.043173637977594305 1.0640214485378283 0.004879072894536907 0.0025858880529172736 0.1328762393406763 0.04171511777835574 0.0 0.013232978042104583
2001-04-25 0.10611336567362126 0.2875091104402245 0.08886302732997932 0.3890778532061244 0.39548930939044324 0.5002179437168004 0.03506770644295193 0.25079146770721505 0.013095954658650873 0.03816082674652136 0.15371623630240883
2001-04-26 0.2948742531851598 0.3022064371141505 1.10600920556038 0.05673744278100384 0.17985772601561492 0.10679257180275822 0.06144019198001076 0.10349429203708144 0.020419723529388915 0.46169740005860627 0.06161002003041631
2001-04-27 0.5549011663650416 0.003229914767828479 0.14726131630358852 0.4078640710999308 1.7961451103980304 0.032626733987926294 0.01850475676280732 0.15007609125506455 0.06798268227428766 5.085043027189936 0.28130022696341184
2001-04-28 2.711661462179909 0.08737167498194928 2.032684005810105 0.051354421815491616 0.37575726092681594 1.8221711243585597 0.08444222682857927 1.5238972618516042 0.40286255908162005 3.1514294446695437 0.6012517467785453
2001-04-29 0.9177999253354192 0.5302608226266754 0.0753775704757123 0.5109066497077601 1.4060357483399852 0.23656996365083158 0.08941688711486169 0.5699151908436852 0.7180603900909452 0.2898500239965264 0.5615106618598372
2001-04-30 0.8925853698912203 0.9157348710543421 0.2522613597156572 0.16729768372142714 1.9093149672776488 0.33403377009513613 1.0994031652949805 0.2142404101344805 0.879104604935847 0.0 1.0178722673857985
2001-05-01 0.676987679979703 0.11773542236839803 0.4782291006175181 0.1506741874861302 0.2107861690409139 0.261461478494712 0.11585887219563479 0.6772166069294852 0.1007287964889172 0.30375096030133264 1.4231308043037807
2001-05-02 2.3437263871522394 0.8690322208203073 0.03938555040245395 0.22681792140138632 0.0599565012755468 1.5727210534607168 0.024802558049978163 0.0887742202091451 0.0 0.8957462898120099 6.634450684052781
2001-05-03 0.35623447167098005 0.17429654145387188 0.18124005525334425 0.1953985234255704 0.03239930491703552 0.11436877452005353 0.05477168939298661 0.009131662471375023 0.9689420101199947 1.8585118736142474 0.5728075807853845
2001-05-04 1.3262113767216874 0.5907555155953356 2.829560715157625 2.547619342348129 1.7066115672150743 3.317216067000912 0.871123970533639 0.8019344128872133 0.0 2.7799493785390244 4.5815106273468515
2001-05-05 0.5556827716830375 0.5750772743513646 4.4290172028429 0.22377751216392447 0.10894766435651684 0.16019820907336632 1.1427326138074543 1.3621123077670447 6.729851586398942 0.41244894694002976 1.092932268633528
2001-05-06 0.4852411941249246 0.22227768613390259 7.261561210794442 0.1521944611612018 0.4496476787224014 2.024261000843926 0.870461636543389 0.24740330333075333 4.324725919140766 0.13561213141795755 0.1491680908957899
2001-05-07 0.6682886278174958 0.006070408065828513 0.6461371871465458 0.02089508988201815 0.02157264328214968 0.2880866951362655 0.6060721479276112 2.961540261559907 0.8981950930183101 0.003229914767828479 0.7453216608904012
2001-05-08 0.8589744786370719 0.6571230009945487 0.7618801572576399 0.535165180552727 0.9150077448544136 0.3264414980858972 0.19173917501924198 0.04894814125782132 0.10227606145468289 0.40097897897987567 0.3703948499492793
2001-05-09 2.0932785035625607 0.031844570842383575 0.3283009127707495 0.23913036436299628 0.001973498316834329 0.4119107124136776 0.7444801283642687 1.3843026217908891 0.1581469942435788 0.4457054203259604 1.2055686127898775
2001-05-10 2.823341842089479 0.14340307374840483 0.5122742989952529 0.44066527496490937 4.958596683088967 1.3586416918020352 0.08198701458155301 0.38060429092738535 0.33406877357698966 0.10304257001678649 4.06957638392417
2001-05-11 0.10134048463393282 0.0 1.5170294427363704 0.2477259120104351 3.2558703739368218 0.48183158943452487 0.19075943428228517 0.3416793783787593 1.1011505596021138 0.30872426216635307 8.84837502745576
2001-05-12 0.19114930385230866 0.07806956336577309 2.1987235679454153 1.509514679162299 3.121889168225609 0.10578474891516484 0.016098476205137026 1.358642793332531 0.005451386215949717 0.27726910217767464 6.52548763662311
2001-05-13 0.17021315443017043 0.001973498316834329 2.042906679618652 0.6674636456374858 0.010623162321784263 0.7759127277257596 0.19432312730450627 0.9779362380199019 0.01094948096036542 0.06833884193341375 1.5318908057894638
2001-05-14 0.40702108575433615 0.0 0.1239058759753217 0.6128804305317104 0.29915034411456226 0.6222550220025027 0.5172388951884483 0.19164071348364753 0.017103571767385806 0.40654720158083546 0.31525311907783626
2001-05-15 0.24834306174936727 0.06689812860529681 5.016656194041628 0.07182007769621812 0.08108938188305759 0.42469311764118267 0.2445480354824239 0.1594356129188709 0.16381979530369611 0.40623583881109426 0.3917891494496457
2001-05-16 0.2273457155408251 0.0 0.2611918266081875 0.6647531073506034 0.03554679590437153 0.01969609193409893 0.03026832154069739 0.12004599256402546 0.14762844142583859 0.0644360817371649 0.5303228381837632
2001-05-17 0.26078582881147516 0.004879072894536907 0.6164807397839891 0.794428813035881 0.101841099232031 0.0 0.0 0.32120008227440966 0.32307484917344687 0.16708750875979006 2.4674592714245227
2001-05-18 0.6409007101314088 0.00803727426886699 0.21576218726676036 0.0684579940306074 0.008826069528205565 0.24325223454220773 0.0 0.30799556280180274 0.3865171753687159 0.007881594441023059 0.0966733585757433
2001-05-19 1.0179613428985297 0.06874869678808526 1.125407548288961 0.09867573774396055 0.0 0.10754784178627294 0.17074671377335304 0.22589893625890456 0.02048808916542885 0.12814088416520222 2.086108007223361
2001-05-20 8.870903162928336 2.416854935098871 1.3614285342590522 0.003477887899115388 0.011176874181707746 0.17076108800232714 0.0 0.05248610377203634 0.07196640713787067 0.5749582072798736 0.894554098254225
2001-05-21 0.16139294171722376 1.8619484432927185 1.0223638121522185 0.03945091582304014 0.9997091633813643 0.0 0.19209195909344257 0.2798637718071644 0.06811635821499967 0.18523938831534476 3.5205480846754087
2001-05-22 0.04759430095648133 0.09920517478364674 0.02577416277655506 0.004879072894536907 0.5311386230444797 0.0 0.0 0.23906114054338873 0.0 0.12479629165855494 1.134536845166426
2001-05-23 0.0028929623101921808 0.0 0.5128612049494063 0.08719342708028496 0.07844681651258653 0.0 0.45701261793476433 0.21276930149142068 0.010654799300612524 0.003477887899115388 0.034520627130097736
2001-05-24 0.0 0.212503940172719 1.0419689295472325 0.0 0.013013294132187471 0.0 0.06997042047285082 2.1820057879133268 0.0 0.01693505719057095 0.44896542237382187
2001-05-25 0.0 0.02451774632556091 0.2609176555438144 0.022601666511801503 0.0 0.15364308586920042 0.2521501164919252 0.507509772417138 0.20117428477579427 0.0 0.039288603881400354
2001-05-26 0.0 0.43946650875485443 0.005995410315992729 0.0 0.5354066253657034 0.0 0.4632338604149912 0.009066297498518814 0.11704692026967711 0.00803727426886699 0.8294472369071304
2001-05-27 0.007086466168077643 0.05795567236244903 0.07182007769621812 0.05946006172039854 0.1450328563937157 0.015612071916976564 0.17033503011591733 0.11105925509617781 0.025839326440603647 1.0717184021078188 0.019279458054927624
2001-05-28 0.0 0.129188848782093 0.11133116399198562 0.0739715416623284 0.5867030509074078 0.013691048841126624 0.0 0.06563187807826255 0.19705388964463733 3.8321235308475745 0.1712239706428983
2001-05-29 0.28313403458755854 0.02175225077739666 0.0025858880529172736 0.1629543538224984 0.001973498316834329 0.12332383125872415 0.7723201350264385 0.04539839447263321 0.022062249542301494 0.17439658956683887 0.025864331011351955
2001-05-30 0.03682001571261442 0.010492771052126407 0.16965759558373927 0.0057680170946504015 0.0060637759520326615 0.014899679566025425 0.0 0.17243559620606597 0.19829986990686935 0.9989939746149731 0.0240281400654091
2001-05-31 0.007086466168077643 0.0 0.03340443594323032 0.11561089854573223 0.0030025215464861517 0.0030025215464861517 0.03204012539048759 0.17338481597319813 0.026403894601042796 0.31720552412061387 0.45474134538188704
2001-06-01 0.14096958905404766 0.0 0.0 0.09514038695164131 0.0393314805964004 0.0 0.05592391511749226 0.09303015783964785 0.530929779551466 0.06449325270750414 0.23987557259481068
2001-06-02 0.04441587782714326 0.0025858880529172736 0.00803727426886699 0.35352289426663114 0.01152179428177823 0.6933262456552366 0.1911360917943416 0.012847981527363965 0.014483046072456545 0.0 0.1500839386141441
2001-06-03 0.23596536295111945 0.1435381662090104 0.022698668463485977 0.012134184017861175 0.011338902430193865 1.422190530087429 0.02645171617668659 0.056982268185895656 0.016879526303501938 0.003229914767828479 0.022933751568616965
