2001-04-12 2.834458344469424 0.6377009365135502 0.6230939193232001 1.8483330074032673 2.399964746523425 1.2642578055778873 3.8806831372077375 2.385139166795406 6.351898315749626 1.1838026695465549 1.3721943624160775
2001-04-13 6.400470522489092 1.218650974834938 4.0655942875341955 2.861360341783388 9.281236887001619 11.16414640882801 1.2244663135758653 6.167833999075372 5.302077551772392 3.0794551476338006 2.9825816021753404
2001-04-14 0.774758612627985 21.875313787693962 0.30064403119211 0.14908227689691145 3.778202637407164 1.3258263889093025 0.14073438759978726 2.111337228454364 2.4937523884121866 0.13918247406171846 8.011564896020587
2001-04-15 5.204678122181606 6.683712984607828 3.067513081918585 1.3976085956543707 5.009631714564811 1.1866498726583292 0.3348622533366714 4.1291632608401265 4.281844940234539 7.393049717723786 1.2073220380141518
2001-04-16 1.6590700580744278 1.4474267497764095 0.5416306881562574 1.2360780832108602 3.0379851258489268 1.4192126875728324 1.6036173213896845 0.0469219236434812 0.24590788392996668 1.0991271296919538 24.115747645991497
2001-04-17 5.341564399877951 14.101947484305867 2.0307183749335547 0.5858292690331319 7.003808218970013 2.6213267132899047 2.64086092914274 2.998689890109171 6.9850232786609485 1.4161172049257125 21.184107255287568
2001-04-18 1.3070497165006345 15.050468691003557 0.6939071123243469 1.2321562612606456 6.745070532149081 3.892041005856932 6.335299972749144 13.244448932103023 1.037205100094317 2.0108315406253103 19.584973295343826
2001-04-19 1.8875334133972586 0.9811420711323164 1.3564679146422272 0.5900629685000448 1.40212262077595 0.6866074243208944 14.337374257771867 0.6426427869522007 0.7674731816888681 1.4407741449352827 2.989953012008707
2001-04-20 2.149039459874725 1.0090639260627063 1.3628053315267965 0.20207421988900842 1.7974381944617517 2.3176792993330118 0.4144966826859826 0.49688359609884963 3.371671436411539 2.077919196800874 2.233653426440184
2001-04-21 2.8315649836984758 4.90871324840362 0.20118162021820543 0.9589991911291555 3.0855814358391767 1.1422002429700688 1.4939862466383533 6.210503640759493 13.842866622536306 7.5175619137082705 1.6071946958659273
2001-04-22 1.8046920515726481 1.8100999042842998 1.3178400350853585 1.7482806643765674 9.492646110545037 4.886970030059045 0.26612745096624324 3.4655425964494735 20.464598433424367 0.3022449298110608 0.43474658876686123
2001-04-23 0.33147941937985187 4.037306266164489 5.273767665024266 1.13312633614119 1.0453598632214414 5.933470719161139 0.002845074002128103 0.9139886076928201 11.185191581652587 0.23485443717342397 0.6140101285490542
2001-04-24 1.084832320165868 10.6030976941309 2.5432053205992187 1.3539407642853374 0.5433829315112039 5.962770942170943 0.26950414064391526 2.9711430279631 0.9461688676059617 2.005878549142233 1.5965277151759656
2001-04-25 0.507480377093553 0.23479515491889383 0.9200436256573217 0.12409283213499578 0.306475823551165 1.024979676358525 0.5582483695898139 0.7002653328974744 1.3639637956259587 0.37362268341631455 0.7324389913828339
2001-04-26 0.1684925801499662 0.3075824906372545 1.3395155948752333 1.6408033360697454 0.687639485270397 0.3370359457969865 4.9931163996203045 2.147418637933085 1.6936795832822646 0.05153252172076894 1.455002835520299
2001-04-27 2.7394655539946955 2.6402009510892808 6.093213558799365 1.0174901212152276 2.0890726466023306 3.77294358137882 0.6311940648871163 8.103451043831969 0.0 0.2282500448315986 3.454770900512809
2001-04-28 1.4548015471126536 3.4100015572671296 1.4807844942301374 0.6897567780544516 2.665023297029342 1.2865982028411174 1.265071610549999 9.144630177811544 0.6084946820340279 0.0 0.485042089907329
2001-04-29 1.0909822416125834 7.24321270905875 4.86330243446846 1.3233459893021402 3.8240618626989473 1.7575360246669933 0.8358591302479201 1.6115480274273102 0.13464639727691596 0.010046937439618965 0.09646690169605965
2001-04-30 0.3659016692680095 4.110527674611704 3.160828526842122 0.8515220570218494 3.051332182033901 2.6367159099810014 1.0700040966010411 1.9284138275622413 0.14118333748655532 0.11320090000446922 0.6416203310533912
2001-05-01 0.47941553556929656 4.006351358898127 9.25097943939419 0.013726282705434429 1.6214083757526998 4.608981122973258 0.834842772635217 4.4494309220072035 0.2496536158783346 0.6801377296745095 1.0893955695599842
2001-05-02 0.41426118563013437 1.479390518697885 18.48630268380888 0.691200384247384 1.2112316308892423 2.466089400461398 0.4509440304464182 9.879187260634687 0.15334988776395925 0.17231648675899192 1.9738665531931923
2001-05-03 0.770149826924426 1.3780315122809532 3.564785542620894 0.059852365983955075 0.034616097957304144 1.0917690021148008 0.1551063978363934 10.280815855523338 1.219252689872531 0.2651266111784586 4.417944468742091
2001-05-04 0.306717758576077 0.1304109999482068 1.3652044132679206 0.5896558301682313 0.054774693026537154 2.0674479175794076 0.011695228555047763 0.49112186878492026 1.7799173577035663 0.027561369071222013 1.8356827801880131
2001-05-05 0.13185947072278592 1.407798602307281 1.2343519335936939 0.6830920570847493 0.15457449141796362 1.2665343236471789 0.0469219236434812 2.105929253640667 3.7693182420326963 0.019836553366170923 5.313440609232471
2001-05-06 0.023331519724179517 4.820089031935812 0.5347306139949812 0.9308351428909101 0.2685981424391806 5.206791280649997 0.35288848375089366 3.3937403658111482 2.536381669253612 0.30062569439698633 0.9449088244037283
2001-05-07 0.5301395842362817 2.408475722791935 0.44634773131955424 1.0763021233680454 0.1223799185751823 0.7960305216236423 0.012892011441747068 2.3204736629329927 2.1884447556234976 1.7069333387466696 1.4008010497625691
2001-05-08 0.08456921982136052 1.424351885084861 0.9732549569548488 1.1137423767207817 0.06396223619218615 1.318713244413215 0.4139304282834195 1.2042202199813064 4.604251081408661 2.431165443595302 1.142618984715554
2001-05-09 0.09567678697523023 0.2550987862529918 0.5689438543377836 3.3126690729637485 0.7375168212363714 11.687604159563094 0.9237604632153916 0.8426868899754754 1.383348171712278 0.172104210782272 1.8221596472305541
2001-05-10 0.4480747812993318 0.36039483647501347 0.47225728224835195 1.2468856301919975 0.4650030718592634 0.5301288846398107 0.21636045523486452 2.761613543047435 0.11292438983695194 0.22499328850674769 1.069091747108691
2001-05-11 0.1502755058915351 0.6621021259193763 0.28634733992157463 0.7076915087090364 0.29427164340081113 0.4084384294345287 0.3093539897408151 10.109849015734163 0.07527593393690273 0.03443782946773897 0.8844775628055752
2001-05-12 1.1117303030123211 0.19121504394155275 0.612718516017659 0.7024306323434919 0.2922118178672876 0.1357303761744581 0.3810663078787053 1.3135885793256714 0.12132297741632497 0.0954256237985035 3.6947024472070433
2001-05-13 0.06086342351378587 0.6276104812408492 0.0 0.13895862225996106 0.7306873440932259 0.05259970545777559 0.8445581173076069 0.3562094623179447 0.8568856015353773 0.10364909226759103 4.339202556173761
2001-05-14 0.3332973750078511 0.29508863980689626 0.005724955986708741 0.24254487554898208 0.0 3.125007841151503 0.4554118058762996 0.498774028319749 0.8406302841902344 0.0 16.18720609209582
2001-05-15 0.35083458191234784 0.027209640649032897 0.1416057663855088 0.261770661884563 0.5058658038522228 0.7342740197536026 0.17099359989119556 1.436645271514816 0.512069025369587 0.03662690069574488 0.3404298261472285
2001-05-16 0.34496867808408416 0.005368106879597758 0.125566215637976 0.11752980626504905 0.4814343466856374 0.0 0.08490643163752529 2.0713816715827695 15.073151574138736 0.0 0.20549278470275043
2001-05-17 0.17666090915199698 0.5874933183566486 0.6234761061101607 0.012146324752005291 0.41784769405813754 0.1048670352156495 1.056300902875373 0.5949341939471002 1.8667630841836784 0.032476240818159294 0.24525085082308806
2001-05-18 0.29841718119569305 0.17605346718188475 0.060788206255107 0.002845074002128103 2.069215621729784 0.0714248832367793 0.13339077933191018 0.38869085808984155 0.22000158714726314 0.008930441447332682 0.2122240491597425
2001-05-19 0.5569007988347154 0.1146437824606936 0.6169613793781035 0.2648480617879405 2.2579956750592127 0.21297110013295817 0.0 0.7128225867916922 0.0 0.0 0.27807606990091116
2001-05-20 0.46595046550172764 0.21980646667167014 2.4893647366018294 0.30980531078581147 1.18646040088515 0.5988870982067659 0.0 0.7655208017150215 0.034938139660366234 0.0 0.003826479817224195
2001-05-21 0.24930725791640856 0.023734889253997818 0.5491256496170929 0.028338501827100862 1.0698881216137182 0.4656433119608111 0.009975020875128398 0.5105770450055287 0.0 0.13989104966300644 0.043940276049036546
2001-05-22 0.5061450308731377 0.0 0.34660507893988823 0.3378739747027608 5.081229114145042 4.346965342887642 4.51279627150338 0.1295361588109835 0.16057957375496676 0.009975020875128398 0.15654614863965005
2001-05-23 0.19661087834503913 0.02343699733878598 1.072337047833214 0.05207669414584594 9.372654806776035 1.8451666302648473 16.123556228022753 1.8729730951612664 0.0 0.107521472579616 0.20597741537773204
2001-05-24 0.0 0.022910362206369647 0.48369893562908717 0.08935230180019159 1.2766431058916798 1.0729836448019923 0.17967060129300982 0.0 0.0 0.18913675729508722 0.06429493677606614
2001-05-25 0.334455663829464 0.005368106879597758 0.42872262245006154 0.08326357233000348 0.1424210090072623 0.4120473753536586 0.0 0.06985213079750147 0.06680730961591061 0.19726025322826402 0.07553326363694192
2001-05-26 0.0 0.022637534498977298 0.39554642061372797 0.006671553819352298 0.38415049662694833 0.3731642449589239 0.028943717304176966 0.20966198452952764 0.15241048607905994 0.0494941705166206 0.0
2001-05-27 0.040913645815772545 0.0 0.37497870849879067 0.0 0.48670285966173554 0.03542282095235512 0.05207669414584594 0.7801932583872602 0.09125407945233302 0.0 0.09010805282114383
