2001-03-01 6.2032451156605095 14.188751768112947 8.295260122626898 0.4486452871514854 16.027780329732447 10.141280895053733 0.7188246007372336 3.806398831887308 13.258348579605766 7.4980477132414265 17.519326320030295
2001-03-02 6.636681612643071 13.074642310819982 5.107721553242558 0.6497984639252604 8.167716074874457 2.6351383613427357 4.745120269081128 0.7005223752072414 11.562749267736029 6.232659885322784 19.01359575745719
2001-03-03 0.6182885750232107 0.80516298077798 1.1688843442430903 1.251666727355486 0.5305780768171321 0.5121254936376146 5.451532408657634 0.5653549479038027 0.19277154695975002 2.607133432705753 1.001438782814636
2001-03-04 0.8675864494000305 2.15417613631216 1.766777409593332 0.6748429568353094 0.40838812226136223 1.1759702121797249 1.8649274507697982 1.9324611877126485 3.4186140204593376 2.340894647481916 0.6947569456179661
2001-03-05 1.7380720345022782 0.19071652777612003 2.7741685141367904 1.017889899028154 2.562094704013238 1.3684049370004183 2.809754899143588 1.366388692203458 0.3730487103061979 2.8467588561113155 1.8264323547162737
2001-03-06 1.8536572935836066 2.4391600984040895 3.775622701144292 6.477862725241477 5.201430973009911 0.4235293494232404 0.8232675440278034 9.219948808913326 3.3139275868466482 0.8588073209818832 0.9992471136445726
2001-03-07 4.0198006483661395 3.5231709799156343 9.30577866628322 7.087358107795879 0.6354403091758418 7.507133650929762 17.283477346804606 5.991111793569004 0.6955606921701138 4.051709943560981 3.0905623697379845
2001-03-08 4.021537500816389 1.1014600257830298 1.2705590274006755 3.6685938374277582 0.2520624804593218 7.894907622383743 6.591294229042669 8.974198095882493 2.044707692213804 2.9881305879399784 4.5901450558951
2001-03-09 5.2080607127720775 5.921251653859418 2.032064852674569 0.8372778440041779 5.594588465418011 2.123124987059899 0.4300288597325931 2.264610435627006 1.420072960510985 1.3622443348840956 1.8005618241860193
2001-03-10 7.923590429168137 3.799301194000988 11.31563270325168 1.1482179030430744 13.051091617042744 6.759535810848943 0.6494239312433339 2.541252974608475 2.581943010322666 7.788440969660147 1.442747747654185
2001-03-11 10.771235812958677 2.3081717518345735 10.490013526715899 21.18108252707778 9.47180433482451 13.925928334302665 4.281066457002558 3.108480459495839 19.370800515250814 22.80829959261516 7.658296737073657
2001-03-12 12.737534938087375 1.6083548218858672 17.682494099385366 6.073790120247681 1.605223294549662 7.321611506740996 1.8846383583133646 5.496668677823616 3.8916326169998485 8.209783643297918 8.86057255635443
2001-03-13 3.3589857480779393 7.136897292152273 11.616375167933718 2.5029849424191886 4.61367199535699 6.757925797129852 0.8416833666603403 2.2570277946392134 7.670693144681551 13.12695260065366 1.7618110459494711
2001-03-14 1.8081792284863847 29.745747973610285 12.812803918673332 12.084543001617295 31.221884339519274 4.928786106762115 1.6446288930658477 2.5861288993879814 7.495905206265054 3.0169596108237586 6.142042364020098
2001-03-15 4.661662630989501 18.865609867472823 18.978469033257376 14.873107815335107 7.12255130454016 3.2066331264674304 5.581426804291974 0.6814381803839411 3.0604382659627625 2.05298195833444 5.075390007453126
2001-03-16 3.5307189132149905 0.5881442970530997 3.6277646971517616 1.6229023202594361 0.26024979909188556 33.47717129107487 5.5502312262058275 3.401961436741115 2.2602057175985433 5.064002517094133 4.83171180216193
2001-03-17 8.383017842230778 1.5626705798181741 5.000960885764913 1.5317103768241365 2.5071348011851016 11.87410362304838 18.142658952159813 5.908727494149311 0.20034620973407918 1.3603079122916266 1.7817631384275412
2001-03-18 14.594210386755119 8.52839581548646 2.256973873016212 1.7597146659300267 1.1442874283713926 3.180166165491019 9.032799504292194 12.697741156231528 9.826334832038372 1.329701669950686 4.296783327655213
2001-03-19 9.054625725051563 14.775703716310778 6.774651275804578 3.434726467802543 1.7462143755367914 6.199045809746712 7.252349324488503 9.433534637116741 20.65719816387243 1.6192805662167422 3.142805735076367
2001-03-20 4.916775067082356 11.170714853723984 8.794419961562113 3.790344367608545 3.44949615573801 1.056245399926587 9.119007401111585 15.87725962965317 6.121922569312611 11.61377449336905 2.4607207583866155
2001-03-21 13.336217537785258 9.938604259823503 0.49314814569211773 8.377289253628769 0.7411857394867798 6.595882987468386 10.659836902814767 9.365270538890291 6.460425142954041 10.402483498947664 0.6412899304422003
2001-03-22 4.347768891918619 3.421498423239824 0.09192515640640081 15.693728976175887 1.3808178347376021 0.054183534164703485 8.345494217608298 13.103417262139022 3.364409122619747 2.3750514196671344 4.750974686581441
2001-03-23 8.081160400976952 2.9795293667776637 4.867037570875589 7.42840771719669 4.759284694863025 2.5239120663859826 15.988972328878734 5.020716795747719 6.517005800877948 3.9816672320561 5.816504628362983
2001-03-24 2.3360968225651826 1.5389816360762452 1.6093732226579804 14.496770575465607 7.821760135985908 10.284469625862428 13.19894543946941 4.392885794233064 5.229050052925327 4.2620715391323944 16.077666745438687
2001-03-25 3.0416966074974794 3.4689030357200283 2.586209320806792 8.69440268531203 5.239591402389928 7.112451448390138 8.076577418860998 14.072152736571631 11.162955896017802 0.7925655289177332 2.5874870253099305
2001-03-26 1.9474740055212347 2.291893339483187 8.533065867429395 2.083012913985423 2.2974702862258756 8.178524588008887 1.2056943871892998 6.522017087375892 6.39540100829373 19.281652713518348 1.1705495958649135
2001-03-27 1.5998595695879376 10.36720987518531 5.2853409424667435 3.547302285688631 2.062718026685249 8.69909587736715 1.3761348167665863 20.246192974563282 2.3788303644409363 5.19125928804514 5.987564116753532
2001-03-28 3.3664256761039315 14.538811446176213 7.076888294253841 6.438789059751992 5.340181502384076 9.285651186024843 1.9027227956890163 11.220452930073602 4.5705744355725635 2.64244494340985 28.177412816615053
2001-03-29 2.035549734772638 7.160412433900646 11.730702987007955 11.69564266848121 16.55839565768174 5.777662846925771 4.381121531999311 17.65917223888791 0.5578950380120475 1.4131169766303011 19.99895704236856
2001-03-30 4.623193339213991 2.001339401493489 9.340899762177465 16.00153262650966 7.05319733225192 1.9161767504594505 2.5117607281085466 12.355776673521934 0.6014395385065999 0.38224932539810985 9.24798304406571
2001-03-31 4.7324617029114115 4.426266729951456 4.545096599057638 5.948017685116047 8.347805036956457 2.0068410108328485 10.978165304862461 29.556677791852266 1.0511715657211762 4.804123136391447 7.408749499578821
2001-04-01 8.696951211229528 8.370023802337071 5.179745152851854 2.4280828417882256 3.960670003035478 4.821362446480333 7.825882310460172 7.638185221790422 0.8879305355733238 3.250437348804138 7.481970382511981
2001-04-02 8.41955691904024 8.213402164483568 2.0955173195048653 1.284927976793091 2.202629831259334 0.4217469098531567 2.2496567916538552 13.319864806339316 0.407547120514122 1.0629574491658298 18.33026087970745
2001-04-03 6.441862541708542 2.9168748267820748 4.919035892134665 10.655153268596893 7.025199273667617 1.7517694181208319 0.3933303005690178 13.134123922597892 0.4508858900941453 1.1274472546016736 20.309991721658765
2001-04-04 6.399321772998604 18.7403358533468 9.231666443699293 6.13987634868391 6.066313400985358 3.9857617369714347 3.4930529205769507 8.813153173679773 0.07528375451677968 3.9707617582328236 16.53535302685654
2001-04-05 11.576321737261653 11.890597136422928 10.845203529253288 34.3228088794108 7.57556936225905 6.19207471738355 13.20649003508088 8.957899425152553 3.5508699005435713 0.5417919016227846 12.497991525648597
2001-04-06 17.37565618598918 1.3971624186278282 11.24829596000442 20.848844053186518 9.537372884709708 15.879716502316999 7.504408498290251 8.811276104132293 3.2298696358932086 0.8967160421407608 3.775533484638592
2001-04-07 14.467400416794739 1.6618559758828944 7.346464504297339 9.942835364050888 17.728273954403512 9.978871166941108 12.791642058509893 9.977936810971734 12.364837273376263 0.6254681001643246 0.05815713010301486
2001-04-08 13.094773574057895 0.8898465321961874 9.550657778566368 24.066460895218327 13.384301875448266 8.662911117336735 7.653609312754992 9.40994211265622 2.756042276958496 6.974226384233194 1.8410486598977105
2001-04-09 6.47502535740205 1.945555798095703 4.120889503536061 7.1719004042379755 11.351315458812845 14.641466104039107 13.799393124053339 11.254160047921879 0.16447811201680254 1.1420334955923992 4.328861003479145
2001-04-10 9.408272628482788 9.407155906610694 15.901682210134346 5.943470226066336 3.349460509406651 0.2480088135221165 18.556499692935407 5.113713024854761 1.0960503498233654 3.865466378089312 7.874919090778091
2001-04-11 7.85090047403249 9.061284867012475 4.313350717361772 14.264925479894831 6.91851929997966 3.3789150849709806 14.16335225793052 4.619241934484851 5.445091127533852 5.616346436350495 10.596532489467915
2001-04-12 10.504035990443063 11.752279727046437 3.4658123653495836 13.077556181480446 1.3745599668671167 7.970647292320349 24.285249508888 3.2717439661218233 5.411611808134356 17.32512222636568 2.519357391910501
2001-04-13 9.308293807987553 14.260095651169369 1.882733870885762 9.069515110914216 2.7779186054018767 8.256693824070654 12.123849128019508 10.068738940076905 2.133711893605417 11.521986911434897 6.809694512955341
2001-04-14 5.0531262079821655 8.40024683526405 1.8395149506729183 21.406959182910263 6.225920216204425 5.700892783491776 9.09846887937684 9.08209909995138 4.040739113300505 2.6601496493168195 5.651846983947076
2001-04-15 6.160568097015675 7.438306307005616 7.425098653838585 6.262413304154703 13.460185420684939 1.527776803558414 8.828617022704375 10.615635599485227 1.4173425530540298 7.364411552263236 7.5966865637391745
