2001-03-29 9.889027930263108 6.543124646982487 6.492629926360633 15.322305837968225 11.017255100792413 14.811673943710275 13.33954096654039 17.281773281054242 10.374999378384562 7.797640862425903 14.93700972552119
2001-03-30 10.914320052934869 2.965736155702633 0.2927252391611612 2.153717937595969 9.72556727621273 26.13844876473864 17.024994143477034 4.058797612689235 9.478067978025813 5.601592283730278 4.451643020082068
2001-03-31 11.60251470558433 2.8674158532978247 2.0241962329363403 6.210277040691063 4.864343999349621 1.8522989192110364 6.549704019971367 15.598520534159183 9.903618953380676 10.778444178968916 12.919088327822958
2001-04-01 4.1305417426285835 6.630817271358156 10.767233463358341 8.92286874444614 4.403177837642626 1.5475377217295834 4.840349465049003 2.826356634675655 5.901183375137471 5.116527269445967 8.777208001179584
2001-04-02 8.497242710578426 9.490356418806705 6.950452628407371 8.602622887158233 13.611009458606969 8.428878266370237 4.871023054143814 9.685076476524202 22.387803759468024 3.5878963401065476 3.9575285560378815
2001-04-03 9.587851385736442 13.593618253457485 4.929310192373327 1.174791971769102 17.331334839168296 7.803692838864207 3.808428611397771 19.2706158576232 23.534891094901916 10.500771922211705 7.269101495061787
2001-04-04 6.064835565201153 3.6654460006295233 7.954193955482756 2.7754360104847264 4.521479154491397 4.724862126946985 6.86027989022171 0.5107030117256222 15.378564744306544 7.0661115344668115 5.847453382232089
2001-04-05 9.224817257401977 5.793410239270711 24.894915913901272 3.445955899167852 3.2593565795760107 8.993271731737824 2.752790703305814 6.639160561450496 17.351561861983768 6.474630526001775 5.9534725048035355
2001-04-06 16.73080688968057 2.6585503370978447 16.87570414913401 9.540277038679776 3.705344228668191 6.800690045795412 6.937988443738251 1.1998019359111236 8.220374596017045 1.3559318669838782 7.409577321447746
2001-04-07 9.244882307623783 4.8862486077774205 4.339104848560097 0.6641513430318349 3.09595043680012 10.527170145037427 14.853213694203765 2.0200451808853206 4.830629762513545 0.03314158218403851 0.32886379275924843
2001-04-08 4.30343200138592 6.697622332542114 6.648329388858421 0.6178334001666794 0.04472345238242091 5.49657084062116 6.594010031303313 1.7301336039675073 0.5507779042611028 0.857178978410738 2.2897832611340285
2001-04-09 5.2296553827337675 1.624131634926829 25.541352785806108 0.14465134610505717 0.0 2.378906540019816 0.27674423721664404 2.6812622283842122 0.3013217874062126 1.7446805795413676 0.5754994289202575
2001-04-10 13.623122394551721 2.081972157387118 4.2696098270522835 0.7405316645043722 0.13814932014091413 0.9591149232956332 7.284552395439624 2.228949205213979 0.6962165490797245 0.40162978213885103 5.763772054090221
2001-04-11 5.006129357656407 1.066565036854313 1.3032473969484704 0.2753501773706931 0.1710615963316376 3.2546634326435635 14.269336670605341 8.322569831229009 1.0779836302664267 0.7139319588472436 0.5657054040702547
2001-04-12 3.7952456181674568 15.083222866798378 0.4648611786779306 5.894288763459997 0.062235515802977655 4.2540105906292975 0.24059443473215986 3.245706450351305 3.1403096517415423 0.7831276951058672 0.39453770529679666
2001-04-13 2.5940841232424257 0.9785421809828803 1.2456031351392105 1.6428433252202617 0.9650790688028229 4.655253935423423 3.5981458904206773 18.388632224923114 4.085318175045245 2.423896396538683 7.452505147043665
2001-04-14 1.2042332432471585 5.961035034067291 3.6232475242128754 10.042690668989117 0.8967300916687468 4.396354789191219 4.817422149550932 0.010568557801266391 1.1037475321141081 0.8897349834738589 0.5382297202236562
2001-04-15 4.748749591768355 1.9620146541990557 6.432270866317081 8.976628596957303 0.619844369094904 4.252511348162912 2.421991723068824 3.3865589758906944 0.17695600179830026 0.6992997846529359 0.4495146312393039
2001-04-16 7.549630964312464 6.131556251547247 9.224599210021125 6.19066894519289 1.1150054562958893 2.9571318538057163 13.113280508183504 5.51019809392646 2.754836531272492 1.7612260913277638 0.8387316788113298
2001-04-17 2.16606478478594 7.540133617338532 7.600647621457789 5.3377903118725465 0.5447143131630764 7.112698705874764 0.872364482151239 1.7400963162856657 5.758244239824684 15.632300776237116 2.108449934283308
2001-04-18 1.1674785927912752 6.6697248305174694 4.110969559191723 1.8784014906083966 0.7152400061393875 9.232908023690134 2.037129030395373 18.58877148857971 2.7618261566085893 5.501800900368467 0.7314660476825375
2001-04-19 2.4533969904948165 33.83414977485222 0.5383293881553031 0.8522483447335003 0.0 0.52303263826852 0.6013989661690174 0.43365590638452395 0.7728463241005944 0.38767779711209394 0.20183743163295112
2001-04-20 1.4041119368430919 2.2859215517637894 0.3602922671874385 1.5060462734929998 0.0 1.2358574679137546 0.0 0.5864427333226223 0.7181227885148466 0.44743655979899344 0.21900486345079123
2001-04-21 2.0363388892859637 0.20703146194273364 1.3297150413873287 3.285860759717693 0.0 5.691010160004863 0.4551369071672869 1.2687743984926039 2.104285288075028 0.08825839208075131 0.9821345366803753
2001-04-22 3.2285445509686417 0.6857436563042382 7.575912893049531 1.1020036662290968 0.1353731658547675 0.5739974871894544 0.22122485309421897 1.8280086434457425 5.546854686735095 0.01250947710620616 1.9541718034420557
2001-04-23 4.642471301669879 1.8197174370976263 9.244985496816815 5.870614713815058 0.22502548864682637 0.383278375569257 0.30142477774695875 8.548793867015343 3.842057262224163 0.11932525990285316 5.334378434680596
2001-04-24 2.254205126566874 0.07463229061964474 15.175165039048977 0.7217623588050591 0.03377445605503939 0.15293715958299103 2.2166851554509672 7.636077312890263 2.3632370524987687 0.8744349218907101 3.2670351305814833
2001-04-25 0.3552326517604454 1.5791939674892579 2.4473656392578533 0.42887880463963696 0.05630544062422094 0.6127075444433652 0.05332211985292793 5.124418313020378 11.689680724225592 0.7837097133846924 1.9153684657840278
2001-04-26 1.1467219478388273 0.5768206566443492 0.7921228254075346 0.16604068967438929 1.3738466835369354 0.7804942976952929 0.5046336035244207 7.550535194674705 8.839844856789057 0.029582333616370315 31.800042957315434
2001-04-27 1.669997971747125 0.12263429595415776 1.0127785413491075 1.62900147497843 1.7999028732882536 0.33775304352723257 2.330062355237983 10.31205356085292 4.135288318181541 0.04038967321436766 12.253857361915824
2001-04-28 2.682579080692451 0.11214668120915608 0.48732067960945347 21.10856549291549 1.5053539304625554 0.0 1.3122366729534154 4.287554451500748 6.7969388749614215 0.0 1.3506565051700012
2001-04-29 4.92067562995841 1.9620914683552653 1.2049957497517352 5.296127140146396 0.049987717692173084 0.27672632308431766 3.954405160714591 0.7521356034805795 1.5542704826160176 0.46218819282125456 0.8409817266560831
2001-04-30 1.1826124930224524 3.933000668388023 0.008233753492411941 2.582354173061429 0.06751083591672422 0.14028115536598051 7.454174558796094 1.9516292022187218 0.6970304864735027 2.2546782783105197 1.9279155393934213
2001-05-01 0.6000503026894591 0.16620977651639887 0.038615221049678766 1.4497308846398336 0.28951686865065257 0.48430139262713656 5.450422478979963 0.1701709956265553 0.44738731814144117 0.29809968499389716 4.061504856487133
2001-05-02 0.9034780074612614 4.474667181915349 0.48369541837323055 1.3291627659055956 4.014903392426422 0.9904800828324475 0.6336254922105317 2.099242911482181 0.9367250828220575 0.017179034969727926 1.4492340011848526
2001-05-03 0.5743155085447452 3.6546058095361316 1.2077644637956955 2.7562546766681484 40.132577721842324 2.860913177780772 0.3961316126592166 0.220312733197017 0.472425847574021 0.550984362542702 3.795058234929324
2001-05-04 0.7937224187614911 1.0698677703203363 0.24300765461549523 4.181377542789022 2.4666979452941447 7.3651881746681 0.8948718184330471 1.4983040861430963 0.6750114346234852 2.1366357595427834 1.9394868594924966
2001-05-05 6.6807326800910225 1.0008871630938554 0.3067277877468835 10.986983803216614 3.113435704799026 0.6002565061249889 0.33955438337391153 0.14479787409066483 0.3219942447974742 3.9822993544816465 0.0
2001-05-06 4.435821437077225 0.2654419374876879 0.5838250310709584 0.6095956334348099 1.3725257989800812 0.2542182154539435 0.016750923358699762 0.37076888499416905 0.9349770117532423 0.20804003484916728 0.04227187964102801
2001-05-07 4.77516586661285 1.6144429526459945 0.12669114204918588 0.025423753714604876 0.3665989365072573 0.8511604036533128 1.3934911276100328 0.6451514935248586 2.5515000886735035 0.1784871353889052 0.31791954706141723
2001-05-08 0.5525691203606459 1.0115747684456236 0.7795655348548303 0.8363035523319127 0.502895658232763 0.05038556759738613 1.524023817625918 0.4767413849082931 1.21821242977974 0.02619820690593167 0.2405135600124247
2001-05-09 0.27632000163782844 0.3955420274592707 0.004343376507341698 4.636425574615339 0.706997506399466 0.47629186915658317 6.652172039036533 0.07051211955650522 1.0109421925763904 0.4944587477756959 0.5357084837868229
2001-05-10 0.08328356593112904 2.7735402991188307 0.10554780332287217 9.651621974206888 2.1991713720113166 0.2564758988720619 1.3745565590753555 0.58039824672188 0.3730309029920745 0.05996642410581028 3.858022010014392
2001-05-11 0.19087721542766928 1.890601470970105 0.11043781420644415 28.42645239494311 2.259554406040052 0.09676014101039107 0.05970519400855774 0.043041670683819776 0.6543693995961526 0.26633812284230807 1.5921448945484165
2001-05-12 0.2558961389669375 0.0 0.4462703770162507 15.463477165580578 7.0149401952378 0.020074554226777723 0.19241231323850333 0.7787259355347123 1.0025944588907247 4.666069162332354 0.04907128459810697
2001-05-13 0.8186075701514588 0.021577972470632 0.19436641979319474 0.483256343881036 12.789734524349392 0.31674654731505675 0.3249620559429813 0.12736455785158246 0.0200651647767204 0.04232120265686497 0.16626157142914874
