2001-03-08 0.2147609517438204 0.09510496921463715 0.6250078918781454 1.1215441887950583 0.18927696436904706 2.2925211421447007 0.47078115165664375 1.6251315348334185 0.19798764495401472 0.13210272422425295 1.8657648529237552
2001-03-09 5.227277791776395 2.865440182225255 5.130916328272249 3.3083729626605667 1.005232907866564 4.160584267990682 4.702520979727195 8.772321408605722 1.9437937119811965 0.48669010773959104 7.669804869633619
2001-03-10 6.273684670503316 0.5295893252819069 8.182153661573558 5.098027508479406 4.424697864624004 1.7637466338555317 7.167126871653769 7.946625231498209 9.277845259577566 5.051221488341367 11.502655566283716
2001-03-11 10.66705595657071 3.6478971112425898 11.116640211947674 9.198928841908923 10.498276685312849 18.58576474335272 14.715689266348935 10.821333353938947 28.062668641630935 8.29790220444654 18.611355826663193
2001-03-12 16.53451526808512 14.917522538854861 17.4605122646695 45.48924003149942 11.829748959663618 11.663955185924147 15.659156787334869 3.5746321188766306 30.791692554554853 19.382267809502945 39.53849639584202
2001-03-13 10.285523781933438 14.043084384293953 14.633126958901943 8.692507631258946 15.133028507020793 9.630605051812815 13.881566131230022 12.75899682962848 17.89579385079299 7.550819416163696 15.377360945539815
2001-03-14 15.320922068978117 4.521046873007721 0.3751663289094651 1.4379440973852284 32.56911240082847 15.021873197746283 22.46804480360228 12.66344733412523 3.1840197920422915 7.5729127515483015 14.363223322090477
2001-03-15 4.233189485942355 8.73064666014851 2.7241368065330676 1.5173922225176244 3.0995551326551887 17.36397147067378 3.4516733122906285 13.2714152880259 1.302239256472098 4.242901488558278 24.091016055218926
2001-03-16 2.4764380585746575 1.7113576808308288 0.3318341107676003 12.420518426813935 1.7514299994281624 1.0374427608753982 3.5505005051209966 0.42895327871028954 0.27995477952064873 4.123808889756759 11.678044812796301
2001-03-17 0.43612343774715023 0.9236336619977169 3.8016330756835903 1.3264857999568316 1.5843043848457632 3.1843140217321464 3.606463454194813 1.4036013830539198 3.8471877796907084 0.031222007175041398 10.498980963812135
2001-03-18 2.264967774222951 4.001545733888315 2.2231136552222215 0.2566687537773614 2.3073192743974498 1.343599172635683 7.865426294178095 0.0 13.043976799305776 1.485886788975283 2.4063298905883483
2001-03-19 0.05564931951645002 9.61066837139228 3.4046208291288464 0.2165660069166868 32.78599442743318 0.1882083978353536 6.720867042014608 1.6782729292531604 12.192797816128738 2.863041696591255 12.666578630890768
2001-03-20 1.305150531931448 6.592098037884799 6.50878315030384 3.968244285932854 6.7541524803226345 0.1705256291211634 1.9009740484774489 0.36408255185804994 2.097888423950111 8.788913485859872 4.133168272335464
2001-03-21 2.2619203754806465 5.423560599328068 0.5558349892742999 1.6961079253584985 3.971631831439592 4.949920207536033 7.225132390487795 0.8571125280608268 5.2659345743651365 6.49079923575526 4.252338732148045
2001-03-22 1.1988881360369181 5.585748474386243 0.3747316375906774 1.8891520538586577 1.0925449997571468 3.1617003596985978 4.618161403947596 1.4285665159727827 6.232343939532991 2.0949150238409473 1.421513322419436
2001-03-23 6.7291915729825265 6.3206080958091135 2.4018050531001425 0.0 0.343747219713363 3.2494163408269965 8.773354251902644 0.41276507886172176 0.23373905984058518 5.019578568446389 4.959950966726882
2001-03-24 1.4108481417814016 6.30426982215999 1.1321400227511575 1.2253104984896543 4.961921844246739 0.31519203275245 0.40438870304231667 0.7439056547976597 8.375757366650236 5.014284226286963 14.00558387852246
2001-03-25 1.4408275439518354 2.8605607355975042 0.5954431732283655 10.735547097450157 4.864145220537407 1.2128806293621044 1.4026686831789665 2.7512766970694376 9.461704354106612 8.496971725476675 2.734188545696253
2001-03-26 3.9727714733324753 1.3600745541662929 4.4070930184549315 0.180685986915049 7.102940420926151 0.9909575780804782 1.8661880222326925 3.762162626847092 7.313813897142082 4.028041795500341 1.4356206689839188
2001-03-27 5.313250523471915 5.30017592802247 18.01031279026248 1.202798845481177 4.016135590715953 1.2256703392086208 9.387456154969996 2.4085969377329377 0.7984227728281539 0.8459834989656473 9.283518022917155
2001-03-28 4.630760890025339 4.120146588936878 2.521559348661406 4.838270917372614 8.384452009276652 7.841401464017354 6.279031860884663 2.7972044903557967 2.004736068146715 5.187706769709562 2.4900785834027226
2001-03-29 4.300712992901744 12.052174255638809 2.5215942788388697 6.415169035660881 2.018389747858496 0.431369676196446 4.647600857932031 13.773662885139412 2.5304259033664884 5.820436438923659 3.0558398857185356
2001-03-30 5.060397695985373 26.712284297227026 0.7534365028532952 3.7771197531031655 13.090407638528585 1.0503297863664316 1.0065937463484664 5.00969420204915 2.442638031092151 0.9707357502259175 5.5346273189635475
2001-03-31 0.9535147485983034 9.870889375770224 8.793456030921169 4.345638625687608 3.3933919017666456 5.765578488805533 3.0188611137721684 5.205389563878076 1.6457569875475664 1.1519029089785962 1.0967713294567358
2001-04-01 2.279627027893403 0.5574919455148366 10.09829990339318 3.726003095571454 4.951829096703936 1.556332678111458 3.734908787254479 10.012071437529817 11.59913015024576 1.4243129015350466 0.8764819315604879
2001-04-02 7.065899506917205 1.686125042979414 0.2103165463206628 4.153838784640528 5.714836915735231 1.903903341609352 1.8139435763607201 1.2534900823811927 0.5135961736632396 1.1932421974471485 1.1104777019244159
2001-04-03 6.573876431634849 1.443057912645477 0.8169888493535143 1.784720091538742 6.802037306928786 0.7265639473252632 6.30291204815247 0.6421163139858218 0.8830963316049087 2.009824041541818 1.6219618596328154
2001-04-04 3.844439704576442 4.681136605259163 6.12249260179306 0.39615516973576176 5.611019909333445 0.5277228065182838 3.827080638881392 1.2692283215510074 8.98020728263663 4.535595873233735 1.3826948962730732
2001-04-05 3.5306100422568116 2.5196037836904335 2.436925603384821 1.3587493464940774 1.2106609505698525 1.9439954410851124 3.2209504381527108 0.9107906790266953 15.493788134174586 3.6132872772135802 0.5219852696003766
2001-04-06 2.7668675508882297 4.993706182732602 1.7747849292699804 5.62914668308829 0.7053833900302224 1.4592181668429918 2.8366040252972446 7.94058205584569 2.787867688695835 2.1151679583019236 1.703629106809939
2001-04-07 1.3753677934425994 6.285865761930828 29.502076414184387 4.990631503704343 6.175346446336414 2.7210122048156227 4.3581906118649645 1.398386481895979 0.06170385869423467 3.175828989974044 8.646758205924288
2001-04-08 0.16462350319124402 5.567928614366268 5.619180972641404 2.870544475195064 6.496022478134744 3.2112480635555016 5.808478069577028 2.484863162661471 1.1089216928085448 14.404407636401604 8.599018866965949
2001-04-09 0.6363273352480702 5.826372607643355 1.2512137382356447 8.465563786262573 6.391174342752566 1.1178017681916321 6.675339101037671 2.071137308576594 20.013716202372795 17.37673457430721 2.073857770467033
2001-04-10 0.7894332133183211 14.16688569422504 0.16173504394009247 4.088844318566137 7.734877859564339 3.1851602868863824 16.566859816799283 6.508551383813423 12.212284024780955 2.100990250985806 0.18651434966696162
2001-04-11 0.0899056469208137 1.4406656447770687 0.155736111748253 0.22138596896862323 2.7839118776607474 4.985572009395848 15.70601031218043 8.858173812338084 5.319579598209246 0.9627803639745616 7.886493482491252
2001-04-12 0.9791206172930869 8.556178274346072 0.2783336907345805 1.353580243901657 1.4787360838464112 5.657409349270722 20.35890400901712 19.615843681041856 0.9456377244584313 0.4107063842350561 15.025858829692929
2001-04-13 12.016825639629442 10.281477261574029 0.9138530101344837 1.0887520038950254 6.109871573659352 4.76835205211035 2.8321091064280974 1.5942754944228321 1.759679283728131 2.917128374748233 13.967205130649859
2001-04-14 4.96049437332485 2.2308826437935503 3.011955546112593 8.62896170181429 5.032187868640969 2.0776368863163066 4.678604924142834 4.847536684312328 2.261857885677391 7.3987164132109315 12.651245693600295
2001-04-15 0.7224695355098388 2.4565787432175363 4.321040144019493 0.08346819973602247 4.242531908415199 2.5328609562450177 1.5108799368978718 8.27698949681852 2.5079498847760493 12.641636300471358 5.701560286444584
2001-04-16 16.312563163096836 1.0434618876641601 10.252330847257092 4.664945968682149 2.760821771203161 13.80441893025424 1.6420164452868635 0.6317224113092501 4.700229299314969 2.423109816874434 13.83882621871283
2001-04-17 12.94378091173785 8.920784042040829 21.253515683006427 0.8055025874723204 7.820496196273467 4.270626970609708 1.5833017907844045 2.0270177302383896 31.10175954945496 8.615003970891587 12.874260610559277
2001-04-18 7.091440526131147 2.1535226471510516 5.766616284915381 3.7610370473890544 9.136936389431908 0.3582940383561492 0.5283882635568089 10.617311557181885 1.6063245417373768 8.81338412454917 8.163017019707478
2001-04-19 0.8426365388414203 4.114196483933029 1.7378934008972293 5.698514598224271 7.5827349070814565 0.35919740150106755 0.6751528585846998 2.491414696382892 0.45995307178382605 1.9478104826024198 2.120976728342348
2001-04-20 3.3001616522751562 2.3849875439185277 0.546437003183872 8.188231614958603 1.3640128565057443 1.0813658027622082 1.0154573163664122 1.5761152181454903 1.5697803493333788 3.1056848171529037 3.336083849423104
2001-04-21 2.775168355296041 2.329488262885441 0.2610631813599733 6.357983185480732 7.180395580750634 2.1666976472886033 0.24866407453507605 2.70642699342119 0.9314957417809578 4.077195611770821 0.3110989153860166
2001-04-22 10.139251549473636 12.543066192626696 6.900796490015337 24.151360156079043 5.470550576521601 0.6926856261032254 5.177656783031342 3.403600609135024 0.2649878022713906 9.288487219454465 0.3136382382415056
