2001-04-26 0.31869018793546233 0.2987432207850571 0.29771686878379966 0.1459881019690803 1.0137229757353872 0.29277559776547085 0.21262626953318292 0.38425429553420926 0.18952633084235054 0.6617886285975231 0.01667714804843281
2001-04-27 0.5868813681689642 1.0911881339725327 1.0699258232710172 1.962214073328928 1.4160704605449428 0.6567689226834735 9.511209626203543 0.41391676480439993 0.620470103512778 5.841343066999212 0.4421756835630331
2001-04-28 2.0149863060014175 15.863943918593858 9.116879538269483 15.363956163344685 1.6914238374392818 1.3804212897155914 1.509169993898702 1.3680960729015714 0.6747729502233328 7.00344411647713 0.4227973296047345
2001-04-29 2.536658561168061 3.3729199349017405 0.7203972743135587 0.19365603893981143 0.07792310975987134 0.19760832293489097 0.25516385586319723 2.8414736767682878 1.2735762388117913 0.4138927082192919 2.776034966754634
2001-04-30 0.014803842754890044 0.15090644979254575 0.8018016145801301 0.5117042820806521 0.31856770341099994 0.16916310666501128 0.00903742074379759 0.0 0.2312798629933795 0.28809523539656756 0.20470484578719056
2001-05-01 0.6913533105215388 0.15346070766025474 0.12993973314424662 0.3959289352389156 8.674089742523392 0.40048183110380964 0.2711891715416731 0.007412579745180987 0.5371935076339371 0.4023806218984388 0.5444435314088386
2001-05-02 0.39308574051863143 1.4433892306892073 0.16848195486982684 0.3939858114614616 0.7317748972689234 0.3220075383242866 2.365934174023498 0.11369088575984579 0.7790632301939202 0.2641478120964218 0.3004516601240721
2001-05-03 0.9239485975646804 2.084952110748733 0.8430814099531658 0.636519794300698 0.5751324005536853 0.4119818702497267 0.3657848472662819 0.17492734217344644 0.4508443456034238 0.3109237105955881 1.0330753539130022
2001-05-04 0.5765824811770361 1.5393445480662387 1.8118530730507953 0.17625706568520388 0.5330652792571914 3.8656015330193436 0.35593117613205155 0.3070487870962966 1.6069145246083376 0.469023358957127 1.4265536170931115
2001-05-05 1.3676935582498682 1.1482896634299717 1.3537309334251855 0.5836202454090864 6.499136881510523 1.0506408127668903 2.236613764527239 0.31456599093147947 7.043829877587401 1.4646347994310522 1.315597662846656
2001-05-06 9.667490791611819 0.9176207130508065 5.404058845981085 5.680442897571725 3.312043306672808 4.546696459604122 0.8340503040036804 0.19049599696131228 4.341232799224697 2.858055238634356 1.0586689247996421
2001-05-07 2.5534966879032734 1.6625185219879635 0.59630937098503 16.12867630993928 3.94187582198205 4.152893264923989 0.8104581385375078 0.38620931284585336 1.087063626005794 0.4642921869593777 2.849065392318437
2001-05-08 0.0 17.501295774357622 0.14291826169028926 0.43078745774396915 0.189902352873386 1.3655766682430892 1.2755906112580546 0.3210465933868172 0.1802586693420252 0.7649485127746363 0.6798998245052053
2001-05-09 0.42933248080558084 0.8042547207616583 0.0018896447107517032 0.10506158698089652 0.14802263285330494 7.302464964006925 0.0018896447107517032 0.024534413919987036 0.7166744648190659 0.38287284178669034 0.011618604613466253
2001-05-10 0.4812970585575168 0.5934967582045791 0.005585522660763973 0.07309593250348209 0.18396043741884802 0.6496361432776847 0.2833144771204017 0.37730882045597525 0.020063305639955162 0.10620814349905361 0.11994775714306513
2001-05-11 1.1531600869778786 0.00618535248309337 0.3565697359008398 1.2214107159238246 0.0 1.4756263595715073 0.029712169339750294 6.583351354603014 0.3927466873608967 0.028344670072707343 1.1087054612597107
2001-05-12 0.2600238640172913 0.0 0.8066211023617622 0.19551785555958381 0.0 1.3163313669197878 0.003330113036880005 0.010171785970923424 0.06118482560333441 0.4677566212678599 0.3787174591411422
2001-05-13 0.3996096445106056 0.0 0.040996756458333894 0.0 0.24474200953754663 0.5038805171399959 0.007630311067424822 1.1771079380749383 0.2240018629039737 1.517983278212923 0.7565546211266975
2001-05-14 0.13599969257475822 0.0 1.00591244382835 0.0243727797991194 0.4726492473543345 0.41825837030914553 0.4586675673501541 2.477250655406495 0.19656574372085558 0.06014991861836555 1.9271381138155597
2001-05-15 0.5227427417192524 0.0 0.04255293115328135 0.19042468102687132 4.3514349891923665 0.29630080723899976 0.10449177824849372 4.885157318878255 0.47914645372119746 1.6884438637823294 0.38642712964520276
2001-05-16 2.0444789305223927 0.007695771859277566 0.360846589676147 0.16417061085644163 2.1701902465514995 0.35287370011150804 0.5493752830031463 1.4053266221604463 0.618908687514081 0.1356639701795891 0.004764589630054553
2001-05-17 3.898710590120153 0.14033573210098912 1.2608273849143539 1.2056912305546112 0.1285908932446997 0.7951088008399944 1.3601019078274745 2.235181870257019 0.9389781565339002 0.5417649724059448 0.1719413193193803
2001-05-18 9.83016368191151 0.05889192617242895 0.627138668597772 0.0 0.06091957551977657 0.11286544368991905 1.1773404421777516 2.920218270780562 0.3681251169654805 0.10036533130821276 0.22856725041372564
2001-05-19 0.40985852019508606 0.004764589630054553 0.18982158621955814 0.14302477740709552 0.011329062182955147 0.04438625967026363 0.4980636656784385 0.7809991078528951 1.223769078770144 0.008001874958280034 0.6434104529661666
2001-05-20 2.9561712598694325 0.06733105330116698 0.9008285288259816 0.08914278356568059 1.1295864678365832 0.08052717228970463 1.2495477531349586 0.642668174169314 0.1756621452020855 0.0776824674527216 1.4522697184965359
2001-05-21 3.7774561874989954 0.7136813885206414 1.0498325730065368 0.13247985354032227 0.44457302944568555 0.3204283184296397 0.609357057701273 11.66954443729194 0.5587042724371568 0.32265635679891824 2.9947453354912184
2001-05-22 1.6598128313601035 0.4222386034464446 0.32720144987981464 2.556206984825516 0.5938355286879713 0.4742005413990278 1.0735164446881997 1.709399590473175 0.006561406632151733 0.0507467329614357 0.2771476465482739
2001-05-23 0.33451570330319397 0.008743659694163403 0.8229064771949814 2.17974277262027 0.6879212139244062 0.4830189605404116 0.4041262344750195 0.20230196239248951 0.4692899749529367 0.0026479901151264334 0.6697404180732804
2001-05-24 0.34513678306354695 0.00467176192140003 0.20216337152737687 0.3190507089579061 0.7947648358188949 0.21686249377237213 0.5828219432549427 0.0 0.0 0.20746996988514232 0.04657592880268334
2001-05-25 0.1356484847420276 0.03397048577183011 0.09236345531270142 1.2595978083858799 0.05818497707044224 0.0 0.03243718973704729 0.03785686771835198 0.0 0.5523662549311663 1.8554518355351894
2001-05-26 0.1173850154902254 0.0 0.11749745355745851 0.034919335172714436 0.0 0.08627071154586935 0.26964853010563306 0.11380811894511803 0.0 0.6106805296286624 0.047517108670710545
2001-05-27 0.24061021976820107 0.038137134020243664 0.4209809710256377 0.0048271772563892425 0.05958795558954906 0.0 0.04214644416667235 0.03455685517272426 0.0 0.5245212740959113 1.279710869226242
2001-05-28 0.2050715188495426 0.003330113036880005 0.03514322457361842 0.4762002000321709 1.8555263446105192 0.07308678790539877 0.21756283253390363 0.1546994244442732 0.06417421889970851 4.5896332749861495 0.09218034166919231
2001-05-29 0.07427505414636354 0.011543727584450122 0.2868305340676464 0.5911819036043633 1.963752986836608 0.02920589614177556 0.0 0.9462304148955051 0.2907806686670708 0.2865597842534736 0.007109402458383412
2001-05-30 0.2954789743754506 0.281189110468103 0.004365658822397561 0.4888833452403144 0.8110684570563593 0.030340541068512902 0.0 0.06463573656249534 0.034857159294003785 0.6111290515675227 0.09262774237846425
2001-05-31 0.020606324661076113 0.0 0.029304995282995343 0.19616182903874962 1.4950243126259375 0.6090987362526855 0.05292430501157941 0.0 0.005568690353192542 0.2541923212117706 0.36053802939431356
2001-06-01 0.10895395735975628 0.08084008757372231 0.59055470395545 1.7405866971489026 0.2257597989802109 0.1715624740365688 0.0 0.031813111536738416 0.003330113036880005 2.507592689486287 0.43235740173997045
2001-06-02 0.0 0.25873753133965083 0.301107810871189 1.2733576742642345 0.03514035140810036 0.0 0.0 0.4123074746081543 0.006561406632151733 0.023238554680537534 0.49958951870087254
2001-06-03 0.029761102897006002 0.0 0.12257575446520463 1.277676910730367 0.1107563287372317 0.010171785970923424 0.08235422937412164 0.29186961112199633 0.028857243235826235 0.0229476667964214 0.0644559156266333
2001-06-04 0.0 0.14345612251396528 0.4161723446000807 0.04577652897853353 0.1139188168124753 0.07178351336674609 0.16979905805722809 0.33564666383696645 0.052210079947728624 0.011553143821613508 0.0
2001-06-05 0.0 0.3950589548584325 0.06711175144534605 0.16056053207767598 0.05647844626922609 0.05400243292878508 0.337387160924093 0.0321405028752082 0.014428088740916358 0.01477808710047071 0.7399736956766725
2001-06-06 0.01876326790117759 0.0 0.008853048071309289 0.015977913119449287 0.691119355877033 0.06710409767222028 0.031875699163073104 0.0 0.07760040220604035 0.010701970708584254 0.0
2001-06-07 0.01910396889005305 0.2937182021276625 1.2986246788183706 0.0699866963646489 0.316455536469171 0.027488507134115936 0.046455726088082204 0.2994352443817681 0.11576322418169602 0.009136240185405868 0.35436850742403503
2001-06-08 0.0 0.008743659694163403 0.5990819971066914 0.023986138394143847 0.07923056818977145 0.07933917248512684 1.8463391363065722 0.07812657595952485 0.0 0.3152468147482476 0.008288491576586248
2001-06-09 0.0 0.08470512165098981 0.30209605282529817 0.010178136287337951 0.08256196683958508 0.026858210147928642 0.5733453628680146 0.0 0.0052197577476317085 0.0 0.008001874958280034
2001-06-10 0.012672110300144077 0.9160549662157271 0.35221363628219743 0.0 0.1251653686498049 0.0 0.0 0.009623790144691745 0.06395654022415152 0.0 0.0960499170255503
