2006-01-18 2.48475271073424 2.48475271073424 2.8704131255538217 2.48475271073424 2.48475271073424 2.48475271073424 2.48475271073424 2.48475271073424 3.207437984627558 2.48475271073424 2.48475271073424
2006-01-19 2.21366306040754 2.21366306040754 2.557247429607776 2.21366306040754 2.21366306040754 2.2256001606575184 2.21366306040754 2.21366306040754 4.088195118404784 2.21366306040754 2.21366306040754
2006-01-20 2.166179756107468 1.9721496368816607 2.2782485109752084 3.045416028751229 1.9742069228275663 1.9827843841926798 1.9721496368816607 1.9721496368816607 4.041858368199583 2.0226824854650505 1.9721496368816607
2006-01-21 1.929846820442153 1.7569856359432643 2.029688730497407 2.71315728868297 1.7588184693553197 1.7908767378878825 1.7569856359432643 1.7569856359432643 3.7314318513617977 1.8020052859701863 1.7569856359432643
2006-01-22 1.719298109540072 1.565296301853791 1.8082471392249806 2.417148401601724 1.5669291707911555 1.5954898411326144 1.565296301853791 1.565296301853791 3.3243279042072067 1.605404250353902 1.565296301853791
2006-01-23 1.5317205314686215 1.394520518409619 1.6109651079947338 2.1534344621202095 1.3959752392528084 1.421419903849243 1.394520518409619 1.394520518409619 2.9616395181146236 1.4302526383156071 1.394520518409619
2006-01-24 1.3646079062298986 1.2423765904667958 1.4352067978765861 1.9184920500973897 1.243672599401245 1.2663412184737195 1.2423765904667958 1.2423765904667958 2.638520898477356 1.277584142561868 1.2423765904667958
2006-01-25 1.2157274812752343 1.106831758745279 1.2786239433453968 1.7091821550450417 1.1079863714436782 1.1281818151173575 1.106831758745279 1.106831758745279 2.3506549330908175 1.1381981217756378 1.106831758745279
2006-01-26 1.0830901002200186 0.9860750406071153 1.1391244776538887 1.522708236541899 0.9871036835800676 1.0050957784612238 0.9860750406071153 0.9860750406071153 2.0941955122248035 1.0140192932235863 0.9860750406071153
2006-01-27 0.9649236261899753 0.8784930339405311 1.0148445812176021 1.3565788603103834 0.8794094506465586 0.8954385849128399 0.8784930339405311 0.8784930339405311 1.8657161416497978 0.9033885327759351 0.8784930339405311
2006-01-28 0.8596492647144263 0.782648360871286 0.9041237795568807 1.2085744107452525 0.7834647953399684 0.7977451305106978 0.782648360871286 0.782648360871286 1.662164162047994 0.8048277288712119 0.782648360871286
2006-01-29 0.7658604698222482 0.697260463292747 0.8054827580853042 1.0767174351480417 0.6979878237143418 0.7107101560125589 0.697260463292747 0.697260463292747 1.4808199631452499 0.7170200338130438 0.697260463292747
2006-01-30 0.6823041515098011 1.0917292339843994 0.7176035973331447 0.9592462234435465 0.6218364980954741 0.6331708076317114 0.6211884936282496 1.549561110833296 1.3192606476335296 0.6387922696757855 0.6211884936282496
2006-01-31 0.6078639334981931 0.9726202146493154 9.679297839685427 1.2474689223761974 0.5539933785824152 0.5640911004192547 0.5534160722332155 1.9478596354117694 1.1753276594059852 0.5690992537483949 0.5534160722332155
2006-02-01 0.5415452375906896 0.8665061409018617 8.696881816416829 1.1113685022982696 0.4935520292707142 0.5025480767112923 0.9477464268827615 1.735345690739059 1.0470979435930823 0.5070098340924734 0.4930377077842379
2006-02-02 0.48246199534584594 4.149485420344075 7.748040899425073 0.9901168114403722 0.43970490757413755 0.44771947470727824 0.8812928024973001 1.546017288771084 1.3921004733140714 0.45169444863882574 0.4392466992211238
2006-02-03 0.42982480952413654 4.682494797148227 6.902719741715811 0.8820938344405198 0.3917325748369076 0.39887274242227233 2.2812905083106294 1.3773448571080538 1.2402205635171577 0.4024140416025292 0.39132435760256645
2006-02-04 0.38293040713593046 4.171628647784125 6.14962420488259 0.7858563016885173 0.34899408408197713 0.3553552502310857 2.032398824865624 1.2270748029407155 6.779113771655323 0.35851018913132804 0.3486304038711798
2006-02-05 0.34115224317545134 3.7164986491894862 5.910105767986478 0.7001184061379004 0.31091841646828794 1.1817587903374926 1.834473954918684 1.0931994033232857 7.680540602572728 0.3193963022584435 2.1544061586265912
2006-02-06 0.30393212949940784 3.3110239158969126 5.265305686136674 0.62373462393841 0.27699685204151886 4.622926784563521 1.634330528262591 0.9739299804561958 13.279495524303679 0.2845497896245086 2.4040096189751012
2006-02-07 1.1672912352571898 2.949786994837574 4.95868558820988 0.7234319551379368 6.317428272080203 4.5343229873440425 1.4560230050797736 0.8676730035798783 18.5581565593728 0.25350507525658583 2.141729120374972
2006-02-08 1.062445266874327 2.627961484016119 5.721223089909694 0.6445046330224282 5.752903129173071 4.039622568587362 18.96573470381125 0.7730087981825725 16.533437921321237 0.22584737811644343 1.9080637594741796
2006-02-09 0.9465311570014 2.3412475480809354 5.09703034764425 0.5741883820439824 5.1252540540146265 3.6024593234132505 17.03442190866935 0.6886725780608495 14.729618681206759 0.2012071703080873 1.6998915880943746
2006-02-10 0.843263424246275 2.0858144692283527 13.103309891418546 0.5115437233278948 4.566082296659044 3.209426423175414 15.175944672489075 0.6135375468066488 13.122598431576932 0.17925523990195522 1.514431266604659
2006-02-11 0.7512623326783678 1.8582494658768403 17.2384836174424 0.4557336763482864 4.067916893979567 2.954526259284595 13.520229684251953 0.5465998429437405 11.690906150325045 0.15969829241131955 1.3492049030924698
2006-02-12 0.669298677325085 9.839208745789906 15.35774298561748 0.6354426643170252 3.6241019745026324 2.8547598419003894 12.045155322817838 0.48696512756909494 10.415413331378396 0.14227503215325144 1.2020049468285479
2006-02-13 0.596277361051363 8.765738486508862 13.682864053769588 2.7771204099998568 3.228707830863688 2.837211057503808 10.731013464269115 0.4338366352997737 9.279078413196235 0.8035743662708239 1.0708646936973203
2006-02-14 0.5312227632227067 8.991971803626198 12.190046072597797 3.3305153693746603 3.073713735323566 2.5276677208296814 9.56024616627002 0.38650452887682935 8.266719090446161 0.7159033994470556 34.340861249211535
2006-02-15 0.47326570466584184 13.783306138517256 18.844776665799888 2.9671518991863466 3.1408513334952977 2.25189595823564 8.517211080499818 0.5419745275618923 7.364809466768522 0.6377974467434566 47.50274266325742
2006-02-16 0.42163183476887006 12.27952979568318 16.820117381018502 2.6434318486550765 4.827885752419472 2.0102087405486726 7.58797245889027 1.6106948070572304 6.561299338434199 0.5682129528792139 51.504745836311635
2006-02-17 0.3756312855636822 10.941856315698182 15.129423088369922 3.3654091081132367 4.3011572525994515 5.50362569355019 6.7601149613504745 3.768797736294678 5.84545319438702 0.5062202157917652 45.885512068154945
2006-02-18 0.3346494545612425 14.232793639502958 13.981863691140669 25.1974555775925 3.8318955066200253 4.90317309926725 6.022577777307618 34.74553575927726 5.207706781587898 0.4509909651047599 40.87934390649145
2006-02-19 0.2981387931913573 12.746474093488786 12.456424462746558 24.02678244671198 4.650979307691514 4.368230652053771 5.365506844800233 319.3902608038031 4.639539319263793 0.40178729580108774 37.0499237601477
2006-02-20 0.26561149113419097 11.355817453150308 11.182965834044449 63.47530131190156 4.143551525771715 3.8916511109081457 4.780123192657848 442.74602885553264 4.133359654745918 0.35795180924636544 33.32049494142697
2006-02-21 0.2366329588005907 17.249028073364556 9.962889948383205 79.85667397157383 3.6914847646842635 3.4670670079832906 4.258605646717578 414.9030655715312 3.6824048398519302 0.3188988298393981 29.685186252944746
2006-02-22 0.2108160208821616 31.181588679091355 8.875925905204829 71.24521328768736 3.2887390661087625 3.0888055743359346 3.793986332942862 369.8501986908378 3.2806497727148263 0.2841065799373336 26.446494401722656
2006-02-23 0.18781574339247184 56.842911261972084 7.90755103188072 63.47226921226085 2.9299334389194596 2.751812947385726 3.380057581285868 329.4990679382423 3.144628313800069 33.07028334790796 23.561147982425478
2006-02-24 0.16732482508469243 51.30297642173319 7.044827097981615 74.79792723023016 2.6102739650196267 2.451586647437696 3.322895174835045 293.61342533490466 2.8015453538420623 50.804771789141164 20.990596555507462
2006-02-25 0.14906949167147995 45.70575595039662 6.276227450602618 93.52433038777237 3.8369873253998943 3.2217271327235446 2.9603630712657307 261.5798242791513 2.495893184040387 82.88966920443363 18.70049558379309
2006-02-26 0.13358226917041915 41.12316281433305 5.591483009445862 84.71387704885831 3.497368817958142 2.870232591688136 2.6373836843674168 233.04113016061785 2.814056955958567 74.39277110825597 16.660247563137116
2006-02-27 0.12335480569971731 36.63657305558403 5.1486525015386695 87.07895038057218 3.115801415201157 2.568147781033371 2.3496417620654313 207.61604415248866 242.95854798226367 71.21034325950393 14.842593216317821
2006-02-28 0.1564925116355283 32.63947599017918 4.586927931675324 77.98565437041394 2.7758635046870372 2.287959584022059 2.0932928518175724 184.9648676187247 222.0883460357626 77.73292047346622 13.223247288200517
2006-03-01 0.13941899541967642 29.078467337828037 4.086488231936686 69.67099249927178 2.473019568848636 2.0383402779671784 1.8649119357816326 164.7849634799244 198.22673298033214 69.96604598002888 11.780574076115581
2006-03-02 0.12420822122330807 25.905969293676225 3.6406471444474793 62.101816227820805 2.203800382089366 1.8159547576942865 1.6614476699519798 146.80671274998673 176.59994233024472 62.33266069387528 10.495298360288187
2006-03-03 0.11065696151786743 23.687634888579026 3.6084392606629536 58.32877199301356 6.959696547436014 1.6178317822782207 1.4801816158650027 133.8664136725932 157.3326622621204 55.53208752689773 9.350247872128682
2006-03-04 0.09858416115829542 21.15314572393775 7.65434460608529 51.965028215264624 6.200384748745213 1.44132427698709 1.4781669661561614 119.26141635894642 140.1674671469187 49.47346560935903 8.330123859562601
