2006-02-22 35.41554532623073 35.41554532623073 45.33709694115265 38.92112450608885 35.41554532623073 36.5979090159361 35.51661928698718 42.93585128606458 35.41554532623073 38.74759728005604 35.41554532623073
2006-02-23 55.8284820969394 31.566766127835177 42.04537215957282 57.04441449196502 40.35118528147934 58.89515587709738 38.433117101794465 92.27210545374183 31.650217617684625 45.99785751161694 47.128945038081326
2006-02-24 58.33602166607406 36.9468567926478 74.4322514769452 52.67510363642806 82.58716803542362 53.138036555702534 41.88332183383953 83.48426969529359 37.933696958942015 52.69658868039424 44.415593044706156
2006-02-25 52.002908010005 33.17525019258057 68.57035166398991 49.92747142834471 73.57680215709013 47.604453907139025 37.433506965426815 74.38061292115927 33.79508201453596 47.73996343425841 39.569794928462116
2006-02-26 48.7620158348977 29.555787889501808 62.98708653205966 44.48032031444744 67.59755098652961 50.36827995916596 39.11341336883914 70.84163247255236 32.77757403300777 42.718991024265954 35.71191385702838
2006-02-27 62.546535451782056 26.331213562803136 57.82434618189362 70.30245905494886 91.77201108639515 68.40165785707894 40.527911866715826 76.5965022813753 44.68249025514645 43.42818594108248 35.1154674162409
2006-02-28 56.47804721658313 28.842061729777832 51.82482203346566 62.63237067207206 86.35717690776158 63.92712347341053 39.40607647786742 68.33402795738799 42.90079034803108 38.69011520397512 36.63628762174747
2006-03-01 50.31621988572844 27.904785770182706 46.24350617320049 55.79909876324455 91.57786674429286 57.01278635379515 62.290293516517366 62.42860932518065 38.22025914567332 34.46897405732847 32.639221697040576
2006-03-02 46.997914341208514 26.009293503491786 41.43852246240444 51.71806972518133 81.58660410943678 50.79261829712459 60.69655952802179 79.10391193981502 34.0503798967914 31.85148040327882 29.078240787911273
2006-03-03 47.21932704536069 29.277276291424684 36.91752655983326 48.388007915326824 76.00500643362311 48.79609012244562 56.78868094393217 82.79937343235994 30.335439818690535 32.25868859177983 26.7594918288746
2006-03-04 67.00994285583566 31.945292274931965 33.948874493411736 54.95899901490226 76.80224895771185 44.74437689818537 54.83753774750195 73.87691711004632 59.38660467566496 31.915946192951804 25.0767034151363
2006-03-05 83.5030934521403 30.99834807431379 71.6587355149909 85.30287956943519 68.5019513665759 41.68820276556779 48.85469210076462 65.81685076904303 59.58062159495724 56.93828095972727 22.77855204467113
2006-03-06 74.39279893237386 27.616388578983322 85.1248500838548 77.38361308475446 61.657490845046766 38.06738380133309 46.63234461620555 58.63614799728355 53.080299420061145 73.22111824207599 20.858076028839047
2006-03-07 66.27644922241151 24.603405199369384 99.1547121415023 75.91928745911831 55.047892909225276 34.54835261509291 54.54292436473104 52.24000617944189 47.2891707265255 68.12860663198666 18.582433211654084
2006-03-08 59.76342165489266 22.60115499070356 88.39877865411384 207.64405579099144 49.04209724343339 30.779083072924635 49.8856738202776 46.54603290906492 42.12986159645915 61.29059922600451 16.555065942469014
2006-03-09 53.2431557579041 20.135340023588565 80.94141963938313 191.866633803312 43.87526110828127 27.42104566908321 47.10204224931967 42.42963843093928 38.24513259121772 59.09459476700545 14.7533643438286
2006-03-10 49.06251544034326 17.93854862982738 72.51379432894863 171.6188295813002 39.08841389293294 26.66709163751666 41.96314907520346 37.80051050277435 34.072539614115634 52.64729874044042 13.171928941696612
2006-03-11 45.866914020910144 16.348677896727715 72.22396829678075 157.50087413314702 35.416845979699474 28.880968336561576 37.384915733346816 33.739549065906445 30.35518187911763 46.90341097452595 85.05761932071161
2006-03-12 46.505334094074115 25.34138206665768 99.50033408672904 143.705345829493 31.552822696638295 132.25399333857857 33.30921432550171 30.06549688588544 34.87654010786376 41.7861887263649 105.81716674041569
2006-03-13 58.9940669399336 25.786378142294865 99.79648835951372 128.02690840180398 28.110369306539 124.8280746504331 29.675136357245844 26.83388973199358 48.5819057226851 37.22726198468332 128.68080032496164
2006-03-14 63.057731633617045 27.032308488466978 89.07839449381842 115.39937895641681 25.04349199369592 111.20917170604619 26.97604255126346 23.90627797700108 77.81722310053267 33.165748965336604 115.15348496768368
2006-03-15 70.28074669779278 66.08849991844173 79.35982748025496 106.44353674942839 22.311214926654227 99.07610853007813 24.032921741132547 21.298072416929564 95.63391289726805 29.547323251095346 107.83212741126256
2006-03-16 68.7760113573728 193.35878773980576 70.70156858538358 94.83041045577583 19.87703278969581 88.26677809916569 21.41089918372803 31.06163599287948 85.60747716000776 26.323672420265044 112.89193110891041
2006-03-17 83.12570343093073 210.2329683281767 66.44546444714045 109.30717436610648 17.708423043841833 80.39855386746662 19.074942648083685 53.364862766593774 76.43240754596522 23.451726027028673 114.72616930938379
2006-03-18 77.9202297545576 190.71641638436736 59.1961791129565 111.19678053417068 16.23642459820243 75.1328175723539 16.99384196453783 60.28595886156641 68.09353391783999 78.6182805677743 103.13889831042115
2006-03-19 84.86404231723948 192.8342803631496 52.73780010099833 117.31964572662721 14.639384223347637 66.93573087594152 15.299130768323131 61.234323770844874 60.66444209150881 75.71278170528328 92.9368944238999
2006-03-20 76.62369145293631 177.77835491673 46.98403851768854 104.5199220006986 16.23772045799961 59.632956845330696 22.084048980357103 54.553580563803884 54.04587370619172 80.3882585486151 82.79736012036415
2006-03-21 70.80143781495455 158.3825085182971 41.85801969834909 107.70190146023482 18.915862567249057 53.69040197999609 98.85635059669492 48.60171500414265 52.673245030988845 83.7137777528364 73.7640620065205
2006-03-22 63.51465710588312 144.86258832390075 37.301479806307974 120.5477294416643 65.78644047293999 47.88995061804197 88.21805076655001 43.299205606221115 46.926526488008285 76.8199718791656 71.47756035993142
2006-03-23 57.41413802687955 131.70149038412566 40.147983353620795 174.56332824445647 157.37749234982954 43.28666648222019 79.56527803245848 41.675219726463176 41.82532360736975 70.54142211563608 69.53833514019756
2006-03-24 51.15018198035925 117.33268896946952 35.76778691474019 532.8197012901046 144.80217250770198 39.04427095793346 70.88460421667669 37.12839984160278 37.26212719669034 68.67430087569866 62.07326233549693
2006-03-25 45.56963156777361 112.99306188038531 36.347041530462874 476.7155110774415 131.35452704597998 34.78449095597348 63.15212868361427 33.07764383431236 73.96738518140205 295.4926809264407 55.30098985430968
2006-03-26 40.597926358437306 101.74114399533927 35.83442995862387 424.7052377450895 117.02357977577434 30.989458412421254 56.39868570874563 31.453759456263285 82.96512133793036 277.2562540232078 50.11700323121351
2006-03-27 36.342303554204214 90.64105477592032 31.92484772376869 378.36935190292917 136.9038491926227 27.660500419917724 68.7600922725375 33.314493930991695 75.87987330284808 255.954093624987 44.64917394406425
2006-03-28 32.37731165881587 80.75199951886393 32.36782297032037 339.57348496901284 151.49634154184517 24.642704375333246 68.92355606989906 35.871658442466696 67.60128186626694 231.1183010562845 40.6742234370338
2006-03-29 28.869482767600026 71.9418528665072 36.703746456849345 308.1783665368685 144.59540807474323 22.47977133242425 61.403907760228925 66.30593742093448 60.22589536718303 240.24976018549387 48.80821336827708
2006-03-30 25.719785198691653 64.09290450707435 32.79776799492436 274.55571171394195 138.17956563382432 21.46876701639719 54.70466272005776 68.93577321749369 53.78033252657466 222.93544005916982 110.45828003552883
2006-03-31 22.913723671807713 86.69900695921257 45.781292285184364 248.348290314087 123.70140356497836 19.894015977218167 48.73631390104752 63.72005721723589 47.912829316535 226.1609785382654 102.8216169048622
2006-04-01 22.10843396392721 81.68648173727519 74.71690124776529 221.25317350040558 110.90807257678469 18.30842201883298 43.419119588569096 62.86925193798766 46.07615135926623 213.09769251662772 104.8865377869447
2006-04-02 19.818193554990607 111.33885149931712 66.75599136031741 197.11416866303216 98.80785969711187 38.37095619606877 38.775786999662365 86.31264887054412 41.049184189849214 230.9161845961027 95.97915036593949
2006-04-03 17.656003240840608 131.51445565246166 60.8434493484269 175.60876019603631 88.02779555318979 72.49801508118169 39.66874637719708 82.2681431623117 48.95683356407606 672.786190703152 88.52242778276968
2006-04-04 18.237186854421513 124.31647609980095 54.52742010815504 156.44961935951443 78.42385022570811 147.50304364460598 40.25047919036245 73.30120242856697 90.89440295565296 603.6671422944074 91.47816210144438
2006-04-05 19.369931271829444 113.7691917381049 49.97586310793485 139.3807653474014 69.86770764417925 131.63615217999418 36.427721366011575 69.67829731146627 111.87977780216418 581.3802195213352 93.11309982985613
2006-04-06 50.59191370221079 102.80707269296207 45.02385957409901 133.98507452111213 62.442197756837146 121.05303034889523 32.48142693916898 65.21811247856448 150.8348456711711 532.2600743585624 99.13178072544726
2006-04-07 58.17182769793562 113.08375991998388 40.111698786405675 119.36713114690683 55.629673945542 138.81993253347662 29.593818443571617 58.10273281279578 135.1706161453406 482.5207031180558 130.53227292567328
2006-04-08 53.1477794905911 101.17339885613569 35.735461037179995 106.34402413280884 49.56040521458818 124.56890479688012 26.963829237958294 51.76365018931017 120.42332866006358 429.8770758899909 128.32775412990424
