2006-04-19 35.91233588573271 45.59146355009563 35.655564119314995 35.47626814537143 44.00512475906183 35.07449910800167 36.454653151175926 34.4382936747714 136.46899440897477 36.087580574371 45.30633039854728
2006-04-20 34.02326996432717 41.96807927193191 31.76549637269822 31.605761819344163 39.21050964751022 31.247826298962977 33.12605254945306 30.985499573535105 122.62245104019509 33.61859524055236 40.36335167993828
2006-04-21 36.827204481963 37.60792440361051 28.719657178735986 41.43761101217908 42.05265761736362 32.93457179787185 57.520416363826705 28.22752844276449 109.34110149511784 30.678956061381975 36.26793590525208
2006-04-22 34.38852863440356 33.51645342513935 29.774081097133667 37.26656637711569 37.46465876970095 29.48099852840711 117.78666649246595 26.242590938434002 98.15439983702443 27.33184263296611 35.501781738220565
2006-04-23 32.98074165871798 29.85976539695266 67.33233408503915 42.72899726150765 44.57786106615328 33.011222600527056 113.03793045699406 23.381898349435282 88.93125697485209 70.03984823749948 31.628491846164437
2006-04-24 30.391316551705 26.60202671989362 93.31943594822398 40.63199896918223 39.71435928505133 29.908067581040015 104.18516166760645 20.830903270976837 79.22874284528206 74.84428512310753 28.177782846237296
2006-04-25 27.075584962183118 23.699711508360142 83.1381658675241 45.34216030110422 35.38147178248898 26.645059073675046 94.4138199893733 18.55822502549053 70.58478544440422 66.69905702700213 25.103550621421512
2006-04-26 24.12160393927822 21.114042606663332 74.06768540348557 40.45442578450574 31.521307860507452 24.140779467097854 84.1131788636728 16.53349888973891 62.88389487620003 59.48437795814647 22.364721072964976
2006-04-27 21.489906032461793 18.81047349650674 65.98680598505707 36.04079607798952 28.082292770502963 21.506989485615964 74.95770458938998 14.729672970712986 56.02318134034834 52.99455607575802 19.924701338940604
2006-04-28 19.14532974064963 16.758226729023754 58.78756086963568 35.77726340193775 25.018478635055878 19.20052914394912 66.77972293680283 13.122646771607677 49.91098044563318 47.22198910121447 17.750890885564356
2006-04-29 17.056549727597854 14.929882714471418 52.37376262463458 42.317011884308116 22.288930549071726 17.10572680523948 59.493969565443635 13.536521241720207 44.46562850342111 43.159439326284065 54.89478150418851
2006-04-30 15.19565829140139 13.301013375495709 46.65971798966087 37.70017164644712 19.85717965807456 15.239470086834206 53.00310122612161 12.05966942551552 39.65225815369517 38.45068917462974 48.90569047786306
2006-05-01 13.537792496206714 11.84985576929523 41.569082948877195 33.5870345965891 17.690735906359645 34.893810569505305 47.22039494291298 10.767352072410988 35.326145963595444 34.25566970038884 43.570016959595
2006-05-02 12.060801984332624 10.557021318025184 37.0338427164363 29.922646071248614 15.76065394494724 31.08685111041625 42.068589327733896 9.592620162088837 31.472018158817864 30.51833222812744 38.816472261668196
2006-05-03 10.744953030514532 9.405236762537008 32.99926636892699 26.668067744253268 14.079722526028085 27.69523580821756 37.47885230897861 8.571843636599692 28.989754455205127 27.18874306474788 35.33997305245593
2006-05-04 11.093973911674485 8.379113378397069 31.28567279001694 27.845859769152707 35.70270950051456 27.478209828237 33.3898614822866 9.131218347945609 25.82693508619189 24.22241634707738 31.48433669439358
2006-05-05 9.883607139760217 7.464941370733568 32.31703362763113 24.807840776620843 31.987502595662757 24.480301915534668 31.244480431572434 8.13499072401134 23.009183364549163 22.19614889650812 28.148269229840782
2006-05-06 8.80635597482426 6.650506700869188 28.791203835644676 42.46466699413237 32.716973890578366 41.57693339394533 27.835667568138657 7.2484015779937945 21.019033594692992 21.516436405218315 25.077256977424174
2006-05-07 7.845571252073281 5.9249278974029265 25.650046593507888 63.135475573298514 29.14751010316204 232.85329467211457 24.798760557650176 21.124922290171238 18.872105273147564 19.168965614971953 22.341296098277905
2006-05-08 6.98960937409267 32.5792778938308 22.851593632938048 57.00136587883235 25.967479390431542 212.85059447755006 22.093183994821633 25.009687296916972 19.480457965180236 17.077606896996638 19.90383205809144
2006-05-09 6.237863636968495 29.024836916022732 20.358455477519428 51.04714152193534 23.134394104742118 197.94858237793028 19.682789303096232 22.986955715036324 21.65571370794793 15.214418095909906 17.732298469105235
2006-05-10 5.557304720511519 25.858190005119102 18.13732189064128 45.47783294902274 20.61040205527023 176.35213830059752 18.218032206816435 20.508450893938882 19.293047585227036 13.710435638994879 15.797681978209809
2006-05-11 4.950995654154016 23.037028331324986 16.73209758178985 40.51614308041989 18.361780773732313 157.1118939556452 16.265781241793757 18.317807957448412 17.188151365034383 12.214609538261211 14.074134626310904
2006-05-12 4.410835684074114 20.52365901241002 14.906604289685557 36.09577993660657 16.35848695636195 139.97078493195514 14.491163660135147 77.23434709726297 15.312902020581166 10.881979982491583 12.53862849978486
2006-05-13 3.9296078590758863 55.57685962444077 13.280274655712736 32.157684078005154 14.573755062344913 124.69979287518252 12.910159131382859 68.80798082756421 13.642244783350963 9.694742019437172 11.170648059902847
2006-05-14 3.500882606589947 49.5133529998249 35.05753228714107 28.649239525601825 12.9837397056794 111.09488562701097 11.53010243262506 61.30094191924704 12.153858392189138 8.637033239962898 9.951916039509351
2006-05-15 3.1813830168405968 44.11138272045933 31.232710577862736 25.523570771139408 11.567197062542803 98.97429119913686 10.272153479337675 54.612930578737775 10.82785686414571 7.694721844103648 8.866149244724363
2006-05-16 2.834290053643766 39.29877432308216 27.825181819893167 22.73891648439937 10.305201037523116 88.17606916018673 9.151448369309795 48.654589848511854 9.64652380250152 6.85521782938544 7.898840998992908
2006-05-17 2.525065377599634 35.01122767089086 24.78941881733518 20.258071549822116 9.180890396478327 78.55594698743475 8.153013623316083 43.346311729653664 8.594075692129366 6.107304778742777 7.037067322767628
2006-05-18 2.249577510039587 31.19145785443177 22.084861449723437 18.04788997764732 8.179243487525016 69.98539247532159 7.2635093879085435 38.61717355797552 7.656451019634622 5.4409900005898315 6.269314259236471
2006-05-19 2.0041457219136922 27.78842982130377 19.67537475772769 16.078842048085964 7.286877540255841 62.34989644667464 6.471051204750129 34.40399042286548 6.821122400758866 5.336744090493193 5.58532403903481
2006-05-20 1.7854908564294973 24.756676508742448 17.528766152400532 14.324619771630914 6.491869861669703 55.54744282233548 5.765051225142534 30.65047096845351 6.076929204924573 4.7544984710735605 4.975958028584679
2006-05-21 1.5906915170039855 22.055691368813353 15.61635529751505 12.761785394153392 5.783598539855089 49.48714560815212 5.136076748252524 27.30646529795257 5.793283165900218 4.2357765950392885 4.43307463094587
2006-05-22 1.4171450351661268 19.649387169885323 13.912590918290821 11.369458250543927 5.313505125333194 44.08803458843761 4.57572419299914 24.327294932600164 5.161228548035075 3.7736479405599166 3.9494205078406974
2006-05-23 1.2625326969112953 17.50561384355691 12.394709416779065 10.129035783022537 15.397149243351214 39.27797350182885 4.076506819769519 21.673155872938302 4.59813189913662 3.3619381146206084 3.518533669495293
2006-05-24 1.1247887629050006 15.595728935101093 11.042430732746924 9.094278333417872 14.848763628012996 34.992696245546 3.631754701839478 19.308586786872965 4.109935493080749 2.995146358399111 3.1346571375034427
2006-05-25 1.0020728686220932 13.89421491831713 9.83768738652909 8.102080911224814 13.22874448373704 31.17494823100257 3.2355256100403107 17.20199521909798 3.661536263996494 2.668372052911843 2.792662027182653
2006-05-26 0.8927454356661718 12.37833826182265 8.764383083651689 7.218133499607036 11.785471504694952 27.773721418619164 3.021123086915358 15.325235491678175 3.2620579655463797 2.3772492429882033 2.487979021743763
2006-05-27 0.7953457657455565 11.02784569165024 7.808177656001089 6.430625883650674 10.499661457697151 24.74357281131962 2.6915146869620026 13.653232656219842 2.9061632614896777 2.1178883047632078 2.216537322716499
2006-05-28 0.7085725246245659 9.824693591984165 6.956295466186911 5.729036358027974 9.354134935013422 22.044017301260304 2.397866985913848 12.16364747334158 2.5890971258112048 1.8868239773214608 2.0552774991150993
2006-05-29 0.6312663553007258 8.752806928623533 6.197354715234611 5.103991148949756 8.333586824318457 19.638986757759504 2.136256625424922 10.836577943314227 2.3525148356582677 1.6809690641553823 1.8310440907875603
2006-05-30 0.5623943881066331 7.79786447420468 6.5096403594975545 4.547139173363069 7.424381820660628 17.496348129427133 1.9031882905739625 9.654293400090612 2.095852452858174 1.4975731858536883 1.6312748347051729
2006-05-31 0.5010364407795607 6.947107465627081 5.860708671871113 4.05104046208092 6.614372248337032 15.587474121969798 1.695548009778088 8.600997616017503 1.867192264988674 1.3341860329244357 1.4533006604994736
2006-06-01 0.4463727241211592 6.305616469240191 5.221297844452997 3.6090667560915892 5.892735758635547 13.886860715597656 1.510561549745752 7.662617752127159 1.6634791966890168 1.1886246277821748 1.2947436968005397
2006-06-02 0.3976728889854442 5.744072564315703 4.651647557905184 3.215312947938002 5.249830734961241 12.371786411772476 1.3457573495936672 6.826616334222586 1.4819914852364586 1.0589441584942696 1.153485501052977
2006-06-03 0.3542862682544345 5.117386885672087 4.144146847796504 2.8645181849561383 4.67706747344886 11.022008656572305 1.1989334988990754 6.081823742612939 1.3203043157101952 0.9434119946028819 1.027638755499701
