2006-02-08 14.871778065410806 14.871778065410806 14.954141204395098 14.871778065410806 14.871778065410806 14.871778065410806 14.871778065410806 14.871778065410806 14.871778065410806 14.871778065410806 14.871778065410806
2006-02-09 12.337956003181445 12.372536387002475 12.623628962273772 12.337956003181445 12.460719276242425 12.337956003181445 12.337956003181445 12.337956003181445 12.337956003181445 12.337956003181445 12.361169042558227
2006-02-10 10.354685797090898 10.264619543120261 11.94513346411532 10.311297463659988 10.641380103122568 10.23795473848849 10.235932244857457 10.235932244857457 17.04762557099929 10.235984785357932 10.457379133224661
2006-02-11 8.595413613375314 8.700499043999914 9.910045388059169 9.620716766522879 8.828473774467422 8.493798953565049 8.492121127248014 8.492121127248014 14.148082259490256 8.49216471395358 8.675829699392219
2006-02-12 13.119515470690759 7.734866237410712 8.221763084410117 10.49146956834947 7.3818976826970735 7.046869130362722 8.961845191375406 7.04547723418716 13.790355760715919 7.04551339297676 7.1978787410590925
2006-02-13 22.748497845476223 6.695126449535601 8.315910078712978 16.02341630517925 11.188666523713497 8.62074748851222 8.283708689386202 5.8453583251734615 11.440794831556179 5.910016535316932 5.975010241567079
2006-02-14 49.18731288915101 45.932481887478154 44.14234992796535 16.18912833366347 14.619912181361688 246.90111264433446 22.760289147418593 9.823076771667825 12.51537840449837 10.297879258259975 17.03628972258713
2006-02-15 63.237469182829905 41.91233455413277 45.49403473814741 13.561257209958523 12.7596541792545 257.9235656511238 19.51634230793427 16.58589160921807 16.13612240065945 8.543592067627031 14.550494293011253
2006-02-16 60.24839035375918 43.98844312439096 47.60247109551866 16.674507888157077 16.23335947873743 288.8393017202366 44.04171973135015 22.11859952781953 13.404552247251102 8.732002495090594 43.766595242342035
2006-02-17 54.32896295459268 76.25452856794088 40.58872904453531 30.543143065491243 13.809911178969292 258.94850549559226 38.373784278845676 30.103948652270358 23.054914825576766 7.244441094163969 62.6049314600454
2006-02-18 45.43066537536553 64.49690569429558 34.354683431462654 25.397988912026808 11.456980553314379 219.36923340484333 32.33646250288586 25.00955698059078 27.991308895333667 6.010378238744628 54.55909698297891
2006-02-19 37.959874317827605 53.620139291791276 31.987297173654017 28.440342192312876 11.912051598435616 182.21656317459525 45.67853724263406 20.929246554116432 23.39876930571279 4.986613565217635 45.261804902043735
2006-02-20 33.52303934979451 44.4828545522541 26.53661666990419 23.594123145220017 9.901187155416638 156.0190920201824 38.90480869512841 17.38217782064473 20.456407384549117 4.137308785305749 39.176263544254006
2006-02-21 46.23422066082937 56.879799758584056 22.25942775291529 22.45822913547407 8.21434932285968 129.4312771770165 39.64814478526677 14.420451141640623 16.97077970029658 3.4854769720886187 65.9576191336826
2006-02-22 38.35560833043483 58.609665130031125 26.478134636114444 19.389235572150774 6.814969723569561 124.49035178387486 32.89293852657153 12.43749209615286 17.03027195944805 23.584181044346504 54.904706732875304
2006-02-23 31.819638812085625 120.32866670522723 27.360390572701668 16.085458558437313 46.53402476846663 103.27555697156785 27.287900853776986 95.81784940613149 25.224494897732747 36.442842877183736 45.54848937396394
2006-02-24 28.233959119601252 107.735233304711 61.004642230781734 39.14901106251555 39.97519487488442 106.8206289468493 33.420300245525844 79.69846726521136 21.00108329014107 33.425025482528525 37.78672394894964
2006-02-25 24.088425719169788 89.93815435626004 50.70187523095571 45.066888764117685 33.185538022200184 189.13537510921265 37.128428522929305 75.71916922832186 17.7603873575771 28.548007109173415 35.67877822432883
2006-02-26 19.98380714039525 79.29030623543129 42.061872204623846 54.50489707138353 27.542395080615844 186.95524850500115 75.11935231746843 80.85299112652864 14.734174145081873 24.532353450050433 29.59896644595324
2006-02-27 17.545976306376026 66.02082765488667 34.89426628072252 69.29376966663212 22.990070475186876 157.52831176698203 131.17527606941195 78.62292794052402 12.258606782530784 20.882625086383694 24.555251636738692
2006-02-28 21.20184160659089 54.77020194295061 29.17309153698312 59.629887598996454 19.122324958500347 192.7602420884508 108.89927794057044 65.22770997429059 10.395641034937077 19.314490852361082 20.371065339145726
2006-03-01 18.881680022407803 45.436868016822174 24.231545084007674 53.59200413430087 15.863995581936704 161.4577853799587 90.57911342747762 54.754376561490155 8.624487025405418 16.20627790263465 18.826609927674003
2006-03-02 19.94115488492492 37.694086832106464 20.102511594506222 46.38157748262034 13.385634033119423 134.75366406065183 75.33811456321452 45.6667505440198 7.1551616793282795 13.469753086667945 25.821742736602328
2006-03-03 28.223542729791422 31.270801233672884 16.677129620152403 38.47779571749513 12.171609968427417 145.8610352190667 64.51941262392396 38.70996015260607 5.936858711846811 12.344379713721253 27.203939525097496
2006-03-04 23.552104360159614 25.942146814684282 13.839630813555818 31.92094685940973 10.097782586683865 121.9203672286453 69.97100948564739 35.425260153642206 5.760284022030748 24.997993209330147 26.40695101654156
2006-03-05 20.52153530333417 21.521579886641746 11.481538455881305 26.481490714248082 8.377364809516454 101.19747263928032 80.57182317839606 32.83966988080046 29.8228125654295 26.993661362853075 27.258082909515377
2006-03-06 17.307970049172713 17.85434697722386 9.52529937076028 21.969004639928183 6.950129710594423 84.4274035717926 70.8896583709225 28.570115910326255 49.76223163263654 24.973403571054032 22.87557482143748
2006-03-07 14.7947703676491 14.812067236766891 8.282671880393474 18.226660021572375 7.26898031431154 70.03994269006166 58.809259526069916 65.93001849460904 51.83352311234204 89.05287515727136 20.314565895601913
2006-03-08 17.308752434644315 17.438639070600555 6.871562761390778 15.122114633047438 30.81003355343178 58.10434423608139 49.58106633919626 63.114421197470094 46.00348819621386 82.15603470513598 18.16006353373728
2006-03-09 17.368642377859242 78.56292393504405 5.700925101362542 14.319208481201413 30.137529002769693 48.20276922790847 44.94587592248148 71.99659913953401 87.55055906400263 68.78483367889406 15.06567334337787
2006-03-10 19.381425868246122 82.9891778303465 4.729778550466726 88.13214234719467 26.107858187448958 39.98858555179233 64.7028446266288 65.47201095266729 86.0554071410583 70.68528054912045 12.513054408533257
2006-03-11 20.51415924957679 69.04470262323485 4.364440431052668 78.85828665493817 31.24306992722766 34.424105001501175 80.34920803316969 56.46976782374065 86.94594796295283 58.63968917052284 10.380999777622806
2006-03-12 19.454871100075135 71.90272128669517 9.871315876533243 65.51011541180078 38.96987286085306 28.612619798114913 120.98154440959757 47.36865988007804 82.08699397972221 48.75417906006186 8.695481486178604
2006-03-13 23.805404145660106 98.23681640680351 39.48236245031694 54.34644965053858 62.292297363668034 23.736914854784867 120.23511540388358 56.04199162436732 68.54572750288546 40.44661766738437 7.21399566877584
2006-03-14 43.60425545719002 81.49595900685325 76.47902878659819 45.285940465919566 52.98354931999607 19.754063765807253 100.44833485623379 52.75690800219989 57.58677508707342 34.02442164497251 5.984975070185265
2006-03-15 56.73588156508153 70.75458014932853 73.72167922542909 38.356577980245476 73.39764344718063 16.387997187181917 83.7085660630162 78.29986203803797 47.77385988862442 28.226443368557646 4.965395394714131
2006-03-16 67.50460721544339 66.22154553573604 64.34279570212088 81.71398728248947 62.259257956979866 13.595560584905911 70.31707022555034 64.95659064677709 39.64479471714562 23.416534184590265 4.119564417434477
2006-03-17 64.05165756752646 54.936619758412974 54.37706402358509 128.51387363974098 53.60766769397493 11.278997724148029 79.83698111185882 54.32488961809314 32.8889993058753 19.426310383932282 3.417872474632191
2006-03-18 53.27823182087825 45.587718981528894 46.066286013423486 152.2703219280741 44.74998802532822 9.357211694198128 76.55537949076196 45.06735147000561 27.284501456022056 22.274408221811914 2.8357558919354577
2006-03-19 46.592949518659346 45.055827600087106 38.22037023147881 176.64443794751475 37.12417114803395 8.029894070382646 185.88795114826658 37.387450463911144 22.63510054917057 20.371255454207745 2.3528370619202996
2006-03-20 43.40169216824716 51.803354018450456 31.757591990009395 241.94801793225736 30.797918422087843 8.242714678195078 155.81899545133734 31.016330464593945 18.93935888802348 21.24443804735655 2.9931397149639585
2006-03-21 36.021716266823944 71.57960950553132 27.85672468142621 202.44173671706838 27.404297834068238 12.891630286042544 132.99514171555546 25.730952994150744 15.712102783535215 17.62435724853477 11.294032976653485
2006-03-22 29.94241500602448 132.69311910949983 31.401773833241307 180.46967195002384 30.925536582642128 12.34218244360442 110.33083570079167 21.346289123915035 13.042115638361434 14.621195173134742 40.89124555255493
2006-03-23 25.706405410375506 122.6896349323631 31.311646022167796 150.3831644040246 36.40980804536193 14.509577107594993 91.84786168213273 18.562220229270718 10.819840917438189 12.268560297076531 44.70043730764813
2006-03-24 36.030042701133496 144.89806130160162 27.141443372736695 125.80432748704243 30.620285140914227 46.703197908333166 83.564965166386 20.883402949945623 8.976275117079595 11.955500611927155 47.099666510267994
2006-03-25 31.377134295870444 120.93755851272444 25.621806097894638 104.39352193027955 25.402382445250787 123.36872554352412 69.32933124676745 18.279923123368476 7.446879858281935 9.918394657110401 43.758369007745486
