2006-03-08 9.625976981449844 8.317425017401746 9.826406876386399 26.25055963664795 6.848671883884666 7.786799802029658 10.702583502803874 6.636337277235163 8.396657886810031 6.432704543965435 7.470163091683892
2006-03-09 10.248233621821305 7.779909239563867 53.74291790697243 54.140316162868146 6.035250530956827 8.695263927788883 11.267076672114959 7.209716883960901 8.401622222441572 6.647407291923324 9.490604834938482
2006-03-10 14.099216977080609 9.675914333183451 46.463207896813344 48.399969258893265 22.997340963366668 16.10930741066897 9.360065627874116 10.591728854050608 6.970241672334202 19.215592751033714 10.047335572745862
2006-03-11 13.06524126868667 9.70082398303736 42.8744817617332 40.25787776850947 35.02390250150536 14.665287381196444 8.03722760202555 14.17663019576956 5.911727580797753 23.291274110901583 9.626079807575215
2006-03-12 14.807937458606398 12.895594624126245 44.930872223405615 33.80699202891734 33.07304868552951 14.498471657381312 6.667924671165925 12.482257400501584 12.398420988548287 41.35202261726484 8.256193306871598
2006-03-13 17.029609914097033 10.698338085283863 49.07909957572824 46.5213553057911 83.01479600625053 18.015430751574524 5.590052885879751 16.924158099514944 33.01742553258828 54.40003263863861 19.89583705577661
2006-03-14 14.191808123040518 62.03577789049456 41.505891348835455 137.26027960756272 78.18386944958554 18.17574591814524 4.838537587408901 14.040360663249873 27.599285633441493 56.831185271109284 16.505614982021616
2006-03-15 13.685870548428605 93.31157084825597 45.97914517455394 114.72520432463592 79.6021416979901 16.67913410869044 10.691241050811337 19.03595288586221 26.498256655800777 47.31530803274701 13.92710278894449
2006-03-16 21.240639754228717 97.0570129422312 43.794450970732626 97.04703568034961 111.08185186002254 14.473609364928462 19.601341128774404 16.001055197247638 23.01259335659059 57.00753180581121 19.27497125981923
2006-03-17 33.675982897719166 80.51719905310823 50.00777269941937 81.72314639900398 99.76825126215431 47.15222847963905 50.62636944964828 13.712174311971957 23.499411128333023 58.14824985654756 16.410918434057365
2006-03-18 31.173886544108647 78.30027657284548 122.73727015035517 69.17974400085816 88.84792224284197 46.13770057013904 44.68319970901103 236.1514533860154 84.18086717460993 159.67463157526964 31.91282755753992
2006-03-19 58.56640128781955 73.76048027940396 125.51960351314385 93.71892763670861 90.874999568037 146.20230693228254 70.10238185383072 196.04902095608773 152.68352434502333 144.6618876247743 40.64499042654302
2006-03-20 68.77093603905385 71.24606935287362 122.80984091579766 82.55344085127076 78.46036059513986 126.37646965990767 58.1998559651162 165.11087615652448 132.9143266928493 158.84312529082726 44.92608883424003
2006-03-21 64.11017056769616 59.766853731155095 105.57905605983944 72.33948859609181 71.90327382431873 105.1800038231959 49.89967481387512 137.0370360938302 125.38466901177406 132.13778804015496 71.7683855898184
2006-03-22 62.15361887074633 49.94404215605585 87.85808562453369 63.74369579580985 93.97961044943183 87.71240278368744 45.564811808143205 113.9201456787994 107.62529345906621 112.90719025381102 59.53821416788476
2006-03-23 51.85105438472539 42.51357959875253 72.88589711708025 52.93002202672934 107.17145353442629 84.35342677403298 37.80011649762367 94.50769657065138 100.66658759299567 192.68644604814367 55.04281830173422
2006-03-24 43.01507193154162 53.90953364215723 60.78067393957172 43.9758712258319 89.40225543132851 89.81048837112614 62.00144332629895 79.70842506162613 103.07372240336242 159.84971747848823 45.662904990468114
2006-03-25 35.68488674706825 61.68691507335919 51.60872698064809 38.757552862941914 75.76364442861875 75.03659179479409 175.3408721766785 66.12506841055219 111.81512038072756 135.40834884153932 48.24037317677364
2006-03-26 29.603885427004478 70.30579936134549 42.91357407525984 33.848513687170815 62.85254112625375 87.69856286040628 202.0744799510859 55.853593507908 94.43206928118684 113.8942981364563 47.07432142532042
2006-03-27 24.75542274550927 66.51322165869695 43.20866456390822 29.870933757522014 52.14170511832773 149.56535077058473 174.1215188840452 53.99301784226398 115.09568523685982 96.73475555704609 41.01747814696165
2006-03-28 22.008939636802953 56.113683839534836 36.6200759872202 26.66299305702823 45.893401018720766 127.29700930777402 146.15992183077586 60.47850114841805 147.55888332461373 84.62518063662472 101.36344672369697
2006-03-29 29.30470739694493 49.897511358156834 36.16786739427931 22.119463133177348 40.03116441626518 106.01247446233609 122.5413533990555 63.62800615017533 124.25928403178857 73.99049329139088 87.56448027995523
2006-03-30 62.1447180364115 42.89324503075329 51.861637286300045 39.38708596371257 33.25415026021438 91.91522185653878 103.39154101998803 123.91447346724313 141.11191620440195 61.38154823700292 78.61771167776087
2006-03-31 70.87404769057774 37.41998227572905 77.80427732997563 42.68201259091511 29.64040667280096 80.93878453201593 159.1454680432003 107.57754579725311 137.90304785578994 53.192466530426685 85.63808291191877
2006-04-01 64.07705918935036 31.043266217068958 97.6321045202751 82.34714372876448 29.961299099355923 106.13368610071502 169.19244919554677 89.24478765043295 219.35239415353035 54.83825772231002 71.17651075893187
2006-04-02 58.23862785139085 25.880437420554887 81.11545606882572 69.99174486096292 29.023898942818256 115.97288120997791 140.47270718900432 77.79253260058339 214.6594018444149 54.668038778079975 66.9099294736629
2006-04-03 48.32069321381992 21.52653950348436 105.08471186027504 102.37302875869568 24.078010425100707 118.05732032659841 117.03285742512077 64.55194188895783 178.1092515997464 47.51177578971771 57.51024916557737
2006-04-04 60.0168643379879 17.858324702284452 88.31714463305796 100.29231633297593 24.007598953819123 108.87854782316617 98.4432925413672 53.551466730356495 148.66182915584406 122.31551156175452 49.66264013454096
2006-04-05 64.81289634268325 14.968969361782634 73.2921001501963 86.15881015836806 40.353688106116785 130.711788244331 82.92381881771189 44.42565584244107 136.19406330496005 113.7935468502549 52.47040367104637
2006-04-06 57.18780749840755 12.916823128769105 76.11281625027691 71.47614960978807 38.10337524979177 113.07937284380297 85.35284501304744 36.8780796252966 195.9790990308027 123.05694645308962 45.65883963545692
2006-04-07 127.92853756821835 20.13816412588302 63.952044101548886 59.34935911353999 44.733809119868376 102.32788411507158 99.77270854367862 41.092672947109094 385.7790697833101 123.57879728183606 38.335163459326665
2006-04-08 135.8826083749306 17.822673972136766 53.17434319907152 49.42839429166294 53.93479221709988 85.84695243528444 119.70919713573602 37.691518588683714 338.3865175020058 127.86023906313686 56.61588481409792
2006-04-09 119.48840783765321 27.00632143586822 44.29744810647362 41.00521040840391 100.03387442587842 102.90701625507063 165.31557612577558 130.43857715923104 298.995710796223 106.1688454900172 46.9678302984926
2006-04-10 116.07994705928436 38.53527656291807 37.36884442547794 34.01747678315297 104.1586211010019 91.17738302541568 182.88039257866424 180.22534402115463 248.0420079132753 88.07612012122819 38.9639648296703
2006-04-11 99.50202159116601 42.043388723141874 31.102907232035058 28.436368808912963 86.82602910935391 99.08872882225451 155.69432003186944 194.52680238378298 205.96507162876102 75.1677212882009 32.3240906782321
2006-04-12 104.47196318026243 52.82615093051184 26.139773700134345 23.59057263381753 72.05456347528195 82.20256882112353 154.96401275184004 169.1074366887367 178.8620383679393 72.42159644999786 26.82451860904887
2006-04-13 120.5936728751454 108.60586410756999 22.437744774357487 46.98785250623534 60.11043956091901 68.19409429500074 147.2547030881662 200.79178419195503 222.21939128066515 170.55409658703724 22.25340572808463
2006-04-14 118.32427481672352 108.111287352546 55.56319570620674 47.41019258389285 49.86683626356836 72.31588206660022 158.046297188937 189.51326645221752 184.4465685378006 143.8774549208736 18.461284881366744
2006-04-15 107.28821735818168 128.18997374787622 56.09117666524358 40.19960760156094 41.368913893533964 72.44459984085223 147.1950810626654 163.79779477765322 153.17480374996163 119.36385742925326 18.416511118737624
2006-04-16 107.23691419395172 113.6253331263098 89.6792327154702 34.6548583135968 35.22599276596106 60.099069007840725 133.88776084626159 203.61262501241941 127.07144336712088 99.02245736772396 30.081940534152235
2006-04-17 93.56814387166276 97.66454532785096 85.34272524534856 30.420072136574387 29.77619452836466 50.11129443371012 132.4906117396234 169.2216178044062 128.18466231348964 87.06823387729807 34.46463102953936
2006-04-18 79.10237891123053 125.06704980056257 164.59238365251866 27.51823483504448 24.70204958693527 41.57170260200126 122.02378474856964 145.10475360624724 110.16171323193016 87.41510371434357 28.591496765761107
2006-04-19 65.62221007227346 119.59430632341333 145.62841276981763 25.583993324675877 20.507419261540218 34.48739934085309 101.3262733765591 182.9104046329022 104.584973882198 75.75033086300604 23.719241350936098
2006-04-20 54.43928820026064 107.57784067081705 139.68201975586655 26.20478830400147 17.141090002692824 28.610378769097853 84.0587718504452 166.54809416035692 151.18289471839722 90.65304239748693 19.67729804921613
2006-04-21 45.16212338236034 200.3699881444213 265.5556194302753 25.333411793935007 14.220172538306223 23.94922491785193 70.62705026134742 138.1656820215308 201.17274005134647 93.2386620676053 16.324167596998787
2006-04-22 37.474217676993696 233.40879662837204 220.6487629015927 21.016380364714145 11.797026096059373 19.875973304211062 58.99026078396552 114.62011265527187 202.4238035899669 94.09769089326196 13.542464611275461
