2006-03-29 61.8111272944734 61.58208215984177 62.91046126294925 64.97620535163472 61.046640832591756 64.2381289043019 61.859602073574386 69.6804730114803 61.4705381815913 61.063852421263356 64.14439642272426
2006-03-30 74.66299854441455 59.55449030776571 100.20358318197765 63.38570400072081 66.55672282819903 53.6473558370903 51.56682357209478 68.04432850822897 74.26781416209212 64.73897021955018 96.15520053919674
2006-03-31 68.82868174132045 62.926986273106294 89.01388924544798 126.84585142485965 58.60055880909846 44.8448796920733 133.4396842885011 61.70326742961528 66.2997651574155 82.47066638037366 86.6716370144702
2006-04-01 80.4828230895694 81.97426638733224 174.36544654947363 111.62929560728377 53.80992444358437 37.476585805496356 133.76938323588135 57.93563925508387 65.77766084346091 68.5782523432726 98.57111757690576
2006-04-02 66.95434371242847 68.40012632362715 146.1954901288007 93.27894343537857 45.541348213935144 33.12357132684316 113.65202933655691 48.21237307011397 60.87076819048085 58.39861398335077 94.87978092726532
2006-04-03 57.12169783335679 58.79617850190032 125.49806762328708 80.00085383917917 38.08982359448033 49.93578556644625 108.22852561106657 45.76549065129821 70.27400406906683 48.49852893831303 78.71945191634684
2006-04-04 62.172873127019855 50.764041372787844 107.02662870660899 166.3978156827948 32.91486876005483 45.10762242928143 95.70147421921145 38.35944060435738 69.35429340308058 40.767753834629325 65.34168268513407
2006-04-05 56.41327561325161 49.68929382519059 94.68164272690379 146.2342227162233 27.30963105825218 37.76327499502566 83.43580020082958 33.57632792212688 57.5932830662643 34.76773114080335 54.20661844663883
2006-04-06 59.31630264470631 43.6979287212353 80.03626393089657 123.50789416948628 23.108165752816088 228.75022777198984 123.6379606192766 59.37422315222045 50.36851997048532 29.878166477687763 46.38812973591056
2006-04-07 52.461343510924586 186.8318942035132 89.25531283812062 105.45684304284055 147.0901889662307 265.15806880787426 106.65953945717692 124.36539844059881 41.78512989264485 32.584671080751804 40.585118292028966
2006-04-08 45.00307715425882 184.4337636695738 128.36848562229181 95.15956284716972 123.09591826814507 270.2801316448288 90.24850916164422 111.64363998541 45.94575072999441 43.377992827053674 35.87020091456174
2006-04-09 82.18070649245053 153.05809469862083 106.49256751719219 93.53821670131677 102.11937438731324 305.2579394206235 77.9295284280535 105.45451391706013 39.538153813429055 37.39592583288668 43.713434336661976
2006-04-10 75.23970664997242 137.14120499391169 88.34467439051619 77.60457331104764 86.0309389361523 254.71697426866018 64.66058532668018 92.57950573474983 32.849533719137256 31.02327566878337 38.22184043878934
2006-04-11 66.09884616941925 118.73201944407646 73.28948742750791 64.97540700923923 83.33127601478553 237.28396447286934 54.11428662461253 80.80994420612122 27.25166260706797 26.12353373792104 32.09821679113581
2006-04-12 86.67766772380178 98.80778517897782 62.0808160212343 53.921572683553904 76.49792347810457 200.8502738239482 45.40914921943247 67.08449027651113 22.607760500688464 24.57798000846269 26.62837941992223
2006-04-13 76.27839051320464 81.9745321362652 60.1937770416507 110.58525252798805 65.35203576935916 166.8768813370293 46.5035673542459 86.36177357083083 21.446049479443577 20.458769429861377 24.59946633434481
2006-04-14 66.5133134276668 68.00491557455514 50.01522497455396 95.11379174984584 86.83234526017215 139.41603232294278 98.03659021749634 78.02652761655703 17.79151585181236 16.972485114679333 31.62258767760416
2006-04-15 63.82223805052159 56.85650192271113 62.66124986114606 79.02044351101455 72.2963126351454 115.65740384347565 81.32972246865258 82.12790602281103 15.044411827800568 20.1006028886601 40.58810767057736
2006-04-16 64.80446326409088 48.19388029025514 86.49202224780619 65.56600855506933 62.84149163286733 96.04509736056643 170.27256738525676 77.18731003153476 13.562387286115735 16.869071486525684 52.91616780286765
2006-04-17 55.35157028692956 40.09589565381649 71.83557749645465 54.49034635502645 92.75839576761832 79.67760740117244 160.24913844103915 107.53598060999848 12.283256806506975 13.99452298928579 53.88284614591743
2006-04-18 49.82908941460061 33.530575412702404 59.59379832021196 45.204489578970254 90.49608841656145 68.02768285947353 134.55104639282055 96.05101949068202 15.494193095013328 17.188039965145403 70.01074471843597
2006-04-19 44.438013938989066 27.81661697458466 49.494490080672335 38.30923501898816 109.10806412948067 60.854030626876664 111.65869401904882 167.26857385820955 14.203488134287324 100.0042000908434 58.07994496329125
2006-04-20 63.18991140416853 23.076411160943096 41.44322869672545 34.338729304590544 93.77452707951406 169.7816128681823 92.63037226200179 141.32668445243473 11.839815461335874 84.03163683589537 49.79596991933844
2006-04-21 64.1201677504595 19.71094572350373 34.3813397332133 29.134502160611234 78.93970506340426 142.93094731698966 79.92506698383379 117.80048110027383 20.181561754694958 69.7114324777399 45.832001971755126
2006-04-22 56.752319767287 24.923023023637107 28.700193388642326 48.42277382187176 67.0568798416358 130.1720075590188 79.49694690676714 116.96011955628957 17.71572766802258 57.83163151165423 42.59075275435533
2006-04-23 47.08096906811181 24.41485943380355 23.809402144650672 161.51699731984553 66.7038660731938 129.09264459486428 68.78969598795489 119.95690502230059 15.400630861337286 47.97634773393163 49.10972377530112
2006-04-24 40.94236408472905 20.254359071088704 19.932041090289157 138.2071053772577 55.92848705218537 109.62906411161613 63.35673470894701 117.4919004987243 13.37222065387573 39.804046216821135 44.5961001182604
2006-04-25 35.46903912723832 16.80287586272219 21.799436900789804 134.321200591492 46.397525677939505 91.16310138141955 52.55987359178503 98.7361544929201 13.021971788533888 33.02096381098493 39.60002402052102
2006-04-26 49.29571977158792 13.939581266216354 29.142970898212596 132.4727080630271 38.49079939688634 76.08903414897098 43.60297841486907 113.86555144699157 10.80300755319321 30.412316182124666 33.02497462066713
2006-04-27 61.30057419810303 11.564237977264632 24.43256339360459 110.15249176388066 38.56969464014911 63.12236702941949 36.172487726474216 318.6875184541005 8.96218977287059 26.261107718386825 27.397155693149404
2006-04-28 79.26999973278498 9.593690832540275 20.26903472900892 91.39985177860115 32.66029777260543 52.42637594167605 30.00827627886626 370.0270017943059 7.435076383864377 21.785964000334296 33.69630952047622
2006-04-29 76.91228622229951 7.958955722341983 16.815039448913137 75.94159158882906 28.008653366081788 43.768866342891954 26.05984613558458 342.7193487645791 6.168205890181188 18.07345817194725 31.626362787394317
2006-04-30 63.80531480272132 6.602804602037397 13.949661034267443 306.6264725244826 25.110059732447457 36.968916603934396 21.618995422662216 330.5231356338178 5.205512728303798 14.993623803275893 26.38026173896358
2006-05-01 52.95937826946025 5.4777620586314875 11.619284713394679 256.77161207401576 20.83500057181405 41.62713567478767 17.93493856285758 274.19655933363396 6.916765673359086 13.10365305032543 25.038034397401155
2006-05-02 44.005504158338375 4.560377399653341 15.969785480049604 221.61231368186714 17.284547165781618 88.44421061917048 14.87870504840847 227.46898705361428 5.738216220173772 22.83272869956206 22.38111152086005
2006-05-03 36.506400282072406 3.7833940194185547 13.248444907758675 183.99826195327566 14.339148840320716 92.50277459623308 12.343303139142334 189.13531026374088 4.760509071832491 28.12864704259267 39.316270862389636
2006-05-04 30.285820494859436 3.1388192908340096 11.308884037575634 152.66121142007412 11.895693954327545 105.43842437885584 10.239974306663571 157.773143017849 3.949417319206031 69.33395902692104 39.02093763589796
2006-05-05 25.124779036002817 2.6045443320206716 14.331587208322102 126.74107348194484 9.868642843606839 103.89928734452712 8.495085984956923 140.9739836011858 3.27664267349524 141.11693031621053 32.37128364631649
2006-05-06 20.843264360716844 2.1671960314052106 11.889415994810506 113.3391086938846 8.187034783120863 103.89299655999959 7.047553849137112 118.77858058258882 3.0593413494166843 117.06838022817217 26.854841334377696
2006-05-07 17.291390179935522 1.923612223232726 11.287287222366846 97.58524733076548 6.854984925837531 86.37305524319726 5.846703381742242 98.7241333352263 7.672594585271525 97.20313046180634 22.27849219030532
2006-05-08 14.34481337709379 1.5959661646929555 9.363911683353411 80.95523160374402 5.782588640013961 101.8362218300825 4.850495864501896 81.90003206247788 6.365224151561028 80.6382339484313 18.48202838254165
2006-05-09 11.900381017092835 1.3241542064854952 7.768309688863614 67.15925104490287 5.332819089928153 84.48176538557335 4.024056691280836 69.34733232119515 5.525536077324471 66.89627518166114 15.332544218429423
2006-05-10 9.883173687954223 1.0986613010164925 6.444623084773328 55.71433789208272 21.059678048787966 70.25777814085981 3.3384544815279478 80.49114097690615 68.62083255115688 55.49617758872177 12.719783395385448
2006-05-11 8.199075992363264 0.9115939261830186 5.346512896021686 46.219830303824615 21.263503874141342 58.30115061900203 2.8273094084066956 66.990130744601 56.92683875486989 46.03884822670222 10.583412614153197
2006-05-12 6.801974923945275 0.7564037498562526 4.435537096599514 38.343346030601325 19.38710463590285 48.36580388080032 2.3456487307578713 55.57403400781966 47.225698133087555 38.19320637762632 8.779980031760724
2006-05-13 5.754401645779737 0.6276583866366504 3.679804835123101 31.809146411035442 17.401560343256893 40.12360697813286 1.9460689923646302 46.103432091438385 39.177794641143024 31.684593108554488 7.283880802345618
