2006-04-05 31.736338772682153 34.67360695804229 30.922798576329626 35.01404268506126 31.21353208573413 32.26695746396557 30.831463137775245 32.7413966893089 32.50276673629184 30.81017483118258 85.55104020539245
2006-04-06 29.26544499025946 28.791695775394206 25.65329385379856 29.142358513995855 26.1596120846273 34.99724641487277 26.90433098168774 28.44695864704663 26.96408525772559 25.77925670566113 74.01775484796576
2006-04-07 29.984235182621557 30.8136918020832 25.338402983687153 29.0378663267381 43.144889983576356 98.34034400963377 244.39669722890378 23.953729001976313 27.627036886452608 24.609605932539722 89.8121209506338
2006-04-08 34.976223987928165 26.98895535784196 41.49419336355589 42.879994366997025 38.11643418040136 158.36401766287474 205.75126952992457 19.871864935776255 37.0691898693044 101.40401101000501 74.50686675408637
2006-04-09 34.18254034474359 22.400024536093717 85.17679150421324 76.14953393904203 45.85282734626589 136.19726986757325 180.1141001628476 19.222308713350703 39.930254502201976 91.81281913730163 132.14243747058504
2006-04-10 35.46279076214698 19.34746962839544 73.15737097605972 106.14337782884465 48.28607549811729 133.42112933282465 182.11562728081807 23.245218576536107 50.109585940987735 76.19254626530477 110.29926292696967
2006-04-11 35.068111834767834 38.440590204616406 60.85738073392118 95.59894424921129 40.524583696579185 112.00100550848356 151.691654019421 33.30617073980211 42.76951886552989 67.11671908319812 92.48547066250016
2006-04-12 51.051184517988766 86.49337669810531 50.90851753048929 83.1145575678466 35.8049534033951 96.83398727905357 132.35996871907798 38.01054252931541 71.8575312349332 92.37575013544803 76.7246181432444
2006-04-13 46.19604064755689 73.82080335145217 48.6859791374653 82.54185561381844 50.17103895634881 120.76506700482304 117.12059133382478 33.58671585871973 77.48108383826046 111.46389143891578 69.52625930263225
2006-04-14 40.56925041154695 62.36800226627526 46.14533796872294 96.97511680074312 55.117944411447525 100.40827915831915 111.32486557654082 34.299423956722826 64.38732571985976 115.73174018517139 106.98768646190545
2006-04-15 35.90829562515842 52.65373832458822 38.298579861993794 82.00246358295202 45.72514388208923 84.51679592544178 92.35344969390592 31.71000678608311 64.58104552277351 110.49483969782933 102.08774096123862
2006-04-16 31.916087131080065 55.68183476348599 31.777052319459713 115.57279270557423 37.99646369639127 81.1082512191045 76.66964579515806 193.98101206656602 53.57556835710113 97.10584155126968 84.7601942694541
2006-04-17 30.242669849070616 46.59213715719226 87.3396147629931 103.20435391537895 41.1522892882173 128.39923966362906 66.05111886445592 166.1515397339757 44.44560847532689 109.57556280760029 75.33026088683047
2006-04-18 28.798673418569564 39.9119497963904 87.44662176953332 91.21624291623245 58.853620374607125 106.51805039879387 55.33731843893457 138.33772702446512 36.871545877358635 100.96618790648863 149.9133320757481
2006-04-19 47.06765102262752 33.35636683853918 72.54445200848426 76.75754448815141 126.7802783519739 88.36578482586808 49.81692238844703 115.8367257938108 30.959872672829118 88.87369862750282 147.2418272659852
2006-04-20 43.72574442086832 76.49124557288381 60.18992818832261 65.39151838548423 140.71177850654 73.30697096823067 53.55860197543533 97.85149157201711 33.03495716789351 74.88651604744969 134.2687075635996
2006-04-21 38.58312080219823 71.40635996408065 49.93275649078934 55.13593476380933 132.59752744152803 63.39241262263804 48.17752875116699 81.17614891301344 27.424414395017827 62.469458805000464 196.81582055401478
2006-04-22 32.03230670804631 59.237714525476584 41.42357831450496 80.65327689857224 126.64293339914232 52.58948011500244 39.97940119509684 67.34256526956358 26.333613472903284 52.743706445562204 167.847065203177
2006-04-23 32.693564403953275 49.27420879773188 34.364505874496885 96.03530541028822 128.7740048305927 43.943344059542 33.16644109929959 61.25795095392461 26.764360404797948 64.01690085376572 139.29427392987262
2006-04-24 35.74571186582003 60.06656366365176 30.20521051736766 82.10615526646268 106.82893111493773 36.50359047252706 27.514522369950384 75.25048386262897 23.260596926499062 60.49169033819664 115.55636742732682
2006-04-25 38.95412391757968 51.18552376123584 26.96751709991921 145.26924751793894 88.62366833915598 30.283584750484465 22.825783851195737 70.10361751316005 21.178516609688952 50.19209685250234 99.53327416157265
2006-04-26 44.334706857042704 42.46284116997986 22.50749569033176 144.12592602231362 73.52088915091787 25.12294807406456 18.93608329287033 106.80263325797688 21.41541489973569 41.6387111030428 82.57190468645837
2006-04-27 71.62577530007009 42.59807212641676 18.672034056590125 119.57545208885675 61.25379885338484 20.841768869616605 15.709251075472737 102.50031094272548 17.927350984616996 36.71368033231616 68.65168654556525
2006-04-28 83.04400573112872 52.280024139865965 15.490277121906704 99.9695162350577 53.00596184297995 17.29017266452471 13.069633843554143 131.63028565391969 15.879736077134824 105.1304909081177 56.95403447364875
2006-04-29 96.54237368822727 75.58625163570797 13.037680261056018 88.971561246832 43.973037380844296 14.343826144886364 12.666621934648184 109.19843914472177 13.173751941180756 87.28003505758059 47.378700296133616
2006-04-30 95.84427083839756 63.09616552531521 11.536046886602545 82.70166323483835 36.4794742051461 11.899584507662299 16.292768968535782 90.58935813227863 10.928910849294653 76.39132197754498 39.304754234978
2006-05-01 79.5521516474962 57.22107410932754 11.538931165766517 140.06349716916304 30.26293900782305 9.912725722591478 13.690851809852822 75.15157839416173 11.995661927140043 63.378730431681234 32.606743267232204
2006-05-02 67.8956481466815 47.58676445752811 52.995632210730534 116.31446222541483 25.105804537847078 8.223613719881152 11.35788286219865 62.3446562912579 12.850852354961575 52.58887871647683 27.100025309367346
2006-05-03 56.38987483904291 61.10981631295871 44.19148602904692 96.49268203796414 21.665288880250017 6.822352564289508 9.422488936023084 51.72024897210311 10.661031034277983 43.667445123316696 22.481902562393767
2006-05-04 46.78026102879435 50.69584419715873 185.6328241057348 80.67425533685537 69.89878650674682 5.6598876112122225 7.816916521184175 43.299763533656225 11.128028101244247 36.22594972411038 18.650783946599976
2006-05-05 38.8082863590305 42.05658755791353 164.42927714183222 66.95754282501399 60.9983777482907 4.69552396132989 6.484958457549284 36.001444275355816 9.80189637504462 30.052609212039744 15.743916500618429
2006-05-06 32.19486930131041 34.88960472767411 136.407906649487 55.54701369320573 52.83009303322823 3.895501817832903 5.75935900643996 29.866360848434322 8.36470931307277 24.931308459750447 13.06106035354717
2006-05-07 26.708488565874212 28.94399524259389 113.16185185855801 46.0810303720464 43.82711920285483 3.947835693121296 23.859555636849958 24.776797557444887 6.939393151230918 20.682762032869714 12.545459917593362
2006-05-08 22.160019960251656 24.01161634479381 93.87731778698 38.228209215570224 36.35840284490919 3.387774860461261 21.793970961617006 20.56560336815358 5.756972711677982 17.158237783916793 25.875809073798454
2006-05-09 18.8062211106719 24.34396602472623 77.8791939584707 31.71363998690443 30.162480424117145 11.799341398284895 18.69422807960773 20.431864961168458 5.15404952489475 14.2343500525623 21.466298923182144
2006-05-10 15.60148666296661 77.31576453681684 64.7000368345742 26.309261828847053 25.022446238216773 70.72222233390599 15.508579149211958 16.950093151825996 13.792050250378253 11.80874019312224 17.80824197270214
2006-05-11 12.942891176673992 65.88210076457169 53.674213313925996 22.8973907520779 20.75835900536444 58.670115976758936 12.991625892015826 14.177086748553164 11.441813504310678 9.796493213634133 14.773577848373453
2006-05-12 10.737363315695124 54.65531208309975 44.52737538835254 18.99907067450813 17.22094249819825 48.67189126539927 10.897975214551549 12.083255279827673 9.492094809550462 8.127165080581456 12.256069841585257
2006-05-13 8.907692682150028 45.584392579472684 36.9393119854208 15.761464589046643 14.28635969699865 40.37753186566006 9.129419681875168 10.582520637936216 7.874639109409633 6.742316621453601 10.167585785342906
2006-05-14 7.389826842742973 38.80337029007798 30.644381445265363 13.075599445382611 11.851877516033511 33.49667017947961 7.573767790505493 9.783945168541425 6.5362069425772 5.593467692253784 8.435012732454366
2006-05-15 6.1306289878081515 32.19077033931132 25.422211964557437 10.847449233372117 9.832270334269692 27.788422185748807 6.283223269540713 8.116748830898466 5.422480437292966 4.640399989659713 6.997697425029811
2006-05-16 5.086017723392395 26.70506774870688 21.089986842991642 8.999011573803022 8.156836425621291 23.05295459717062 5.212607344141436 6.73366896460727 4.4985497303203354 3.8497490928583917 5.805322951511776
2006-05-17 4.219423874405986 22.154220071130805 40.82453792197926 7.465577019154594 6.766922840229074 19.124489117019262 4.32444047069936 5.586287320295978 3.7320704192121066 3.1938364453991963 4.816147257461856
2006-05-18 3.500510274763698 18.378912158353216 41.941707972487755 6.193463711952332 5.613872088067504 15.865498889533658 3.58763025689011 4.634436941388051 3.096210137410889 2.6497003872051814 3.9955418440692747
2006-05-19 2.904109727059983 15.246978872683465 40.66797105255665 5.138138095868717 4.657318742588556 13.161893973872472 2.976382982465284 3.8447960034748268 2.568709209588588 2.1982923152101126 3.314779497287837
2006-05-20 2.40934395197898 12.648778263403125 33.73760100680343 4.262655889615953 3.863776332076501 10.919027295194251 2.469300615414706 3.189721287375369 2.131101387292652 1.8238098318948541 2.7500286085465957
