2006-02-01 0.4930377077833823 0.4930377077833823 0.4930377077833823 0.4930377077833823 0.4930377077833823 0.4930377077833823 0.4930377077833823 0.4930377077833823 0.4930377077833823 0.4930377077833823 0.4930377077833823
2006-02-02 0.43942455833156213 0.4392466992202921 0.4392466992202921 0.4392466992202921 0.4392466992202921 0.4392466992202921 0.4392466992202921 0.4392466992202921 0.4552329211795011 0.4423059731463679 0.4815151469523624
2006-02-03 0.391482812055998 109.56191889433934 0.39132435760175793 0.39132435760175793 0.39132435760175793 0.39132435760175793 0.39132435760175793 0.39132435760175793 0.4055664622531242 0.39404986082093896 0.4289812635040413
2006-02-04 0.34877157074056 103.81325749193316 0.352562205140014 0.34863040387039385 0.3550734407089479 0.34863040387039385 4.894823824837626 0.34863040387039385 0.36131867664791667 0.35105855119464957 5.620150674050981
2006-02-05 0.552614145016872 93.6830189847069 0.3731620252751067 0.399505126085451 0.3163345074943104 0.3105944142339115 4.360792305391664 1.3414189863990422 1.3227897555896821 0.626282068958554 5.006985065588612
2006-02-06 0.5499169707334307 86.30553450337223 0.4560893890048998 3.8533481881358607 0.2818220405938716 0.27670819886617626 3.8850243083133225 1.1950684888356549 2.443499056209052 30.988796986656425 5.590851433522656
2006-02-07 0.4899203567429796 76.88949008990407 0.4063294844548235 3.4477245050542975 0.25107492714172247 0.24651901210174615 3.5012339182749925 12.182148494457639 2.176910209386721 27.607879544556365 11.009075659694949
2006-02-08 0.43646944934140053 68.50074819108808 0.3619984483716493 3.4180948971272644 0.2236823622759619 0.21962350340689066 3.1192448412288907 10.853060509435798 1.9394065465774697 24.595824528346384 9.807971424660463
2006-02-09 0.3888501035744077 61.043668622272634 0.32250398427182847 4.147231312136024 0.19927836047099173 0.19566232830742364 2.7789312612654187 9.668977726404623 1.7278148369475843 22.968429486656397 8.737909200435817
2006-02-10 0.3464260886169579 54.38372615596011 0.287318415976704 3.6947630896072416 0.1775368656904949 4.575386455794377 2.4757463282552576 8.614079891975152 1.5393080532142422 20.46961408152847 7.784592135688727
2006-02-11 0.3086305872418941 48.450391949002785 0.2559716374544332 3.291659729326006 0.15816739502899024 4.076210585270251 2.2444733499299385 7.6742727626818095 1.3713676003943438 23.97658940911371 6.935283183893128
2006-02-12 0.5209776884555545 43.16439210891835 0.22804483184319163 6.8567713494422575 0.8290967844714271 3.96653899398732 3.133578657720892 6.836999795087298 1.2747705221374395 34.09680879294371 52.060821956647665
2006-02-13 0.4641383821941397 38.86308234362243 0.20316487573699796 7.2195329366465755 0.7386412898692408 5.9818753526089266 26.975107033829584 6.360647145366059 1.2565763494086206 30.463677311496085 46.3809195738792
2006-02-14 30.6180256467131 35.20439894874402 0.18099935397112646 6.431872665436288 0.6580546049159272 65.5924153028821 24.08999133997809 5.9057308939338045 1.2566179163212488 27.140051093258695 41.38174382420271
2006-02-15 30.291897594366077 66.24557969354187 5.678488571664035 5.73014713874279 10.28146044683819 58.436198738930166 28.79553755662433 5.261408108951142 11.707622071340554 24.1790367551112 37.28469957838572
2006-02-16 27.002975608880966 59.0181020565824 5.058958214612296 5.104980765803725 9.159739957840987 52.497758556686016 25.92424471762588 4.68738176502 161.49573421254843 21.54107287613896 33.216891085773725
2006-02-17 24.05691638036779 56.689057679746 4.970508399555475 4.548020844826518 8.193081002075768 46.77018582783348 23.09587641213025 4.17598243033161 144.3052750821769 19.190914237160715 29.592885713363962
2006-02-18 21.432275989438104 52.45223150707288 4.428219585428868 4.051825964490593 12.50217018764065 41.673603448039245 20.57608671365364 3.7203774179181157 129.66225165095443 17.097160917586777 26.364263971868624
2006-02-19 19.494866320722263 46.729625836347886 4.957958240794873 8.269330798663722 19.74730264148911 37.126959915243326 18.34963691324465 3.427690934765247 115.51593381012175 15.26629788790908 23.487889000347625
2006-02-20 17.3679514379008 46.14322241866609 15.531172866256457 7.367136230859998 17.592846632484047 33.076361019390106 20.132602465643647 28.428761639429993 102.91299737867381 13.600725241538829 20.925330224684338
2006-02-21 22.49661675836118 41.11360024471864 15.679034165823413 6.563372246264179 16.071076032223267 32.406714745768205 17.936109751296716 25.730794045666922 91.68505746646635 12.424527251804864 18.723074557372975
2006-02-22 39.41528168733545 36.6280537773711 17.962703813633972 5.96859633684939 18.995100452906648 39.2362716755555 15.979257207071601 22.92353145323466 81.68210019071513 11.068995423349584 46.94703660099846
2006-02-23 35.12364373832264 32.63188617886039 17.508226151170323 7.480318885041142 18.99622139712321 46.43669726286593 14.235899783239937 93.30118129434393 72.77047837554396 10.4551981186611 98.670744050985
2006-02-24 36.04703351786721 29.071705587297902 20.019663405399292 30.973682503447392 40.89543928075398 54.82655246987087 12.68274488851252 84.6021875802584 64.8311259232811 13.761886583854531 92.93245521499937
2006-02-25 33.773830902403176 25.899945261367474 18.03405329723585 30.151960045780907 50.394398779618285 68.17313951442722 11.299041183167182 75.37198048661119 57.75796700013649 12.79576826635457 84.8784792026571
2006-02-26 30.089062676586313 23.31611543382267 16.13947074309313 27.40112777774973 380.8795579213524 63.066148351337894 14.013780011043687 67.14880081816732 51.456498781760345 20.503770815635832 118.60598008676719
2006-02-27 27.330730568171088 20.77229737042302 25.648663245045796 24.411629631215096 362.98199386878133 56.18555074267362 21.499623457744296 62.784123849024475 45.842528823078446 42.89842858577561 160.95487685135035
2006-02-28 27.658352832487616 18.506013118044244 27.680457705785894 21.98093035884107 370.60677198791376 50.05563515256136 20.96581304414643 55.93429547456466 40.845348318138754 38.86425756440698 145.13866881575785
2006-03-01 36.02564450369288 16.48698338215891 27.213630395371798 19.582782697628563 333.05056348664465 44.5945012105224 18.67841598320505 49.87263825274963 39.129029152337964 47.403300202071385 129.3256622707084
2006-03-02 34.54372743888527 14.688232378085921 24.305370557124196 30.811099180573347 296.7143201030889 39.72918398148169 16.64057687324888 44.43146950657096 34.860001930813326 42.23153940256655 116.85457676037163
2006-03-03 61.1281473047384 13.098536085597718 21.793757160036094 27.44956878091515 264.3424074501717 35.39467909831124 14.8250686219407 49.87568679541948 31.162456841777626 37.62402433528727 214.25258793679765
2006-03-04 56.313230112005726 12.432578513541461 19.416030333326695 24.510603058515898 235.51552901533924 31.69905645622661 15.947204513793444 75.66893786043421 30.243719524011848 33.51919506757705 210.76782510021863
2006-03-05 50.169384536670535 11.076168276435897 17.297716550877375 30.58750382682661 219.4689014778456 35.759554760131614 17.870703028776088 79.93610446783106 38.17771544384801 29.86220793434306 187.80155677868706
2006-03-06 45.08187817949805 9.867744134492547 15.410513517040702 27.25036796554166 223.2257591857653 39.955328040369416 27.37362418085369 71.48079997572913 36.34255537177308 26.604202784655623 167.3121662140016
2006-03-07 40.39819682156761 8.791160615043907 13.729206752903577 24.320424099300954 326.90742411087314 39.40673939573684 25.32412522138566 63.68215308471072 33.05421656454313 23.70165017268298 149.05819442402503
2006-03-08 36.01239910514906 7.832033737186382 12.231332711523413 25.37816142569609 292.18421754926095 48.219116622036445 24.610999361606407 57.58713914444857 30.26620321879726 26.6296658300405 132.7957543549553
2006-03-09 32.08340021381523 8.66819137601092 10.896878647723852 32.8960231065341 260.30654488935426 50.9741379495361 21.925907797287493 64.58855991570219 73.61305835311734 40.01979107749155 118.3075673431887
2006-03-10 28.583060137563944 7.722480598975739 10.253708156351264 90.59520621815346 231.90676717895883 68.00282920450921 24.436609278056785 117.30035899620363 66.27542224790746 35.65358058467388 105.40006010584112
2006-03-11 26.30280717050028 8.695248783112989 10.089781746442263 84.29821498106126 206.60544162092066 112.80726766845542 49.265903239499195 104.53462647805628 65.01965822092347 31.763729253115336 93.90077845332468
2006-03-12 23.83350173363178 10.941921055251125 53.5565884142227 79.09619973322728 184.06452311364708 105.53915711792794 77.51610579650288 96.21378313699475 70.59574009138478 28.29826568770746 83.65608316919715
2006-03-13 21.234616713508856 10.603590957042345 54.35100094504836 87.36491729904104 169.89891743003218 97.65925288991005 299.3863865474632 126.52902971689393 74.55641468901752 27.621476941749673 74.52909727247388
2006-03-14 18.91789282231526 19.658662447865517 48.42123708363675 78.42990737972956 159.20953148434268 87.00450322621289 317.00224566659875 112.7245503943705 66.42221428763406 24.607938412596518 66.46213718551122
2006-03-15 16.85392647702968 17.5138771868697 43.13841806029412 99.83295851881364 148.36250255730846 80.35531022256711 295.81586715676235 100.42615746100344 59.86248898728232 21.923180799571348 67.97163870974816
2006-03-16 15.015141505403228 16.691018470432358 38.43196136390405 107.89906938811251 134.7968431192304 109.97951286276559 300.46029283181247 89.84250837884551 53.340484609427286 19.531333683282966 65.73201667606045
2006-03-17 13.376970330927888 15.829316926687296 34.238985125789505 96.29411270503249 120.09033475535513 107.26979273225068 539.7363037201427 80.0405755602945 47.52096937459161 17.630746203176358 172.26429798247128
2006-03-18 11.917525731184599 14.10992892929152 31.357065504340504 85.79417488681625 106.98832530534972 96.59923648322311 500.53281145655313 81.92071168668605 42.336370711369575 17.403906175149352 202.4734032762959
