2006-03-15 11.097952301600866 26.241917111481616 18.86675620726132 34.612573126794054 12.419546277520666 11.727451707133643 112.93308043588337 21.06103406892012 9.838350398295821 13.677300839450155 19.20081461375506
2006-03-16 9.536556877059095 21.770204944785032 15.654994717221873 29.7423378757307 10.359789135599035 10.246868715767567 93.69551694195307 17.527641766699738 10.44490970698615 12.455738641510981 15.929026070176329
2006-03-17 8.058608254531014 18.060543637627994 14.200065361502977 34.71604500703454 8.594656754623712 8.504502293330995 83.69973207922372 14.558243229198423 10.632675190147243 10.603598589014817 13.215541186162959
2006-03-18 16.488067112123623 15.333117406285401 13.099953594526593 28.84762486813461 8.87157448298615 27.519357374175623 79.06854689617461 32.24896679886529 8.821312020180358 29.297878819486712 11.422449828069189
2006-03-19 14.020562776957492 13.54989196515859 11.252115355647218 23.931841135700882 7.367002483287447 22.829933014345205 65.82737986181624 27.15027207726428 7.31873684086345 24.30588052040096 9.941357459226497
2006-03-20 11.70785253070967 11.241097361587904 10.078889700563066 20.015390025559455 6.666435973960047 19.506196726068495 54.60961216706973 66.9796172063036 6.07183705211299 20.16408252544551 8.874082261797891
2006-03-21 11.446797134005314 9.650522197380425 8.361608237801864 32.734707921697634 9.005439381878734 16.206016857558865 48.820305117910046 55.57990709177227 5.037784818433894 16.92043311803283 10.062693073134948
2006-03-22 9.990327749955986 58.396013081128004 6.9494462159094335 29.690803035551337 21.271812393694958 58.59262528062757 41.16827819226568 50.074446994317036 8.782560901047663 14.03723167745137 9.567008255220484
2006-03-23 15.070040261704952 50.21648225899142 15.102035386665047 24.63184586944126 21.508014542572543 63.44352978415013 60.9669281632861 82.07247390204526 18.592265739251403 15.162121323278498 198.21029572039782
2006-03-24 16.875735123199764 51.22651855042968 20.387421700179527 20.825480862509735 21.778496998341623 60.2284875962857 55.91825637874925 131.53075398423232 15.424146543828403 20.2809732188149 173.5245069331084
2006-03-25 19.637778327115225 68.95553820469631 40.4811378890925 17.328423428228685 84.16369643767528 70.07051431535785 47.66093639459606 111.02366649570685 21.25859153952157 32.64918748231961 146.1727315583659
2006-03-26 24.740291394305935 66.71463360877343 34.16288578855354 14.713930385621248 71.56941494009398 69.56464215662739 42.88618690583394 97.5778314579026 33.790123761876785 82.37522760236187 122.13411712234902
2006-03-27 39.0295237137064 57.130253048903285 29.170320594777298 12.312582454139392 72.05817607772462 57.887403062698276 74.6237683790939 106.57177236219097 41.86720573417184 70.54421413097397 102.21422783544581
2006-03-28 57.693593418232844 57.3703831669433 28.80880700272248 16.323282240062547 65.47532109447661 49.05422205429835 72.44787576961517 234.20587022565036 41.24278530680144 101.96182318462668 86.48732899833848
2006-03-29 64.56230302995772 54.44075249057791 25.55273712375314 43.629471271266354 61.98048876795294 53.58975561354088 62.509282036909994 225.81062351406396 56.7299421997028 96.56613325254597 80.6330235400409
2006-03-30 153.47809628460865 53.175471338419726 38.32804285924829 43.981455052398324 57.05495481168711 54.31603254426747 77.87992296295324 192.27513152448046 75.99947702357328 112.14525452058822 112.28647702367427
2006-03-31 144.29098494806388 52.43174112151285 34.35999160208681 50.28700554088049 51.63989571654867 47.84083161789207 149.1790041351336 208.62018236727243 73.36804067340402 104.00703335138772 117.2582602170652
2006-04-01 138.89003330241962 74.56079617647168 53.04958327298304 42.73549187960052 103.72861712837955 66.28661758439682 201.61961223444146 197.5887256175229 136.44614865337547 102.26557078077482 98.02166163974155
2006-04-02 119.97165983498428 63.003354143926565 76.25259168202538 37.16695983478341 125.01483898277354 57.660454317754656 173.1359483543037 163.9973513224804 126.57172787933848 127.39309485666418 82.83329365965301
2006-04-03 102.57965137828542 52.266788521791916 78.09956979336107 35.366380450820714 213.54408571349987 63.40712946770582 172.44813812450207 144.87101560894766 105.00862314558496 116.74237110058559 68.71736906957251
2006-04-04 106.36065401102736 43.385849644332 103.25658444371739 29.866605959719365 178.1918077689272 87.02339118951737 143.20141563684675 149.01429324801936 111.25590018998538 97.57588287944063 57.10466401324378
2006-04-05 104.26688229010705 36.5127520208059 104.61533025021798 26.28877966115292 192.85095158907876 141.7740247840933 120.42654771553606 192.10244055255785 92.79782785085663 82.10787214449803 58.41445773303224
2006-04-06 202.2466739176927 43.65504150125068 139.80187767186027 22.911286729604303 163.70565331786423 143.58150184737215 104.59274166120007 206.57842390613925 76.98376576509762 68.30856249763822 74.29686341330623
2006-04-07 197.6444795642665 209.94062590235055 130.63869680673145 20.14729087711365 147.33063972612558 135.0952607654596 87.26738150110246 243.5710779217548 63.86468513820535 56.66788405837705 72.70469046236323
2006-04-08 220.0113802894763 174.1634312914613 113.12329588759462 29.207137282133388 144.55391588579093 125.2523706769417 72.39579420513222 239.10124834749183 52.98131534362233 47.0109715734773 63.41967580314241
2006-04-09 265.46430619890384 144.50158156900807 95.15012393525332 51.78234942098729 121.00223327132278 118.11162075377644 62.92711690364796 218.26745098919892 47.729196050906424 38.99975763423791 60.077897067275224
2006-04-10 234.12914836222603 121.871911733163 78.93517612614963 52.96116102008543 105.86063421082989 152.4855571512867 83.08541968612694 189.56676415563908 39.70161150883102 32.353787267667286 49.92477246708558
2006-04-11 194.47122788296357 131.1058248224452 65.48352772218898 108.53287211702617 115.75143302418826 255.29597201263024 68.92649919076904 168.6789079422444 34.25665885585945 26.84039979755592 51.730969418092286
2006-04-12 161.79297643065382 117.30753731831066 54.33200394352782 111.115862318077 110.52445235923753 308.6930871303899 57.244468029099174 151.92006595577655 28.65153873304761 22.266583883412412 79.26383182183567
2006-04-13 136.98377757540175 103.87767155869493 45.110609121755424 114.75502072436568 91.85212744248764 348.505604886799 61.71542461125712 296.14228005474916 23.76907054503502 18.583998082850616 65.85492083946743
2006-04-14 114.17210737096082 86.3990570905596 37.961883372931354 95.19905137955487 76.5961410064521 297.27093820807 51.99956303785255 285.6738592867288 25.43865542224223 15.560843192605448 54.6363997197851
2006-04-15 112.25680521020539 72.0136505053143 38.041736313793265 93.63899478563053 67.0047236716925 260.47034322609466 43.52295547354705 328.0929719235737 21.103710547276464 12.90924552681474 53.629450962892726
2006-04-16 95.75652920411167 62.029239234304995 36.47148657651962 122.06881570957533 59.35571048709692 216.0819979937031 38.93008059062741 311.72131875857144 17.50751075378814 23.397270013409933 48.28783362234584
2006-04-17 79.4388720063084 51.45863006671004 30.25635315690326 101.26644153672319 49.45294361559397 199.07590112299522 52.236224396579615 310.7510623529555 15.415658953472366 28.17814499265727 40.05899368960548
2006-04-18 75.0008987317958 42.68942932408328 33.62750081537102 84.00914257113122 79.48229218436546 188.96053466498796 46.18836283976077 264.68967354415895 18.331178747881946 104.7486374036929 33.232484874593446
2006-04-19 63.278991748999225 35.4146464157484 29.61671777717982 69.6927777455331 66.67702061835884 177.75428992191425 45.74600941274937 220.4568556285205 18.110684176916568 98.76128323526473 27.569326147431894
2006-04-20 52.79456202516991 29.922809008734397 24.56974418309123 57.892732085025315 55.31434108569166 159.05877468946358 54.75433948606386 182.91625623258417 31.11918708529134 84.04205237651468 23.475494406688142
2006-04-21 53.60221133958999 24.82366922684597 20.441542630385683 48.05962257914268 45.88805236993483 139.29406766816496 49.57459968484483 151.7444308783148 27.882853158473154 71.11153316924228 29.259875396127377
2006-04-22 68.10387262830587 36.00211405797761 23.63673179822336 51.40438283917819 39.49994466613984 115.55620219281062 48.713358706555546 125.8848117518696 23.179884893406904 58.99313124462037 24.27370778350687
2006-04-23 56.49802426299425 94.67659217540805 60.338365558407496 42.657059411374306 36.09636382437894 112.5205860314727 50.55106320665385 138.95526586822453 19.37659213512301 69.54651957441956 20.14060597955936
2006-04-24 46.87034405744952 78.68437595321355 50.67150043413167 36.148016393333805 29.94639992396092 113.89470989323424 50.338473891165734 115.32183167776199 17.336959155012913 57.69481672120962 16.708511115770598
2006-04-25 38.899501175490656 66.88952826057064 42.03641900441917 31.112556953393394 24.84322812085522 95.34225723674678 87.60477645927723 95.66923420895283 16.288032481655964 49.25314467546914 13.861300720169435
2006-04-26 32.27056581064998 55.592997720356266 37.149380526277056 64.420413305876 21.8380706050214 79.0945162411619 79.01691464603914 79.36577077596668 22.02536343746716 75.67389774714258 11.499300571284005
2006-04-27 26.77131098744105 46.24705916482493 81.97673376354781 53.65889789830544 18.116690404336335 70.57124888740137 67.01614324449105 65.84069201514193 39.02256279654268 64.27087818187213 9.53982262972242
2006-04-28 22.209219966299976 38.365969404000296 68.1105826611259 47.534820412232506 17.446606859555978 71.66594761436261 55.806080233911864 54.62051396134266 32.37265009360493 53.318223105198356 7.9145020927736685
2006-04-29 18.424584133938552 32.31228577372266 57.33574422741214 40.17569466474704 33.73853203434324 63.77700902407188 47.17835810810147 45.3124423697338 80.48805592481774 48.1224558288339 6.611363127213899
