2006-02-15 9.422242705459892 9.422242705459892 9.422242705459892 9.945600600019288 9.427885242097126 9.422242705459892 9.422242705459892 9.422242705459892 9.422242705459892 9.691043953387105 9.430587305215862
2006-02-16 8.394263973443609 8.394263973443609 9.82646336116002 9.57495664005906 23.589050546179887 9.366711545968222 8.782160338403274 8.394263973443609 10.714691846557221 8.633738660656485 21.802858479257306
2006-02-17 20.762235412977063 10.705400325282735 9.210125686496141 12.10483251144189 21.015454918180215 12.720807063108504 9.567050571945762 7.478439038113421 65.1619313503912 7.691786729978431 21.71148485154305
2006-02-18 21.92233508918666 40.85970788295589 19.62002270238216 10.784179791506178 18.863793856843664 17.356427337552635 17.560680222071607 6.662531776505015 58.952287856820966 11.665027031371475 20.20637189421387
2006-02-19 26.23574388375413 50.35309763266648 74.98854706628383 9.607611975544135 17.540621395935208 15.462818889617914 20.86844307868818 8.479047194096518 52.520517706178424 23.91564982032865 31.337322381531422
2006-02-20 24.880172592305897 46.30042395969039 67.40135521312034 8.559409215854094 22.55860648899322 13.951524577113691 18.592924823330982 27.817699412298115 46.79046192295339 21.503032671601215 310.29853260420066
2006-02-21 31.091046417732827 43.87201532188522 61.05775402383672 8.499865054591458 26.831830723753953 12.429395383679775 16.61404135546726 26.196352676364945 72.32742659406361 73.72911431748611 276.66192646812567
2006-02-22 29.259509406297855 39.56323206466227 54.8650905666457 7.572518902718308 23.983550681454492 11.51106630470389 14.801428167933276 27.167542668715242 67.41044384000564 65.68517345628781 246.47775566990683
2006-02-23 29.146430661651227 35.24683275252144 48.879238877103326 6.746347404150288 27.127372906548707 17.256634260726976 16.61929011430773 24.37465365104053 60.19249398307132 59.38996580453943 219.5867165970528
2006-02-24 27.52982301275495 31.401358137777994 43.54645127933651 6.010312274536615 24.66518475913184 44.648996243987426 14.806104279288888 62.188853066605624 56.867158206996784 52.910444425712484 195.62952435701
2006-02-25 25.0048550224542 30.758737127629193 38.79547764381206 5.354579520498243 21.97418150409561 72.73767727461191 13.190739342561088 55.40396949914729 57.13793371158874 47.13784713459335 174.28609249955494
2006-02-26 42.762996250152575 30.9067175681786 34.56284132146109 4.7703880499391325 19.576770153128667 71.44668888939175 16.315772407559603 49.3593254256235 64.15792422392077 45.84413794865386 155.27125641648882
2006-02-27 54.7493706443878 58.013730580423555 30.801605698467817 16.740143244740864 17.440919453168597 83.81941108783067 48.70897626391071 43.97415976837806 348.4755357590617 40.84248375112281 138.33096332390804
2006-02-28 48.82956280475259 146.00294404387267 27.44116237413365 19.33721999731066 16.510762698573778 79.50343035185952 43.39476453335069 39.176522586850915 355.1736849037802 36.38651643744739 124.43425307207636
2006-03-01 43.50219492751224 140.13480927037145 36.510485530397396 17.229656726416565 16.508352241396835 70.8555376037479 38.66034011416897 34.90231377122651 373.648936995733 32.41670086911924 130.4717287460512
2006-03-02 38.75604971413131 131.34596265943455 43.84169157931581 16.256807981125537 108.75590028228903 63.12510764124308 39.075909139361045 31.152196266456755 332.8833590209183 28.87999726755662 117.27692179327398
2006-03-03 34.52771502695033 117.01594978264659 41.883118626495 39.621461146819605 96.89319275114146 56.23807749650189 40.010744974130674 27.75345173749008 308.34420225204997 25.729152562010192 109.9210636814541
2006-03-04 30.760697073813663 105.75498627822624 37.57693992473381 64.43842195286224 86.68826555399887 50.10243116829928 38.193841304434095 25.111449778927607 274.7034545483455 27.7979616795834 97.92853474641873
2006-03-05 27.872532985637314 94.59731656133904 45.8724219206252 57.981113216106635 77.33294582840082 44.63619171909509 34.02684427451855 22.8950789820957 245.2608124628463 28.226175783040446 88.03681339560194
2006-03-06 26.47946335427008 87.17656585158744 51.41783246503327 54.45939478133748 72.34675724129245 40.481760081971615 32.233778603192405 29.209435445572463 218.73402993824786 30.544515625571567 80.75955307288645
2006-03-07 25.755197260124298 80.94863896728091 46.64677854031825 48.517805016079876 64.58240673341429 42.98914362983463 32.2961483960204 45.88175123213392 209.7781971485869 29.8040885691625 161.2342030098033
2006-03-08 22.945272238774233 75.77469308068073 41.557555221223744 43.224450310086404 58.379285706798775 38.37627256702752 28.77259722116267 56.55838187783262 191.29757452384638 60.7408348774284 145.9169320219158
2006-03-09 20.441913638784712 72.51695605573418 37.02357268951423 38.5086073874564 52.0100308160153 61.59226510801328 25.926933781941155 50.38778992893251 211.14906828397116 54.113931944954615 154.67751554618812
2006-03-10 19.586640826558423 66.31687654339012 32.984253463556364 34.93534416410012 46.33566979792003 73.25184837206886 27.374592543630076 44.890417471103135 284.766656372779 48.83537354608301 161.84828145829772
2006-03-11 18.03789305740671 62.7509158378015 30.16549843488526 32.983855464243426 41.280388840257075 105.81223396652986 24.387989419850207 39.99281539490656 287.2581844930473 44.33874760102717 144.68779724371214
2006-03-12 16.82797726924813 55.90471049477988 26.874403900453895 30.270757591621756 37.03978031927361 100.72949270026757 21.727228524914914 35.62954798289569 330.1208565150425 39.563873795992514 154.86769085617763
2006-03-13 14.992023390462462 49.8054349302007 23.94237199809465 44.422887075082215 37.735530732104465 89.73977593798956 19.356760053983454 31.74231863827601 343.2434922371358 35.247404461910435 137.97142727751753
2006-03-14 13.469939490118838 89.29590713202312 25.531558316353998 46.98336334313067 33.618535969626045 79.9633637506866 17.24491273149277 32.03938953352282 314.6617247307118 31.401867464938867 122.9185677135822
2006-03-15 14.135411105677706 106.9747518059969 28.7489193546618 57.79491044381786 29.950710612807413 71.23925827538906 15.419796245395686 28.543851077127165 626.6265771689253 30.53601920051868 109.50799442338955
2006-03-16 12.606450234126797 101.84306125605644 173.14390826381748 67.00361398978646 26.683049703728337 63.46696389019862 14.152540663148184 25.42968034678729 608.1095471980086 32.59419787038941 97.56053186930313
2006-03-17 11.231070364951883 95.16863945542605 154.2536859371119 75.75886386075398 25.07274969348216 56.55250584640319 16.945995532689235 22.655269634739717 546.777547495157 132.11616342771165 86.91655279452021
2006-03-18 10.005746202239173 102.19879270997137 140.7028142418684 69.13584743890206 37.09211712184269 50.49625202540916 27.737573367266098 21.655082719884675 487.1234161821134 139.42415104038508 77.44631370145684
2006-03-19 9.143318086105538 91.21162404165503 129.30587897919997 61.59993594278825 43.594847366137316 45.00141437599466 28.80186178186094 43.86538758687848 433.9776270632473 130.11641046560237 68.99682161178195
2006-03-20 10.242310781613035 81.26031894837669 115.1984418407468 54.879303979124735 39.03352678634531 40.091702392243555 25.836067395504735 40.477772537565684 386.63011166240085 126.08335363425314 90.34076499985147
2006-03-21 9.124861556018075 75.64842667616337 109.03111838017601 48.8919015773203 34.774918988335685 35.71764627919781 29.39068034506596 38.06000502761826 353.46047661221456 123.23917176998808 80.48761419692381
2006-03-22 10.060548309260541 68.6631077459365 101.43918577761309 43.9993732415458 30.980930759750727 31.991947401436253 47.49470815391147 70.80099535589837 423.2828843525926 112.05004555005883 73.12515686354676
2006-03-23 33.72784646099275 65.56255945261334 112.72880227076566 41.95408797491908 75.92872936877254 28.549514793303526 42.31415315671948 63.80021918120715 377.10217908981053 102.34896681083292 65.14710852288533
2006-03-24 65.93910672184847 105.12090100453426 121.31841231566618 48.168735591851856 71.8795572427287 26.121795398879833 38.613278128058965 87.25420968455803 340.1341398259279 93.55046082986604 58.54829604657928
2006-03-25 67.74860123859763 93.74373006447075 118.0170095604866 43.94461346043128 130.39168848034595 23.271874045212726 34.48606148793447 81.15649025114372 450.2574507270271 84.69592948378627 55.66256848389743
2006-03-26 60.41446933745132 83.90827077355333 114.473570544724 45.40748097746229 127.93237343230604 20.7328827641837 33.75293262172708 72.30343061647632 546.1751569730974 75.45549501739 96.32574218299786
2006-03-27 53.82317329820511 74.75377088187204 108.17032200728106 75.87612718131473 171.986835808038 18.4708986863061 51.61663470153287 67.94620627511154 686.2649607111606 67.22509201116956 86.0689278726989
2006-03-28 47.95099610572451 66.59803866292465 99.72419135840244 67.64676592756416 208.562579006305 16.455699970638413 47.3857834218962 80.92315084422644 624.8396423436112 59.89074830772557 80.27431085613107
2006-03-29 44.15566294009261 59.332107283342374 108.08737850166364 60.26641705908854 186.14212915648469 14.660362017825834 42.21593371652512 74.83909888879357 675.3968583826633 53.59885844081018 71.67016653870226
2006-03-30 43.665380842192825 62.137255175764395 96.29490696194398 53.69127371251524 165.83378426508787 45.5267328811829 37.61012124081194 80.03922780087403 631.7972224162869 50.24476382397528 63.85085950589667
2006-03-31 41.459163846532945 55.3580009922961 85.78900918328755 47.83349146967586 147.7411058335768 61.35416131223157 34.83370794603521 71.39993444815755 603.2369170104799 44.76299569149211 57.64292287103397
2006-04-01 50.88896809861931 49.3183721300889 76.66644993771774 51.96193343478904 131.62236181101045 97.30332888809454 47.7651465110657 63.61011008240849 552.883032544181 39.879295488912526 288.8786934711664
