2006-01-04 8.724357426039967 8.724357426039967 8.724357426039967 8.724357426039967 8.724357426039967 8.724357426039967 8.724357426039967 8.724357426039967 8.724357426039967 8.724357426039967 8.724357426039967
2006-01-05 7.238527417588931 7.238527417588931 7.238527417588931 7.238527417588931 7.238527417588931 7.241396131722641 7.238527417588931 8.631691675500962 7.5265392521290275 7.238527417588931 7.238527417588931
2006-01-06 6.005894951177924 6.055110769447945 6.005894951177924 6.005903395218818 6.005894951177924 6.594020149051302 6.007555198010944 7.173384480880351 6.244824670507547 6.041867709886713 6.017305043185495
2006-01-07 4.983311041767816 8.192992083188017 6.9219159166779365 8.893710322818405 24.8916862376759 12.457095059886148 5.711574449901006 6.490634543187758 7.204035049587207 5.013153430555511 5.004148630613364
2006-01-08 4.134980022730027 7.14038346151916 5.754868156432349 7.393667652591778 20.748375903674727 59.5855428122703 9.449240411689537 5.385429962428849 5.977254888775413 9.097159007760887 4.15226653202338
2006-01-09 3.4312064153567308 5.924437991235604 6.853478567454402 6.134558248204371 17.228933331817416 49.43205018321933 7.854186101050661 4.559343013483562 4.959526310180225 8.006664653668691 3.4455470094515706
2006-01-10 2.847355353119697 4.91569786272431 5.757565349781089 5.090010054107636 15.94180529872231 55.42308748152194 6.516584072803957 4.305703500260872 15.828320371514078 6.643077686647944 2.887879000546741
2006-01-11 2.4725367130426004 6.826342568685369 4.9814688967509415 4.969542519312792 13.507656008647102 45.978923314812576 5.406919905656047 3.5728109860953374 33.06192991216225 5.511856856253909 2.7251476487620785
2006-01-12 2.8164419675255243 13.768320888320723 4.156321114987138 4.123633063334685 11.206582172428751 38.14419324708465 4.486349281507263 2.9741562337797514 27.42847521693487 4.57340319091932 3.7024407511525683
2006-01-13 2.3373209070592216 11.44956073192755 3.4488618586656687 3.647622713691542 9.304818352913255 31.644622501975668 3.7226476123776253 6.207136189963974 22.755045080799853 3.7948660549828825 5.052781174142703
2006-01-14 1.9398384532198811 9.499197627805794 2.861953921199848 3.0268425459359833 7.719955828695314 26.25267738764612 3.0890819258365467 5.150171392761619 18.87803515604439 3.1489931175056323 4.19253810530544
2006-01-15 1.6100821621897092 7.881197961232234 3.056987031126874 2.511842269365624 6.4051692266497415 21.77959982102069 2.6131564816202784 4.273319766381155 15.661722056148221 2.613176305960659 3.4788834788654954
2006-01-16 1.5110416668148556 6.606160758488766 2.9228165044253474 2.08459535240549 5.314433177117664 18.068799304577638 2.1715215904685423 7.297902704167849 13.10614701740926 2.1686603456404074 2.918113997233219
2006-01-17 1.454812862561523 11.866130616843295 2.425521299789302 1.730147288828737 4.4095658140117475 14.990371022684531 24.04725136348906 6.055018398117221 10.884659583816989 1.7998861774099606 2.4216201798045804
2006-01-18 3.092842918248403 11.690871197080298 2.7686257084502235 1.4360920724182533 3.659461700195893 16.266893008355876 79.41818737089145 5.023931585781137 9.030519769230871 1.4939462682421119 8.541666041436903
2006-01-19 2.566550212359385 9.699328234241202 8.34312874856447 1.1921378892497816 3.0609216136571646 13.49551809831462 72.86861460115426 4.168548526320947 7.492345937874029 1.2401327461010934 23.02739114228787
2006-01-20 2.1299359101682716 8.047167240367182 12.118308798558854 0.996554886689084 2.6300775626982467 12.94738470183938 60.755102032270706 3.4589264640896826 6.2191514437384114 1.0295625403271729 20.293769182640197
2006-01-21 1.767717436564565 6.676551905781655 10.053901699074538 0.8274838164224644 2.372737034399149 11.349241753092587 50.40215813436987 2.8702253961670228 5.786489400007365 0.8548664044750396 16.882046542539452
2006-01-22 1.4876813239605953 5.539502209593852 8.341294154976866 0.6872148056334304 1.9691305930659957 9.63311885556109 41.81352143660489 2.3818384765345955 4.801121493294275 0.7099309349493236 14.005806981667515
2006-01-23 1.234893048528335 4.596214740479436 6.921011927812048 0.5708396395353669 1.6342951735225792 7.992209484326863 34.68852413014962 2.214396832250148 3.98366665687177 0.589684554052052 11.61971718155356
2006-01-24 1.0251739582469077 3.8136692633682663 5.742281469025207 0.474286544596271 2.455147057266185 6.853381133209418 28.777737312638283 1.848528344748028 3.37095813797813 0.4899199651584925 9.640247430325967
2006-01-25 0.9584745376101768 3.164472750868197 4.7644166341781204 0.3941776447505839 7.407599886919508 12.116202340861507 23.874239007043673 1.5342252685768987 2.797207131028396 0.46991621888209373 7.998102897720717
2006-01-26 1.0241999558310844 2.6259004113949453 3.953186644590225 0.3277107094965712 6.3947834143532445 10.052103025142106 19.84164273342567 1.3143182236113977 2.3212230997564647 0.3994393447943723 6.635797769171375
2006-01-27 1.4075072060414977 3.377147211684405 3.2801942265345345 0.27256105412879333 5.327677004275605 10.648435142848756 38.89966505328277 2.182010719815992 1.9263450267405533 0.828286931291209 6.626118357121067
2006-01-28 5.772018979845131 3.2112714335725783 2.7218814828022313 0.3205850974302532 4.778043984814648 9.488164951939275 47.10710666445245 1.8108471239132296 1.5987512133883313 0.6878565037135534 7.144065503835032
2006-01-29 10.757484424936434 2.6646947601063786 2.258705180660753 0.2666305414351596 5.9979826098352484 7.871898863368642 60.96166669946383 1.5029265717137381 1.326975411742846 5.350163311068214 5.92727383047508
2006-01-30 9.297846425391018 2.2112546346674233 1.8744525847704414 0.22186134596297075 5.021587741299897 6.794818881433189 67.92594898534267 1.3014589765115467 6.93555220328066 43.15272254321883 4.917834740372665
2006-01-31 8.105386460392907 1.835079135957227 1.5915877845718178 0.18471229993675833 4.1664836821025775 5.6717208264061165 61.98715862444095 1.0803281320701628 6.15186367425892 38.830509157426015 4.08041195720025
2006-02-01 7.08742406987191 1.5230011862102308 1.3210049024859696 0.15388492905729365 3.457094744357976 4.705813877678512 51.80486758316737 1.8667993550061028 5.151136983821302 51.462661340943136 3.385691105316655
2006-02-02 6.0737363509823385 1.2640975998760056 1.0965249185209776 0.12830203934450501 2.8685887199835625 3.9045048743396054 57.48608299829209 2.0827715113253302 4.328454418572973 42.69319027323943 2.8093534754926583
2006-02-03 5.04522952110831 4.453565522498269 0.9102912399276397 0.18822357066150033 2.5633885979044186 3.746494922540056 56.862790686103395 1.7284646388951563 4.996349861060373 35.41817732773863 2.331224678411161
2006-02-04 5.696839857780779 7.911002899928385 0.755786169251747 0.1567711120050801 2.1271676209779775 3.1086525052143585 47.87167206513217 1.434528905259204 11.231022578058107 29.382941545644524 1.9345683820905681
2006-02-05 6.174242452371883 41.713890621128236 0.6276027338275215 0.13067003059084692 1.7652774612498139 2.5795006277781263 43.37891827047589 1.1906761633282268 9.355332701725928 27.601537130749428 1.6055004084632514
2006-02-06 5.122653370744552 35.85658550203839 0.5212553994058386 0.10900848080388932 1.4650510033103383 2.1405166936731503 36.24977666225465 0.9883715395720926 7.763100647767861 24.013902931276753 1.332502677861952
2006-02-07 4.25079286084549 33.05607530871826 0.4948750710433764 0.09103000936524044 1.8340664838634344 1.7763346701676457 30.072796598018467 0.8205346464084611 6.440734687633118 19.92418718947782 1.1060199856323696
2006-02-08 3.526975584761471 29.385908861274586 0.43981427450756316 0.634383087975534 1.5881452391364232 1.6220586615578338 24.948470695554494 0.6812917130819899 5.630112168135885 16.563100710873087 0.9181254948688087
2006-02-09 2.9265008972275592 24.74621161627611 0.36544438174764854 0.5525401996025303 6.790796424801843 1.7527098776960874 20.697415965479042 0.5657699576572441 6.8815701829874145 17.558217492460727 0.7622432348767599
2006-02-10 2.4283492368607513 33.35231199468295 0.30374031095313575 4.818433152576164 8.346811317566031 9.35321002783304 17.667033237492678 0.4870737533138258 5.856757714757767 14.78278019133367 16.93480412928763
2006-02-11 2.0182057417448234 47.15082997040214 0.3300899441283075 3.9978560965744445 6.924938610374524 7.77127508962347 14.758600988287947 0.4046340082043309 4.859232493177222 12.264108922868775 14.765812043936569
2006-02-12 2.1790625756699105 41.31609336683916 0.3839109474011959 3.3171114773185146 5.745369345935836 6.447475694337362 16.046243152117025 0.33623554757004803 4.031694685352666 10.174654226726751 14.763738704436117
2006-02-13 1.8082635656885953 34.27567865389406 0.3190363074363093 12.333678484132037 4.806740420382006 5.349266490289291 13.55620053624966 0.27948560661606964 3.345175653674073 8.441270407618644 23.17564394183742
2006-02-14 1.5006473797174427 28.435062719873585 0.2652097755633487 100.27074590628197 3.9881327792402423 4.438203179364388 31.845844866126587 0.24050435512388746 2.775643507578124 7.0189193834794015 44.01785306659762
2006-02-15 1.2478919000231024 23.677682052956836 0.22054867215176893 101.81019089512353 3.3090222752407374 3.6944528902643787 27.415002969410114 0.20005347555352285 4.562356664493005 5.831888731800245 36.51699738631235
2006-02-16 1.035757625165622 19.643130042415027 0.18349115673231417 88.9530430627359 2.7456363280282616 4.32682064067729 35.30391013353436 0.1664886902237977 21.590222554526523 5.863059272793668 30.29440766745328
2006-02-17 0.9149310039365913 16.93556962137664 0.15274155156736924 73.79445198956337 2.278253607823735 5.512696123664073 83.78413637558187 0.13863659453573177 28.933855194588876 15.083899461898726 25.655766421117278
2006-02-18 0.7602071632512691 15.77472164910799 0.127224983014596 61.219135438708584 1.8905136334410793 4.773094104310191 104.53342771733742 0.11552375056313456 46.58904429200018 21.806612798380808 21.440225886289387
