2004-04-19 79.01966011074279 79.01966011074279 79.01966011074279 79.01966011074279 79.01966011074279 79.01966011074279 79.01966011074279 79.01966011074279 79.01966011074279 79.01966011074279 79.01966011074279
2004-04-20 74.34123031183476 74.34123031183476 74.34123031183476 74.34123031183476 74.34123031183476 74.34123031183476 74.34123031183476 74.34123031183476 74.34123031183476 74.34123031183476 74.34123031183476
2004-04-21 70.06324010731275 70.06324010731275 76.01581232335339 70.06324010731275 71.6275590407018 77.6744887078827 70.93818946924826 74.12723719616736 128.60620052523424 70.06324010731275 70.06324010731275
2004-04-22 66.14506903096088 66.14506903096088 71.98570410222594 66.14506903096088 70.75621479850537 75.1982578389387 66.92456029594692 69.80546124078623 118.30091742342776 66.14506903096088 66.14506903096088
2004-04-23 62.550442778653135 62.550442778653135 67.7538570767687 62.550442778653135 66.65850663211677 70.61591708276305 63.24489054743079 67.16655011234857 109.01602125502376 62.550442778653135 62.550442778653135
2004-04-24 59.246961423853676 59.246961423853676 63.882676551997946 59.246961423853676 65.89563191155942 66.43248214257905 88.7670504170706 79.52859520092571 100.64308572610162 59.246961423853676 59.246961423853676
2004-04-25 62.4647028944243 56.39014190359908 75.41891206570806 59.414620585609434 80.66660337833771 79.6371208722589 172.53623590925048 169.16019267566668 93.73268261453184 88.07623345218204 83.36568369664028
2004-04-26 110.82756941778587 166.82528454551314 613.4493725298829 339.17901591704305 124.49945395979361 279.0107739320748 348.8065039637766 154.03176052214096 121.24394049067114 134.26260429998771 299.5931114037682
2004-04-27 108.36055201628697 151.85878182588672 791.5590431513773 305.4085001714871 204.5545127571378 259.47671007505545 313.98561693123344 140.46104767296674 138.88848748401506 136.732731801243 289.2190124357359
2004-04-28 100.9780547744133 138.71156827959985 708.3430635264684 275.2321679624544 278.16517259184235 234.31159504365226 282.8735102890524 128.28069397100805 126.87970211447251 124.95914214006707 288.39234986140195
2004-04-29 93.01763998344643 126.6343787961483 634.1183477239482 248.26040605335376 250.87341611797518 211.80432009442475 255.06806813699149 117.3415262455409 116.09338439642832 114.39820953187264 268.02328725485313
2004-04-30 85.84045701226206 115.78956652855675 567.9063839231054 224.14603830450307 226.47396562156212 191.66735805527915 230.21097572834847 107.51057610335343 106.39860812992171 104.88837901606533 241.75276383367867
2004-05-01 79.36343260497766 106.04505588248922 508.83534894898247 202.57969768988968 204.65364515258142 173.64448308896613 220.39157258189056 98.66931392517942 97.67866308303601 101.15718762871957 218.265506894481
2004-05-02 73.5124905600162 97.2831145358547 456.12847030816505 183.28570317820456 185.13338031420705 157.50735758112614 199.15427968716423 90.71207548075348 89.82950591536326 93.10732579457097 197.26017049156889
2004-05-03 68.22157199064273 89.39879042011324 409.09365788827864 166.01838639833366 167.66447959033545 143.05249135011783 180.15568086887774 83.54466014907347 82.75838005459767 85.67858558327872 178.46822141450397
2004-05-04 63.431762424706605 82.29851917729985 367.6904751509407 150.59360292710483 152.02532133342103 130.0985325593261 163.15371654050733 77.08308202300397 76.38258609473618 78.98419345694451 161.65036107569196
2004-05-05 59.09051408873527 75.89888349508618 330.1542112395669 136.74288606307454 138.0184021559996 118.48385414422441 147.93267518095186 71.25245721978249 70.62838629522618 72.94615495932204 146.59333772443858
2004-05-06 55.15095299304482 70.12550775119215 296.64125331910185 124.3313516455405 125.46770729769479 108.17379341498817 134.30032042691812 65.98601253859049 65.43002855187463 67.49492568366347 133.10710640375308
2004-05-07 51.571261567328634 64.9120732060844 266.7146605711384 113.20399004727469 114.21636784113049 100.9077956285515 122.08533155578505 61.22420222742952 60.7288768063578 62.56849101416014 139.74211757918576
2004-05-08 48.31412860539276 60.199440593311984 239.98510699424244 103.22264740366828 104.12457348248815 92.2679835580234 111.13502316896675 56.913921065761386 56.47263628306629 58.111546222670135 126.86543120369268
2004-05-09 45.34625917681016 55.9348683915454 216.105688128141 94.26418818917854 95.06771297665651 84.5046922114352 101.31331361592765 53.007803256025525 52.61466320878761 54.07476597312815 115.32751396988948
2004-05-10 42.63793796427614 52.07131634057275 194.76729432739307 86.21885821547524 86.93471741863334 77.5241357592079 92.49891502217648 49.463597763424815 49.11334979929092 50.414153480395086 104.984148153283
2004-05-11 40.162640199067674 48.56682490224311 175.69448877448343 78.9888261862373 79.62658423269983 71.2427090953627 84.58372074517595 46.24361176459127 45.93157630231313 47.09046063436106 95.70679893736204
2004-05-12 37.89668500277398 45.38396238184763 158.64183516580243 72.4868843290218 73.05506215509894 65.58587854219664 77.47136871971061 43.3142147755468 43.03622278218887 44.06867134808329 87.38090482290394
2004-05-13 35.818926509868064 42.48933232924595 143.3906260117729 66.63529074984109 67.14147964676897 60.4871935404795 71.07596150409628 40.6453968399185 40.39773412938265 41.31754123328382 79.90435451579663
2004-05-14 33.91047865029766 39.853134644257274 129.74596784472243 61.36473804943542 61.815701088845344 55.88740612661298 65.32092593208465 38.21037488048198 37.98973248913441 38.80918745893635 73.18612994944763
2004-05-15 32.154469920829236 37.44877452819686 117.5341843964946 56.61343442701342 57.015196820752394 51.733686438141746 60.13799714038798 35.985241960436916 35.78867193681796 36.518723318988236 67.1450973173689
2004-05-16 30.53582487438894 35.252514062537244 106.60050305594739 52.32628499998849 52.68421460156755 47.97892377185481 55.46631340333911 33.94865477396328 33.77353079189633 34.423932632448405 61.70892996889236
2004-05-17 29.04106941345808 33.243161765045805 96.80699370116595 48.454162407042894 48.773041430274155 44.5811038616056 51.25160968651221 32.08155519621988 31.925537465080804 32.50497963110476 56.813148782605246
2004-05-18 27.658157291467344 31.401795981004174 88.03073237298155 44.953256954591254 45.23734586762982 41.502754061178685 47.44549914993566 30.959204792032093 30.227926181174794 30.744150464122 52.40026720153232
2004-05-19 26.376315509338966 29.711518419027904 80.16216526029137 41.78449762932547 42.03759207778942 38.71044902464468 44.00483300645306 29.31721449611247 28.665719319096254 29.12562287104684 48.41902951230324
2004-05-20 25.185906546634087 28.157234543613892 73.10365114384646 38.913036246202964 39.13851776590793 36.17437028479174 40.89113018752758 27.805949684130827 27.225533466052465 27.63526095095343 44.823732196209065
2004-05-21 24.07830559154411 26.72545789522793 66.76816282937678 36.30778784463621 36.50866904150569 33.86791385020037 38.07006920132348 26.412498664212343 25.89540659953847 26.260432290623612 41.57361928981395
2004-05-22 23.045791134223215 25.404135728297366 61.07813022500243 33.94102119702299 34.11998599781251 31.76734058295615 35.5110353986983 25.125320750555407 24.664644092976907 24.98984501325295 38.63234368147492
2004-05-23 22.081447466369752 24.182493642163617 55.96440961022367 31.787993963162158 31.947433474777785 29.851464690443507 33.18671760289681 23.93409773589497 23.523681492181108 23.81340257519309 35.967487150943334
2004-05-24 21.179077788910902 23.050897133679314 51.365365329667995 29.82662762047286 29.968672076992142 28.101376173766567 31.072748718145053 22.829601539193273 22.463962233764626 22.72207437523823 33.550132743943394
2004-05-25 20.33312677125064 22.00072822609511 47.22605164672684 28.037217831243893 28.163765055475864 26.500193528903495 29.147385519807685 21.803576264637393 21.477828676129285 21.707780452104572 31.35448377273278
2004-05-26 19.53861153169839 21.02427553018829 43.497483830304574 26.40217638148282 26.5149171413353 25.032843400777214 27.391223352145126 20.848633100446754 20.55842499140757 20.763288733858058 29.35752435648588
2004-05-27 18.791060121089565 20.11463627293147 40.1359887400059 24.90580124763561 25.006241846070353 23.68586425041769 25.78694192597924 19.95815665742368 19.69961062508674 19.882123470629306 27.538716970224474
2004-05-28 18.08645669174148 19.265628988778555 37.10262623713108 23.534071723141366 23.623554123536124 22.447231416107947 24.319078823979012 19.126221499907576 18.895883171118324 19.058483631256347 25.879732965367335
2004-05-29 17.421192623096175 18.471715710993106 34.362673695023126 22.274465871492378 22.35418562730019 21.306201235133052 22.973827691359702 18.347517757858785 18.142309636001855 18.287170177507843 24.36421246538297
2004-05-30 16.792022954878007 17.727932627262213 31.88516672525655 21.115797870658984 21.186820098918624 20.253172147305836 21.73885841949508 17.61728483001919 17.434465177304865 17.563521248041667 22.977550432394253
2004-05-31 16.196027549399446 17.029828276821682 29.642489987137537 20.048073079396076 20.11134669151206 19.279560928225873 20.603156923677968 16.931252296092826 16.768378501838768 16.883354389826415 21.706706050140518
2004-06-01 15.630576467729838 16.373408466974794 27.610012617032933 19.06235889262206 19.118729272548297 18.37769240226925 19.55688237795321 16.285587252104023 16.140483197584434 16.242915068809676 20.540032880123583
2004-06-02 15.09329910064143 15.755087176562382 25.7657634100996 18.150669663914453 18.200889963131825 17.540701165305492 18.59124000308627 15.676847368808488 15.54757435264002 15.638830775411304 19.46712752520889
2004-06-03 14.582056645315653 15.171642793834193 24.090141418010454 17.3058641610156 17.350605361212978 16.762444007498885 17.698367711434422 15.1019390493987 14.986769885004078 15.06807011507309 18.47869478212858
