2004-04-05 57.361996999468445 57.84554338255902 57.361996999468445 57.64087749328709 57.361996999468445 57.361996999468445 57.361996999468445 57.50277504879715 57.361996999468445 57.361996999468445 57.91837144357389
2004-04-06 54.72809142675661 55.12923328184453 54.72809142675661 63.11938967022698 54.72809142675661 54.72809142675661 54.72809142675661 56.10715315080585 54.72809142675661 54.72809142675661 55.688350729878216
2004-04-07 54.83883157582038 54.68475956392116 53.767375875122724 79.54746129805366 52.631855803996864 52.4597942267098 53.139451952318524 61.46438380691143 52.443980566020976 52.443980566020976 58.38956567697882
2004-04-08 52.43815537924153 52.31074872993637 51.54929395363169 73.0443472805285 50.60728581594358 50.525535277810064 55.250708035929506 58.70748392538227 51.0887463433779 50.51093384491558 55.38378399744957
2004-04-09 50.350257108412706 50.244562719125476 49.612872787789165 67.50071286706911 48.831398858763144 74.05031928557881 52.68350295553322 60.66761412491947 49.23081032347558 53.1301365665046 52.79390050980832
2004-04-10 48.93938822491069 48.435488219200295 47.91144899616441 75.23587519132089 47.59368462879707 68.18433897019315 52.37928453900839 57.08227438658565 54.87959571046447 50.82931120414854 50.60524976457476
2004-04-11 58.06145312332284 47.48206592262366 46.406292892630596 70.49657943268907 47.15474205451209 63.228330009449465 50.1127332684826 54.014253655955656 52.65904591590613 48.82690175236515 48.64102419300916
2004-04-12 68.94798540587811 53.69808101056265 45.065256706912805 65.05014868462435 46.325091134736105 79.6672530918392 48.230900897920115 55.35561605075596 50.25243426603731 47.07335264639635 47.341650212091
2004-04-13 80.16705154585298 51.057373051487765 49.45232693605451 60.5561308075806 44.90679038140148 141.375425308345 66.18580180532601 52.9290725421926 48.793857242034655 45.56182334095271 45.75218051293094
2004-04-14 72.94855676774351 48.74277201944292 75.58177623959494 138.50322367336642 43.64035324757551 249.64898602890284 106.33545835923185 50.2955020824197 47.495148082814346 44.183757449792196 46.3203207981845
2004-04-15 66.81473299118133 46.73402566434557 68.99920707832226 130.82636713568525 42.501145834906644 219.84087693440128 96.54339961557703 48.02214411522146 45.699018066537704 42.95472027311348 49.09866560188387
2004-04-16 61.63885336334707 53.29298400484489 63.51739335455345 114.88225118439037 41.46871499239665 193.42259051784256 88.05839565598188 46.132797370413506 44.12161540524142 41.8449926317822 46.94190517818413
2004-04-17 57.570039298095324 51.90090526758103 58.81728464346367 102.3064850257642 41.70601586314599 166.58442673762949 79.17608275087827 44.44384690640684 42.72687714681049 40.83822961553583 46.33389705901568
2004-04-18 53.798504131015626 49.103946339780975 54.833197655953235 90.91109861375634 41.38097896163698 144.92171628750012 71.72251029638853 42.9092381776885 41.48486926794256 40.1280859539164 44.47719163766646
2004-04-19 50.73022787453506 46.69139918454626 52.04314846372257 89.66733249301132 40.28459711162713 126.18019143142065 65.45537513859337 41.552374655012144 50.310300837015475 39.312564373225634 42.8531221771154
2004-04-20 47.95791863389585 45.82345823050367 49.04709522407858 85.16339915635362 66.08705043876994 110.54992512162653 60.1736503537638 40.3441277030798 47.609554305833825 38.55584727751981 41.423205723853165
2004-04-21 45.576588038066944 43.80587599105316 46.48015041219059 76.44162187582404 133.2508389128375 97.50962311394436 55.71055130348158 39.26031657985002 45.293185936817515 37.77678955449711 40.15550135255162
2004-04-22 43.52073682741905 42.72141033648076 44.29109170451203 69.12584393605744 145.47882503386825 86.68415638211995 51.927700390456714 39.38707966370913 43.28563126442343 37.050156667118344 39.02349551683183
2004-04-23 41.89286333532406 47.05891235854642 42.40416624646747 62.98223777837401 160.64373483490965 77.54365097696498 48.71028623609924 38.97940134307664 41.54097267644109 39.87716847999965 136.72157403660185
2004-04-24 40.32960007270676 96.53050944905112 44.770141145559975 57.8028160706936 138.82113296829414 69.88271679469543 45.9630478135078 38.888661248005675 40.015507222578705 46.916166871888755 174.45214665802825
2004-04-25 38.933530519341524 98.93194975464614 56.0520964093467 53.429013320773606 120.6404503506409 63.6653622385956 43.60694294948353 39.99691635727458 38.67296443307506 44.39763430933795 157.2693145753181
2004-04-26 37.74880853269861 87.47306922621135 51.90225612433864 49.80443420140456 105.4820720949663 58.216508049207214 41.57638456748889 39.75923462023674 37.4832399090886 42.2422189326906 135.8934446836339
2004-04-27 36.641655941153886 77.89205688507757 56.36252444509052 48.42353680637504 92.83201936165054 53.621311338340796 39.816947918879585 400.4313771717033 36.42134472788997 40.369312783509876 118.06077681407164
2004-04-28 35.64930031978013 69.86993134178057 52.00939741129737 63.51285495682676 82.26387010829929 49.74127195492456 38.28346853803778 337.4430655913108 35.46653388438566 38.76969940002452 103.1932181914
2004-04-29 34.75320318442537 63.14205664395517 48.325261473361394 57.86833419835015 73.42385744426423 46.443663171816326 37.70650570262611 285.1161778410038 34.60158325817683 37.565961241522125 90.78648864041757
2004-04-30 33.93797110692727 57.52642804732559 46.151999777564484 53.11389064594057 66.01848815703431 43.6361778770822 36.38798064523648 241.63500818926687 33.8121897949156 37.19370189738437 80.42223168772986
2004-05-01 33.19081994129872 52.75940261842349 43.323370386037595 49.098836640195934 62.18645292527635 41.23628732736604 35.22330618367091 205.49274932180452 33.08647390418588 35.92815118057753 71.75337189875997
2004-05-02 32.5011303521482 48.850796573507736 40.906921863182994 45.70213671133746 83.56842743744474 39.175513255539194 34.187246369591556 175.4398803954398 32.414566654512846 34.771973790777935 64.4919675708441
2004-05-03 31.860079085919086 45.42348410238412 38.83338075486582 42.81140943422303 74.22464017763939 37.39703362236064 33.25885225594602 150.72387797304685 31.788267314666083 33.74393217931613 58.39913353133123
2004-05-04 31.26033307712097 42.51230318769926 37.04526553735387 40.34537047006171 66.40525240771257 35.85369638611612 32.42073150815771 161.5700809847485 31.200759253088908 32.82314556217853 53.2766812596229
2004-05-05 30.695795681438266 40.03023870777682 35.49487725831648 38.23258818116543 59.851423001160214 34.50637175706966 31.65844248336871 139.56483589893094 30.646374250273464 31.992278338187052 48.96018367198139
2004-05-06 30.161396152446162 37.90509132366291 34.14263260418592 36.41379102184767 54.348408687899564 33.32258525319483 30.959991566298083 120.5683360117756 30.120396973728628 31.236936113459763 45.31322178237619
2004-05-07 29.65291499252356 36.07695279912067 32.95568103864105 34.839795433285786 49.71804921086556 32.27538370390767 30.315416165068246 106.49469365785974 29.618902771187688 30.545164651024987 42.22261182762552
2004-05-08 29.226457968346914 34.85141136710952 31.90675760169757 33.46978685782591 45.81253313722274 31.342394503534983 29.716438769119215 92.9134716936539 29.138623104096478 29.907034205427255 39.594445769076835
2004-05-09 37.285181937147996 33.41606588896091 30.973231208864288 32.26989369520647 42.509226078898735 30.505045181511264 29.156179959057145 81.58560003972238 28.67683391104285 29.314294691305225 37.350806557664306
2004-05-10 35.53835207121188 32.16284923589516 30.136315133863686 31.212004278449356 39.706380269855764 29.747915968641415 28.628920322059447 72.12347548327887 28.231262993510075 28.925041054979182 35.42704317122205
2004-05-11 34.14224134999025 31.061590259165207 29.38041203611244 30.272785454767895 37.31957530195547 29.058202694671305 28.129902938531675 64.21224612984999 28.64717197109727 53.00546816297312 33.769510029373585
2004-05-12 32.64290321223425 30.087247464064472 28.692570604280256 29.432868414601245 35.2787654175904 28.42527121486855 27.655169526018263 57.588467736570024 28.08428711754416 48.33415039036257 32.33369164819383
2004-05-13 31.373189200697446 29.219034996412574 41.315009404935786 28.676173266882966 33.52582999152574 27.8402877675462 27.20142450463173 52.0966240201073 27.557413159981284 44.39229436389366 31.08264688326706
2004-05-14 30.226747262771216 28.439697573495838 38.47439763825549 27.989348715858025 32.01254144998368 27.295912322637765 26.76592222573113 47.421581640986865 27.061244359431015 41.02870252474195 29.98571829787513
2004-05-15 29.217415004290213 27.734908976826222 36.059525476903346 27.36130722421894 30.698879488596823 26.786044186609292 26.34637341647033 43.60814507133625 26.591367635646815 38.18659793828624 29.017461474516374
2004-05-16 28.322634835124113 27.09277304971497 33.99873331022388 26.782839390099724 29.551632574044813 26.305610958371357 25.940867565536514 62.844885750292846 26.14411060281896 35.763316446203426 28.15675678770249
2004-05-17 27.52368215038928 26.503409731128237 32.23247690428707 26.24629403857025 28.54323777137952 25.850393448474538 25.54780853346046 56.48100533343245 25.716415500362146 33.69634506125575 27.386072543559475
2004-05-18 26.805012280099767 25.958611634226806 30.711348319124472 25.74531282879327 27.65081828231883 25.41688043286396 25.16586113383711 52.896117453685946 25.770195606875074 31.925748444170043 26.690853690785524
2004-05-19 26.15371872754749 25.48975818106063 29.394348665208692 25.274610086478205 26.85538500122756 25.011857836831545 24.793906815857305 111.38896614135668 25.295252415959975 30.401794354009386 26.05901470350114
2004-05-20 25.559083730949375 25.02938306135422 28.247455209478918 24.82979015450195 26.141174137411827 24.611815357176177 24.431006897162256 96.26879527489344 24.846914679948153 29.08321501792344 25.480518883359306
