2004-02-08 621.151147592484 622.7774596497309 685.5141315355495 636.4781338855369 627.2114928943038 615.5580259557175 748.601850422487 613.7110533081453 648.6080237161367 652.8358613655193 626.1401026455711
2004-02-09 552.9063635684105 524.9308116410509 631.1854515977823 531.9280097738051 535.6001033165851 516.0888945467024 638.4622541908575 670.6900807424578 552.9685524554251 546.2844945728315 545.1529571773012
2004-02-10 487.9858939152722 520.243047139071 536.3996703153323 445.45194319191825 453.8053400578104 432.024644046649 548.4196456295598 580.2828858941402 465.47950242002094 460.7106193182812 479.00312364400986
2004-02-11 408.633465361134 435.3934510347848 457.32720528353644 374.1269421086675 380.27785923565915 369.40476916527336 461.1007945716251 503.05836869164665 390.41401404228895 386.5793239473082 433.68564160943754
2004-02-12 343.8953451679529 368.2811672995277 387.05896901046924 314.1732333225048 320.18024106392926 359.26004747407063 388.5773704144963 466.03071135445083 334.49893449489036 328.0478089541081 917.1194558996957
2004-02-13 302.94238043286214 309.4118141691471 327.35858281369053 264.38388875269635 311.69427668530454 301.83129192028997 377.2145651006826 761.1101551620085 282.42231800894706 457.71812003207174 798.8073031791084
2004-02-14 284.53506489326844 273.45985913724087 422.69283460871077 223.03698840314982 364.1948970616727 270.8233974618359 399.1801213353548 680.9260361125637 270.10067154666183 499.60090321836896 724.6088703883177
2004-02-15 254.00029446960016 272.61410440584336 369.75971995475277 189.2442606176793 547.0904388184138 228.5177813622063 391.73419456205136 632.0316590476871 260.4529978569695 483.07730454817346 623.2600474900717
2004-02-16 229.12258688354345 247.46997032546952 360.4668887569473 213.68562276192534 585.1083760610912 201.78476233661954 391.0605634224768 562.4155306703332 268.5938052888219 436.65636758165823 531.5601334602715
2004-02-17 373.0815416221979 261.20576653631474 341.7257615905686 240.8425037147769 1695.26495958464 385.24184176309154 379.1098607888807 487.4678816785153 266.5117531694264 462.6467923296099 460.95512821190465
2004-02-18 336.7745990081021 251.27093389648005 289.0786614101678 203.29690420235923 1463.2194069524987 380.3637447137697 331.75466768091786 416.08703293083136 265.21528936012294 427.3462068770355 415.919530573525
2004-02-19 288.25022809400116 242.34469061887336 245.32811819189212 180.60966975279354 1343.3948596106509 320.01198391955745 328.8485289178805 373.8692071327914 255.7980036437233 371.79632771897394 357.0096923791745
2004-02-20 249.79374060099397 277.75994427311105 209.27460319526028 153.2323926311859 1242.1812158424927 270.3273399971011 329.7920356646423 324.4236469527962 220.16970251243322 429.35527882799244 305.49351775695544
2004-02-21 214.5763124077587 335.1672957877335 191.16467029206314 130.47348105586622 1064.469179039728 321.5483917593366 287.4505605818557 279.6055153107575 186.93691286306765 556.1484928912437 264.4872942361062
2004-02-22 182.31864667010336 398.85779753056744 260.7584076530361 111.54654158025079 912.2765534074466 377.6834634316509 251.08576962576882 242.41856936731747 225.2307977949496 473.92177191677644 229.11338478126467
2004-02-23 155.49845047940659 1015.1905284352525 223.39584706957186 95.79918649579183 775.1703939133251 339.13301253848977 217.41093431758628 212.39936843931469 315.1304219304922 420.713567033172 199.01023237057478
2004-02-24 136.42262603471264 980.4287492247992 257.1889207611352 137.8763705898197 670.4362682465012 346.0461796342596 214.1650953712132 186.35755020641858 468.7744034555557 360.43689360681606 201.49069151817145
2004-02-25 148.54928132710256 990.0714151079003 570.7823913071088 210.31730889964138 591.400060357163 478.28556046338787 264.465555990353 177.53533373385937 404.19018525618316 386.395453909159 213.90753544653015
2004-02-26 143.6014311276138 868.92641330332 584.5595608563119 229.24494462514295 521.8368946092137 596.6187744639338 517.7228859684635 269.24127058142176 359.87216565187913 343.83405998706075 186.71552521222426
2004-02-27 153.27419597145396 793.7669199109074 617.421863524321 209.88502284013543 525.1241523574738 682.2751269109817 657.4541765037183 590.2032271797403 320.5304561801737 307.93420612616904 167.58507439762315
2004-02-28 155.13491342418027 676.8137735918489 556.1247863511618 179.80928352187772 489.3745008178777 632.5403809676822 604.5670618094335 1089.4466069055657 273.695863413825 312.31911752501463 266.62415973396094
2004-02-29 185.1204235446922 595.513541872027 505.9094035206937 157.3672582721112 426.92326373914096 557.3594793387815 580.816023978943 1261.3049975439214 252.01747563472392 299.31353568580727 230.82473859699104
2004-03-01 306.2736012022086 526.6513682115512 433.33364207827594 172.95741259967818 373.93125249576445 487.1944049868005 500.4116725855828 1096.832204211732 220.894893420604 266.7333635133094 199.59698136199555
2004-03-02 455.45555289856026 541.2069930383667 433.5330640838161 153.10523803646393 333.1837224968311 447.51837503199744 434.55199312561075 946.5448366736784 212.78937259341507 247.00933071856653 173.84232419313346
2004-03-03 644.2292506472219 567.1801786098614 535.0303735530556 156.9216983378967 379.37810320306886 445.12035440186804 374.44930616875126 809.1823620736672 190.59939061750865 219.92263677900772 152.1210436114053
2004-03-04 779.8056360922798 500.7223527575819 498.31856814374663 133.1270314176684 380.5206757846166 633.155778613664 328.5188496789205 695.9386956470712 165.38772876825817 194.45500626896 133.97294242733608
2004-03-05 833.7210033102062 467.8713119454819 444.49977968605106 113.37916628209246 331.48804425493256 541.3556604921158 286.1016044993325 606.2159739186568 148.21548499679244 175.70646827356 119.17436431064665
2004-03-06 926.3340967974983 460.7266444121361 387.661791298211 97.63688645835889 290.52437809082545 485.9069091298951 318.46550726946265 521.4277052483984 138.17173235728126 167.76070893467454 118.39283999423688
2004-03-07 988.7140125847814 400.4720542553103 619.6931879650037 83.71826087861186 256.387861231327 423.71224264935705 355.5288546687848 450.3520577563324 122.50620245467405 296.52694079696255 116.71400964270182
2004-03-08 870.9427981584888 356.5274040476288 629.0478179867399 72.13386900688674 271.69079999916005 392.4547992867113 444.58943810304925 391.3705366554361 131.34164921034767 259.2875002640463 116.6502569379929
2004-03-09 831.0251011664451 314.3573197611741 639.0340635336582 62.48683586787543 254.71782917760765 398.2976180935376 395.73002309400835 357.58289734913853 159.305748275388 228.87487283605654 106.58981668470129
2004-03-10 857.4813778577847 279.12399430731267 626.5678769070424 54.4467294754122 227.72931221868924 349.19807062486433 466.96573354485514 463.9633501298814 283.4602572399796 332.2057940987372 161.57076404132803
2004-03-11 805.1823438484215 249.43504030280417 548.232090665451 49.26895835718987 213.13370481617 323.8372961329649 414.6242020286789 437.33950710349944 275.1821808796577 284.73718054625925 268.73664954460514
2004-03-12 709.2571650348273 225.62137061240452 482.2038738266509 43.40952900072673 191.69322116177867 352.40342131985335 368.19034544614055 454.1298901384772 248.9788887879855 245.2191834511486 241.74414766897
2004-03-13 619.4943606803712 204.95987379601084 423.38404162741 38.76990770080181 191.74278413692082 1000.2341619914824 328.3045530561834 416.16287116185407 297.18489684555 212.3107931712862 324.35057258741136
2004-03-14 537.9547306552613 223.49470353333191 406.1954206625848 42.82544195847645 174.2178517075051 1718.2802663271507 293.58437060875485 360.8613876979837 257.21781917311984 184.88735334313054 295.4301414639012
2004-03-15 469.97745834813355 209.46209305340076 383.38716336352064 55.24129035470206 158.70440622164296 1646.7975937689412 259.01767080056453 314.9789419766419 220.65693739520447 162.01584413508652 252.75974299405095
2004-03-16 413.25591200481847 202.78078989780585 340.2706378318363 54.39927812212074 171.21442111272958 1616.4131420122494 228.31726718249985 285.558310723545 189.15511648237916 142.9222244565375 231.80545448229563
2004-03-17 365.8764850005962 257.3569312407757 303.3891981226366 50.270479779031966 193.54778267805264 3341.248554606295 218.83799423932047 254.89234446818443 163.69103715642552 126.9643396052865 201.16878943572016
2004-03-18 326.25161856336655 276.7863932808503 270.24382828183303 44.03648076883803 174.45498568430966 2941.058439888626 208.03765673216915 254.4055160160726 141.74274756389886 113.60944590810763 177.41479324572992
2004-03-19 316.46412802925306 261.37452394385207 242.48956632946104 38.83243528165849 157.67520945044328 2521.7888285676727 186.08163234125155 282.70208349337264 123.4388176208767 104.66732757245065 153.48624798554474
2004-03-20 309.63592275718815 263.8463726896038 219.21124681153367 34.88644712243839 143.5740166587183 2161.7591967131993 167.06557251965438 355.26594561669765 108.26834747578968 152.5206562538119 133.76911719407155
2004-03-21 278.6737838986132 272.0090847122806 199.64961449565163 36.289356988690166 131.91567647241317 1851.2855360818457 151.11406200440643 339.7026474476242 95.50780824218998 205.5814906692394 117.20736361199462
2004-03-22 252.67468010572705 268.97398416236433 183.4889956212613 32.85139879004545 122.60081805962628 1744.994308409293 137.70729247755276 358.7245020137032 84.84294711453906 300.61181496395193 103.28038354222672
2004-03-23 230.80813378748033 240.8734077170593 169.52474348346527 30.07006572717652 113.95282692868416 1649.3144579971272 146.23346715068502 362.77830001568236 75.91771988281322 257.4863116982908 92.39181091007407
2004-03-24 212.37402254760084 222.22124497207994 184.09845730898226 49.66977694722066 134.8022098328522 1741.7621819017083 287.8483705606866 372.477525068769 68.43674313649919 223.602125878208 100.97167675761995
