2004-02-22 775.2257078081012 774.1235083271303 813.3933207793651 774.1235083271303 774.1235083271303 774.1235083271303 774.1235083271303 815.1926148961908 774.1235083271303 774.1235083271303 774.1235083271303
2004-02-23 702.0956866371324 701.1137385324004 736.0991641077079 701.1137385324004 701.1137385324004 701.1137385324004 701.1137385324004 737.9566876994294 701.1150688724007 701.1137385324004 701.1137385324004
2004-02-24 655.8014182805781 639.5583735694266 670.4716753916761 637.5089613690167 638.9153581415076 644.5929493321338 641.8979298975815 871.7577452659181 638.9017066479246 652.6568874625019 635.7500805767414
2004-02-25 674.3657424272924 637.9732936084976 695.615829627934 581.4675067062792 615.8851003434012 596.1372468253821 653.2385343066873 963.2081362866548 582.4753898833197 612.7412563658161 694.3705248448958
2004-02-26 626.0355685576957 581.2301184552036 657.8884587184182 528.6423320744091 689.8782474537711 614.6818856570177 611.5186775577473 1162.9099704810787 582.3498595155072 858.993538822968 715.6135564672061
2004-02-27 723.0240625265583 543.7862393982319 698.4932698555839 491.96160060588267 892.5420578972771 694.6431945492122 640.5793871714222 1282.730488146458 532.5691815222395 923.0695413137896 674.1316890656366
2004-02-28 943.1501978001772 500.3617075868722 773.9625355706992 502.63924165000486 807.4010695792523 1023.007338307423 592.277698867662 1244.1305032710318 488.4531353679695 870.5585379484872 663.0606537120734
2004-02-29 859.5375235386905 455.4323724926592 1092.4300056143088 525.3449775178356 776.078431242944 921.8378908966799 543.9012824784357 1200.8489049353554 543.4838676388285 874.2353260992762 681.9247513144472
2004-03-01 833.7063744456244 415.13539581231834 1184.1743352485862 477.42044601109984 711.7702053941401 925.0474795002291 523.5414953417899 1207.3575451281301 495.0637421254302 804.6158760496925 652.7995817815084
2004-03-02 761.901391493674 378.9728987879974 1142.5252779935993 434.4625701693985 861.9911064722302 840.143995828916 500.35895067707946 1187.8677034842408 450.1809600614259 750.7601427015085 601.6491687636786
2004-03-03 695.0853332181553 346.5011121704004 1097.2062182242441 417.7200611731516 1776.7232454712823 776.08178125376 454.6437901985003 1104.4689418641863 409.94028268015654 682.3994077344381 558.5683519248261
2004-03-04 636.9958271440994 317.32447865173924 1071.6267104739368 850.8457239205844 1633.26256970148 704.0943862581262 413.6686518832368 1074.4686261941843 450.54271114398045 620.9035953221199 633.7379074448628
2004-03-05 580.2550247116797 292.9866062548789 1099.168772937059 880.0573331182646 1527.2449833233786 639.607081466656 376.9232989998621 1000.7986159338227 463.9064211613704 566.4666786590669 578.5814033065105
2004-03-06 604.4551553583925 334.5669627705565 1029.5379300508298 885.0910230940124 1384.129604667363 591.3583223170394 343.95296966036545 1381.043837058402 557.9029299244537 530.5933639453523 601.5861696879018
2004-03-07 558.778355984559 485.6930742036059 1032.2636338418026 1527.5401679488011 1258.6593845172865 538.4923478252748 314.3523500200615 1287.71542170249 504.96007516276563 548.5771251282662 1034.8706263422873
2004-03-08 509.43141398081474 441.60034680332944 1094.418816532078 1498.128927839076 1150.2200902340624 491.3090815735462 288.36724114460867 1250.5563537746982 462.49140525989566 552.8109511835821 1037.4925596688938
2004-03-09 464.9980510494278 520.4489669372604 1253.2115781055588 1628.5355966544057 1135.6998113898933 448.71760463319777 264.8258131452415 1505.8440006739 419.9240382343185 503.87356565242266 1482.0122690157582
2004-03-10 431.1306040711346 474.7388212373708 1513.911122550388 1528.4478742313465 1753.0152105158634 410.4657584662902 244.29375162594297 1378.2637046109191 546.8402970179003 559.1328568555042 1450.4929127970609
2004-03-11 419.8285372545897 510.0596623032613 1415.382854913708 1428.0539449498326 1738.9045396617482 376.0886519316961 235.94797771480816 1303.6276211395782 576.6863219445369 508.75805684903065 1437.9446806650344
2004-03-12 399.4270921414284 630.4509007675005 1331.6513261172456 1403.1836690445941 1630.8301911281596 348.68487525240135 219.25235027217937 1205.5740259622494 521.6666653612228 472.56738373144 1438.7819878478208
2004-03-13 424.9896762833692 634.7394965004629 1217.1951025843925 1572.04437207848 1501.623740016074 320.4757256774756 202.01941010202444 1102.2780906538628 490.4894414374445 431.6581086405188 1351.009358275434
2004-03-14 425.0568127307079 600.2090094426671 1113.1970675173247 1460.7272084985689 1368.0361619861558 295.0699415008322 186.48004865720287 1009.2547343012842 445.3423663357362 394.91504713127625 1316.1366180677937
2004-03-15 388.0886228812954 565.5130953755877 1019.7419815837346 1368.898816531819 1240.0803610621497 282.7026040779073 172.60579668615023 925.6205734731759 469.3274694813625 366.8353380583379 1373.8600477704033
2004-03-16 362.27453163874446 513.9869472885039 935.7020057269677 1253.6516889069821 1125.490569352979 261.5707207480143 159.91785090441616 850.3724289356944 426.02896180239225 355.7617095293949 1287.5899396506263
2004-03-17 332.4734444909245 467.7986158878918 860.0717244386243 1201.3840483530312 1022.8251116048968 253.0837140882209 148.94015323198033 784.5564360199962 387.2338446864118 421.92797916389515 1207.672583662656
2004-03-18 305.4236554840328 431.1460351133012 853.3521670963366 1379.3921120974755 930.7991388607172 237.12373542219112 163.68964057548305 730.0129166358064 352.4569442510013 385.9691309255959 1113.9285291652307
2004-03-19 281.1308345134965 394.1872851746222 785.2509510743457 1308.2182778114488 848.2675314064129 219.5509053376727 218.4763823907326 674.011418682667 323.3901021684458 388.386268928107 1029.0122106557515
2004-03-20 266.83376178564185 394.71868112913756 723.8822668350424 1246.2629971771853 774.2096666684033 203.66407893033127 268.47362810469366 623.4602047158728 314.6090837116211 364.2395975299686 1003.0235962380378
2004-03-21 246.1948028296875 360.4846379829444 668.5310406333755 1249.804149028284 707.7158486030521 189.40409518996285 284.79223815137533 577.7830401180161 287.147715358303 359.3846402352804 919.6923824764694
2004-03-22 227.57122571864787 335.2722172432988 618.5596715092797 1177.1535930388868 647.9752173172077 176.3623320652116 280.52708324178116 536.4660449803131 262.490975515434 367.7752539932086 845.7032235238348
2004-03-23 210.7497428945782 307.03808536204554 573.3995940456474 1137.0326898503674 594.2649774341589 165.91977720768205 449.84098598747465 499.05090544055867 240.33821594087598 558.9034649500297 778.1000441397524
2004-03-24 195.5401528269161 281.65156156557555 532.5437612179375 1055.379202308574 545.9408013374132 160.6610146438169 410.80255067631924 465.1288252734442 220.42144053139242 554.8123305026995 717.1844461015958
2004-03-25 181.77282642775813 258.8084613938224 495.5399469640249 983.4233648556547 514.7226486108746 150.13489513871824 375.8103545592059 434.3351369819021 202.501747087987 577.7242631512971 662.2459979897193
2004-03-26 169.37709477544746 238.23760617084332 461.9847790532163 905.2310871812849 474.43852216898574 140.56186049754842 339.84990235967894 406.344500447897 186.3661571732851 652.9604952674517 612.6512419894838
2004-03-27 158.04794841735412 219.69722708414096 431.51842258898256 847.197904541324 456.08055616071175 131.8433766724484 311.51035995058356 380.86662504970303 172.55248566622888 610.4585303199298 567.8353109066652
2004-03-28 147.75537223184332 202.97176144259603 448.6028353562197 782.2671132247939 432.46579033051734 123.89150781268485 335.5179693568885 362.83809451032477 159.35665629274718 588.7742464683364 527.3757513292597
2004-03-29 138.39183891131796 189.31054144144915 462.227648273165 725.5426318348522 399.61617910141996 120.07081833957706 303.54327145352073 341.08118211731016 147.44346219551107 540.8249136878154 490.6518323395711
2004-03-30 134.48289382227227 195.79271340135043 430.823707302061 673.6328026408137 376.0379236335563 143.2752364535732 274.92787831515517 328.44314371292154 136.6773470778969 497.65259308679816 457.3539433751621
2004-03-31 128.1538108292382 465.5948350197462 413.72667025230214 625.400461348412 378.2129274986057 139.15516432649977 249.30888887709213 309.4469698326853 126.93742180389098 458.7487799285123 427.1244960611857
2004-04-01 121.10569506582169 424.4442803420456 412.7617514355411 581.7256441741243 350.11605646695136 133.83236853613954 226.3628945284462 292.05361941065894 118.11586760100936 455.7007914363543 399.6444635842569
2004-04-02 113.92671252587928 384.42512927378147 384.55307094871955 544.6788001532293 324.7173031373395 124.81500569458386 211.64307752892475 279.00800222016807 110.11651338073194 420.5272934584281 374.6291861794269
2004-04-03 109.07700926845251 348.59670613589503 359.3383986223796 510.5068385697022 301.7325449741351 123.82660015772358 197.90845474706558 288.87970492954094 102.85356818266106 388.78555937083433 351.8246338923477
2004-04-04 102.87843789795537 316.50669032327806 336.0327377020937 505.27089841219026 280.90837177188143 116.46337962375418 180.7015397134509 272.39837900196073 96.25049182078413 360.11249671461417 331.0040767371254
2004-04-05 100.63364157168182 287.75197349201744 314.826258175126 531.7878059051089 262.0187428732484 123.07580985338271 164.78553200920697 257.2957587679803 90.23898865632239 334.1843111822593 311.9651178120012
2004-04-06 98.41115992852728 261.97329424622467 295.5023080986502 681.8965207050406 244.86200886639102 133.16596828558065 175.20612489599444 243.43312572419472 84.75811106633239 313.9194115014079 294.52704978296725
2004-04-07 104.91334410388751 245.88043211120674 277.867527430057 734.0736303621541 229.2582580027517 123.48474184187563 223.26006603592677 230.6865693576766 79.75346064248299 353.43062266618983 278.52849946446497
