2004-01-11 2.4176316845413854 2.3886291818572585 2.6190960333814792 3.0638770643316957 2.5488648567136187 5.412996425021149 2.2924861842012665 4.791444539610955 2.429482151697697 2.3109402304439244 24.93394137146324
2004-01-12 21.168024906491354 37.17065238790315 54.59758678855552 5.306222691148773 21.826480764374097 226.34571858928084 70.06444302417115 70.56494642305584 79.67446156602249 3.5221603358423232 112.72532989707658
2004-01-13 18.807223978750294 32.987748147183915 46.53304466359612 5.640572446893551 86.64020234528209 200.4268871437995 81.8223026262705 64.12128660310378 66.34850004252581 18.728782365945325 109.97820951111906
2004-01-14 25.16524556256499 28.05063175752231 39.55584549878113 4.698893862562003 103.57260948822585 166.95825597883882 85.51063036775682 95.60106682315522 72.44559046665131 17.1499354138291 92.17085986514552
2004-01-15 37.08482210170217 105.78813692262709 34.038812080769574 30.789319529907182 354.72375009170526 157.63090446703984 90.26047323432725 100.37881500110521 273.35364536435964 19.19627773762739 81.19491492612137
2004-01-16 36.003776533442995 97.68978420483855 33.25648326314259 35.545590006601934 317.0141015345754 159.1661002100954 81.63421747898066 91.97432230960231 230.2574817926392 21.041142048689746 92.31460432044477
2004-01-17 46.002124940841206 173.87013601739136 65.30050748933093 73.38470489145733 284.0296136500078 135.91524621068362 77.86614342109844 88.04210814714354 303.3723841705492 30.019276876821642 90.78237917340934
2004-01-18 82.63674034266403 147.09480712518555 144.3374482813194 181.65763552819482 294.7424053639902 117.56860123907838 81.03835152308064 102.41646516140341 312.2223836117964 59.84575219891336 103.99179643484062
2004-01-19 90.64807593516784 129.8337594717673 338.93032571767856 256.06387874711 279.8457424685927 152.40793378050435 70.6222875842717 319.7129898490864 269.29374839811976 208.75537683380904 86.5080755724248
2004-01-20 87.76047951078412 112.12102024689528 305.7821751435969 235.3946255700849 258.72897865025 570.28618648941 62.62292196876775 302.7710606613311 223.91529424196966 258.78084800278083 72.6830718543588
2004-01-21 94.3501346961239 166.75857734391604 279.50912372651527 247.62955328404993 215.89793264261377 491.7840471220689 54.56663547641449 323.08998032510664 193.3622939258546 234.30426216945799 66.65911429326931
2004-01-22 136.22992294103176 261.8135785266922 412.1475660758856 262.33779390717393 204.8594778091344 420.371369945965 45.295485957133366 270.14140492516265 164.02826291343445 196.02195407799286 56.15673303637978
2004-01-23 134.30156735453795 257.8185080963228 468.57168119676606 270.123389211408 179.3111129927082 375.6861394568818 38.807128378725345 230.5153099114336 148.9663332029593 163.42514247613528 51.14704279960587
2004-01-24 135.5499141074071 322.8314243348445 418.2787761308782 257.9383126538362 270.7312321619151 410.5161377099743 42.79930317358646 201.25435943785152 123.57993635428726 152.4587831392965 55.38144637942946
2004-01-25 122.65010633563901 267.81556324694964 348.3980679945278 224.20278850027856 229.74232762195186 398.8977786333302 45.67352426286491 183.69169040510008 103.45628063830891 126.75704838454 65.95477307054499
2004-01-26 140.39609213698108 222.1752361699933 289.0251115334878 224.51133615691398 192.02853855451053 330.918812562903 60.277620037534895 181.61223106414363 86.66803947023071 117.57672365166327 77.50811913725803
2004-01-27 122.67324215292963 207.01489840154997 245.24569594101345 200.40678168833892 179.29001379366832 274.5246185206304 55.434497336369596 154.679995401974 86.08707056336048 97.53965015586195 97.2290931003859
2004-01-28 106.90993114914427 250.8013716551556 217.17997873391397 166.2869585136785 149.84779487278973 229.2431401621764 77.24134909118793 131.2708984141334 95.90379875637684 81.43716730785755 80.9116850686108
2004-01-29 107.59412792703854 245.2884247184194 200.6206074376212 138.00497703473766 124.37482760240218 190.17621003197084 94.92576118400085 109.20977133559612 86.81725965308893 69.50822965630071 67.92065217731188
2004-01-30 97.94509126570742 204.08635674033349 166.4314437056106 114.52481372602747 104.8244164695654 157.7669492598046 79.44010523812288 90.59856882246984 75.0325159557429 57.66284510287123 56.34581782836863
2004-01-31 81.70124394693089 169.47040631666965 138.55161960323602 95.07907111112547 87.73481582653676 130.88077775112586 68.11132441195188 75.15915118870514 77.8390642971466 49.12010652073858 46.96225630963194
2004-02-01 71.16418249377833 144.92292962584355 114.94006708900565 78.87598025608304 94.14386948085732 108.57646715682493 65.30242416545127 62.35547865490362 98.83419315070549 50.80516646098084 38.95908908418311
2004-02-02 72.39041321885858 162.56386865465484 95.35232471664732 65.43417167051014 78.37496346537665 90.07319044721758 55.124223316872325 51.977703760387165 83.41887588765209 50.00525491616626 32.31979767458543
2004-02-03 67.16692943464265 149.08246889822672 81.06424296762883 54.283075890845815 65.01853666240687 75.5190329818847 45.831957800371015 53.52543749616559 69.20288061932054 43.44258781714148 26.938897355693246
2004-02-04 63.17088509533519 134.2330275938195 73.08150767208552 45.151237552918715 54.07776870937159 62.74724083768876 38.02141266540795 44.727242123205066 57.40953273527432 36.039231966551355 22.618784156538283
2004-02-05 57.92705572872886 136.6869078396001 63.673361315675955 38.265800179935866 44.86199714791246 52.054043772185565 31.541917265894153 45.9712785181792 47.64814242184442 29.897533871737256 18.785878343273804
2004-02-06 48.21757439563621 113.39313392555549 59.00508125221948 31.74465699131917 38.70033828161534 43.18799805043442 26.194525927347556 234.88359381325483 39.873727499145424 24.802485592403702 26.78436622187599
2004-02-07 40.00047961744818 94.0690152750229 52.731604601621086 26.33482751590032 37.17962952801551 35.828028626241874 22.731280670318412 252.69153660864174 33.078566147151726 20.575720198210956 70.77460725160219
2004-02-08 33.18371754865183 78.038055113831 44.18242695486197 22.393976568444955 30.843588292451916 29.722323172835868 20.161840242889483 241.34421260068223 29.206828659380907 17.06926751747556 92.57802874735009
2004-02-09 27.528647678224033 71.41757164389848 36.65298993176435 18.57766207668879 26.595164295639563 24.657133776639185 16.725919745954194 245.94524123527307 24.232575266160882 50.032587035936956 77.5410221970081
2004-02-10 22.83729789710031 83.85272803031701 30.40669704067022 15.411712483523948 38.57250903997281 21.512372513073064 13.88236867102184 212.76576462868803 20.10293228479169 257.0733096429291 66.39893480185
2004-02-11 18.945433910778824 69.56279697776797 25.22487869732721 12.785294548599452 64.00397495342985 51.930092844194185 12.303001571557992 182.5206231290689 16.677050705843136 213.26364528806022 55.31616903089384
2004-02-12 15.716809741894515 57.70811322466031 20.926130333847453 10.60646290081021 86.0932398743618 75.84337429582501 11.558975273672456 307.2451531863255 13.834997616525548 176.91989286917635 45.889352991506414
2004-02-13 13.038398044944001 47.87366921164138 17.359961806102785 8.798941224126075 132.01847964367212 80.43155154304138 9.765445706095862 273.2550467947191 11.477363757980628 151.30301995078105 38.072617198833086
2004-02-14 10.81643325650585 39.715181726064166 14.401529050112853 7.3092842428373945 165.69711840407754 69.31509097272921 8.101247663702205 226.68773920460595 9.521425762651806 126.8155819663608 35.298892845960644
2004-02-15 8.97312905996275 32.94703927040468 11.947263553790568 14.138858281903433 157.05188351416237 62.181267813701915 6.720657272987989 188.61851405830467 7.898812868996545 105.20404987603872 29.73147490503901
2004-02-16 7.44395525006554 30.021248919275443 10.485669483606545 13.099886887610198 133.00126154339435 52.6931498871577 5.575342966410063 161.81703241055243 7.034796959065791 88.21056711900577 25.232136387618393
2004-02-17 6.175378666091556 24.90511749165288 17.547669776639836 10.867443354558183 110.68318312133624 44.51351638985784 4.625209697574635 136.76850480274848 6.11815739232083 73.1779861661104 21.0510463615231
2004-02-18 5.379027790437099 23.553307462065906 14.651403321235652 9.01544616970953 92.3113264787656 39.009532651825815 4.555846360341756 113.59385260117301 6.644789445004299 60.98596857273881 17.463650931482686
2004-02-19 4.8273628686663885 19.53942326773595 12.15455499916599 7.479060804567383 76.57990638383437 33.217218079590246 7.299904906973463 94.23552807442235 5.512404306700983 50.592922257510324 17.44053515910623
2004-02-20 16.131996801307064 16.209573209649683 10.104736413741719 6.436866986649612 65.52012892642972 29.500004163717808 7.706292449100647 104.00627756299905 4.572996855962409 42.16674182596362 18.5181683716969
2004-02-21 57.74056236300325 13.447186236702148 8.38271746399144 6.285217274116957 54.354384568365624 33.056623504902475 6.4873583401839925 136.30188376954356 3.7936804125963275 34.980811832299516 15.517596271370039
2004-02-22 158.92066315247487 11.155574248379002 6.954159831972152 5.214109349460571 56.74312324804473 32.374582337413074 5.381802139784657 113.07372450565875 3.1471727460632697 29.019486530337126 13.405162635599206
2004-02-23 131.83787917371993 9.254474658593352 7.020021185732632 4.32553643293946 47.330804732667765 33.82028159419927 4.4646515196153755 98.48014872675628 4.875701128541029 26.985133460701434 17.079790723949976
2004-02-24 134.3184686966486 7.677354773466153 41.46867669105193 7.569493975515348 39.26483058753421 29.898518758552374 3.89320427839337 81.98466538084585 4.314220698793709 68.32513613783532 21.088613106399496
2004-02-25 111.53921644553408 6.369002940964794 42.46715638009594 8.259514670743398 32.60155174616357 31.73594201426075 3.5184985077299222 68.1290717182569 3.5794676983807934 56.681370842415355 27.704353587308045
