2004-02-01 1343.5391803000318 1318.9592590893621 1333.017882960169 1630.9683492623783 1217.7273687705563 1225.7487001081413 1328.2241648390575 1258.672123463143 1244.803409943647 1248.1152415432086 1438.8947497484783
2004-02-02 1295.6899575440982 1311.7840899253597 1251.5589013899319 1534.0660158536646 1116.6926280507491 1267.984114036321 1296.6904011650058 1161.7558659976148 1194.7848938278914 1149.387733931161 1370.98724791388
2004-02-03 1282.2178805067583 1262.370591355657 1247.2794920763622 1962.645647988253 997.4309912087876 1356.563325405094 1204.5895401824075 1132.6001275758388 1081.0044167342012 1199.3488416527218 1273.6193225757838
2004-02-04 1230.533611606201 1316.9207616382034 1211.8337637414547 1815.382938518586 891.137673596564 1450.1159398551579 1123.714661320907 1072.53777778132 998.6307987927962 1204.2126995934775 1206.0523625614715
2004-02-05 1372.6264493195692 1675.7995517238621 1143.035264546006 1737.599013193237 816.0151683172096 1638.2674705802906 1017.9225626891546 1072.576714707114 991.3904415020147 1498.9756742886295 1345.5324712453196
2004-02-06 1476.9362162886473 2102.085315678743 1103.1066160756748 1590.2434087907648 908.8810378861488 2173.3829461943424 974.9716719721539 1507.8814804846322 891.5508675742931 1754.0931444779676 1668.8182105857982
2004-02-07 1414.8806418520242 2020.6111971962202 1027.7794102091634 1535.9551097468916 920.8523727202788 2011.4489591369704 897.9541269741937 1623.3821029076887 890.6702980813614 1995.0213578393736 1613.3867903367764
2004-02-08 1313.250184811049 1896.2193147908808 954.04367377268 1410.5685240718483 863.2312846543903 1863.1846855767621 827.3147653516818 1680.4963700354983 799.9984927574883 1865.7187592517218 1493.49484597586
2004-02-09 1206.0733552506222 1729.2966721692508 868.5682917988314 1295.0068900127965 798.5218894879882 1687.1531819200848 783.5254445127227 1585.2585244130305 735.1843306044643 1734.9173584783557 1365.8876268213485
2004-02-10 1112.7731996810403 1572.5744111897875 789.8855666370075 1182.3533171373297 728.7574446375451 1521.5101562955927 872.8460794623946 1460.7760946995265 662.4297831958567 1723.617419924747 1232.8838622371495
2004-02-11 1107.6979539602353 1441.742857585482 715.7218828666298 1084.7573757276803 664.873877290557 1373.1174102175335 794.8320314943844 1332.9721809261077 597.404890865595 1604.8035718725298 1113.9441992955674
2004-02-12 1010.7350865394407 1303.5245240652546 648.6129478350165 981.7876317067432 608.2672227321565 1240.423380083502 750.3650847176622 1205.6680375164017 539.27372495495 1616.589840377645 1007.9800841102327
2004-02-13 940.6534992063666 1179.8356159705456 588.5194706957399 889.6564608389449 549.3324109642915 1129.0020917206375 679.4492607946794 1091.7473425134033 488.6631839391009 1537.1385197002446 912.7211939610577
2004-02-14 858.3405200465388 1069.1245027997973 534.6845978891598 807.5713039553826 494.5758514226945 1074.0935133871737 615.9649919580861 990.7226931542315 442.00673611224244 1423.1765450845387 827.4447470841244
2004-02-15 781.0848790848984 971.6994303681859 577.1881723428455 772.3409008184336 449.49637269707716 976.6023347469171 559.1100066900624 947.2828368902581 400.99484900790725 1398.875265766357 751.0730949990134
2004-02-16 713.6344306964451 895.9574441894838 524.01889580423 710.5190873505564 420.53909626928464 1148.4556611879739 530.3812017549291 878.1571241552722 385.6545756611901 1410.713296972223 682.6458426865386
2004-02-17 651.2338391977795 814.9774195034595 480.0971528418277 665.8959748491657 379.41284029065037 1062.8131939333518 515.2819185819831 822.0563432238698 351.71770670112954 1317.364034136982 663.0814079653793
2004-02-18 595.2100317858883 742.1457126530773 436.98136160034056 606.2235581605869 344.3819084554603 972.9049711585587 476.7674526576188 747.664042226356 319.2898622376702 1229.7118976810004 622.0870213063342
2004-02-19 545.9161186685092 676.81138849519 451.12242872166377 552.699462668881 312.6488042171286 892.1309331134005 433.991922509748 680.961375864116 290.2340996324423 1132.4703602102522 568.2123940645623
2004-02-20 500.555958506032 618.1689881720016 457.6139809736237 528.7869668324994 282.9065805532469 814.837142932088 395.62549390458366 625.3535119193182 264.18714651325524 1054.8925493210397 543.2034003689247
2004-02-21 460.13920487890715 565.5005803047194 416.19733961317047 548.839730640477 256.2874206177976 743.3300935944707 361.19431859503857 572.0950773003096 241.00344704008745 977.6942181839648 495.672145941835
2004-02-22 429.6287879126866 518.1662213720472 379.0619285706303 500.54970864864845 232.45399321979372 676.8293756486551 330.2760452075946 554.4611040644089 226.12591853914773 921.9469911695903 457.80467498766944
2004-02-23 395.8002283099805 490.5893873195356 345.7472818606907 485.06302826153865 211.59891375772239 617.3681808764923 302.4942064625488 533.2915557518652 206.64083670502808 891.8597819997507 422.90255530899344
2004-02-24 365.29852844940825 453.56752674771934 315.8429862124106 453.5092455614088 256.4930292672348 634.4193973512619 277.7315914863095 488.6538540048408 189.1129031806403 909.1942286329938 396.6315347293053
2004-02-25 337.77087418055146 419.97037050447113 292.69728451844566 415.4629336044245 232.30127326513622 827.5685720349867 266.8654865043334 447.88820329429944 173.35734343774936 861.4154317996538 390.4333485546451
2004-02-26 312.90266067790304 388.3565353647519 281.3645130355917 394.94281181671363 210.64309108503744 904.156559215829 283.7651903005097 411.2201324223545 159.20690391911788 877.0827980755553 358.15687025507196
2004-02-27 290.41333165311573 358.4542800621173 257.84835257393667 361.9144360936097 191.2450172734693 897.4122471690182 271.08312491456996 379.595130765471 157.50336918019894 815.6027823740933 363.2520489220946
2004-02-28 271.93758615874776 331.4666027187226 236.69751759820036 332.2088612827941 190.89424235182318 866.0150397652748 248.67083688275972 349.70692990667106 144.7996018746601 770.7395530294712 507.8663721950811
2004-02-29 253.27677378132174 317.6063039048437 317.72989582524826 305.4713939931001 187.75196775252917 1012.7735674458012 228.503938096572 322.7580461298764 133.35685965292964 723.1884656129064 600.4507029716102
2004-03-01 236.60129840981992 305.67292092506506 293.64340141456313 281.4858538488348 192.3148761600719 964.4182151802481 210.3430277446173 298.6417399412843 123.04104919412153 701.7240265325796 590.8125481912487
2004-03-02 221.45624299932282 286.7731850713395 269.2734639663988 259.75933208029244 174.53302064150373 918.2551567484217 194.50226963444916 276.64901329278507 113.7326096839876 787.1809866821158 570.4247421269777
2004-03-03 207.46018814301522 266.7993421741299 246.12920564755458 240.15259219843279 174.44402659607542 860.8375633526036 469.8581184953208 256.7590902070148 105.3258334207852 843.6468508529478 531.7627621837877
2004-03-04 196.06627996375937 255.75032904470595 225.33612150880836 222.4426141300501 249.4678841459174 788.8733271392316 424.81433033271486 240.4041631425246 103.59248695019436 882.4620726700006 496.4894042632354
2004-03-05 184.23108089836668 326.7148192434041 206.64254625328755 223.04956066427894 225.20076292709845 726.3786574254852 385.75952529887974 223.9023661902002 105.43493598207951 839.222907344577 452.6958926230457
2004-03-06 173.58941026847543 820.7785934232743 189.82413627572862 225.51394800970562 203.495393446332 666.8760967200639 349.5557797653495 208.92961026540576 97.77985138479862 797.5390379151196 413.39092051371244
2004-03-07 163.6807746891443 746.587777534565 174.6808926055431 208.70897057938728 184.0716280892483 613.3145140211368 323.5251529944111 196.33910294896748 90.68457032445887 737.2911781505758 378.09285509208684
2004-03-08 154.60128442341974 681.4284675028273 161.03450854531724 193.51988586003438 169.98991741221428 573.5694083802051 358.09298006798826 184.0337737555914 85.31374956786945 684.7190832036772 346.8278802880874
2004-03-09 146.26750545725085 633.3996968606473 148.72600658299353 179.7764665511519 154.0688267125311 529.1317175187858 487.97972635252904 178.29932453787805 87.65999331599727 635.3076370549618 319.55495858700795
2004-03-10 138.6049105199974 575.5950619199734 138.15446461632624 173.6760873024393 141.47930618119818 492.98648946015413 467.3569201664704 167.29021933098116 96.51350842128151 590.5815082303379 293.69678324530275
2004-03-11 131.54691281518097 521.4279704726312 128.18027376070413 161.6922190189585 138.89777585040207 456.34260325746067 423.8567746577306 157.2466857765458 94.14607183784673 550.0492036792054 270.40855220033586
2004-03-12 135.49338673488333 472.92981227323503 120.31887362040297 150.82153195652236 155.44578563964433 425.1429920520823 383.4689089871213 178.16109972886423 96.57449684699137 513.2723038641234 249.4168889641542
2004-03-13 133.59354854799727 445.62753199255235 113.21793766703455 140.94799594518756 304.1750373099359 394.9579198666868 355.76964689661185 168.0201599477797 89.05294698482184 479.8596876872306 230.8002328870501
2004-03-14 126.42610659277464 464.9620945406778 321.4365132498608 131.9680886817241 674.207368847429 367.6142143612583 387.7672146154225 161.32544243282447 82.26790779095849 449.46238705738784 218.6670866070279
2004-03-15 120.8148028950612 513.8743084618578 423.32219196196166 123.78943532234935 685.0880245480504 342.81448363483963 354.66176613362944 151.24030049402697 78.09960404625282 421.9771500264392 262.0405186793689
2004-03-16 120.71031542907478 467.7279695225042 381.6885026818513 120.47953918822023 683.536238074997 320.29343000864276 455.32030403969424 141.8651196817718 72.34836101812712 495.68254401968386 311.77415291408187
2004-03-17 114.62921807862473 426.74048603855954 344.24084872916444 240.0149651743657 715.8114284457182 299.8143583136732 435.23939985521514 138.19389752931377 67.1473293917362 480.2474188346347 607.3636271950578
