2004-01-04 0.3500900895365425 0.1909806986007818 0.28431255825521556 0.1792650127453309 10.14855517392241 0.43433096024404594 0.1792650127453309 1.2901843675571858 0.1792650127453309 0.1792650127453309 0.6223835858323654
2004-01-05 0.290428783828398 0.15843433929561254 0.23586086264439907 0.1487152055743654 8.419068762153639 0.3603135773694935 0.1487152055743654 1.0703150074258725 0.2700191245775481 0.1487152055743654 0.5163188370935013
2004-01-06 0.2409347793530026 0.13143443317574413 0.19566616004882353 0.1233716051469835 6.984316250652973 0.2989100154499692 0.1233716051469835 0.8879151258749863 0.22400327317303725 0.1233716051469835 0.42832932552562114
2004-01-07 0.1998753950513224 0.1090357702824085 0.16232131842090097 0.10234698528511496 5.794069969878671 0.2479706648545096 0.10234698528511496 0.736599286460579 0.18582930550133314 0.10234698528511496 0.3553347232849071
2004-01-08 0.16581322818682118 0.09045422051026958 0.13465900494694052 0.08490531824168225 4.806661899468467 0.2057122459945709 0.08490531824168225 0.6110702397144613 0.15416083119689655 0.08490531824168225 0.29477964278340946
2004-01-09 0.13755583389711104 0.11125844477749709 0.11171082017910425 0.25581853317217607 4.076846416726167 0.17065538045413306 0.07043600791632426 5.215996143406309 0.6762640289915746 0.07043600791632426 0.24454417794108022
2004-01-10 0.11411398020586941 0.09229811346732229 0.973286377857185 2.205575034530581 12.49326253068098 0.14157280106104525 0.05843251416941089 13.615060918371457 1.1554076699843798 0.05843251416941089 0.2202037484216505
2004-01-11 0.6000338979775178 0.0928830720454833 1.564159359272101 5.591830115738418 10.364198105727137 0.11744638784307543 0.04847461991651483 14.19897344070116 0.9585065514479619 0.6782294093399494 0.21019944632573484
2004-01-12 0.5660449585373469 0.14279691933816147 1.2976098472347835 5.105333156212433 8.940242522224105 0.3935552988354849 2.3544483606113076 11.823973215618736 1.6258859892236088 0.5646809704863381 0.815722328463685
2004-01-13 7.742390632112672 1.4046440566234335 5.969889635898017 34.43817239870977 11.413377194986342 58.04743501286571 36.166856410188615 34.81597543951392 57.554034260324116 0.6588980985810249 2.0593895348337963
2004-01-14 11.427407928781044 24.43602299553576 56.77861706209375 172.693314369719 15.041015498317751 85.69683333671193 150.4930974430729 51.17544109362321 80.13957074221756 3.238629776196951 26.795282612954576
2004-01-15 22.486042287109367 21.850614860639944 57.02989324641927 146.8752651703829 13.302995389181104 83.21300556462492 132.90665240983108 47.19434294145614 71.01504020123214 31.047340436488177 32.068190834258985
2004-01-16 19.78911046900065 18.725402521338726 50.806924993168636 122.75952385414476 11.06199345629072 140.3722277542532 111.13994851408276 45.86684759812191 87.10448453775996 49.822623569828544 50.54098669596602
2004-01-17 51.48363983918699 19.469036862932143 54.79219712532193 101.86590712224317 9.434808259529698 302.85456119725876 97.41859382250806 56.41669946488849 103.41488622265547 41.386359971168 49.92937811552627
2004-01-18 70.4255926780593 33.45940410826042 66.59836451947459 92.19153563047077 54.62753276198707 367.14769555920867 80.92315178902705 52.77331532302998 85.9227452152991 34.33342031856599 114.66794198031337
2004-01-19 69.70960326795279 40.230593985637135 70.00175154250606 82.11359590186791 46.210546604719994 306.6130895195539 67.13247035523958 43.98024194042248 71.28004802686162 36.57810611604857 95.12657435487426
2004-01-20 78.5858995480823 103.55571165146476 390.64187916703764 77.45689998606866 55.38982656660827 364.2703447120581 55.691955594446405 36.871289661172405 59.405790950846225 38.94863909168653 82.730613263802
2004-01-21 83.94123515742503 101.99346329916165 324.48253466555605 76.02810256579714 57.6566461622385 310.8902202584877 46.22153089289697 36.42574749328646 49.28553590818459 32.31112853854748 74.30208205139763
2004-01-22 88.40986646027265 88.90608611112809 307.95240700922636 65.99068894514903 77.20626174488173 274.83227419324686 40.00599427594268 36.28224786493335 40.886442323999944 29.348023430926943 72.5261842841781
2004-01-23 82.51992920373411 82.12190847716718 347.08458581331877 58.596447724237166 87.57770069335622 284.6208529210672 33.20100450456362 34.15240518635848 55.35913675368808 37.57046073827199 168.75078621174129
2004-01-24 72.63663332616201 96.08585299855808 379.4558152146483 48.81303356937817 73.91946198241365 305.85204877674835 27.706070233924418 30.18392443979458 51.99334968247304 31.167815217088545 177.35949867187952
2004-01-25 60.99670845878947 85.77077322368638 322.6047043904743 40.71417898084278 61.340912367627894 253.72965762781985 24.668157443379997 25.040070336634393 43.13279857571686 25.85628939112301 154.41142347133783
2004-01-26 58.32616148977984 71.23014941473772 268.73587687833503 33.77579040167864 53.07574784534389 216.1974381104806 38.36080333939246 20.772816461101385 56.786475031026676 22.344490292000316 146.4581278706205
2004-01-27 49.95598873499223 60.41283411482453 240.42604975860024 28.673513941594866 49.43871039712233 179.45586920802774 57.38723421672497 17.232775224888194 59.12424167294593 18.638763200061565 158.25439042416812
2004-01-28 42.8385724992542 50.705986573124065 241.6178448994328 23.787059476911715 43.13194865516134 148.8735368475238 52.339560869469686 14.296017225570772 80.2605225351592 23.757461332792307 162.96442703039313
2004-01-29 40.97687561935902 43.44150279229605 231.62721948869074 20.150079987256056 35.91455279964925 123.50295407613015 43.47072054404996 11.859732738732243 98.24856706763255 19.80134551541092 141.32266793232603
2004-01-30 37.87250858950242 37.498803811837824 209.74828251494512 16.716163637903257 32.10875253399554 102.45595012062381 37.14072448905021 10.338980056264592 81.50534019371834 16.426859451456977 140.30225533898016
2004-01-31 48.55695989952661 33.50832026978852 261.69601551046446 13.867445039716456 30.54489533012129 85.45701452871572 30.81131333383668 11.866934787345357 71.64980112196056 13.631583072601135 128.68626110988455
2004-02-01 63.85903655343381 44.10327137979543 263.1276327719874 11.504196542651327 25.339525647731598 73.59105890006659 37.2390415833449 10.664264049249574 102.54514539155451 11.308529466354322 113.82359044992035
2004-02-02 54.733473781387985 101.52856573435757 225.98237289364351 30.02912932450995 21.080601693693893 79.2382647391689 57.629904578342206 15.711793063765786 85.0697084935546 9.634027381514736 127.85226120689434
2004-02-03 46.46678317578454 117.42875229123445 196.56604868019193 28.368377542212283 17.747867959277123 76.00048222459206 88.37656750026989 13.034236294093864 70.57238327124547 8.035828833622235 106.0729229241556
2004-02-04 40.11510893573362 109.19148703278296 163.28158034721082 42.89671376313083 17.79032763531176 102.1107998881514 103.16094404444105 10.812980738785132 58.54564884233661 6.6663869242198 87.99629273294065
2004-02-05 34.56556663843168 129.50673112169622 136.5026506196977 156.3168917334837 14.759417369340822 140.46521810801218 92.30981891814328 16.453441289465545 49.982250664938384 5.571297052220221 73.07203173652587
2004-02-06 28.69516709561183 180.30519411618351 113.44837312968377 212.9819121089824 14.49700199009462 116.69244360463146 77.77456703427305 41.846471823640215 41.64247222648973 6.692537360229141 60.61931469424801
2004-02-07 23.805022565199657 153.65311686413725 94.11484077924013 217.20440415654681 23.401087220841127 99.11185134306533 65.0805359136632 56.08911519080444 34.54588668953468 88.68838455575573 50.28875243609038
2004-02-08 19.74824183603829 134.41268409198435 78.07607117271347 220.44663144895534 52.23409293527504 99.53424126144938 58.7926555129041 47.41408072887879 28.658680029256715 76.7625120130639 41.718693692496714
2004-02-09 16.38280554225499 114.99387165348875 64.77058070007668 233.15655544484864 43.85967937872892 90.61167575879091 79.2387273156975 39.93604372009772 23.774753515536048 63.68087436269964 34.609118721333004
2004-02-10 13.596119383693287 95.39696006821555 53.73257210835853 400.27946246528774 42.144382236418465 78.72719576427323 69.43140346747738 33.13026262415773 19.723131147263782 52.88509912608666 28.711136247364305
2004-02-11 11.281912254688814 79.220584748863 48.62365961611893 540.3280283800132 70.93722109083704 100.58650976746083 57.62815865263572 27.484302382043392 37.82295736129201 43.872578746955575 23.857154877363868
2004-02-12 9.650599202636181 65.72004969656771 40.835301243945 1414.5859786139827 61.23618260783389 112.49096741229727 50.51858074354954 22.80050979362881 98.72006989846004 36.39594512849046 25.152811521045624
2004-02-13 8.005972957780974 54.522353562088085 33.91875126057739 1406.206985312224 51.925189402336535 101.74228369557181 48.81592564700048 24.300180362110552 81.97856302232083 30.193457043780885 36.537640847494046
2004-02-14 6.641618997420762 45.24024777490143 28.13841914392979 1194.6429010651993 43.07752706487816 126.57570494365845 40.57650506354727 29.384922391650168 83.11832028424747 25.04797842276721 30.311005402256463
2004-02-15 5.509774157309699 37.53054009228669 23.343468919431107 991.2820109366928 35.90868868700502 133.03077801775692 33.66157846149547 42.23268561495372 105.74360297586297 20.779376874853323 25.145494541655424
2004-02-16 4.737837919059034 31.134697728162827 19.764156663580238 823.9938196356401 31.376608504164963 131.1269105938005 27.925072963895275 37.706263746332695 92.62956323593163 17.238217632554633 20.860274588495106
2004-02-17 3.9304297548674527 25.828815685583496 17.152959606463547 683.6986575676528 26.029500750852765 132.41380644664082 23.16616557155462 34.035655983683675 77.64771876341345 14.300532154404118 17.305328999855565
2004-02-18 3.9367886846851365 21.431300194364464 42.17023465479164 570.3409728224669 21.594250571864723 266.60670524092365 19.218256940010782 41.20460189779536 65.01877977450438 11.863478246900545 14.356206603263619
