2004-01-25 645.8221246032195 646.9515838384431 482.68837069047953 434.10925953445366 720.1243587637476 839.3473548562365 426.8823327098356 683.5488387636462 491.3382135054954 956.1964879556022 447.45522898195816
2004-01-26 636.6784292580953 577.2020548286591 465.0031190558351 419.6577815909062 606.9184943162425 730.5833139820584 462.67945491155814 707.6535786169516 447.1059363349198 826.4294418615266 387.89408896525845
2004-01-27 595.5009441487257 487.329930221841 404.46179269730345 376.18369652356137 545.1615263226702 826.2572957075147 396.0352662387547 639.1340247649892 377.5916081136293 835.1508124031027 410.6380532544122
2004-01-28 581.5378695530849 418.35473086191024 350.69905648846014 334.834882087442 478.17148904953814 694.1298117052335 346.46992756659205 603.0250657926438 429.8896901689839 829.4027451975696 361.73371977687367
2004-01-29 595.183520014543 677.2858797619906 469.4763275586428 397.44336953593944 410.89778600245336 702.2386354589612 373.3665789086888 759.6810018648988 646.7927010904284 744.7135849318162 311.2269238475174
2004-01-30 517.6605949654897 577.0682094173222 598.3075969307656 340.22097591787696 413.6165299599369 721.1114197543641 338.05973930521753 1170.4333495934675 1032.360920126262 643.1078625526048 280.58005959344194
2004-01-31 463.31321166709404 603.3057604370291 507.3651324255175 292.03292548713006 470.3995487827147 600.5362148090686 316.7350160507403 978.8779483694334 920.7620891294888 558.8027205918934 443.04051508685296
2004-02-01 524.2846833233119 556.5526387327429 420.9014844186536 260.4036307041853 539.5407858982327 531.4439066737494 291.1207569929143 812.7352990443668 783.0138633907826 464.3601646257505 551.6667684130776
2004-02-02 450.4109569590336 468.1312722349394 368.55811983721225 371.70302559034144 515.4428143730406 455.77003087077236 244.05343322652516 780.5607087371737 714.1817204027799 400.19839211359 477.12035028786363
2004-02-03 379.1538035510536 392.1953066136488 327.03674265732377 312.96441551421583 428.7757251069453 378.0990657161596 202.75120393887192 653.7366744744137 692.3722738587999 355.0865927231627 398.42926989766084
2004-02-04 332.9509904422224 333.08294204645057 338.32471974094943 282.322152804455 373.0931205964707 314.00732007956697 170.9335671073525 651.6083970684497 676.4648802116753 328.6294350636078 331.34900929909065
2004-02-05 302.15720184340415 290.73050148974 335.7836850632188 245.16353511445033 328.8407178143105 273.32798149351527 144.08566120012446 595.0186179936896 817.6094268569432 273.4113003375954 289.46673339139613
2004-02-06 312.5975100272095 254.44044731005658 422.25356578197454 203.38466487600002 437.2003627706304 238.2776221536303 126.01492350184026 586.6337574323313 892.3930943368555 233.2044039046522 249.9956005214149
2004-02-07 317.8635833525542 216.09266632463977 469.47128388817123 182.51203203119778 370.4726502401297 225.20823531094206 204.1126093302346 499.65736116009236 740.9598022824356 194.53840587411074 219.02842603031604
2004-02-08 290.16036781158164 179.2671853415112 402.7542897684484 162.37534665473618 307.84057255773894 187.1266819381735 315.40081916616566 418.23965691471324 635.2498746302126 191.91075669363045 264.5126548326831
2004-02-09 240.7121059886519 148.71700792106236 812.5106881007067 136.09642749164635 257.398186055244 160.59640689781511 296.7797616227771 356.3423555155582 529.350089798079 159.20589966854826 284.92216429557647
2004-02-10 199.69066901347963 123.68528726327168 690.1033140682686 112.947319547829 213.53315723410668 133.31723233635313 255.9933699433865 298.51539286554873 441.0636523856057 132.07450653605372 339.65903178175955
2004-02-11 165.65998260565698 102.64244410072148 602.3269027223575 93.6991752498263 177.22930732386854 116.94306332883573 227.10584136446488 247.64329266826869 367.79603827834114 109.59937758090454 282.455464082181
2004-02-12 137.42870396740543 85.15042584778966 499.694268561713 77.73124211929512 147.29096078276714 102.44904176325909 192.39379355103065 218.67227887743806 306.988154744907 90.92177953702003 235.37660274151284
2004-02-13 114.00851537645798 70.63934501545046 431.4496252394186 64.48451638233288 122.19007588980895 84.98998255808463 195.26779458996032 182.42374916418962 256.5170168458023 75.42716187485739 195.2644262677366
2004-02-14 94.57952526007135 58.6011991664208 403.7629040005892 53.5023737291447 101.36680870713792 70.50624399118607 230.12854255755215 151.3356395804275 214.62142731943402 70.18461692009501 161.9880469068552
2004-02-15 78.46156551449704 48.614558119011704 1133.23044946064 44.570623190952645 91.8526305741683 58.49078082051928 201.67703303249667 125.91735961394072 179.84032187864346 67.73425923507655 134.3825285652311
2004-02-16 65.09038024939959 40.3298105623242 1132.1818918785964 37.38261653250394 122.56802623714982 48.52295693728517 167.46554853047354 104.51042005193666 153.6441316248074 72.7647821151441 111.48146007321829
2004-02-17 54.18006238496218 33.45692489914652 970.6972521074199 32.27899021331088 113.09322391625425 41.28649524328503 138.96716099144652 94.8326793125706 140.4227584861292 79.64745331496505 98.20568819682867
2004-02-18 44.94685824133626 27.85214135485622 833.239835760171 27.079381764802115 98.61054509125388 34.62615575974872 122.30424266048267 79.5274331961567 146.54069918858568 81.54288334209335 117.42125939523403
2004-02-19 37.28714912531195 23.105662749142194 699.0125227690899 22.596397492339783 106.09502207819324 84.05151266037392 151.31217467613584 71.45384263532955 123.28008106956865 99.62515496744723 139.44471006632685
2004-02-20 30.932784721638605 19.168064827590698 586.9402374066757 18.74558703230695 176.7064911266847 87.89224691565217 139.49121103451333 59.955481558922614 104.33748104596258 82.77982554081566 115.68095974719438
2004-02-21 29.01861294678505 15.901500563898159 493.8209283840236 15.554551803293188 146.73907234547562 73.19883536599865 116.52957605326327 74.80145117181686 96.41828440066355 70.38119367429363 96.01175367822417
2004-02-22 29.41203814435884 13.191614409592981 416.47494328140897 12.949290431340398 122.76549576536405 60.72450882853875 346.04541959802714 65.87822492317248 81.61388147623687 100.30096929611219 90.3427520850199
2004-02-23 25.33825417814474 13.652179207246862 352.2155682249568 11.416533860089343 103.35473082872548 50.46317974805843 590.6099933526036 54.791693741883286 69.30983208667746 92.21076606628185 74.94681054897694
2004-02-24 22.40046340813123 11.836113806669433 298.8139326483502 10.082231643389006 139.98104015552826 47.947281277784896 560.2305406920831 55.375490814968536 60.12734069247989 76.57439073537635 62.174599310171374
2004-02-25 30.565811614447885 16.76298403757517 254.45359316496314 27.814401242454686 116.36625897833555 40.317852503533985 564.5601457748925 58.61495872132813 68.0829146076 64.06992062462986 52.59593102438083
2004-02-26 39.07897068964243 15.559354181949704 223.47302249491622 26.128792805274934 123.25585149554114 37.64809459495325 692.00525397235 70.70028503787344 97.8386611862144 53.2247362457617 69.52748274523607
2004-02-27 34.680909702059864 14.123266586006148 212.48447965046304 43.48557028954088 102.50064795861154 31.2713607469282 574.1108650619093 130.84387077251435 82.6824468651673 44.181178913591815 58.40300065658841
2004-02-28 28.770692823929547 12.69306593540849 192.31618845025102 38.857821943809306 85.03279418001271 26.32719470761385 494.3542479525227 152.46469641592768 70.08806324582858 36.76660629325264 59.770152772449734
2004-02-29 25.356572566040082 115.60084554062549 165.71739998425386 32.238326497530174 70.5664574987443 21.84059294740944 412.93846639374317 371.52178495736626 59.61922275411175 30.50095124173445 99.10752332067726
2004-03-01 22.45966132571057 98.137149546702 143.56583568021546 26.868257239063222 59.62221074549463 24.362102365732053 345.3580528279551 402.86640224045277 50.9139845891562 25.303070379421964 108.24560912500529
2004-03-02 18.632153034127132 81.41291011338187 125.10480120086805 28.38788766166806 56.39484557112305 45.14288174412766 289.2557699291927 337.5657392988218 56.061944356953916 21.28649498966502 116.70134459225119
2004-03-03 15.697663041084638 94.56316447267818 109.70653931004526 27.567807036673123 50.16700282184478 47.43122133971618 242.67608614851213 280.6193196856884 167.77216498475005 18.059209612174364 160.5543578005753
2004-03-04 13.022514267605725 237.79292606762922 96.87999740428054 22.869783834833605 75.95317677016149 40.39652374394845 205.52896777249381 232.79701474085502 151.55985733050466 44.54157295066133 172.86890098058925
2004-03-05 10.803256344982685 224.9880226470442 153.58537130869868 58.541589960079996 129.59480707432996 33.51226901994082 173.19782929752884 193.12444393691482 127.10730662494333 37.54933764755186 146.50087198034694
2004-03-06 16.038824403490974 193.626857525565 219.52532996691443 89.57980080503329 132.645081595591 28.620805010897282 146.2849891170354 160.92894493792755 106.80280099699614 39.4741720664954 121.53463165742417
2004-03-07 13.49461262506197 202.46525607061744 264.6348659592495 74.6632172994044 113.54067231152295 23.743333044496364 188.9030976533509 134.373654276306 89.93970776743205 66.27285545019683 100.82306331997316
2004-03-08 14.2806586653797 253.52154069026102 278.82196248139354 61.93933517377776 107.4513092671023 19.69706525889939 203.25960714640303 111.62837036174753 75.98175244200843 62.06453606948436 83.64109849673757
2004-03-09 14.829985264883325 296.27020467310547 252.2500837001589 51.38381897454345 97.6275624917278 16.34035032428933 171.11689743017115 314.00954634319 185.565415798701 57.29681169751131 69.38723271617849
2004-03-10 19.84355791653074 282.2025650756959 434.51645601309417 48.0539155902208 125.84670469052918 21.355330169686713 144.41722508925182 275.6941942924132 167.9826129204248 49.42793893002126 57.56246809930311
