2004-03-22 103.77582742062019 103.77582742062019 103.77582742062019 103.77582742062019 103.77582742062019 103.77582742062019 103.77582742062019 103.80593044466058 103.77582742062019 103.77582742062019 103.885141746812
2004-03-23 98.60635340351666 97.81524545250977 111.76818497677401 94.77479794332397 94.77479794332397 95.92300709603983 129.61065291255454 132.17081657545683 113.59885737356169 96.81837438460828 109.09162376590285
2004-03-24 98.03594971060033 184.13965826868642 102.09847285267723 94.79988406186045 87.24672821153641 90.01678619886331 116.2079013269884 130.60129230773805 102.80335023214789 90.2434909236737 124.49684822183274
2004-03-25 89.9143819160676 167.014141233658 101.06547828074152 96.00946404612428 80.82327690636016 83.12126989854276 169.67874083410112 123.55030213459281 97.48592783593915 86.60968501302071 119.72505996766243
2004-03-26 82.91916979412944 146.87981878464421 94.58781869592528 128.673339103804 75.37734370273277 77.28371960398826 153.6724390240571 110.96159509729452 89.20378812604606 81.37095886612089 107.64960127541534
2004-03-27 77.00053860756397 130.14392176981792 86.76076812878595 115.35627093667357 70.74406104658325 72.52853312805476 135.696247364651 100.26405768380648 82.26059305537585 75.71616915419472 99.24233939099419
2004-03-28 72.02661324172097 116.71853441185958 80.1738625669736 103.79588634983574 77.51734995767379 69.39101502599284 120.76364947403846 91.27564292883727 76.89671904986766 70.91113212364515 92.24603431967284
2004-03-29 67.73799992059392 104.81365758769661 77.2944256559696 94.09324854830695 72.29302171180028 65.5515524679914 108.1694162425649 83.70666755487471 71.77815686658933 66.81261575752667 89.95640015159029
2004-03-30 64.3340171781451 94.82679325636212 71.9973065024109 85.98354782114633 67.8482268559352 62.25561863251063 97.61067356053765 77.31679332011579 67.42110373734745 63.34088769673349 85.97843977045028
2004-03-31 61.136327817369235 86.43261622018184 67.49366230090628 79.0964102161021 64.0516563951709 59.41212373403179 88.89855416467194 72.24451899692195 63.69732232064817 60.31244449107968 80.17079541601287
2004-04-01 58.37585029962059 79.47195937504698 63.64978685942042 73.2752291863195 60.794357302848645 56.94547991794292 81.40692108780038 67.59101677022208 60.500407781261 57.69329642470046 75.05003757465879
2004-04-02 56.04402165438394 73.91755936084046 60.43723187052383 70.02076270763024 64.58947888363949 54.850343783061525 75.0857553094374 63.624316073250924 57.74206745553758 68.44962099148097 76.90867060652701
2004-04-03 54.07513757033643 68.76794748721599 57.584897079319134 65.83279414665961 61.61304681619567 104.37667888231564 69.75540215235284 60.579478399141706 56.7329399375376 74.54454103902991 99.97668013956611
2004-04-04 52.20370438136143 64.39260958801465 55.1153411748105 91.92498971272747 58.457025684360104 107.99098981863163 65.58163562021679 57.60283827434655 54.40857202037011 96.63629467207552 90.59784780161864
2004-04-05 50.80433572731162 64.36113682188116 71.07970865189688 317.8625129483088 55.737270669369714 151.84598065805577 64.33024698589188 55.02835049046566 89.62637072746683 96.11970463283868 82.40044920376286
2004-04-06 57.362027829460224 62.29452671824673 138.68211600744382 302.9351403515726 53.39211212825506 134.38029570521627 78.36143421663823 52.7921380190932 83.00034606387808 205.25944121238538 75.49956555752772
2004-04-07 98.17673841572149 93.38843667061008 168.21097628212672 279.7810366279148 52.31360888614696 118.5220945273248 83.48602258020605 50.83794659050633 82.83854895827474 178.90212496976397 69.67588339935419
2004-04-08 103.55988669173185 95.01260041059588 158.96193952606188 249.5957033484008 51.91276877453251 111.27465815972049 87.79067520503492 49.119089287365995 85.42889592460148 207.55767016829478 64.74672126184508
2004-04-09 93.62731996326721 88.89670123038094 144.77514923513039 213.90880562280088 60.36540995266092 107.5489848685676 137.89428877100772 65.45337865742069 77.71881438982656 181.919271509765 63.23421512499052
2004-04-10 84.44585679453772 86.27438045114096 155.3121359887071 184.20856051637833 59.08965137039854 98.15364378185697 129.70666808257846 101.97862564177618 71.22766015595171 157.67989045935178 59.21148296491505
2004-04-11 76.76100384685688 124.48814444580685 135.91470696490768 159.47605846313292 55.67953950128579 99.31084426783896 114.65877871804813 99.70851340450098 65.7490251423314 137.77804462198173 55.7806089199428
2004-04-12 70.38075890506146 109.86697789253465 119.48121404007809 138.86601113568474 54.6115163314749 123.38219475677722 101.68635812694868 89.28573631132876 61.82523860572232 123.25939126211998 66.73657132240946
2004-04-13 65.93279566176899 103.52292157812002 114.10963524878309 121.6771636868028 62.95836925009866 109.12553125856003 90.83355591514594 80.54621097097014 57.765449132036515 108.73017728247913 92.97198611137641
2004-04-14 61.346461912481345 143.087544704194 109.59586065722077 107.32774924469769 65.53170326191872 96.91512846473067 81.74041683607415 73.20794281579566 54.30767788259767 96.58714953049106 91.38763456046226
2004-04-15 57.41009887876 142.40963669395597 248.2185755705592 96.28125617211448 60.66183751061069 86.69699327871906 74.10831060832655 71.94115219563419 51.3505769580295 86.42490753325295 223.2928650513655
2004-04-16 54.279966427379556 181.9427113287487 212.128395826843 86.08536668668803 56.53451596214498 78.13359151152379 68.06873919069432 65.8916435823573 48.81005839820168 77.90712066572831 201.41320431056724
2004-04-17 51.20441445630972 160.07449157878028 182.10244470553968 77.53929151427717 53.03362481734106 70.94369773751934 62.59300377662919 60.786922288747476 46.616329749477536 70.75475771372436 196.64931409410346
2004-04-18 48.51769006885218 141.0122125694726 157.1084696046662 70.44538640120709 51.80313217611286 69.68054546376703 57.96547006792526 56.467175584036866 44.711493031794895 64.7363223162071 169.24303655253726
2004-04-19 46.20505099074232 134.14897046169904 139.98196325484548 66.89835147285099 62.608845596721025 78.23555487065158 54.04276858686523 52.799808966541924 43.04749466591452 59.67609520068348 146.3567450951823
2004-04-20 44.20390889366583 378.1354602935633 129.28665550559163 61.377957063507665 94.3096265213067 72.12060024955098 50.70594610479919 53.52650751598397 41.9178675415153 63.48067813044008 133.03269999988166
2004-04-21 42.46232544334882 319.4862608614445 114.5484679272215 56.70962370290163 87.11339692762891 65.62153777545433 47.85630492480854 50.81506631835769 42.08077849760079 157.4305107873597 116.15317971428013
2004-04-22 40.937299562235005 270.75154268707104 236.36157717981828 52.75651389622491 77.97896704557373 60.15264857592358 45.41195121822508 52.99058556850866 40.81142827242987 150.77290403833385 102.06987692671551
2004-04-23 39.59283667282468 231.284758004435 211.64983634946515 49.397855859019664 70.3219739995174 57.66184118180095 43.304931580211885 52.98100829435187 39.48841599166475 141.21629778049322 90.557410081901
2004-04-24 38.399366763341426 198.6879459537154 206.74089350379364 46.53344391305308 63.891736437775634 60.46018237163106 41.74948890008444 49.93285971988971 38.58612423431566 122.71169502457488 80.84672053147828
2004-04-25 37.33224183027708 174.50139727169608 190.0691197633924 44.080133886481924 58.48027812915211 57.28712977831412 51.46277553648149 47.21393615345842 40.45605125053733 108.44503112288714 72.54584455705738
2004-04-26 36.37099927511461 150.16419760890358 172.1898508727238 41.96893575446146 54.00149746350873 52.925234917173945 155.3929026370829 44.56868481435291 41.97478951483625 95.37318534842784 65.58360517212378
2004-04-27 35.49864884868272 129.8995507523409 162.18350157114563 41.136275565943706 50.12461028016679 53.44885206220527 167.05050823949063 42.498250144961226 40.14745792035429 84.45665412688915 59.73292984274225
2004-04-28 34.70108110942736 113.01446372553022 157.69114786041865 148.51484217904084 46.83452994957864 49.69548445156368 145.2134357181748 40.50783129318154 38.557654046734406 75.31580959354991 54.80542843707072
2004-04-29 33.966576687601965 98.9340269248381 196.09473804237376 186.82270398875866 44.032279475499315 46.54920772478522 126.47851717936678 38.92987429229082 37.16592400246624 67.65986464868831 50.64480128892591
2004-04-30 33.285399176373026 87.1812909043326 168.41323980629082 160.23992654196618 41.635735008260156 43.72373587508202 110.04799450256867 37.41784237710295 35.93952329317934 61.236777801801566 47.12137063662204
2004-05-01 32.64945739843114 77.36057249598925 146.3555931443715 137.9687740144403 39.576753979166334 41.308923984841236 96.33040087628655 36.077661991734225 34.851273623473205 55.8374456993768 44.127543994868326
2004-05-02 32.05202522538006 69.14360584821299 130.96837911705555 119.4231389826776 37.79879264690312 39.274256677898926 84.88065282710907 34.896005447895526 40.62551436331598 51.40537978725709 41.57405064251979
2004-05-03 31.48750914196943 62.25805356024664 114.25904599278275 103.96909907691837 36.25492965185811 37.694246623383336 75.31324007280384 33.84682676316953 45.04836539974473 47.54272291795817 39.3868194741287
2004-05-04 30.95125541867506 56.47797571202164 115.66224755973624 95.97630773504895 34.90622638774269 50.35888677493594 67.308336395714 32.908505189132995 42.20111112239452 44.270387694609475 37.52101659100593
2004-05-05 30.439390142727817 51.61592313080534 109.66699401863626 89.98580160669968 33.72036679115292 46.53963102417893 60.600606147478175 32.06309126271904 39.86087932357574 41.488715742437115 35.88955227052446
2004-05-06 29.94868650798873 47.54813254407149 108.61236507550461 86.56090499725285 32.670528931537206 51.651576945465465 54.96991831314174 31.394210670361538 37.76459368847538 41.14482355603601 34.47004831096736
