2004-03-08 320.6141535258362 333.7710683755135 297.966351552807 298.321261848151 304.92058982135853 335.16018848275445 301.1007648470084 299.58881675670733 340.85865519664276 486.0936553184826 299.4598189007541
2004-03-09 275.3094949333855 286.15124848198934 256.4482643848727 256.74269192945303 262.2173821723746 287.30363889632144 279.1101740227315 258.0722959789536 292.03098996067143 412.51547585466307 258.16535506815126
2004-03-10 237.98780741563505 246.51819497074595 233.8298535391519 222.21442417407258 226.66306655576122 276.22623634861327 240.67703935637405 233.6351372895589 251.43638584614786 359.60269963327926 223.30157378837526
2004-03-11 213.6786561222237 220.20375801896907 304.9190950502304 201.55862669633834 207.7697034628079 244.24562620938335 413.6761275614976 358.75081176082614 256.6860007346631 446.41528124121305 235.8078400441533
2004-03-12 206.6287304987486 258.8186209809419 329.11900410136275 176.0979566619352 184.86891753253835 212.12689708766277 353.7678206560171 306.5317761957369 231.1110815573986 392.29110931447735 208.88395359418894
2004-03-13 180.59925398184797 604.2333645028054 330.4205070259293 154.8450668278495 162.12130678656746 184.7340630123599 302.23696412687633 263.0507450496006 231.88740785004896 335.8331959450889 184.01594130081287
2004-03-14 162.75081927454693 574.9511103130076 282.74882555887933 138.8699346632371 143.1287960288696 161.88795398821236 276.2118410463448 226.8581413691068 372.8232727263381 288.4223839581439 161.35516809079206
2004-03-15 144.42409737702394 497.30414099561835 247.4194069689125 126.68338021871882 191.46792587236314 145.08011661889532 318.3875433092715 250.352035635581 705.0102503757556 295.54936863634504 143.74516736168206
2004-03-16 128.4171830633298 431.3741876646156 645.7754516387506 113.4921674481969 194.57156780303424 128.75378706773128 314.0555626109666 239.65515705360642 612.3859191461852 255.28384292932546 127.64633586922558
2004-03-17 118.30664482997744 369.29502052914194 585.0149643934186 102.43246760709091 172.72325573296837 115.09324766855453 276.8227830148628 224.19471310605718 546.4418552188637 225.28402265725737 114.3151911675587
2004-03-18 106.81092254287952 318.077642989716 514.6719664396306 93.1426506439506 155.7645991860571 106.01998686798626 243.64556807721243 194.15453853553095 467.4111255828877 196.18038544168442 103.13285668267629
2004-03-19 96.66165789426572 275.31833304688723 446.50001760059786 85.32269200160758 141.08092299128904 96.00551111088164 211.87954838715982 169.1204361513557 400.81869085669047 175.76663065578452 114.59200005822912
2004-03-20 88.13028755161132 240.3131456338504 382.6955186117402 85.20830423833215 124.97975437788632 88.27313155427996 205.73965104983316 148.2408575897451 345.4272245321935 200.17535618567845 103.02947294742266
2004-03-21 81.01475804453557 241.62890668111586 336.4093119662276 931.5786808698095 111.51233542027207 99.48099330952608 197.1381004560924 130.80935101194584 299.26303265827806 174.96808342665605 95.36433908919672
2004-03-22 90.5746971837981 274.6918818215516 291.3090878020485 784.5199620068018 100.23135856638305 90.41714295082845 171.26503688748883 116.23983449092385 260.7897955030037 153.9330145304608 86.83525546082656
2004-03-23 87.84831696547634 399.0367946035162 256.5718474969234 658.4399106770766 90.76572388001638 82.62401752892406 149.69405524985 104.04608322932313 228.7431976877465 136.36084880022617 90.13178203574992
2004-03-24 80.51507946248014 341.5527350508184 224.21917269544707 553.7404024290329 99.0136326913298 76.20007914866075 131.69349369197744 94.08805839056268 201.97137451952617 121.66313866798993 82.28164488929221
2004-03-25 74.29280942969407 293.6519519516913 197.30198100036574 467.13866509405074 339.98220607145805 70.6199645176084 116.65635737156646 85.45952785175578 179.6776305484028 109.35169459580817 75.66512801866388
2004-03-26 73.03743790274798 257.20361594807156 233.46913133733878 394.83323472481027 291.59258368901124 72.68174734957492 104.07907336248127 78.1987141993069 161.29792301800126 99.02149972743308 70.07344668431192
2004-03-27 67.79225327267842 223.4794877549719 204.58740154564754 345.1369006093739 249.10188495549298 67.99739969495312 93.54386608320684 72.0739603035323 148.47827937159406 90.33653616942696 67.76448277077655
2004-03-28 63.34103625286362 195.20415826260734 180.63070915017528 334.321250773993 213.75242292003605 68.55982666422226 84.70413624814552 66.89308045345751 135.55145946317853 83.01802671059713 72.65345709960236
2004-03-29 59.549867085338725 171.59944279878837 160.57780175678357 855.412604463827 184.32859521556654 86.90245898886096 79.51228962414855 66.26832350667515 124.93136124859716 76.83468034804086 142.97276884924622
2004-03-30 59.02195161794726 157.00819512181985 159.2296085388704 985.2519434488149 159.8219395695634 142.09351547412774 72.86811520288134 64.56192861826509 165.93926541846884 81.21518904640152 125.9095449155355
2004-03-31 55.773878311892844 139.6465350217727 150.87263767870664 916.8768604438615 139.3958338755141 455.75280703990956 70.58151630503899 60.89594872901906 224.35983587169798 75.11964700607386 175.96688781288515
2004-04-01 53.34808392891994 125.11326684761302 344.07449281778634 837.2403737188819 122.35621196888812 748.4753142105961 65.2690245301228 86.18910129667512 417.98203900920487 69.95545169735185 175.09660969830327
2004-04-02 108.13120919921963 112.92819244926781 367.9986094269446 715.3563114569283 108.13050838746331 627.5450278989067 60.76871018873077 238.93398987194396 583.33273060971 65.57713465237264 240.792015728008
2004-04-03 108.46847304064502 102.6929225290755 360.6221247749351 612.0060933646541 96.23399900825726 527.1314500132522 60.93874209423722 204.74634249695333 545.825409136541 61.828721571268815 206.48064533887626
2004-04-04 108.13710169439963 94.24850767299417 308.9226440355431 522.2979166872855 86.27426239037399 443.73945889131903 58.090955304018166 177.13800940064377 479.6137827795676 58.61607389884071 206.63122718362905
2004-04-05 158.04095977091524 86.94834485229073 275.09784922918794 444.91420107686497 77.92249624414504 374.474742282922 54.542104036733534 153.30151532184598 435.18898092675926 55.84931729981354 237.0756581186365
2004-04-06 171.50428676371078 80.77071605110437 238.07848752572028 380.61821449566906 79.7127751881503 316.9206137997487 51.509938635615946 133.4390665035391 403.12471669655207 53.55631529883398 202.93677258074132
2004-04-07 165.83598129766187 75.52602103005896 206.85744572086764 345.64653747566604 87.08888418871817 269.08781106604476 53.50851009509768 117.39053151410047 353.14946876289855 58.70096345647661 175.61397712891093
2004-04-08 157.94493204496632 71.05690923599789 194.9114129020247 309.652903363794 78.33764574591788 229.46960451506052 143.73303614117935 103.47537698616267 374.0515922068984 121.89428011473105 161.13900359392045
2004-04-09 160.68238916865445 67.23286029447908 170.78912419418242 294.6109533798101 70.99328411992866 196.36978661021155 128.1449426862108 91.84711840561323 322.09821232074876 134.80911431398957 154.64579818738946
2004-04-10 147.39873141963733 68.07607403319999 150.65153280766447 401.599475367935 64.81941075293848 170.21844080525543 121.47033858630277 82.11720175513655 309.6960495782693 171.36307164211001 146.73476034711626
2004-04-11 140.96623785540717 65.15816189226456 133.8213285110401 351.9782293406479 59.61331976475283 147.05056243301766 106.60996595674824 73.9681207293419 370.3557055041808 334.6860123225056 127.90590234440826
2004-04-12 124.85285175480631 76.32971397084086 119.79951305720155 302.5369830575128 55.575508717301574 131.43682534073687 94.24781743599652 67.48155228302674 440.44428723975847 284.3957797182277 111.86778443329464
2004-04-13 154.4050654218448 93.80655121823543 113.3457801628001 262.1359690875306 51.783828191786085 131.35030155353772 83.86674668165281 61.814284542059994 388.69098637214137 242.3886602540186 98.48294268728952
2004-04-14 162.19561124472997 204.71936888150728 165.34108817917902 227.71492819589642 48.55953086927779 114.56652387610359 86.49945053980343 56.880626855996105 364.8565465067959 208.09004265208407 89.2223756215727
2004-04-15 209.2699067114768 181.16141378183175 162.23063498368134 206.3115509971779 45.80701788800339 100.56529661671179 91.43684671204136 54.92580910589528 338.51398805203775 195.19369007473608 82.29404329246813
2004-04-16 288.7718044606106 184.6925632034323 167.54849862314768 440.5633757075332 43.832502281695206 89.0026062803109 81.30069680222293 75.22784407361148 295.88244464878125 168.12304767488544 73.71598258930602
2004-04-17 291.11028670748124 206.36941513980958 149.30346810580423 398.87612987362184 46.3915902098637 105.4613191007381 72.81636897500432 113.8642472030443 260.3071707578894 146.36860665688468 66.52421906740967
2004-04-18 261.8016371329109 178.50699339308724 270.68393737328495 380.7840866804234 44.95026049771958 351.3152213084961 65.70341268548663 146.92395919399922 230.60461984497277 128.7463480980662 61.678633046906675
2004-04-19 237.96778497865705 155.2914473642497 233.8928407724319 332.9522914674724 42.63373269201137 296.66785504259576 59.729156393318114 132.11184039833478 255.00288259445836 113.92545617582543 56.39026765999556
2004-04-20 273.91809870529704 135.93227638900967 201.83214487205834 287.5022977269797 40.51849267162463 251.26087987350232 54.70056540935286 130.67703323695304 225.7847941361605 100.80659816927303 51.973382338901224
2004-04-21 243.94085200660982 122.3227243878246 175.12695441415624 248.09516384723307 38.69228097130184 213.5205810146089 50.45748730092562 122.21792750754862 201.3484451940159 89.67536041508798 48.195062610551325
2004-04-22 208.4125303131309 108.38622709164962 152.95670795649755 215.27066910903355 37.10683332783382 182.14141750359974 53.11364975892997 106.39828906123479 180.88168601711897 80.08887446429694 44.990179349160165
