2004-04-12 126.76502253487772 126.76502253487772 128.47501660931775 126.76502253487772 126.76502253487772 126.76502253487772 180.64569979615905 126.76502253487772 126.76502253487772 126.76502253487772 130.9170774420701
2004-04-13 117.74102122198435 117.74102122198435 119.26445275093059 117.74102122198435 117.74102122198435 117.74102122198435 165.74324752659322 117.74102122198435 117.74102122198435 117.74102122198435 121.4400816164504
2004-04-14 109.56747912678227 109.56747912678227 110.92470232309505 109.56747912678227 109.56747912678227 109.56747912678227 152.3326010094408 109.56747912678227 109.56747912678227 109.56747912678227 112.86296729053579
2004-04-15 102.15535000068041 102.15535000068041 103.3644984065058 102.15535000068041 102.15535000068041 102.15535000068041 140.2547422670563 102.15535000068041 102.15535000068041 135.2013894170777 105.09129618141507
2004-04-16 95.43581917529613 95.42519832829832 96.5024270930896 95.42519832829832 96.50502196201563 96.36220954935969 129.36789806033852 95.42519832829832 95.42519832829832 124.8658724839818 98.04082901724385
2004-04-17 90.11213898095791 89.30615369437224 90.2658554200687 89.30615369437224 90.26816718546864 123.51014945600934 119.54566137586932 89.84572312090263 89.30615369437224 115.53481256085806 91.63641572228235
2004-04-18 84.45303040805003 83.73497914939088 84.58997618661093 83.73497914939088 84.5920357354424 114.73485709881056 110.67531778003156 84.21568085983453 83.73497914939088 107.10205771208337 85.8110066029871
2004-04-19 79.29495208471626 78.65524113881777 79.41695690329088 78.65524113881777 79.41879175270478 113.14551957465747 102.66813419747521 79.08349767645988 78.65524113881777 99.4729414770051 80.50477133605081
2004-04-20 74.58648757906539 74.0165699173841 74.69518151554048 74.0165699173841 74.74024586285836 104.74391476417708 113.78603953210614 74.39810311780467 74.66070063516362 92.56303246330488 75.66431399926086
2004-04-21 70.28173949279241 69.77400057855502 70.3785747814677 69.77400057855502 70.41872255072703 97.14895271441901 105.20457007943207 70.11390801773769 70.34785580933959 86.29702028675365 71.24197366892234
2004-04-22 66.33972985387483 65.88738590603074 66.42600028842638 65.88738590603074 66.4617678845957 90.27569567302513 97.4524348573443 66.19020900788495 66.39863279553487 80.60772298387248 67.2196288952241
2004-04-23 62.72386585672169 84.3193780063912 62.800724076277085 76.35734673703126 106.56773546463462 85.32129064857433 90.44213486219118 147.68038400067343 62.77635013918362 75.43520264667177 63.50776678475268
2004-04-24 98.31450578528951 79.49378683124752 62.933245208112076 71.54751446230902 177.66008203543183 81.2973391869447 84.24759732812335 141.10910923664431 70.64925567915806 84.9736877660027 73.69982639384445
2004-04-25 117.37761460821193 74.24354984111046 131.36769212140726 67.16422597362916 255.03027422856354 131.85369146687023 103.2294419609774 129.13656158988218 71.4641109970518 119.59104141353536 71.83878854600799
2004-04-26 108.14698162173255 69.47064509107513 199.40234931110197 63.17350434636542 350.5593577433309 120.79544641734793 95.29413922481876 118.37475889291845 82.45354029823915 142.05724569745075 75.7870274785373
2004-04-27 99.68925023763153 65.12565833132588 183.1984512985988 109.38258289545708 315.54723211693874 110.8508580417099 89.57943453146986 108.69427062917738 78.866749062741 129.86080831542316 316.7506082742266
2004-04-28 106.4765933332136 61.16449217633824 166.35539207813136 100.5929295393564 284.2647512566271 116.67855042928646 82.95033004673725 101.73212014256288 73.40641229480606 118.83695431579311 285.3368375325955
2004-04-29 97.91628093751706 57.547788100611406 151.2622259831476 102.22659508496163 256.30752293201834 133.82007547668513 76.95676313296313 93.90275407392883 68.4540990417308 108.928110692649 257.2626432210144
2004-04-30 90.20464995925266 54.24041143759597 137.73048401838992 94.04470330799322 231.3152044168102 502.56778807771474 71.53184241433597 86.6290040212601 63.95682987467919 100.01507497247935 236.59306031969308
2004-05-01 83.25148650753742 51.21099250970005 125.59219114937324 86.67258511352088 208.9666985898479 450.62527766560294 66.61590620168987 80.06594812485612 59.86733724021265 93.08140603649477 213.66873364825574
2004-05-02 76.97635279822566 48.431517766969115 114.69763228879594 80.02420516092806 188.975874093097 404.26919241930284 62.155735628225415 74.13836073650808 56.143444191163674 86.05111468010989 193.16491109928344
2004-05-03 71.30752241882671 45.87696547995281 104.91336196358925 74.02285018183927 171.0877523727592 362.8922936937561 58.10385358002479 68.77915892895004 52.74751084566036 79.39221614682617 174.8197600718132
2004-05-04 66.18103170575907 43.5249811273214 96.12043107821793 68.60011372915783 155.0751106674658 325.95353066383774 54.4179000625209 63.92851591363512 49.6459411865553 73.38367498459104 158.39995154264287
2004-05-05 61.539834567376786 50.94769757431124 88.21280709019206 63.69499164109908 140.73545556462744 292.97082089724165 51.06007566509984 59.53307113558269 46.808743619483664 67.95666023171032 157.73069934736262
2004-05-06 57.33304946810153 47.89652819861258 81.09596649767015 59.2530761424718 127.88832669688027 263.5666630038137 47.996645695643195 55.54522649910527 44.2091394258148 63.049791226986294 143.0293675974016
2004-05-07 53.51528852012637 45.10830381743461 74.68564084104429 55.22583782311811 116.37289456128163 237.24855045654243 45.197498367202606 51.92251932878575 41.823213886464 58.60832642505616 129.8620284908665
2004-05-08 50.046059725972995 42.55628783091948 68.90669947125815 51.5699859073242 106.04582037340866 213.73378726486925 42.63575114097289 48.62706369511422 39.62960542244202 54.583440666915116 118.06327250009922
2004-05-09 46.889234392336505 40.21660621186978 63.69215416471776 48.24689827384279 96.77934936930276 192.71842103204426 40.28739997293555 45.625052647398185 37.60922860575334 56.63503857789081 107.48568206428425
2004-05-10 44.01257260619673 38.067936713591806 58.98227229242614 45.222113617896106 88.45961208705009 173.93160805096068 38.13100678457764 42.88631471013475 35.74502734659484 64.68486842194227 97.99787016099312
2004-05-11 41.38730043974389 36.09123194321112 54.72378670115152 42.464878976605036 80.9851109383692 157.1320025795134 36.14742098860542 40.38391872384685 34.02175496579734 59.8042222830095 89.48273282973679
2004-05-12 38.98773324161998 34.269472606875496 50.86919175640427 39.947746578805116 74.26537185600932 142.10454000947598 34.31953135539081 38.093821757121844 32.42577822047661 55.39534530387612 81.83589230627
2004-05-13 36.79093998754782 32.587447636201944 47.37611614800678 37.646214639043706 68.21974300812543 128.6575709557558 41.99993903945221 35.99455539187751 30.944902670716644 51.408460541555804 74.96430997291789
2004-05-14 34.776444211832946 31.031558264306184 44.2067640844755 35.538407302508546 62.77632453555075 116.62030798128103 39.4171347899688 34.06694619640355 29.568217060067457 47.79917453578871 69.25766642483535
2004-05-15 32.925957529802844 29.58964343956948 41.327417415993466 33.604789470555986 57.87101501828596 105.8405508496567 37.06034281715003 32.29386665733368 28.285954636511256 44.52789128210235 71.27973654436012
2004-05-16 31.22314219652589 28.250824250223435 38.7079920396406 31.82791270237559 53.446661936952566 96.18265991890786 34.90646074932178 30.66001324849491 27.089369566724955 41.55929010439867 75.6474776511821
2004-05-17 29.65339953494003 27.005365286673644 36.32164266564384 30.192188803370602 49.45230478425267 87.52575060482476 32.934863312128414 29.151708676991507 25.970626797966755 38.86186045657283 69.23098304572969
2004-05-18 28.203681412002275 25.844551094630038 34.144410669394425 28.68368808059485 45.842500719196956 79.76208479593028 31.12713328472336 27.756725669753216 24.922703901430594 36.40748744313035 63.46329982885699
2004-05-19 26.86232224925976 24.760576073586822 32.15491032948924 27.289959575007696 42.57672375954856 72.79563773336375 29.466821775211947 26.470762632240547 23.93930359084417 34.171082526263746 58.27507109895312
2004-05-20 25.618889328452497 23.746446354689112 30.334049264773768 25.999870873790293 39.6188294903114 66.54082121317653 27.93923461752042 25.270049367574558 23.014775752569747 32.130254490430374 53.604467011908724
2004-05-21 24.464049397052367 22.795892351935684 28.66477934014768 24.803465367428934 36.93657814129392 60.921346056979296 26.531242040725953 24.153268323070083 22.144047950406573 30.26501627320212 49.396364681660415
2004-05-22 23.38944979628465 21.90329082313342 27.131874717842003 23.691835049209498 34.50120966649798 55.869208657475625 25.231109072682592 23.11257533585156 21.501685025023082 28.557523750221034 45.60161752361275
2004-05-23 22.387612528075984 21.06359540394279 25.72173409342789 22.657007162291272 32.28706515273231 51.32378806301835 24.028344416670176 22.14094542619035 20.705805313208565 26.991842988892383 42.176404283470795
2004-05-24 21.451839850116706 20.27227469143058 24.422204478812777 21.69184318441299 30.271249503714035 47.231041542080696 22.913565786477246 21.232084445239394 19.953519958232146 25.553742865680736 39.08164905854406
2004-05-25 20.576130142123198 19.52525705428673 23.222424182237933 20.78994880499717 28.4333308972676 43.54278788417519 21.878379905099294 20.380350333613595 19.241278871079075 24.230510280625186 36.28250456696988
2004-05-26 19.755102923494302 18.818881436612614 22.112682891654945 19.945593696163204 26.755073004423753 40.21606886585632 20.915275568028267 21.454511738633975 18.56588563721309 23.01078550448324 33.74789176522242
2004-05-27 18.98393202470567 18.149853502147327 21.084296996253325 19.153640009893955 25.22019639682644 37.21258035466913 20.017528346542466 20.49793315970999 17.9244598687674 21.884415462780545 31.45008966700969
