2004-03-01 653.4685296688091 653.3661656369312 653.3925231366361 653.342262932922 671.398081064159 653.3432726644859 653.4157444080964 653.342262932922 653.7504355705121 656.8061813046896 653.3970465822566
2004-03-02 552.3180978764321 552.2331784166291 552.2550441500867 552.2479472157621 567.1933625242484 552.2141867960601 552.2952200986513 552.2133491399286 552.5519622177318 555.0869569056259 552.2587967236371
2004-03-03 468.4461621736567 468.1933154081792 468.2114548487558 470.836357379211 480.6040296958775 468.17756028277125 468.24837518013703 469.6311153059824 468.8437357570184 471.1610286746892 468.214567919948
2004-03-04 403.1859691602112 398.36432615407 411.7594396625595 400.6645494397623 410.13826928668306 398.32251239986454 398.38125923427475 400.16273219480416 401.8155572756556 409.95938555634757 398.3836543559535
2004-03-05 345.71812321068967 340.2688867273025 491.4375664085638 342.17711284212 350.40284968374453 340.85463127174916 344.34717154588094 342.91890716143956 413.2816574320419 371.00485616269395 340.2849210748443
2004-03-06 300.5361889091342 297.7064925877624 418.5770655390962 316.8237879815392 315.7166212693002 292.42397887394304 296.13991662113665 401.34016997845094 352.71733962936685 329.91749341946905 299.5415579313065
2004-03-07 262.2899841381489 732.6793379889455 362.85642632207504 305.959106014501 271.43595462305785 252.11277466118324 255.19545341430126 502.2403694340441 303.9280403735698 286.2915637347313 259.58753612606836
2004-03-08 227.2283892450587 919.6807638840327 313.8389328570148 275.95930482407357 234.75905570176823 218.53918483870325 300.20936000818233 430.8785161839552 269.46737690082443 246.8933269294593 233.7478556228218
2004-03-09 197.90528172943132 776.7696653460239 290.5888532390808 319.1133129581557 274.62609734187185 190.55683781510226 258.30902606113114 533.8635064739401 232.8059997455426 214.07895183654338 216.9771456840451
2004-03-10 173.31084188211338 919.4625288521 650.6357648995439 341.6579227202878 279.2282480297713 171.35281667179856 259.8516851564438 452.0160710365379 209.80402532809677 186.7282435156015 189.41087489394573
2004-03-11 188.193274017344 799.4935944540035 611.1410763613728 303.52401783090113 249.39062095470257 157.7768149079499 238.2972858569105 396.2157619645447 190.07094497544614 183.35527154214265 209.5519680269681
2004-03-12 165.06040787424655 863.6542444543153 672.407626928911 260.6787485324827 259.342459587117 145.39920006981 242.83752155686432 344.4557281069671 170.19602037023967 176.59132022321506 185.21929555000492
2004-03-13 147.4363490989982 732.8949529518121 626.6315689349889 225.01185319522492 239.54653361269882 133.14263516443955 233.08228970678584 299.9728458673766 152.15233978706974 228.17401603029262 162.4119744414224
2004-03-14 131.65144435180048 640.7638925275601 623.5829074320778 195.30172367610226 214.26954211879888 124.13746537392466 238.61280845461528 304.9620700734636 141.6469095365628 209.4083777612244 143.70698261568901
2004-03-15 119.1253713936769 548.8123091357625 538.5684450253216 170.5349109317299 441.96148465616193 111.50886331816581 219.18630542798797 458.47581944852755 126.0237897011942 182.568786767526 127.73279128920227
2004-03-16 107.22217188663599 472.2916102796896 471.1993649768007 149.88169013486174 414.25433742812106 119.09954357473988 472.33376114960305 390.3175319832714 113.34742236379391 181.5664692091321 131.74947475555427
2004-03-17 97.2309859417938 415.13888468100635 406.6391358834344 150.35153072367822 351.9396483658038 107.08425147980137 470.4702997860593 344.6130422342475 106.20719407993894 158.90575052702846 122.51229314615873
2004-03-18 88.88492466271701 360.9298622018651 352.8627205333252 135.0045253427004 304.7235134766061 112.88188943195982 398.4605765151289 313.4669250425332 109.82058911726769 139.99192564739198 116.0568027978426
2004-03-19 83.91258225271852 315.7295682313367 335.0867013629292 171.28035393244008 261.5657370490871 111.5947842012682 347.54512058460335 286.0505590791549 99.15842610496621 124.18805372583604 104.33188290669314
2004-03-20 150.80849619547135 278.0059445948976 335.6148802374128 183.41993891814545 225.6410905735746 131.2379887340796 297.65780703287453 247.3833080910254 90.66796604753202 135.8077332294886 114.70177134025285
2004-03-21 161.2533725284504 252.6815673681583 294.61913386537816 167.19263848754954 195.76652930681658 182.39364996281208 272.3071929189082 215.16577590930186 93.95615015498018 125.24676406276457 146.16241296247318
2004-03-22 159.67615020989186 694.289325891316 259.0893145731725 147.26903922842308 197.1173093556933 159.03329154659988 265.6671579777693 188.30076058809848 85.85885893449014 111.63144505799752 128.97647356452202
2004-03-23 140.44684008191894 603.9467256117669 229.4107636181715 130.10002754921211 175.78141872204293 139.59443824321662 229.34990387665837 166.97752853804383 79.33788810196113 100.22304174634 114.61218238511209
2004-03-24 126.31200011164137 531.7495949341688 204.5891499314439 115.43862158288498 285.13617052260383 186.38913881733507 199.09747684328602 222.39613063329492 73.48105010489851 90.65318231892466 102.84657438927621
2004-03-25 139.4062242112392 456.4651435728818 183.79955418762907 103.1715919475777 260.6346124129257 162.03093429435427 173.8780507979271 330.5792672834138 68.36430427831966 82.61005262515486 92.75656264911947
2004-03-26 149.30569525747524 393.46481331608646 166.3575987059586 92.89234132939441 265.97204103926566 144.30255213082452 152.8373071116425 357.2492024394311 64.57342240537865 75.8348380252809 84.25221016581203
2004-03-27 180.0770325325925 397.0671659663532 160.48857492090593 84.32672626014207 399.7272336526744 143.14830457977845 135.39706518903282 305.5559374645291 60.77064998393845 70.11292884415965 77.09583760636922
2004-03-28 183.1165738093173 389.64635146967277 146.99490174156463 88.5496962046048 370.7235086877961 144.79375306047905 121.1878520339176 264.88045986685955 65.26275864807174 65.26622924496382 71.0591315863668
2004-03-29 162.859262096435 597.8018106454829 147.23832381334668 80.46254263242957 543.1237376921399 128.12674689662452 118.2636007845912 228.63002815791154 61.876380891820006 61.14697445596606 66.61347995629318
2004-03-30 142.48695691778371 534.1606356864798 137.512290034703 118.72620511617944 474.4909351795185 113.29968996913951 113.49322458728817 198.43396865767957 58.23766528478145 57.63256211159383 62.64615428799593
2004-03-31 152.42646652696538 496.7569015859896 137.11598742761137 109.4352278145929 424.9462154071251 100.85894559244338 107.92260934464022 176.3594840846316 69.62327534238983 54.621264417127456 59.14068562905653
2004-04-01 201.7087405953676 431.5774556931729 133.8499400732584 103.48594791245905 549.3994121949868 90.38666490634058 169.7021450350029 154.94023056617488 65.031720281254 52.82610625386441 58.72179463374254
2004-04-02 179.6739966281873 376.7041769575182 130.23532052720728 92.4728198283278 872.9796680309822 185.30160589306882 160.00641921523652 136.9423815737617 60.57184662827643 50.446619459361784 60.82267576207012
2004-04-03 155.58526002452285 327.8472489259478 120.45395789049478 83.24464689911802 1054.7067840297257 166.58540107346673 140.41975463533944 122.42392656814417 56.780142115135085 48.38042586916726 81.95557794669176
2004-04-04 135.5110590707312 287.10357781689476 118.90943294003698 75.74778733444325 1003.6609124179981 145.62838286637998 140.47418509929776 114.96031833670268 53.54401376470333 46.57575203232594 185.6322966550114
2004-04-05 118.76850534162708 253.09347854286185 110.76999933341811 69.18991158358719 906.331752843401 127.16166508355685 124.44172455942632 105.80588574546907 50.77003867958721 44.98928726501124 271.88878477412004
2004-04-06 104.79106878112651 224.67234687289005 109.12811499507978 64.45678699858126 811.3885154995402 111.75389134926924 110.60992785463337 112.17075426255315 48.381529037677865 44.71751405596901 249.3733941519925
2004-04-07 101.17505522794755 202.8154781715754 382.49375731443183 59.64811435153153 972.8052143510503 98.90110776967278 99.02384093506251 102.40182849471341 46.31235376071034 104.69504647343034 213.27154729466858
2004-04-08 99.82493998251036 214.18383198617556 486.2409267949697 57.54138949232284 1046.8175116716716 88.13686552988682 89.31145792531372 92.77675976005786 44.51012965175857 93.24531413891175 184.56256468408887
2004-04-09 98.39762760690897 192.55344599059947 491.74246625519123 56.68581614181014 1048.3573257537073 79.1225501916774 81.15486558537938 84.5895063280611 42.94360530842698 83.40534941557465 159.14238525653735
2004-04-10 87.55139278258837 173.64994859472128 617.9625922677716 90.7731252304477 1184.2073253583144 71.56111639609193 74.29030910860402 78.66815719185261 45.079799212015956 75.11405378890743 138.9525689922791
2004-04-11 78.4713854304214 157.77495696761923 568.6200401608985 83.82091586899034 1312.6841598486662 65.20612410833223 68.49896287247256 122.52215436189512 52.65822043895345 68.22279368186526 145.20560641146142
2004-04-12 79.2399836258415 144.41503911866732 639.7137770129958 75.29562947315553 1159.8998361414708 59.85311483532658 63.59927400670751 109.15710515581918 61.432626106793045 62.4848333299489 158.2245350423048
2004-04-13 220.97930478070185 146.2160713253668 550.331265424866 68.1456850810714 1032.7770068747557 55.33245747937489 59.547560165974474 101.45367084236867 177.5478007908247 57.515686381335684 196.62674594507857
2004-04-14 189.04447468640706 295.5453925614747 487.0107483737738 62.13304906349157 911.5122127032619 51.50689411785087 55.98671661714548 91.27342749259344 187.02268950397809 53.87700101992651 168.71875190597555
2004-04-15 162.3509378690905 279.141731739542 419.09733184575833 57.06737772571738 812.0836468609347 107.26879001942193 52.941325531746884 82.81132253367227 209.2669738230792 62.221659944981525 145.61681664423259
