2004-04-26 54.06005669084111 58.647501951001 53.42469298379151 56.99676104529982 53.60690844712804 53.4007291146959 59.990744658783754 53.54318493155794 54.12319771618452 56.494132527164034 53.46548857996097
2004-04-27 54.054946419637616 56.79987685516788 143.3001516547187 64.1304905897906 51.0400931002472 50.80899078691685 105.49741879265342 52.23966752219698 81.7439807583091 53.56489992177568 52.47114427450542
2004-04-28 54.131656003517676 125.23718919733017 147.29860632946847 62.305193446341306 83.62953404897243 48.42296639458681 98.78092829641442 121.57217653108687 76.43185756415073 50.865027328122 52.20021920554998
2004-04-29 51.28224336894839 114.63007174400128 139.99081908769648 58.564037399432024 77.56186510750409 46.55747133834067 91.06022282058908 111.36491665767704 71.14946435358759 48.372008069397914 49.5615288014699
2004-04-30 48.65844566731159 105.09494476362042 127.68880206319952 55.14578663483144 72.23024670918554 44.44915232173784 84.09659657099104 102.18602228268476 66.3581273755375 46.06572076945531 47.12546326485958
2004-05-01 46.23802635986664 96.5172310610966 116.64606956713733 52.01759011196939 77.97938326451226 42.48797231401833 77.80982957321855 93.92567575166139 62.00665010521711 43.92817107187592 44.92570709159577
2004-05-02 44.001108598354136 88.79478761579563 106.79713371473386 49.15011453651283 72.27944277673791 40.66019025595088 72.12838761050838 86.48597431262999 58.049355279924185 43.160239820998136 46.130597789604835
2004-05-03 41.92991963043381 81.83655084786223 97.87481791092507 46.517162420436385 67.12305130110006 38.9534997617752 66.9884764471377 79.77963203564664 54.44548459116385 41.180790714563116 43.827078821212766
2004-05-04 40.00856303919119 75.56132963609743 89.84980120377253 44.095331760602996 62.45309175052854 37.3568743935558 62.33319918563956 73.7288233029758 51.15866381950773 39.34116504832013 41.69873973036433
2004-05-05 38.22281578142052 69.89672996894696 82.6263109727734 41.86371279666234 58.21861763961501 35.86042976611667 58.11180550724085 68.26415242578484 48.156426273740124 37.62823176686406 39.72859202901735
2004-05-06 36.5599473205057 64.77819686866012 76.1189642674327 39.80361780426563 54.37418156415939 34.45530064771883 54.279022772345414 63.32373562819228 45.40978817461866 36.030233184110614 49.79027224995459
2004-05-07 35.00855844471103 60.148160795326014 70.25163593362024 37.8983403207624 50.87923689703384 33.13353142178688 50.79446005138698 58.852383140608396 42.892870317386276 34.53663679961583 55.11366827819773
2004-05-08 33.55843762450136 55.955277133222104 64.95645018269123 36.13294059358071 47.69760471369326 31.887978453299738 47.62207713057848 54.80087048163929 40.58256096528639 33.13800323582336 51.47005420322539
2004-05-09 32.22221879475151 52.15374860536123 60.172882136892646 34.494054391648305 44.79699883198015 30.712223062317715 44.729711404998966 51.12528919925342 38.45821547701204 31.825868538711674 48.1578692464535
2004-05-10 30.945747211066358 48.702721569914516 55.84695735375205 32.969722632167304 42.148602627130074 29.6004939486437 42.088656344685575 47.786468403353695 36.501388661619664 30.592639276025867 45.142797771220174
2004-05-11 29.746082444769385 46.09709926472017 51.93053864103128 31.653620968502693 39.7266919744521 28.54759803770293 39.67328590826503 44.74945936753703 35.48225295495746 29.43149903807663 42.394216590184
2004-05-12 28.616587052023768 43.18368697720905 48.380690639914 30.31601067762109 37.508299288277364 27.54885883005708 37.46071989237038 41.983076320293804 33.72693400658474 28.336325098252974 39.88479354904071
2004-05-13 27.551299141317173 40.52910979168697 45.15911369296147 29.065313470939234 35.47291417466827 26.600061437044786 35.43052575184484 39.459487296455556 32.104100692387924 27.30161412595926 37.59012986525022
2004-05-14 26.54486002558324 38.10677489826574 42.231639438895954 29.03962494581508 33.60221670439697 25.697403574200212 33.56445291283959 37.153849588369994 30.600945091379526 26.322415965462024 35.48844144916304
2004-05-15 25.5924497297504 35.892944869070966 39.56778140082096 27.815032599246436 31.879839748364716 24.8374518635335 31.846196034874126 35.043984932001365 29.206010715536486 25.39427460173048 33.56027495560139
2004-05-16 24.689729497735907 33.8664274135674 37.14033456907877 26.669825727130608 30.29115720576777 24.017102866524585 30.26118406454552 33.11009009387958 27.909046347894673 24.513175530215666 31.78825477781282
2004-05-17 23.832790536262138 32.00829894623754 34.92501863439309 25.596855728824394 28.823095301103503 23.233548332728912 28.796392268009956 31.33447899764596 26.70087579135618 24.91089608062704 30.156857608969446
2004-05-18 23.018108316046753 30.30165827863939 32.90016010999187 24.589711734816458 27.46396443417355 22.484244205063412 27.440174736220058 29.70135295018177 25.57328179332724 34.91423605574281 28.652211564555223
2004-05-19 22.242501825019303 28.731407150204202 31.046409100841444 23.6426412962262 26.203309341694847 21.76688297288311 26.182115130283137 28.196595902588495 24.51890260055468 32.84074677914825 27.26191718698582
2004-05-20 21.503097234233895 27.284054670575138 29.346486940890248 22.750479694349814 25.085938278637087 21.079369008542383 25.012893677862067 26.807592015627268 23.531139767132036 30.94506007840469 25.97488794602379
2004-05-21 20.79729549596291 25.94754306562319 27.78496133149819 21.90858693071093 26.6871606145813 20.419796562854465 23.924168648524777 25.523063097088396 22.604075988855953 29.209128090563386 24.781208108888407
2004-05-22 20.122743445856084 24.711092403771822 26.348045981527505 21.11279156055343 31.471333691571925 19.78643013025042 22.90847072926089 24.33292374392792 21.732401870935465 27.677553055329447 23.672006085894534
2004-05-23 24.823911208712904 23.565062232719992 25.02342207679777 20.359340624013424 29.5877525303405 19.177686925965684 22.113393081931918 23.228152258424206 20.911350655279314 26.207878224606436 22.639341564085953
2004-05-24 47.1020418419107 22.500828282458542 23.800079198134778 19.644855010547072 27.86643534836491 18.592121245670555 21.20753809685757 22.200675618229734 20.13664003980247 24.85530966191096 21.67610492541646
2004-05-25 43.63256144249381 21.51067259164595 22.66817356696457 18.96628966465695 30.86881113645804 18.028410502985405 20.35848202311056 21.243266967838093 19.404420316821188 23.608277034485408 20.775927610036756
2004-05-26 41.22346842874142 20.587685593632646 21.6189017287902 18.32089810551998 28.924839227385437 17.485342762616263 19.561200493071077 20.34945426615871 18.711228141911093 22.456438702923798 19.93310223135697
2004-05-27 38.11007133371468 19.725678858093843 20.644387991031344 17.706200790637713 27.15323834334328 16.961805606709483 18.811184597813387 19.513438873826445 18.053945319710227 21.39054860768211 19.14251137972645
2004-05-28 35.297739016800996 18.91910732648151 19.73758411535935 17.119956904872314 25.536310550801353 16.45677618972081 18.10438556225095 18.73002299655956 17.429762060063332 20.40233765226032 18.399564167542866
2004-05-29 32.75470198403635 18.163000006237976 18.892179928276867 16.56013920188469 24.05825787645864 15.969312352860822 17.437165430843933 17.994545019090083 16.83614421751764 19.484408002181194 17.700139671920954
2004-05-30 30.452626789125866 17.452898201619433 18.102523659457553 16.0249115656637 22.704975881305774 15.49854468322544 16.80625310881895 17.30282186950503 16.2708040802914 18.630138891345645 17.040536523098393
2004-05-31 28.366241994347412 16.784800459565613 17.363550947224923 15.512608996071116 21.46386973197166 15.04366941523534 16.20870517529792 16.651097647661686 15.731674322153234 17.833602680985344 16.417427968761018
2004-06-01 26.47300491622075 16.155113498666356 16.670721566245135 15.021719754610025 20.323690315542752 14.603942083158168 15.641870948385574 16.03599783492939 15.216884772805582 17.089490053311938 15.82782181752852
2004-06-02 24.752804706924223 15.560608469113813 16.019963035582563 14.550869435385748 19.274388211738533 14.17867184342163 15.103361338973587 15.454488476980114 14.724741699922005 16.393043343907944 15.269024729930116
2004-06-03 23.18769780781649 14.998381962656742 15.407620357095665 14.098806751852145 18.306983574816662 13.76721639427639 14.591021080541463 14.903839797695767 14.253709329447654 15.739997125546152 14.73861038318742
2004-06-04 21.761672243841197 14.465821254942009 14.830411215961451 13.664390852765367 17.41345019005234 13.368977428253432 14.102903967244988 14.381593761368062 13.802393360581837 15.12652525291362 14.234391087783498
2004-06-05 20.46043761283664 13.960573319083426 14.285386048002486 13.246580001105562 16.586612158926595 12.98339655988643 13.637250772683183 13.885535153026224 13.369526258419409 14.549193663946534 13.754392479822906
2004-06-06 19.271237966985566 13.480517199594669 13.769892443424324 12.84442146784742 15.820051835797694 12.609951677429535 13.192469557460823 13.413665793642707 12.95395413088848 14.004918310304534 13.296830954192373
2004-06-07 18.182685089409485 13.023739380632293 13.281543414421678 12.457042508604127 15.108027789070489 12.248153672878198 12.7671181054919 12.96418154876381 12.554625017701904 13.490927657955082 12.860093540063373
2004-06-08 17.1846099413214 12.588511822416194 12.81818910565057 12.083642305552164 14.445401693728554 11.897543509570106 12.359888257346082 12.535451826349346 12.170578437820291 13.00472925981326 12.442719952824344
2004-06-09 16.267930297840813 12.173272375260941 12.377891572480403 11.723484769858645 13.827573181340902 11.557689591070767 11.969591934203304 12.126001292780453 11.800936058656397 12.544079956705646 12.043386585526283
2004-06-10 15.424532806787191 11.776607312337596 11.95890229284732 11.375892111249277 13.250421779892761 11.22818539899331 11.595148668489088 11.734493565550624 11.444893365157514 12.106959311323402 11.660892228758343
