dates,1998,1999,2000,2001,2002,2003,2004,2005,2006,2007,2008,2009,2010,2011,2012,2013,2014,2015,2016,2017
20180104,15.000460752968376,12.30528674751477,18.657679574669988,7.488548051584348,28.75832685102747,6.826696492025852,33.963093096439856,4.371788109322939,3.263585618593211,16.03400799326363,5.6102893887577405,7.342158436006813,7.310426917099944,34.58167934709299,1.3391861097738422,6.492908834864926,7.089922065361601,6.434362059559031,14.724782733050514,5.68238376249262
20180111,20.826359429628894,19.57638899016534,21.54060109797278,8.75011989185923,24.48664014205378,16.169745656997776,57.29362496384678,8.134424589129601,2.6864080709719746,14.64093550559342,17.331467856996174,16.595312242895634,19.47483696113687,43.93188928058393,4.68284468173107,11.394025926825492,6.707347177223244,2.093692164816726,18.384332765069352,5.434877718284302
20180118,35.709432749807874,12.280247042907634,26.17910329665353,9.954248592364001,28.604601459775772,26.75036196086595,152.39983614929778,18.460878782935552,3.2457153299952894,8.686100971799128,19.396996746857134,23.451256929379905,11.026554415285386,45.922589038288635,10.139977183260893,14.008944745094452,8.249536170753904,3.822773191808128,33.95804167336366,15.02977073388368
20180125,23.460162913558133,18.40177202355991,26.0619094498358,14.78030851882649,19.932590870358506,16.94922195506531,177.34244497982118,14.642800982145761,14.743200390839924,17.502589618311383,19.225310840193654,38.44383634085644,8.78583605610232,46.03690347655947,10.66209450551838,12.301838585714545,15.993508978251972,7.025404185076172,28.731720875393435,14.127357475002064
20180201,13.91638060383278,24.278530773933202,53.035919188390956,17.46883841562951,11.79607893857381,21.61541238637069,245.95479063769966,23.83854103662135,14.996430911831958,28.059173173729256,35.092147049537395,35.178536656976426,16.506054999512205,58.94390375412587,4.950518609418139,7.288176598572159,11.424724397029433,11.155347966636235,28.667496141375736,13.786486860383125
20180208,8.662227285109774,16.260511033355357,63.97399234089753,23.903890421812612,21.862693727133298,19.110696631857387,298.37174014838985,28.951134398715006,20.557919733997547,69.7553548582042,39.972417329881786,27.85279870262537,25.851863879209652,97.07280531972697,22.747085284522626,9.19619537478877,28.036210011544856,10.232397772036206,16.67569865006275,32.4899197527584
20180215,13.730959065222555,29.949252851010968,82.03410054772345,22.310106773416138,9.555529141637388,27.604646610452747,175.30963592408557,49.36006101387601,27.681445108058274,76.60879947885093,26.755214461939257,36.98333298938688,26.934197868154538,129.99808123206245,32.182043991310785,15.493358367186612,38.330163300438414,23.19850930372113,17.465876794990617,27.056767091469638
20180222,10.809899199111737,25.558134398064475,59.68726027774925,28.649045920366117,9.174043303702442,26.47724923897321,281.41815277598255,34.15422359273498,33.96351700957022,79.34479568452404,33.7000801386772,117.64477995353757,18.019056408431933,116.90715319146956,43.36567993408784,12.878183138375658,32.88358054743715,31.559761442589394,15.660332547038239,22.459625772722127
20180301,15.393700257721159,27.463415004762975,58.1464341096579,28.33168550581525,25.09201857684275,42.68356745553149,174.84065830555178,26.540053943074398,43.42131427829741,33.34588107224326,66.46661547629137,48.02403958764707,11.341728606682928,82.73354666406291,14.736641630710146,18.734097374791205,28.79392425843158,23.76164474238806,9.013448783883637,27.184360324574516
20180308,10.03333633092629,22.433475128843813,21.589678801725693,27.75965322651728,14.81853186605978,47.94019630922859,129.07394145018608,44.20616537991943,42.76671871389117,43.55821468716557,100.52154661459295,52.662850125168106,19.642796350432405,91.65919833366246,9.632277030969941,25.578708842690887,41.75238290947113,21.8814335015581,7.494269916237066,14.586359799473174
20180315,21.6201793489015,29.141572416971105,28.790087851642426,31.46300320463929,14.425209618719279,46.2515544569531,103.33404804028655,41.956214541362456,41.44918855669827,33.53985137232093,125.54973536439601,46.96540178319827,20.422656450421023,56.15783766712837,14.000193274794217,17.91576770881626,22.483945043866672,23.06618230942976,7.515287869043005,18.208278785293437
20180322,30.27558931282753,13.43423854511798,49.552902319979715,19.714924166930352,10.925515071973697,43.38374022722041,61.77446673363907,25.76433109329058,38.57899020467514,17.41682633943543,190.4432987823379,47.33086387835336,31.87892571364395,79.72099289560815,11.633130624628429,9.197680201567923,16.114349170245045,33.206378909178035,11.62310371261482,11.11550912134685
20180329,21.282924074408786,17.042637747738926,22.984243676588243,15.122342899019252,13.472756996082214,33.86818322816833,49.764309271182356,28.279573375430992,34.48122353829669,16.810439627028643,200.82543643463345,29.025973314359298,14.479908037124497,34.5312313536192,9.17286388740752,6.790314591507629,14.446302718262846,20.679225446508298,5.673006054148021,20.833616755411057
20180405,7.668441321635358,7.98557431037944,22.17906966974434,4.927027238352992,15.074310569703908,19.342890564883724,39.68536459594099,12.589734897660767,25.979159328316037,11.627261591244615,209.5451831776103,26.057707948581672,15.55257529436885,32.967243108927796,4.333593997205406,2.6910839934544866,26.050629705748634,9.54805252129445,12.553500093893685,18.97321222742141
20180412,2.314693299228811,7.240774936431663,30.199086606434367,3.951413180508399,4.456115143398415,6.092545477435931,50.17383173193168,6.011683707289078,27.924049627217787,17.880249090959843,112.09415753368552,162.6016649456716,37.40636886848042,27.45032544665403,3.2621395829817637,5.034081472556845,9.048746136214918,5.0687003589880835,5.055260550553239,7.093355564622311
20180419,2.8888610134065593,11.400897996803629,31.16024269227301,2.3534270512342155,4.713999044401236,5.401281848226598,60.20957863812253,8.758745683865039,9.402074022434938,4.508743552674756,36.854517133290585,65.49822732141932,12.484748315675743,22.203899878418362,0.5125290485011803,39.310915957147095,10.23955094350169,7.467307914246813,2.759741602963673,2.013325736959925
20180426,0.7788182094408002,6.0587266163128755,9.514871919404682,1.1034095269210202,0.7906012876755482,4.673155776140122,30.597557109288047,8.783414087089982,12.086333513925608,18.13391744011092,15.489325861824982,95.44522281203821,4.871573763343564,21.558958254042047,0.14620890490733202,3.6153625885030705,8.64214179901588,1.7600167289201996,1.759565064194255,1.6748115380520163
