2001-01-04 2.684803170421897 4.029042376121405 2.5632488157873463 2.563273184956323 2.8961722203461933 3.1029309318629643 2.5720395395255333 3.0163101473447473 2.6031667221761703 2.5632488157873463 6.508295692636207
2001-01-05 2.2619077761663244 7.984007538483829 3.5852262741730407 3.5024767665744325 2.402615214903077 2.6795714225328915 2.365909008531863 2.5135567310514433 2.2523576258888443 2.129241535746423 6.039719243692081
2001-01-06 1.8899367699964995 6.709947432199321 5.596240492544407 3.6420749718185896 1.9931687177755986 2.3921370933045423 3.389910377215925 2.085203912640627 1.8685175775624057 1.7786438399405795 5.010448358936365
2001-01-07 1.6296810559250772 5.828946421071195 25.49859433900903 3.021403450952679 43.94725444220049 3.203864183569129 8.35592804703453 1.7298497000597917 1.5863491969826686 18.106867584915978 4.5718431065677825
2001-01-08 16.616381213872813 7.0763288758738625 28.20202355540742 25.402585711736283 36.75200239356418 4.935404156898191 12.000956740635791 1.4395944140579622 1.9651859884797143 98.31273795473182 16.007693256417426
2001-01-09 21.42848911563351 134.87369563398528 24.821153019987705 46.22609978190004 31.503616939945736 8.094600513395623 85.91682216534228 1.3669611405979192 7.221904193991576 90.73844505754458 123.4251138747386
2001-01-10 20.431413990812 114.70190227074748 20.60663925097358 38.348386149581806 26.134864788973935 19.94409367263307 72.9767238332155 1.1340077124944243 7.348502678506435 76.58398710712699 112.67340646556448
2001-01-11 16.949553542227747 95.15474723421026 34.9493552225134 31.813168907087185 21.716335683462685 26.616023093318475 61.620717353190294 0.9407535106921695 6.096192836217133 63.53277313714835 93.54856664211707
2001-01-12 14.061061334768334 79.4909628447337 29.13482148001723 26.83052018353525 18.943093524766844 26.020800005910655 51.1194990497469 12.452422003742532 5.0572978907725945 52.70597603493676 77.69436637231995
2001-01-13 11.664817327933935 74.88045907611188 25.762159044624806 22.45557320429523 15.714868197465593 23.256141479569212 42.53863539235789 10.357471871620172 4.495607561775284 60.3302683127592 64.52631105815318
2001-01-14 10.525151482806367 62.11955525681174 21.717246910389417 18.628761598133746 13.107117781296118 21.361933926219358 36.83816189684417 9.900681550605377 6.103018706099895 50.0512531592885 55.43199906984655
2001-01-15 8.75140045015244 51.53332649018367 18.01625866241828 15.45410377739679 10.87344198097505 17.841221400814216 30.65295662319953 8.213437020169817 21.64563375275358 41.52166833193221 45.98544362174471
2001-01-16 7.442310152008748 42.82602935764077 14.945981759588877 12.820461644991017 9.020422528158807 19.665583975285582 25.44597509695392 6.998760921872257 20.777791421624638 34.445669833284654 38.54611072414394
2001-01-17 6.346846341783846 36.00320175852817 12.39893226133247 10.63563692584294 7.483189106897832 24.325406124715645 21.351687650323406 17.34845180851278 18.031564087422925 29.324691304310182 31.980174996473856
2001-01-18 5.265235775789114 29.86764382397571 10.285943318677257 8.823143499091742 6.207926406417121 20.653755687056503 17.76537834969911 18.884346475657512 16.39043946673355 24.328075529079733 26.530209247205292
2001-01-19 4.367950046646258 26.16231764028937 9.304842689897246 7.319529779773666 5.149990160207138 17.134004431767547 14.737855719216054 26.97660039264648 13.918995546421431 20.18215767860801 22.009010356513464
2001-01-20 3.6235770670951726 21.710416201263445 7.71913923555954 6.072157412209272 4.2723442440966934 14.223037737491504 12.226274438118743 22.380477985972494 11.645965046211776 16.742774745060604 18.26037261206011
2001-01-21 3.0060579038125197 18.85739661473649 6.416568314120385 5.037358511818244 3.5442641193965687 11.799190196682225 10.142709325163016 18.566463882258454 29.43895486222947 13.889521161603504 15.148494540237174
2001-01-22 2.4937745089325984 15.68670608675292 5.323075938184004 4.178906944271229 4.995624081282363 9.78840750246367 8.414219145450609 15.402422651887566 31.95521478743513 11.522510517890732 12.566933419750798
2001-01-23 2.068792917633258 14.609800620176943 9.130519341397786 3.4667501246752117 4.14428477053226 8.120296379427081 12.558417407245855 12.777587862278839 28.135785827156607 9.558878746801842 10.495431593993988
2001-01-24 1.716235417725114 13.741786025981613 7.61723217682775 2.8759569397476965 3.4511545155201344 12.130043630689649 16.789338074822588 10.745335989774826 23.34096937903947 7.929883227634427 30.183194340164047
2001-01-25 1.423759712221125 11.399951962108993 6.319126257379945 2.385844961946522 2.8638729758530412 10.062877884046586 13.928587595992251 8.914147976729867 19.363271205577096 6.578496251452012 25.03946465839869
2001-01-26 1.1811268414628953 10.565816879401446 5.242239665240228 1.9792564011565852 2.396198306143013 8.358450847275668 11.554919367404123 7.395025546586477 16.063440454938217 5.457408600867897 22.284179557810813
2001-01-27 0.9827931869194027 16.013595083092827 4.349910225303594 1.6419574465240216 8.148406569227111 6.940540829868014 9.585764577137146 6.134787416298918 13.325956988870274 4.52737335378959 18.850418091722435
2001-01-28 0.8153085121836373 29.370598623666396 3.6086115381366324 1.362139970658043 28.830178510591274 5.757754625342426 7.952187255197008 5.089315297978096 11.512172718362867 3.75583193117438 15.865530339090325
2001-01-29 8.168876696212072 24.688416181614837 21.204478189807745 1.1300081519119618 24.045748114674435 4.77653530730461 10.731380409303787 4.222009410370306 9.550302684142261 3.3059715259954476 16.971941538900445
2001-01-30 7.011901610388155 20.485006350235572 17.628720910054408 2.525979114334701 19.9784333359452 3.962532449977763 17.157057121406528 3.502507197449206 7.922768671916544 2.7608016424078055 15.30884353557417
2001-01-31 6.899785755704511 16.99401285208769 14.624487031603518 2.1268183199662185 16.57434814341376 3.2872495243813704 79.93352002680747 2.905620399152196 6.844811707975762 10.756547284822174 30.06156675039195
2001-02-01 5.735492759039992 14.097944022048356 12.346013392117467 2.3308372624072744 13.76423187659677 2.727046294752012 66.31153406616977 2.410453263341972 6.930812278051268 8.923448676415417 43.53782682249573
2001-02-02 5.128616676663397 11.728511220182671 10.242042724838575 34.53553698551827 16.337691644914074 2.2623112235816563 58.31263446951612 1.9996710294476046 5.749683984221721 7.402741248855943 40.44583217828527
2001-02-03 4.296632755436962 9.737892824082499 8.496624444324388 30.397399302235016 13.877171089146444 1.876774912913448 58.81044684088262 2.1501103040765495 4.9247951670429835 6.162213914101178 36.49411879457676
2001-02-04 3.5645118755806267 8.085339931652806 7.048655125487271 27.23021941895656 14.47024682752647 1.63091157201328 48.78814643078824 1.8177060702239332 14.965925130938917 13.540263463017935 31.09479487210248
2001-02-05 3.315125996982251 7.136946134246774 5.847444406142687 22.589726888982966 12.106382303108676 3.778639422612025 41.012443100833636 1.5079380396859807 19.111489533059085 14.26292052674888 33.42944731758134
2001-02-06 3.1136361264255843 28.400762738267264 4.850940423981547 18.740053213217923 10.202892237404615 4.551738003685818 37.26698462874941 1.2509597501934193 25.9102803523393 11.832276280309534 34.32886257104843
2001-02-07 2.583019572684461 36.09208989812678 4.048178734061016 15.546429408383851 8.493491967762397 4.537341267061787 35.01825615062182 1.037774932005951 22.414406259098 9.815855154701 78.61449059765997
2001-02-08 2.1428291046105747 31.983814178540854 3.358300224955074 12.89705341815113 7.046056476209611 3.7641011424870587 29.649541753741637 0.8609204327586902 21.163161448889873 8.143066484883681 134.1074716627037
2001-02-09 1.9502215988687102 31.622457101615637 2.7859887474929255 11.098969193441555 5.854979204558019 3.122634286675178 24.982586886812204 0.714204948185602 19.682659268447985 6.78996612029033 115.18552327129055
2001-02-10 1.8191323040681862 26.233452565820027 4.730179846588199 9.208361611233968 5.039398930741793 2.5904842933836476 20.82264894893025 0.5924922775714276 20.731791863337303 15.59227094320271 95.64572204803287
2001-02-11 4.154037822865931 22.060590190194485 8.365890036846626 7.639100173683561 4.1966887688483805 2.2538797938902926 17.40432239128103 0.491521516161066 45.89735726244959 14.818888529133957 79.69186522240635
2001-02-12 19.438302212639098 24.57493054613249 6.940200084619565 6.337267575632714 3.4815016239045913 1.8742722217591514 14.895039985217034 63.75309914458968 39.35005324101419 12.344263811466785 66.18194106100931
2001-02-13 26.212169373571967 38.02667120614946 5.757471948879516 5.2572893943085575 3.5671844271139754 1.5548643569027913 12.356671831748326 92.45104407236278 33.44263714156367 10.240591302488035 54.90341265888331
2001-02-14 25.921764437554074 32.156282462198455 4.77630080371853 4.839955729797362 3.075065562309973 1.289889024817316 11.058082299472382 164.12033632777803 39.48728288915186 8.496102338895648 45.59134684197538
2001-02-15 21.572468372421877 26.67630500547319 3.9623379097909677 4.173424119484791 3.249072733693338 13.506281519372585 9.448854417668937 209.85764690835538 38.87772130705847 7.055904895944853 37.82232997070078
2001-02-16 18.01475590690302 23.36383608533475 3.287088137150912 3.489211476689438 17.062326576473268 12.655737995425763 8.209063628730762 220.09937051883125 32.25229635061371 5.8534586924074965 31.37676164843203
2001-02-17 19.735151558683686 30.982830770540303 2.726912410650259 3.092701878127993 17.01764630513193 11.167311588834774 9.718147713269175 191.34421293371102 26.75595649426505 4.855929773573578 26.029627796732004
2001-02-18 30.305354718006846 27.33575276084639 4.311508817359172 2.700960506877582 55.59289782987686 24.891455449109973 13.486982887126198 165.27372109168195 22.196286433086424 4.053926909046594 21.59373649926257
