2001-04-12 11.139982692612692 11.136650456083286 11.136650456083286 11.136650456083286 11.136650456083286 11.136650456083286 11.361841303832016 11.136650456083286 13.240448979674873 11.136650456083286 11.136650456083286
2001-04-13 12.079586198703096 9.921627615701622 10.220429487435524 9.926300004529535 16.62238168855165 20.881077728651324 10.122249853297905 11.815960398154818 12.881909453462088 9.945714528606162 9.935231980826924
2001-04-14 10.761687860090323 62.00907058193704 9.105367529200034 8.843327949911806 15.001039219697866 18.60292538184425 9.017899418999344 10.52682397231314 11.476476619289295 8.860624324524977 13.232806341339579
2001-04-15 10.588082917312267 57.9285018900778 8.134449594374875 7.878509534671063 14.231390368269686 16.573322376345427 8.034035032705026 9.70783499397029 10.630498799091852 11.308013254303784 11.789090206898786
2001-04-16 9.432909498597121 51.60842807766053 7.246970716405777 7.018954045294891 12.698496771022556 14.765151660412739 7.157511512131485 8.64869775204606 9.470697753303345 10.074294512973207 77.128535374005
2001-04-17 9.51571033528155 67.20213961188372 6.456316921646485 6.253177161639167 14.284459393540242 13.15425468740941 6.376617831232662 7.720267695315591 11.337434896121671 8.975176067776085 123.53340626789198
2001-04-18 8.477534139897111 85.85106208092137 5.751924469402633 5.570947517608778 15.388707298543624 11.951576455789823 7.7233165501011385 23.694727832385425 10.100506215954345 7.995972853865564 160.02416048537276
2001-04-19 7.5526242982253 76.48460115887954 5.1243821366308575 4.963150002264766 13.709779606109395 10.647644144219411 27.124515768612085 21.109602652556397 8.998528040362258 7.123601965793781 142.58423375790835
2001-04-20 6.728623305884499 68.14003312992091 4.565305476785684 4.4216639749559015 12.214025077069428 9.485972519299562 24.16519632843393 18.8065179436144 8.091393659331928 6.34640785986768 127.02811108194302
2001-04-21 5.997713228591625 61.62937118848041 4.067224797187436 3.93925476733553 10.907369657460576 8.451040757758465 21.52874243261142 18.751523147366505 26.14793361867807 9.237560153471112 113.16918133069167
2001-04-22 5.343355027125633 54.90552779161236 3.6234853582028883 3.509477022647444 17.116820041725166 8.291982411703039 19.17992903638704 16.804905119630654 71.93017344267146 8.229730499471687 100.82227858050484
2001-04-23 4.760388144234965 49.25664324888494 4.240630541246863 3.1265885808195826 15.249353033811822 9.045499884139108 17.08737419253989 14.971468429548974 76.65171631776883 7.331856352619782 89.82243874735994
2001-04-24 4.241023695549399 55.207866981796954 3.7779723133036027 2.785473758804388 13.585629070292445 9.75977735308531 15.223119764518101 13.35104795158213 68.28891581075716 6.531941426138068 80.02269554026212
2001-04-25 3.7783225739677646 49.184617925345265 3.365790691091872 2.481575001132382 12.103419523853667 8.694973133198815 13.562257884306042 11.894431505894723 60.83850755899711 5.819298243514183 71.29211687895416
2001-04-26 3.366102737868588 43.818513061912455 2.9985786122224356 2.2108319874779503 10.78292093891599 7.746340418631514 12.923198941542555 10.596733781609673 54.200948397881874 5.184405345623114 63.51405554097151
2001-04-27 2.9992371867475778 39.03785711767352 4.412918269144624 1.9696273836677645 9.606490442288878 7.089129924003179 11.51326137129285 14.083034680459551 48.28755544966363 4.618780076735555 56.69971706062451
2001-04-28 2.672016565072255 34.877775257425824 3.9314632292390312 1.754738511323722 8.558410020862581 6.315696762024752 10.257149797299487 19.234026698180166 43.01932125223587 4.1148652497358436 50.513705248230295
2001-04-29 2.3804961326726244 34.93504814777652 4.220723724626502 1.5632942904097908 7.835766321407971 5.626646149450943 9.138081606187553 17.13556973008577 38.325858158884394 3.6659281763098903 45.002595254167296
2001-04-30 2.1207809531360757 31.51325757218424 3.794314682603147 1.392736879402194 7.002374957659777 5.012771841975121 8.141105189214304 15.266057107137813 34.144457905378566 3.2659707130690325 40.09275442492616
2001-05-01 1.8894010326053767 28.409849541591434 9.799612408093324 1.240787500566191 6.238406873717109 5.047645395705315 7.252900177316687 14.118282734844623 30.419253779498543 2.909649121757091 35.71858352388213
2001-05-02 1.6832649580011634 25.310298539163714 45.19768553063711 1.1054159937389751 5.5577886870324535 4.49694081266085 6.461599470771276 20.99440222933258 27.10047419894092 2.592202672811557 31.821640275215234
2001-05-03 1.4996185933737887 22.548912524290255 40.39508755577999 0.9848136918338822 4.951426816972091 4.006318805552527 5.756630685646425 28.335616388490397 24.143777724831804 2.309390038367777 28.910226256095907
2001-05-04 1.3360082825361268 20.088797263348834 35.98793172261116 0.877369255661861 4.411219804206137 3.569224288328281 5.128574898649743 25.244164318222484 21.50966062611793 2.0574326248679213 25.756083512703025
2001-05-05 1.1902480663363115 17.89708373089863 32.061602240196336 0.7816471452048954 3.9299500690025253 3.1798173432270307 4.569040803093776 22.4899936316285 19.3662126931691 1.8329640881549445 24.22592467445413
2001-05-06 1.0603904765680374 16.792148431290638 28.563640337316343 0.696368439701097 3.501187478829888 3.8207062537675713 4.070552594607151 20.124098179929018 17.25333406357752 1.6329853565345158 21.5828452382356
2001-05-07 0.944700516302688 14.960103512259137 25.44731056193682 0.6203937502830955 3.119203436858553 3.403862303872307 3.626450088658343 17.9285332722291 15.370973200888262 1.4548245608785453 19.228129156565423
2001-05-08 0.8416324790005815 13.327937042318451 22.670976359748632 0.5527079968694877 2.778894343516226 3.0324965632460597 3.2307997353856375 15.972507310365328 14.326115096028907 1.2961013364057778 17.13031561782102
2001-05-09 0.749809296686894 11.873842026456652 20.19754377788999 0.5485600180689938 2.4757134084860453 14.902136910144598 2.8783153428232118 14.229886288291668 12.763117574983116 1.1546950191838883 15.26137622525618
2001-05-10 0.6680041412680632 10.57839064077112 17.993965861305576 0.488711416920708 2.2056099021030677 13.276294670799658 2.5642874493248704 12.678284941504677 11.370645087026892 1.0287163124339604 13.596340516138183
2001-05-11 0.5951240331681555 9.424274661850752 16.030801120098165 0.43539237487520766 1.964975034501262 11.827833903868834 2.2845204015468874 20.53040926885242 10.130093132461004 0.9164820440774721 12.112962337227065
2001-05-12 0.5301952382840186 8.396074215645315 14.28182016865817 0.38789050866440056 1.7505937394149433 10.53740206333359 2.035276297303575 18.29051530051716 9.024886986351765 0.8164926782672579 10.975180513129098
2001-05-13 0.472350258151344 7.4800517561295665 12.723655280968405 0.3455711569479187 1.5596017184292763 9.387757990753261 1.8132250443291709 16.294996635357 8.040260247502218 0.7274122804392725 10.270580021004372
2001-05-14 0.42081623950029073 6.663968521159224 11.335488179874313 0.3078689007511747 1.3894471717581123 8.393720366645685 1.615399867692818 14.51719161454069 7.163057548014451 0.6480506682028888 40.073193887538494
2001-05-15 0.37490464834344706 5.936921013228325 10.098771888944993 0.2742800090344969 1.2378567042430224 7.4779547150731 1.4391576714116054 12.933347400391986 6.3815587874915565 0.577347509591944 35.701157066197325
2001-05-16 0.3340020706340316 5.289195320385559 8.996982930652788 0.24435570846035393 1.1028049510515336 6.662100269970131 1.2821437246624348 11.522302620272908 29.77971523678861 0.5143581562169801 31.806115066402114
2001-05-17 0.29756201658407777 4.712137330925376 8.01540056004908 0.21769618743760374 0.9824875172506307 5.935256590638796 1.1422602007734435 10.265204634426206 26.530710131039307 0.45824102203873607 28.33602714168178
2001-05-18 0.2650976191420093 4.198037107822657 7.140910084329083 0.19394525433220025 0.8752968697074714 5.287712488434105 1.0176381486517871 9.145257650258577 23.63617564709583 0.4082463391336289 25.244530257714157
2001-05-19 0.236175129075672 3.740025878064783 6.3618276404842025 0.17278557847395926 0.7798008592146379 4.710816277840608 0.9066125221645852 8.1474983176785 21.05743858573758 0.3637061402196362 22.49031964665255
2001-05-20 0.21040811975014537 3.3319842605796115 5.6677440899371545 0.1539344503755873 0.6947235858790561 4.196860183322841 0.807699933846409 7.258595807270345 18.760045043352527 0.32402533410144435 20.036596943769247
2001-05-21 0.18745232417172353 2.9684605066141616 5.049385944472495 0.13714000451724837 0.6189283521215111 3.738977357536549 0.7195788357058026 6.466673700195993 16.713300081377792 0.28867375479597196 17.85057853309866
2001-05-22 0.16700103531701582 2.644597660192779 4.498491465326392 0.12217785423017694 1.4022333774136095 3.751578661542803 1.120081943628693 5.761151310136454 14.889857618394304 0.25717907810849006 15.903057533201055
2001-05-23 0.14878100829203894 2.356068665462688 4.0077002800245385 0.10884809371880186 7.791428191099686 3.342276620571133 25.74719919903803 5.132602317213103 13.265355065519648 0.22912051101936798 14.168013570840888
2001-05-24 0.13254880957100468 2.0990185539113284 3.5704550421645402 0.0969726271661001 6.941373387933213 2.977629956937248 22.938146762126948 4.572628825129288 11.818087823547913 0.20412316956681442 12.622265128857077
2001-05-25 0.11808756453783603 1.8700129390323914 3.1809138202421003 0.08639278923697961 6.184060653443163 2.6527667117316676 20.435565546893873 4.07374915883925 10.528719292868786 0.18185307010981808 11.245159823326272
2001-05-26 0.10520405987507268 1.6659921302898058 2.8338720449685764 0.07696722518779364 5.509371709054623 2.3633464630071055 18.206019150200632 3.6292979036351727 9.380022521676262 0.16201266705072215 10.01829847188462
2001-05-27 0.09372616208586176 1.4842302533070808 2.5246929722362466 0.06857000225862418 4.908292193355413 2.105502334414535 16.219719123352213 3.2333368500979964 8.356650040688892 0.14433687739798598 8.925289266549328
