2001-02-15 17.026488533438716 17.026488533438716 17.026488533438716 17.026488533438716 17.026488533438716 17.026488533438716 17.026488533438716 17.026488533438716 17.026598135036554 17.026488533438716 17.026488533438716
2001-02-16 15.168876808871737 15.168876808871737 15.168876808871737 15.168876808871737 15.168876808871737 15.168876808871737 15.168876808871737 15.168876808871737 15.168974452794755 15.168876808871737 15.168876808871737
2001-02-17 13.513932904652549 13.513932904652549 14.25395758637381 13.513932904652549 13.513932904652549 13.663671882384396 13.513932904652549 13.513932904652549 13.514019895498402 13.513932904652549 13.900996553316135
2001-02-18 12.279209221063734 13.02561264297882 16.37374972570738 24.993897940892396 12.040049993143484 12.202362116997044 12.039545501789508 12.039545501789508 12.075598115722482 12.039545501789508 13.58163967105004
2001-02-19 10.939531754822715 11.604501606622426 14.587352641783438 27.795576697841852 10.72646510523713 10.871068768316903 10.765100303168587 95.67233116046921 11.91583006151015 10.820381701058722 12.282496289586101
2001-02-20 13.45747818927287 34.84474924988251 13.1534193698956 27.419923472730385 11.324909765141586 9.685021230509006 16.538677021595447 91.78131007842705 10.615797727377512 27.847325526877214 10.942460199955729
2001-02-21 14.44134881225004 113.56205586907052 12.050520466612276 43.89650592571893 17.027212163553063 8.628372999422446 17.208642041538916 89.864288303256 9.572648985948314 27.500844230225482 9.74862376544224
2001-02-22 16.05541750697237 102.26010058903941 20.659651180442676 39.849027250777674 15.169521490013016 7.6870064448221695 15.331157135742968 81.59824055632505 9.067380056864302 58.31417682663306 12.996755561116057
2001-02-23 14.303750876169643 91.10339253167734 19.265937645211977 35.50144729685728 13.514507250254926 6.848344188028597 16.742948056494757 72.69576791413702 12.488525411882975 54.51037440704019 11.578792869381621
2001-02-24 13.693241636021016 82.22092926575374 17.16930847110697 31.628193888896956 17.09584804537664 25.93607398541918 14.916270961421464 64.76456644893229 13.934928971602652 48.56322268458206 10.315531724944588
2001-02-25 12.199291420717046 73.68792802053439 15.296114908265267 28.180556719164777 15.27373852640464 23.10641506720295 13.28888667896435 57.69866923026859 27.445102928293917 43.54274063363722 9.190093990689137
2001-02-26 13.191664599134265 92.66516300615088 13.97176082741828 31.67633479905323 13.607354074384608 20.585475564189725 26.659295701736326 51.47277390897168 32.48264477510003 40.666283913144184 8.427398919168198
2001-02-27 31.127908891145676 88.34795729385567 12.447423811310353 31.933505419419742 16.250792268183787 18.339573792445904 30.81411069887092 45.857028294630375 42.269443785033104 48.44649543694741 7.5079588943442275
2001-02-28 28.071885194684633 104.40911974414905 11.08939391764593 28.543130930456215 14.477810000489873 17.124029632556496 31.003808840868977 40.85396772541147 44.72902110793847 43.23322242248982 29.590236651965697
2001-03-01 26.781612598356446 93.66484356232117 14.71547756089572 29.19431169215396 64.83567181042353 15.255776049041769 30.042214956811158 36.39674747751587 43.7551016769247 38.51642243727235 102.69727410934078
2001-03-02 44.57339236580703 83.44588906448733 13.3212464225231 26.009174863529477 75.05894346954216 14.469552568405758 26.764570795119592 32.42581567219652 67.49398842454328 35.77018455873637 137.1871743828402
2001-03-03 41.199464067257026 75.01132370473923 20.530427531983864 23.23186257638264 72.58201695287474 12.890905835256941 24.18880890902005 28.888117617014803 128.42818479233318 35.3940080222805 149.4918852632233
2001-03-04 44.12679329063956 66.895619157933 57.49760887123057 20.827200847126544 64.66322586335649 11.52476311220625 21.549778850387586 25.73638695448584 127.42895115138387 56.53777952188955 189.4875749443919
2001-03-05 47.497304680425025 97.63910031958443 52.37140482373882 18.554926537156426 61.01792236296225 10.39480842511468 19.19867035401809 25.10841467899025 116.14237889763686 50.4027282581477 184.63688644942874
2001-03-06 44.14508125852955 86.98654931509375 46.65761742467769 16.530560267140828 58.33635028008456 12.812802714185645 17.10407080839365 22.369054452048495 103.92195359308741 44.90570847509398 168.90405491687935
2001-03-07 43.20072354508988 77.49620528026843 41.567211555127706 14.727054952137387 73.47797097380764 26.232815100315257 16.828209243540773 19.928561937341453 93.29077988719871 40.105552415636346 150.47640601415333
2001-03-08 44.75607783508669 69.04126994493174 37.032175491131575 14.374534021658928 200.03191235295202 23.937278120747013 40.60251591711203 17.754330284357856 84.84021527165262 36.96263570534315 134.05923722837443
2001-03-09 40.413852020748884 61.50877889272083 32.99191767499721 12.806253933760633 179.9467394989881 21.325690393542306 38.45517967611381 15.817310091774615 84.23957654278041 32.92996476897856 119.43320260163041
2001-03-10 36.004648960398534 54.79809226990253 29.86122257542075 11.409075213767023 163.37857420026694 18.999030235064584 34.25967027930622 14.091621285190259 75.18952401832762 29.33726340108953 106.40288710118797
2001-03-11 32.076620321308845 49.39430724423996 44.2770328983821 10.16433048311176 148.3854554685454 18.255863350256476 30.52189633574459 12.554207339495122 71.32774775690453 26.136530357776156 94.79419572487961
2001-03-12 32.649731499581705 49.48244964866576 82.69739110295626 10.567194910387515 132.1964881763865 20.009135880527932 27.44733344839021 11.184527226024242 67.5155284459256 23.285001392378838 84.4524135913309
2001-03-13 29.74396423332425 147.2719039490329 123.20006647729657 9.55972333993647 122.59335665070996 24.18611882789 45.864267920838145 9.964280968670723 61.08311014706572 20.744577892366326 75.24736958051206
2001-03-14 26.49885960788068 133.32345261705242 127.6239976182675 8.523093565548587 160.42977960582272 22.179504840157684 41.11462310019892 8.877165142178924 77.52728698580756 18.481317852671577 67.03778510271056
2001-03-15 23.607800056841704 151.00083021111178 146.13675526254093 14.087922281377997 145.91830719411422 21.17315549572285 37.748773225080114 9.77742096268263 69.06896059655416 16.46498238448928 59.723876814972364
2001-03-16 21.032158808753703 139.42213195504291 135.0413865948347 13.552590260089719 145.94905220284122 70.95953071381672 33.93158289097094 14.868133965212674 62.65863003304257 14.668631700544765 53.2079252968304
2001-03-17 18.737523322442716 124.37410059789414 120.30819821323223 16.225220655924414 133.24484578658644 82.86315097765223 30.2299761127084 17.59574445091931 68.1074035025232 27.567751921279438 48.71868941687443
2001-03-18 17.29918727950867 113.04700719428158 107.92378345901272 15.481070930372832 138.11494314468618 74.11714078448439 26.93184696822499 19.435475289160237 80.14397674762648 26.388217048137555 87.39613049375508
2001-03-19 15.752871682716902 100.71432302118507 96.327004822269 13.792066247308824 137.5860220002964 67.69407921195955 24.94645259686022 17.346339207151523 104.47216206085791 25.987039703786284 115.67500345827136
2001-03-20 14.034213189161736 89.72626127794584 85.81761025710895 19.041964882566862 122.57810263314703 72.26405101878987 23.062803167041828 15.453831364078804 145.98876483429868 23.569820941131 133.19991833925008
2001-03-21 12.503062540332433 90.58434152820227 76.45479897192558 18.659290199967344 109.52042963004429 66.81641575491398 21.203133751289837 14.50959105420262 131.66607548350592 107.99197776795698 118.66763650483574
2001-03-22 11.891162005248605 81.90891436908836 68.13890702657048 16.6235377205595 99.20496861807513 59.52665914678482 21.176015148651008 17.33976231450848 117.30113787082458 138.47782949959898 105.7208452469019
2001-03-23 11.43554518431735 76.96533099757276 61.83401970126896 14.80988844620404 94.97413033210532 53.0322243290475 27.06378635501466 47.63200833444599 104.50343336552082 123.61865876474853 94.1865655111781
2001-03-24 10.26048985824408 68.5683147269845 55.08870100825453 13.194110632524598 155.96647676074448 47.24634067487934 29.352632886670953 111.66243405401978 93.10197482660686 110.13170463174248 84.88389637890086
2001-03-25 9.35406160372942 71.9728337436782 49.078453112270374 11.754616249517984 182.1897293867652 42.09170434407177 36.36437901905236 103.18155955366235 82.94443002935817 102.85626329855894 76.60626340970099
2001-03-26 8.478343949765847 77.62356356649106 43.72393096603242 11.752604687868928 162.31259636900444 37.4994454444757 32.86871471977725 91.96955746154622 73.89508639003627 91.98073527784405 70.12754925098253
2001-03-27 7.553345756799293 69.15473327887203 38.95672868091377 62.53712827046938 144.70439198556687 33.48993404928528 36.607650525752334 85.95429899792268 67.35301837080337 83.5830076773135 71.81231886562121
2001-03-28 6.729266052403262 61.60986323148415 34.706499644767064 56.22333219277487 128.91695732921872 29.836139315112757 33.644957293846 127.37126069662445 60.00471772943143 74.46399439803275 89.57588914120053
2001-03-29 5.995095836038311 54.888148177730855 41.87739849006703 50.089294580121596 114.85195203115379 26.580978270090533 51.29607737781236 113.53662993131289 53.65612725504046 66.33987715681677 174.840170177506
2001-03-30 7.210005927650632 60.099521166260025 54.42145600301909 44.62448833398417 114.18403372072993 23.722086899043955 74.98189224244304 101.15728106060236 52.87646791476778 59.10211152059565 176.9041528563159
2001-03-31 7.543771224780793 54.78304440894908 56.15209584047644 42.90240143026446 124.46179569738185 21.133976809971994 66.80970492008257 90.90337866509985 131.91376997699993 55.75386679464092 158.67126414865794
2001-04-01 28.41653055220645 52.509362388590404 183.4306931413267 41.106297923290825 110.88285424424228 19.932604390831038 59.52068047263588 81.93881934671951 151.24203153680082 57.956023487551995 204.10309854490828
