2001-03-08 22.858305807732613 22.858305807732613 22.858305807732613 22.858305807732613 22.858305807732613 22.858305807732613 22.858305807732613 22.858305807732613 22.858305807732613 22.858305807732613 22.858305807732613
2001-03-09 21.281597351677764 20.368867133266914 21.213909226784487 20.41942895302941 20.36443534296886 20.67455214370289 20.942946069097935 25.557783807053816 20.36443534296886 20.36443534296886 23.863501970768077
2001-03-10 20.783170526595285 18.14659761899838 23.145272561293535 19.017772267146565 18.57155739975252 18.41893200295051 21.48901575843486 26.728064382539454 24.20041356745768 18.934719210563834 32.16056125458727
2001-03-11 27.4243191873106 16.297746951934414 30.621595981057677 22.8718603810939 24.999952087411152 50.31231299581432 39.083995781513956 33.28339991191318 105.94562277682586 21.273466802259307 64.08606270338478
2001-03-12 51.21668078503171 34.805762496017095 57.94446506521626 244.6934714561947 34.0615993977129 56.6051519438365 58.87302431056925 29.771174058462986 206.1263519889865 56.66174039270991 240.11331580894662
2001-03-13 54.34790826739615 49.30178374350713 73.0445244748617 224.06267741328867 52.517569199106575 57.7630519283982 71.36953595565006 41.2705694421749 222.4899024381281 54.06327928018578 241.95827739548457
2001-03-14 72.5496784816545 44.44110211560379 65.07527322182492 199.61715209059122 170.26140786358113 74.52408375523395 122.64055904684562 51.76076967563389 198.26373498058766 51.82692190906067 240.787850411104
2001-03-15 65.03462182035511 45.116752141456324 57.97567069034282 177.83866491633285 151.7159440754477 100.2131834392234 109.36541199393555 63.556269078064524 176.63290734792147 46.55406687878724 298.84324520512723
2001-03-16 57.939261214496106 40.19445664947885 51.65045070135285 174.1874691568082 135.1635400982678 89.2797966667668 97.56718486334825 56.62219865143017 157.36203073766458 41.800136681011566 284.1353354741786
2001-03-17 51.61801354599286 35.809189905368136 46.21707926933108 155.1833929879103 120.4170246128571 79.58292007156108 87.07371061075652 50.44464419684678 140.44870726160684 37.23968818720418 267.40200175327146
2001-03-18 45.9864221010757 32.171403640444076 41.17473667723751 138.2526858895978 107.27937286986807 70.90032147761885 82.27183560786807 44.94106885201631 144.43395822963546 33.17679046992614 238.2281005901503
2001-03-19 40.969244501708914 35.94324658011904 36.76565031844257 123.16914063850164 232.96040932634185 63.16500552014858 76.21177931283113 40.03794063211806 145.76945910979094 29.561874436612655 235.84243705564288
2001-03-20 36.49944740975062 34.42516594823029 35.086541819328914 110.02029891504274 210.83555340085246 56.27362244922784 67.89697649699568 35.669749986132985 129.8658242649234 32.01193293966835 210.6716977621305
2001-03-21 32.51731091017756 31.86664507247581 31.258555130817538 98.01694327282853 188.17051573316957 51.01457585120737 64.18787117959718 31.77813453903226 117.05672893089398 30.791640984524797 188.34090773881593
2001-03-22 28.969630607248053 29.736867873999913 27.848206696964468 87.32316911779729 167.64087125848732 45.48759646456718 57.872950988146634 28.311099325715073 106.84847430367905 27.432233482550675 167.792673277899
2001-03-23 28.420534900427864 28.61154383865758 24.809931648832862 77.79609943099766 149.35103731211598 40.57921007136461 58.244313427414134 25.222322098423383 95.19116879239864 25.303590611485394 150.83424981472098
2001-03-24 25.319818111653962 27.606789831784415 22.10313630309463 69.3084452593942 134.08556208599092 36.15196623572628 51.8897841714474 22.470534426008147 91.29885586220142 23.40451534172299 165.58900705499198
2001-03-25 22.55739349921906 24.59969347570376 19.691655799308204 72.50161038454495 120.40133861525932 32.207740377661366 46.22854220292136 20.019579769666805 90.69504842707966 26.145642664535746 147.52359530982744
2001-03-26 20.363691649319858 21.91583538414975 18.012081222283943 64.59159175470141 111.10866099450402 28.69383461665536 41.184948990079214 18.02056445801061 85.3606888945048 23.586182787971826 131.42858195697943
2001-03-27 19.25137682861306 20.635661492023974 50.96628108951632 57.544566296907604 99.34597846287045 25.563300478509152 44.768542738087916 16.05449777580701 76.04772831569063 21.012900011627835 128.59191492056735
2001-03-28 17.762752208588186 18.72112615255896 45.405794491030306 52.07175054415703 94.94318651933347 27.153325633298046 42.31050882440947 14.304784263559448 67.75082367393355 19.72928256326397 114.562372165945
2001-03-29 16.247009298110797 30.53126950772349 40.45196410820258 48.794771627520426 84.58476316623332 24.190862999952444 38.43060984238654 31.4552543256327 60.359121964059554 19.16136611760106 102.10191040200887
2001-03-30 15.384852237405457 115.04626532411208 36.03860297025669 43.681002804245175 96.53207021352544 21.5516088373662 34.23778104593367 28.917951133167072 53.77386438585706 17.070836511988514 93.21720212727769
2001-03-31 13.706345137083051 111.99601908734802 38.19868027646322 39.399551580670014 86.10886789134622 20.78435996707313 30.523200227222972 26.815133502848525 47.90706685081249 15.208386366113867 83.04708588382059
2001-04-01 12.210965313016365 99.77710984173935 43.12977107093055 35.291137082374604 77.82035449412645 18.51675965203283 27.401399453339 32.60706877588927 58.74457117218715 13.549131918553856 73.98654235918644
2001-04-02 13.928730903160394 88.8912992577534 38.42425776077832 31.818890759545763 71.30240981943297 16.496557438108805 24.411871648231113 29.04959577475363 52.335463155005456 12.070904258153986 65.9145157474351
2001-04-03 14.847391739928826 79.1931445625618 34.232121984571386 28.34740899032681 67.16819728639634 14.696761875339616 24.181006524981356 25.88024763822302 46.62559703807532 10.753953130384147 58.723157586231146
2001-04-04 13.448128914761096 71.31044087592747 32.51965815627305 25.254670332082082 61.72092386627424 13.093326315553872 21.789692872584087 23.056679446047436 49.837247309042674 10.12568092865497 52.31638581872647
2001-04-05 12.09795347989609 63.53038036638623 28.971721765785684 22.499353425908787 54.987091954901196 11.664827630720117 19.4663399227081 20.541166163056367 78.25391376433541 9.157983382213935 46.60860106363884
2001-04-06 10.779032236538152 57.60681531116613 25.810869783457033 21.527495983919543 48.987929736886436 10.392179983536565 17.346645689204387 22.847942224045262 69.71863182364066 8.158835655964923 41.523542941910286
2001-04-07 9.603026002325233 53.765142684966385 132.43057596895588 20.096076884883523 46.26710416658021 9.258539471028264 15.97923695699616 20.355202439546453 62.11223972217972 7.306551106810413 45.66927488650313
2001-04-08 8.555323555739898 49.48654168903132 119.65371820532852 17.909296362662683 44.37362856341485 8.29327941957867 16.05420619387218 18.13442376087904 55.33571474931538 27.29323987357381 49.485091335472916
2001-04-09 7.621926789084523 45.9815052682824 106.59934416985257 21.62316233195074 42.55737558459145 7.3884720040822955 17.279412645641465 16.15593488278085 111.4710009017235 58.00062108146928 44.08620443783043
2001-04-10 6.790364806154914 65.28339492183242 94.96921907552249 19.611888077969134 43.55388707776016 6.622591646726141 49.893677477048264 16.829238352328076 121.1608140027158 51.67267897282452 39.27634302133607
2001-04-11 6.049527301508688 58.16089285171003 84.60795553717205 17.4722059489745 38.80417405522524 6.754782210782838 77.00325783538702 21.337757114120805 109.80766413551876 46.03512345976664 41.840626983163105
2001-04-12 5.389516118269074 58.703026395462096 75.3771191325414 15.565965883025395 34.57058892429477 7.444598214180194 130.68059225365803 65.17757324787443 97.82750722031858 41.01263247973835 74.68515609848717
2001-04-13 18.122318599138378 63.99348490310743 67.15337881229279 13.86769905180358 33.435884410382684 7.339730126400209 116.42818063845414 58.06661645802941 87.15440078144661 36.547191527937095 100.57010707231993
2001-04-14 16.993110358345863 57.01171366951157 59.84656564288897 18.34723404279064 31.04908213284188 6.538956161105977 104.68629040219729 52.60362548317332 77.64574393648017 36.36108732890254 118.55421962160656
2001-04-15 15.139140235467652 50.79166262715191 53.817476973387194 16.345527290142975 28.221346477468224 5.825547661905188 93.26488192618486 52.6104378431108 69.17449374206319 49.158312968520086 108.66934072610785
2001-04-16 42.23322377329287 45.25022712674622 58.33075553121737 15.249071208191117 25.1435382828743 24.431057523657326 83.0895637555482 46.8705716352294 62.67856073558582 43.79507800959615 135.73314849007204
2001-04-17 55.14867089997574 48.36891911803397 112.63584764636454 13.585377992208223 28.31852565796368 22.193467424692294 74.02438584065787 41.75693218833083 228.61871026147176 45.33267109261049 156.6558871888977
2001-04-18 52.61483752867594 43.091808040090214 102.35382184369715 12.305147085509006 34.7020914954787 19.772131679747737 65.94823045656798 48.6998346704587 203.67611591484285 47.2818450780833 151.44424037731832
2001-04-19 46.87449130945961 38.83463770204235 91.18688867731444 12.537128790223253 36.61764148348966 17.61496676838925 58.753193977380086 43.38662028155811 181.45479058433665 42.12333517137453 134.92147962189028
2001-04-20 41.82934695262303 34.59772894819402 81.23828223382527 16.394537732903462 32.62260985896345 15.693151314042659 52.34314520109862 38.653084393281766 161.65784033200924 37.561144935879675 120.38180947181766
2001-04-21 37.2670555028661 30.823072370512964 72.37508150603803 17.00327147575559 33.93496086021917 13.981008389262987 46.63244096309242 34.43603636233255 144.02076272912265 33.83313011937142 107.24799974585692
2001-04-22 43.02479386143838 47.291780548011026 68.12500101749616 90.47223195620758 32.165217766130944 12.455662452303725 42.92075413082821 30.778246119099645 128.3079129009693 38.2495812558601 95.54710549669936
