2001-02-01 3.0486611587414436 11.009818527451896 2.5435293362065803 7.482190801924979 1.5296157288309715 6.604334827036104 5.079614186481221 2.086085938350865 2.841993315913041 7.946594590779693 1.8080392101470524
2001-02-02 16.39029737824668 53.28472216532694 2.999538729242091 12.034076562549696 2.7118662044783597 6.237980737284445 8.929595793001566 12.930297454030907 6.091682564490792 8.8426838790723 15.179301223584359
2001-02-03 23.98171887513558 55.88964342962843 9.405984432824615 10.165428898036614 2.6233126066164396 5.8339869052655 8.991412649689636 15.087264656541008 6.139674134576185 8.356658861474415 17.278551153876826
2001-02-04 51.47728821230531 51.85803671219731 59.53202048436931 15.694713054836525 5.7269270955133065 20.998592178539024 9.756923893435976 21.153911782590978 6.360888577640709 163.9125694294892 18.001411192702047
2001-02-05 59.142632901605594 50.650233544447154 49.543432811705074 16.172420696839193 7.356399019827048 17.454649018996296 15.26765620166004 19.829491556299583 7.686447361924346 136.4206059861195 24.762061394797723
2001-02-06 53.08406563749334 137.4285879101515 41.47402005145901 61.976590326881215 7.458448166660246 15.165146842285642 14.769998078884514 16.451763137778883 7.379503365678626 113.2770620075705 25.37837584536766
2001-02-07 44.064547320797956 114.00841909733437 41.72353789649826 51.73896023081249 9.827791152450267 13.410426157361417 28.579315421258777 24.451752783221682 11.459645475464834 94.03678298128989 26.673620275379808
2001-02-08 36.555198992282946 95.62153886119339 34.613137390581436 42.92176141336335 11.35280307364836 11.167451806429083 23.7089139866023 20.28475822509889 9.506726976835994 81.25709453137031 22.127981706302908
2001-02-09 30.970624062999224 136.08721822666055 28.71447006702254 39.372679569670645 9.418092337501525 9.490823834046072 23.87090628660839 17.984060826992522 7.886619006286388 75.49801178036037 18.3569972631888
2001-02-10 33.07394730878144 129.4376570403573 23.82539229154106 68.4113658504005 9.021616788489975 20.784059620368822 25.777810385467575 30.449736568481587 47.87625036365073 63.14399563767692 34.846074736123285
2001-02-11 27.782519709007218 177.36042482601493 20.86912307218725 85.80454045124735 7.513359773138752 20.318912633853298 31.64928756773982 25.56005895940685 51.81673015588522 52.38318480611331 29.0730348033963
2001-02-12 28.683400938205278 172.71423168699536 22.461927765256625 79.2931389203854 8.985594795896503 74.04163262032837 26.858949613358153 24.41382093097913 43.19031674610818 44.21292772024519 24.51046741800979
2001-02-13 34.40363295758656 148.69381050967687 23.200887199927127 90.71090410182012 7.4542966125751615 116.77596768265877 22.41585747758378 63.18575417375122 36.99984579117472 36.67829284795911 20.574431428178162
2001-02-14 43.955364060613896 123.3538561631003 27.86040027251134 88.79551694874327 8.80423197646225 115.06805926120977 20.666859594845477 57.34710617296012 56.657898554218626 30.427687909585025 84.44918262655258
2001-02-15 40.779849030724414 102.33226102788336 23.257625359824548 73.95201596787763 7.7845972563610895 107.1233385881901 22.52644463233444 50.17969024710657 47.81183091998598 25.242292365159358 118.88939053724157
2001-02-16 33.8302691581217 85.31094981079515 31.43649178282478 61.34933464550181 46.271570772036284 88.86769970199128 18.68755532942919 46.72553970088619 39.884739851169414 22.228153590362457 98.63041908089549
2001-02-17 29.80974836251428 73.41935729200598 37.14385625177285 61.446647000962955 52.865646210831876 73.73621901858125 15.502878056895263 39.252070043928704 33.10973471947205 18.469851916454893 82.48849364608033
2001-02-18 34.50974129126556 60.91307884974022 32.074047491320094 50.97509324618759 43.92645376252911 61.17031316671462 12.86092395769302 33.70401291844091 27.467272781462277 15.322275008266667 69.45828947995749
2001-02-19 32.38248165451278 61.25781691480557 26.60808427231379 42.288070355031984 36.46750864252951 50.74585139727651 11.802683144749851 43.003884111598765 23.254722859636537 15.686762069523796 58.09716563254324
2001-02-20 27.33076446633099 64.64357361707465 24.79321100645076 36.47716463802051 30.252824917851104 42.09789521619994 9.791305192771281 35.6752908340575 20.100174911464116 17.071246393885943 48.26823094647125
2001-02-21 22.823256174712935 73.10028112221654 20.621197305538068 31.11935141330039 25.104860423990388 34.92369785580692 8.129943598950373 29.595614498257053 22.6072548400555 17.6045524576624 40.04250343043695
2001-02-22 19.49808676843627 62.998124964603065 17.412967869638763 25.81608464378949 22.02903262873149 28.972105746853536 6.744462932799769 24.883326654386916 19.915420411135337 16.330756581034837 33.21857978915193
2001-02-23 16.175281152896495 52.26217297674978 14.458688615693067 21.808612881265574 19.92347932208702 24.034766160001706 5.595091736895308 59.17560185878973 17.196253635387155 35.22207304934824 27.55756879999403
2001-02-24 13.41873812967121 43.35580980840928 11.994682157206505 18.09205431787284 16.72319409986667 19.938996887618288 4.64159294167556 49.22333585045649 15.493017705492049 41.41480021856752 22.863825115697512
2001-02-25 11.131956921840107 35.967242406457494 9.950584307919636 15.345555799236186 14.013773016537629 16.541052688618134 3.878610647360597 40.834842214028676 17.027525159664318 34.357491961464845 18.97180271966637
2001-02-26 9.234882126188678 29.837812557106712 8.256997843621772 12.730412088530203 11.797322476565926 13.72217597453712 11.313712438489336 33.92734831678686 14.125745262425081 28.502390967132836 15.73868485725795
2001-02-27 7.661101141820137 24.81341393769092 9.012750289208183 12.435803897601001 17.599703482493485 11.383683796965068 19.88274653196085 28.14727028488161 11.731630570995552 23.645098767816673 13.056717468322997
2001-02-28 6.355519204598975 20.6192988410168 10.171625615889281 10.32740655219932 15.373721498543553 9.443710460334595 18.894636127534717 23.350496689836355 9.732361186071273 19.622282723775673 14.599962169217555
2001-03-01 5.27243063526918 17.766689028303535 8.749688974402941 8.567440823605423 13.509021632808173 7.834341576003051 15.67466876490154 19.373683305760593 8.073801308602876 24.355585971783945 12.55596810459448
2001-03-02 4.3739187796979495 134.971532026295 15.502476961734054 8.229868519823102 11.20929110240197 6.499236522263891 13.066662673205077 16.073250937262863 6.6978882436147975 20.604169860079658 10.417551956435851
2001-03-03 3.6285286265162733 116.14846044053876 27.774730558379364 7.58078699315813 9.358149775672041 7.0730790789846365 10.839881111376748 13.33409559814658 6.030092473934093 17.615472849195154 8.825415769126174
2001-03-04 7.254035268429764 97.37273302599088 56.12804026530646 6.288891952879698 7.837409305078449 5.867706102553076 8.992581001554502 11.06710890486805 5.963755383712017 79.80157541316333 9.494081004616845
2001-03-05 7.108476005940713 82.79451257140603 47.65172526393245 9.521570316262263 15.40404417953009 4.867749182705688 7.460092249964786 9.181085314266006 5.4398648784175485 88.42797396463901 8.293657090769264
2001-03-06 5.897070791112627 69.16437760089455 40.06134892940918 26.726491588872506 18.614701982093415 4.0382019296132325 6.503660146279474 7.617389928464091 4.512819380034271 110.00203113914128 39.361990845893644
2001-03-07 4.89210962888988 58.78140861835634 33.58097314810993 30.522764080155465 20.48614796108269 3.44961324945779 7.189735688854522 15.267710825979883 4.642961042855156 177.57196067391544 59.384002286906984
2001-03-08 4.058410941436712 54.68389464173602 45.06605902958715 25.346928501232917 25.054204025786635 2.8617404795369112 8.692203078915359 12.665833222730791 8.155721483342868 396.71345055688687 54.43192684301511
2001-03-09 3.3667886901610125 68.14446292879217 40.553416996207105 21.692869344890237 37.409813119169726 2.376904187833558 13.078822214276947 10.50735981670902 6.775813841383795 329.652795651601 60.607024109336024
2001-03-10 2.8539758192359863 56.531487421145705 46.952020615015414 35.80221022387727 31.555496570150588 2.2697277748662614 12.037902687136429 8.716726991135165 8.65215826357375 310.286482841567 78.93544935268072
2001-03-11 4.338065169042278 47.079458066720555 91.89036622665778 32.437650768329235 26.194808048312417 2.2320058656501462 15.610302177467657 7.5378898760059325 25.028882302472173 280.4526839815953 101.45390450545219
2001-03-12 9.154768059087756 40.664293520042186 76.23068491852322 62.53561365903293 22.01157523905567 1.8516341034173018 64.7377504305517 6.285278871212261 44.78678581369093 232.65877659493702 88.93859144191468
2001-03-13 7.614451068410732 58.49325939549762 63.25670874829837 123.20048428547507 19.043797172198307 1.5360841589633356 164.1691600873454 5.214160449363206 76.47292653751848 193.95405809933735 73.78276980485846
2001-03-14 7.0571861753658105 69.3176210053443 52.4805332857932 102.37508811893451 17.318444862517566 1.2750826177956207 139.72269414595115 4.325578824549595 63.981991786751095 162.35356950024018 72.33011796337006
2001-03-15 5.91618579602442 117.39662775472165 43.53695780684372 86.06055954772253 14.858005145554449 134.85842616190126 116.26124573731153 3.5884266219076437 53.993581328200264 134.68575989176824 93.13486868801421
2001-03-16 4.92350951397773 216.86396168878144 36.2496069786338 71.86207037558663 12.895278228654954 115.93471538422403 96.70961881186315 2.9768976923353456 45.486347613359484 111.99211489494841 143.27646452903477
2001-03-17 4.241839937198075 236.2489427597459 32.10007472595736 59.61555132865371 21.81110245681476 96.26561826981872 81.04040946703813 5.7707647674493066 45.82647775230163 93.0480226422816 118.87120468026262
2001-03-18 4.025744354308133 416.5646710715686 40.639517457245596 49.52921618578337 19.303223096934992 82.68251043658279 68.2378698279078 5.385407875363256 46.83253593693804 79.59980172932924 98.61352960020659
