2001-03-29 19.03296415457497 11.913353919158135 11.830998845512998 37.34730255712485 22.159754475165087 35.28099210337802 29.719519356531215 45.923062126999746 20.335540494703206 14.200826107209725 35.78166572319483
2001-03-30 30.4477950046294 10.385506455675083 9.814795416521637 31.137414847784513 29.776891126159896 121.8771676309814 63.067715239474495 39.448610436340665 27.598792978719935 14.843871669980153 31.412351594224106
2001-03-31 42.39754721978131 9.063692557504382 8.254407112765012 29.88407036668383 26.900815974047738 101.1870458990281 57.12472854724934 65.1151880105125 34.94000901268122 26.510868589543307 47.58529058345051
2001-04-01 36.62422940104198 12.120187216338353 20.817284449212835 34.34621218201774 24.002956095893616 83.96684859846712 49.65439361276943 54.481176829264065 32.63996227998961 24.48835884801579 48.920231940259676
2001-04-02 39.15133256627686 20.712144809097207 22.519113735132855 37.42816290661726 44.10698659071633 78.61178679411576 43.49685123127215 57.176234864654795 96.55871579308752 21.256200700124765 41.89177394168557
2001-04-03 44.1796448257205 41.01285283466295 20.934827838561034 31.04976735619887 78.18869009483879 72.82701177121055 37.2592132612177 100.60498935632226 161.94042817050638 31.34407898899438 40.95082610676666
2001-04-04 40.73558581121748 35.050010882407385 24.64344779523563 26.185880751863305 66.83272691042255 62.65384337109423 36.32260761169723 83.460188045571 171.04348837814516 31.666291270843402 37.672963199171484
2001-04-05 44.79205101990548 32.5794538035408 105.10565445544492 22.581611838376876 56.20974891516283 62.654428696266336 30.558597117716847 74.60389518611535 191.25280858297774 30.907485769347993 35.141420718833224
2001-04-06 77.72893142576491 27.393429430625165 128.25736187339731 30.117435831532095 47.75689964684043 57.65758308290561 30.94864302558272 61.89019554450303 169.00533741472015 25.64559262067931 35.770905255431956
2001-04-07 76.30518965437207 24.999791360374772 108.24374848146714 24.98491251808136 40.267589866104316 63.43572775500507 56.52692649394487 51.473246334993306 143.08691604888398 21.27514744901304 29.674934595986436
2001-04-08 65.1514192235026 25.748881313865784 95.26150219023536 20.727058472973322 33.40530766783394 56.11451795570676 52.105095860269365 42.7570173602834 118.70247188242578 17.649500468640934 24.833776207981714
2001-04-09 57.14375738969051 21.394255983921305 179.86610969770481 17.19481517620512 27.712475072216584 46.825909082293315 43.22550130419932 35.88169787202817 98.47355174098759 14.695200176002878 20.601678360693235
2001-04-10 75.62398768947418 17.885441098470544 151.15859437518827 14.264526214821206 22.98979797655707 38.84597774342398 42.481183464464486 29.96746091397477 81.69198365211693 12.190888124969414 20.692267099165388
2001-04-11 65.62531497584108 14.837457733528158 125.40173875304869 11.833608331824681 19.07194538292249 33.036275844649175 65.12984128277292 33.88691603962026 67.77028019230087 10.113353441637079 17.165952844237722
2001-04-12 55.802286093094224 43.0377524991052 104.03114959340955 13.476851623391251 15.821761507434445 29.1734971087428 54.03060857733564 28.89655623783844 57.031532573627125 8.3898660037726 14.24058251512152
2001-04-13 46.692239613976255 35.70338747228769 86.30334915411648 11.216260896152539 13.125464244580415 26.455408749611284 45.92881895925546 74.85316266805245 49.07877305214201 7.214844181797814 18.477529443094838
2001-04-14 38.73520556769241 33.525820604086086 72.79022921890248 22.056366189908918 10.888661894872586 23.88116946111503 40.586591330349464 62.09691062095225 40.7149153753212 5.985312020657343 15.32864415378516
2001-04-15 34.62883048235909 27.91942528659962 65.82201212959039 28.42378731321404 9.033048709862522 21.577523817652867 33.96336803800358 52.45413951356342 33.77640130201319 4.965313052083203 12.716382475103329
2001-04-16 36.58020802184083 27.361797501525363 67.3036419022851 27.887309435650472 7.493663572488651 18.494528250641338 53.89575207291219 47.091075940013155 28.534029343410843 4.174372173968641 10.549294616718491
2001-04-17 30.542271015227147 29.6356355116411 64.16968398228583 26.132837218959146 6.21661584491781 21.82510405279024 44.71099924210774 39.12715817723557 27.933075443421497 35.73269768512977 8.90045574384357
2001-04-18 25.337348560730845 29.837617538820666 55.028613556077396 21.76552338135525 5.157198770594217 30.07183672427124 37.23552422538794 86.93657385838083 23.69251386014032 32.77233083392537 7.3836667030662815
2001-04-19 21.342274646471573 192.63618408378045 45.650801860441845 18.05630800162839 4.278324384667159 24.947084274262842 30.88995758271591 72.12110302561405 19.6549065279083 27.187368256694587 6.1253643129097455
2001-04-20 17.715203154183268 160.0544557391071 37.8711287788056 14.997864244450092 3.549225142301414 20.696282851079623 25.625783423546142 59.83044040940002 16.305376158109816 22.554178293598028 5.081498051677882
2001-04-21 14.841187286623056 132.7784542196542 31.421910625935084 13.211515587295281 2.9443768116067175 21.01891534247868 21.2587140759927 49.63592344611514 13.701411920608562 18.71056270310958 4.215524355798118
2001-04-22 13.133215550454429 110.15074727877861 34.26942099361057 10.96004862519767 2.4426049239318672 17.436934671143934 17.635867621887414 41.262014159507665 15.183684909667583 15.521964582782966 3.598537194898453
2001-04-23 13.220358132541335 91.46035790092033 41.55615593823778 12.847755559049507 2.026343500226507 14.465384429770078 14.63041582218647 44.802754539130135 14.034209787522471 12.87675781493904 5.85710179605238
2001-04-24 11.194032077019914 75.87395732522194 73.7420599216658 10.65827949272124 1.6810201030387066 12.00023689068001 12.339534309775056 45.47605913309917 11.928450811515065 10.682339270926802 5.592686363479112
2001-04-25 9.286378619130106 62.97498951761 61.53731284346923 8.841927387461078 1.3945456861113965 9.955192420332365 10.236667788325821 40.914217438128944 31.36220337191333 8.861886970243386 4.7310814683738975
2001-04-26 7.70382175649415 52.24298020341989 51.05030808705457 7.335112574081708 1.1630146242020631 8.258658310555218 8.492165488412232 42.184913728524265 37.96876585463278 7.35167070447843 144.70272621718746
2001-04-27 6.4374617486166485 43.339887810092 42.35046730773496 6.1198094170440465 1.0271485474367374 6.851242468322668 7.289822043928215 51.96120603945219 33.36066402829376 6.098820976680098 141.97439281952433
2001-04-28 5.77358935442594 35.9540337874602 35.13322736711073 68.09505444695088 0.8692522182771113 5.683674223421686 6.050754623890754 45.191355631975384 34.307827418725054 5.059478151399834 117.78520432968922
2001-04-29 7.439471237541546 29.943479675295663 29.146065366488365 59.54956746289047 0.7211168557418908 4.715079465856123 6.423626862235968 37.489980002089915 28.49184937720523 4.19725702104936 97.71260218044051
2001-04-30 6.171660124381181 26.2669027590819 24.179080101685212 49.762208896972936 0.5982262785201058 3.9115497291741708 12.394881472331056 31.23016376835759 23.63635364410762 3.669439233910897 81.16798590812229
2001-05-01 5.119904269459192 21.79057577237368 20.058553606206857 41.29526823221762 0.4962783458223116 3.24495512633433 13.630587950137693 25.90801268880985 19.60831696787969 3.0441043773629133 68.90593868154197
2001-05-02 4.247385500843041 20.100439315458242 16.640234908897014 34.26193140146483 1.6824775175887627 2.6919595814898116 11.307703929683921 21.67332749158025 16.266726251521177 2.525337216282093 57.177069735398774
2001-05-03 3.5235587704998905 17.821878125916676 13.8046196499981 28.873794344923 211.8357626290543 2.7420961146895717 9.380678854729844 17.979823859570324 13.49459942816015 2.0949768028206277 48.72186617923855
2001-05-04 2.923084426102436 14.78472697259798 11.45207766789677 25.573502590224336 176.03454029258896 9.01805681537385 7.782051628056534 14.93716996457 11.194890164791106 1.8845941955016912 40.52839579749639
2001-05-05 7.967503350464809 12.265158032721466 9.500448852392742 38.01064623576649 146.70723051072 7.481226551807776 6.455857670812816 12.391622146058348 9.28709047415024 2.81028537414086 33.62166783263878
2001-05-06 8.593571148320523 10.174966493899381 7.881410781028112 31.532985618982508 121.71252825573646 6.206298304093714 5.355669720248673 10.279878971378304 7.704412299311184 2.331364948083437 27.89196378500961
2001-05-07 9.546620065656898 8.476053599773662 6.538284334183183 26.15922854558946 100.97064331220619 5.148639514210466 4.4512995208933805 8.52801275092162 6.776831027466232 1.9340607082703396 23.138698759883525
2001-05-08 7.919713634256066 7.031589902723858 5.424049478239509 21.701251076220466 83.76352834820266 4.271223771149613 3.714244022753172 7.0746943307770005 5.622243944059865 1.6044638684092272 19.19547094021355
2001-05-09 6.5700597297528915 5.833287387589203 4.499699193040219 20.17314675526034 69.48879843862471 3.5433345940965735 8.38456140837603 5.869046087967075 4.6641179509248 1.3310359359574178 15.924236208797169
2001-05-10 5.450409805957194 5.301826218337463 3.7328739181080484 29.510988619843385 57.83035380944348 2.9394901130040942 6.962623010244756 4.8688608118140255 3.869272923158028 1.1042047737521736 14.514606024730574
2001-05-11 4.52156727256921 4.490470286385462 3.0967287124536553 149.24303585453018 48.18051016716745 2.4385510018854277 5.776073626601253 4.03912411821436 3.20988300712169 0.9160294996095032 12.072258029012275
2001-05-12 3.7510153049454105 3.725217774115664 2.5689934696203127 163.7110962366072 45.83573050651686 2.0229804354469314 4.791732439172668 3.350788669652566 2.6628643479095557 2.643598485311663 10.014939931732076
2001-05-13 3.111778498418919 3.0903773056158834 2.131193288069193 135.81194098297425 60.94895839912292 1.6782301616973865 3.975139732097079 2.779757288972939 2.209066972109602 2.193084340178841 8.308223829805778
