2001-01-25 2.944606652896056 2.944606652896056 2.944606652896056 2.944606652896056 2.944606652896056 2.944606652896056 2.944606652896056 2.944606652896056 2.944606652896056 2.944606652896056 2.944606652896056
2001-01-26 2.623346292492611 2.623346292492611 2.623346292492611 2.623346292492611 2.623346292492611 2.623346292492611 2.623346292492611 2.623346292492611 2.623346292492611 2.623346292492611 2.7924786393312724
2001-01-27 2.337135849219879 2.337135849219879 2.337135849219879 2.337135849219879 2.337135849219879 4.076018469620878 2.337135849219879 2.337135849219879 2.337135849219879 2.337135849219879 10.967189538118088
2001-01-28 2.3453601246495044 2.2121522491889762 12.203920483752118 2.0821513321898233 2.710066110561249 3.8467585491497247 92.8656155689655 2.108578945601226 2.0821513321898233 4.662859926832272 71.43935286444608
2001-01-29 18.496593688799898 3.09503642706804 11.213456455432679 1.854985952822113 2.4143944239745916 3.4270722604328805 82.73385786970489 1.8785302797338401 1.854985952822113 10.039148548283213 119.48556405862726
2001-01-30 21.54710736588623 4.653924095589611 11.229004269938374 8.93479616669458 2.7209970724307415 6.316231290066374 75.12140570362467 13.839246717939664 5.712556790322719 10.40326184044671 110.0942666216658
2001-01-31 34.44949090497156 8.475278697872097 12.548731284325097 10.605394502113981 2.5463821235649795 5.792847567691405 82.0316150690648 97.3218931882758 20.006496088088422 9.268772584597517 98.41658837450103
2001-02-01 35.30499015842492 13.676742884939609 22.803449932003414 9.448332367305948 3.080923185750161 5.297154324653525 149.50760201744913 86.70394988842591 28.68656960905901 27.99013823130125 87.68989559336538
2001-02-02 32.52108831708527 14.161691814696397 59.053998392175735 8.417507194596746 2.744790516873669 33.62131411730818 278.51976338840615 109.98877829590444 29.509621799018266 26.142676582926132 81.83907116453888
2001-02-03 29.434584757441613 12.616633084411555 82.34206164502253 7.499146369603325 2.4453303530465105 32.30419738400816 384.9965523593911 99.36294205550419 59.74333491425403 23.415698451072103 115.40522022565135
2001-02-04 28.80137188288455 16.09479761082863 73.39898706226917 10.883145630279923 4.375946249068665 30.573072974446916 342.9929349854315 89.14848391019713 53.22526049253789 27.318763888657248 150.77123271568487
2001-02-05 26.021070839763485 14.338834560215421 71.87944425982518 9.69578049135102 42.681626287321016 28.082147243427052 305.9269640673164 79.42227003974929 47.495101745916706 24.33825172958333 134.32204155614824
2001-02-06 23.182138655784247 12.774449329322316 76.36488072867077 8.637958411114733 67.46522685214805 27.693601929108514 284.65542464077623 70.7571985702085 42.559692508250244 21.682917267662685 128.03690536339593
2001-02-07 20.652937612189792 11.380740532441965 68.03337435211269 7.695546075811676 60.10468412162589 27.554252226621532 253.59915292416147 63.0374975054002 37.91637550004714 19.317283199303716 116.60440938741198
2001-02-08 18.399675644532284 10.13908715184035 60.6141416486468 6.855952134330541 53.54718603818651 24.54804798801271 225.93116026161138 56.16002572233587 33.77965032951976 17.209742840213593 103.90200897115292
2001-02-09 16.392247445911835 9.047676345595686 54.96949246148837 46.894660591645746 48.65171061402477 21.869824485368056 201.28178106502912 52.942003281207946 30.094247177798042 15.33213783587117 92.56616660460618
2001-02-10 14.618233694429568 8.060563258439865 49.50321101718988 41.906880754143565 43.343746621369405 19.48379859996861 179.33441643195093 47.619367243218726 26.966351368432022 13.659381944328624 82.46707917120872
2001-02-11 13.066817589935281 7.181145474433192 44.10234723904518 42.74601909334879 38.62400723278912 17.358091197216567 159.76880171767087 42.53779818009991 49.23101953828774 12.169125864791665 73.46981512240774
2001-02-12 11.670878419550275 6.3976732979518305 39.290724622245484 45.492110432706326 42.261598802031756 15.464301196963348 142.33782064909104 37.89686987116347 44.951687359555066 10.84145863383134 65.45416411456077
2001-02-13 10.397570623549086 5.699678940225962 35.004056200763564 47.59429473418803 38.67286025215697 13.971408344725706 126.80858195916473 33.762272789750774 40.09159356978515 9.658641599651856 58.31303090660958
2001-02-14 9.271646102531223 5.077836661658797 31.185068798972654 160.5377987564071 34.98620546614956 18.826901050013255 112.973603116614 30.078765549893422 36.58426810271106 8.604871420106793 53.28046464979524
2001-02-15 8.260097627795941 4.523838172797841 27.782737818123028 146.51667018747244 31.169165602387178 16.772862012011814 100.64803820028685 26.79988683969368 36.08300227270419 7.6660689179355845 47.46749765842424
2001-02-16 12.85823289709322 16.901598516540222 24.751605508594928 130.55256837585026 28.55630079641971 14.942921266046119 89.66720821597545 23.875984831789246 34.06433932048299 6.829690972164309 42.28873281721972
2001-02-17 12.641675510732629 19.58007823590169 22.051173619522583 116.309115815974 25.440771774360268 13.312629401192504 79.88440085883542 21.271084280979228 31.823209702239634 6.084562932395833 37.67497785864035
2001-02-18 11.263077003052153 17.443866601452374 19.645362311122735 105.33566788965014 22.66515096227849 11.860204468599795 71.1689103245455 18.95038171937951 28.351256730836504 5.420729316915669 33.56458948022835
2001-02-19 10.276549867955447 15.540718394644996 17.502028100381782 131.42522928264373 20.19591952704698 13.268409983917142 69.89932530678013 20.056144948550187 25.2580982791699 4.829320799825927 29.902650037384227
2001-02-20 9.280297734877383 13.883288039865354 15.592534399486327 130.71091234453735 23.804223322212408 16.295442267119842 66.72249987829817 18.02943382679327 22.708921138937868 5.2084541156751385 26.640232587304777
2001-02-21 11.885463579274388 12.444214645017206 13.891368909061514 125.881835712699 21.699292048208463 28.8713071544766 61.41665436771394 16.062399485086193 20.2313487330298 4.640205095147756 26.53691827275928
2001-02-22 11.834234314042451 18.724474727363692 19.05919031653518 121.0608643755302 20.239054061668146 50.671898274403645 54.716018648664615 15.531005087706067 18.024082652506426 4.521202807182689 23.77687413357252
2001-02-23 10.571436190469441 16.68161053245949 19.939829492679014 115.69929045566553 18.03094731991318 45.14352921840388 48.74643087583821 14.881978362297723 16.0576321307735 5.065793942691319 21.24302929116333
2001-02-24 9.418078950991617 14.861625439884541 17.764368534964664 108.08489140794448 16.06374785416664 40.218312313006976 58.25974865489678 13.258335446363308 15.800089452573465 4.513109329906791 18.92538756491509
2001-02-25 8.390554464782943 13.240203053874994 16.479788848294785 96.29269120567551 14.606788415623823 35.83044288542573 52.38281403482117 11.811834053839693 16.247500383938476 4.020723316841166 16.86136426423338
2001-02-26 7.4751342171618225 11.795679928615039 14.719256656952 85.91243231252093 13.01316907562642 32.12324810055452 46.668270712393785 10.929285619529299 14.485600126789171 3.5820572489707683 15.10724906189043
2001-02-27 6.659587491996457 10.508756127996866 13.113366887657193 80.07643227254763 11.59341564841908 28.80330548827002 50.92464696826541 9.736886548628297 12.905202584450008 3.1912502114133674 13.45902882386503
2001-02-28 5.93301795996308 9.362237363681842 11.682966017384942 74.37646145795574 10.368207345396115 29.968061250989045 52.256087597334165 8.674579744850861 11.497228439827905 2.8430807226132555 11.99063152659523
2001-03-01 6.384682546326114 8.340805266229744 10.40833944896539 66.26189417270712 9.23702263342665 27.195185954205368 50.216336866309156 7.728171975093784 10.242866079209334 5.699178678525541 10.682438256736832
2001-03-02 5.786983874730939 7.430812719942271 9.27277627305279 59.032636580015584 16.97421199918935 24.22815630618972 59.91917418987846 26.665963259994943 9.260824152696523 32.035881428230006 9.516970549540165
2001-03-03 5.155616515896607 6.620101526937496 8.495557439818025 62.05765698691322 46.74230819391196 21.584833396088204 53.40932118572198 145.9649566079135 8.250456366560426 30.73105357877337 18.963134870683795
2001-03-04 4.593132145235449 5.897839964307519 7.568681233021502 55.28708706043386 41.89429391768184 19.229900403847765 47.792981259768304 169.9500770349245 8.12617345727741 34.059729222510164 16.89423254821456
2001-03-05 5.512398532261334 5.254378063998432 8.09587132955597 49.600722464401386 39.29612249808297 17.13189361975436 42.578705740432845 248.92039214137606 7.2395975164744915 59.145985826496954 17.878228626201132
2001-03-06 6.233462401768932 4.68111868184092 10.568083987863226 44.18922006236992 35.323329477612454 20.496139799437156 37.933314364226334 221.7628582777425 6.449748147279109 79.09686967527311 25.770070975097138
2001-03-07 5.5533836633119416 12.813295016059673 42.96044130050073 39.36970488899933 31.469508952053793 18.56643149180204 33.79678472096027 200.46992999308745 5.746072356738987 70.46729980261429 22.958523198099606
2001-03-08 4.947502386986111 14.472616613179614 38.27340208535939 64.83472729849323 31.071108570779018 16.540810016486866 34.17292077538833 376.79092316831304 5.119168496960401 62.77922706496006 20.453718887582184
2001-03-09 4.407723534562195 12.901288749264141 44.663473078956066 87.69174029456201 36.556510198910146 32.882276750392094 44.242862786703895 337.11547373006397 4.56066065188643 55.92993291801422 18.222191938149813
2001-03-10 3.936644928040866 11.493741609077805 39.79063091373751 81.32176334600783 40.359000451327915 34.44898957539439 67.0430224961748 302.0681495086107 4.063086728638703 49.82790554233403 16.23412743940489
2001-03-11 3.5071519201652763 27.868637779368413 35.449422075044104 73.11410996251301 35.97432681757937 30.690560653948776 94.61372987349498 278.4901200052075 3.6197987582372457 44.391617175283294 14.462963325892726
