2001-01-18 6.005228421108903 6.005228421108903 6.005228421108903 6.005228421108903 6.005228421108903 6.005228421108903 6.005228421108903 6.005228421108903 6.005228421108903 6.005228421108903 6.005228421108903
2001-01-19 4.981835359153224 4.981835359153224 4.981835359153224 4.981835359153224 4.981835359153224 4.981835359153224 4.981835359153224 4.981835359153224 4.981835359153224 4.981835359153224 5.005396996702501
2001-01-20 4.1363581954768955 34.18256828590731 4.132845881177725 4.132845881177725 4.529188195596613 35.09117214999333 4.14778168876781 4.169113841052201 5.040568881134003 4.265225268732169 17.476015652370304
2001-01-21 6.043368119258328 28.35996832850663 3.601628466646459 4.8232934664487574 4.7018353365765035 147.56660344136915 5.060577107292405 5.964328882544682 7.402338242376792 6.037703940644169 99.46594497238581
2001-01-22 8.460269363198657 23.863537568880417 2.987849718189991 14.371510447118954 5.132977088977597 122.67866465144564 4.19816869616706 8.47432315202831 7.920306314175436 44.46151034431971 83.47791408913338
2001-01-23 7.092124603128363 19.796784887849128 2.6868698562258313 11.922360631314303 4.258230489569152 101.77632820546343 3.4827293464378175 7.032737237806703 7.927531655272994 38.22229582561404 69.39422318278861
2001-01-24 5.895930504228427 22.718587961882278 21.10204406228718 23.710506400293525 3.5325555886924205 84.46707017534472 3.468011241787398 5.840075462989344 10.801024006573835 31.715889017118332 59.32785002420695
2001-01-25 4.912582633672028 51.36926845132147 17.505896843215478 20.50733878821999 2.9564184871422228 75.44984481833322 53.444638839954 4.8448272740756675 8.960345808305636 26.310962093799425 49.21737531150248
2001-01-26 4.07539499799265 44.592206527167704 14.522594274788577 17.026753903557992 2.452594493147532 62.591907984249104 44.336763376735725 4.027098834298898 7.433350481913392 21.82712664707952 40.829897452291696
2001-01-27 7.141621219899439 51.24777812393899 16.80877730329897 22.94966573838124 4.887437253867304 100.24732653120135 36.78102480234408 3.4119006931493088 6.166727192028339 18.139649215011698 33.871788477413205
2001-01-28 12.391137492262986 42.51805264979211 13.98353696683155 69.87307657757937 4.054534818587909 86.37861043164301 32.50707841006845 2.830454784252147 5.11581199268081 35.356224122023804 28.09945961777671
2001-01-29 10.93323720638325 38.39291756645754 14.992843019152351 78.76432688879609 3.363573124572633 71.70808160989073 41.45623858206949 2.348097147664047 4.2439906176310656 29.489303648340883 23.310833773586857
2001-01-30 9.07002763013959 36.351889202638695 12.43780756523385 65.4297850640608 2.7903630553328767 75.17800437944128 34.39217482145982 2.4605157801794166 3.904937368085092 24.46382474239515 19.33827121985061
2001-01-31 8.323776790224835 32.09650566540678 12.227177242102673 57.93372215847093 55.33342337470592 186.6343509177829 36.23057771378271 2.0412020419357195 3.239709910654598 25.428906899479518 16.042700891988147
2001-02-01 6.905263651499308 26.62671519155981 10.143458275992954 52.10533743283538 66.13543656272765 162.0498661090082 30.056271049166032 24.394091608793953 3.2398734185502476 40.338457759234814 13.308751800192763
2001-02-02 5.770672033963936 22.08907004654352 8.430288347796235 43.86676587854507 54.877318436379575 134.43381272389502 25.129171566977277 20.845612617498023 2.6877438831439906 33.46526710039475 15.287398277787462
2001-02-03 6.024906362737184 18.351170230130407 6.993623828075106 36.39112287172485 73.93568479951671 115.804820299133 22.81607539482401 17.295758164741148 2.2297066113809323 27.76221639765815 12.682165597899782
2001-02-04 5.164882002252964 19.918976610609914 5.801791377801206 30.189456581587216 61.530068612437184 96.39181417212392 22.733990176848003 14.348810938208455 1.8497266811825277 24.87526034126744 10.520908877362928
2001-02-05 4.9458409442244236 17.413251868136776 4.813067448152262 26.16131142716653 54.82815920648172 79.96500957189966 44.512310750395685 12.092650957851607 1.5345017939199108 28.003227800258745 8.730964649977672
2001-02-06 8.050433001366516 41.866877284187936 3.9928388926738507 21.905835761278247 45.549549160429066 66.33761186832463 36.98524113898216 10.031857558647696 1.2971577617867722 25.080744402095082 7.249551319547508
2001-02-07 11.411490839627314 41.34153547052634 3.3123912337797443 18.283088042028844 37.78713126101596 55.03255451292958 30.682326991134946 8.322258405354615 1.076100016672338 20.806558974009054 6.014104471823399
2001-02-08 11.196205675168379 34.29955821012587 2.762192025207959 15.167338874587259 31.347561397549768 45.90682000763333 25.4648926414018 6.9040040252360235 2.643186939595797 17.31475357765098 4.9891987798585085
2001-02-09 9.585120346064596 28.52270214674484 30.267304876328595 12.582566359016582 26.005403765248452 38.11935370341048 21.125241819611816 5.727444313650375 8.096318578607885 17.060669950582547 11.587911639612361
2001-02-10 8.546656182471532 23.662239542852216 25.999905247053753 10.593312958719626 21.57364065475494 31.62316748520608 17.53059471862396 4.751390388253186 17.549024152772066 15.71703550535222 9.784983377554706
2001-02-11 7.52120813859382 20.30062409265985 25.30040588205929 10.89742751188422 18.724395805229342 26.23404188796448 15.699602683762862 3.948679096435445 16.690648148053064 13.63810087964151 19.955479241879775
2001-02-12 6.239466348471022 16.898552384481587 31.153579812316814 13.23574936855447 15.533440289023316 21.763314952603878 29.499109022038894 3.306740923798702 14.725733628966863 11.313936528217969 25.73583660123405
2001-02-13 5.32362680557338 18.732605866231427 27.138103699585866 16.94115366222226 12.886277865653238 18.05447592669786 25.349261482569673 2.770417763339233 12.216218158224486 9.388721986828774 22.84835618045327
2001-02-14 4.416390251820193 20.530126076564468 53.93965927336241 15.073112395392322 10.690236943078967 14.977686152022429 29.10004852494312 2.298291456244725 15.810075578852366 7.788724073645605 18.97107176874555
2001-02-15 3.6637622374194474 18.72843891651373 67.48467239845243 13.341987693349303 8.876137349768937 12.460168102150085 24.1409053126097 1.906623501966536 13.127669660711138 6.461393018186425 15.738517860690566
2001-02-16 3.039394837630004 15.536794385378126 80.25341329128155 11.951117547213746 7.974888347789767 10.336743530698865 21.606386841747913 1.5817024287212877 11.93934619533898 5.360261750282889 13.056406731078098
2001-02-17 2.5260358670757554 12.889060366941475 84.60121360305119 31.43317415616013 6.651798029394783 77.23865556618489 32.84926703467739 1.571857988692339 11.72009211895583 10.794804309049841 10.938442125236445
2001-02-18 2.095556391636232 10.692545258821864 71.45650332010857 34.34343034088004 6.4387946517394985 82.87272734428977 27.251193220280744 1.496274826469783 12.217651351255222 9.02780583208959 9.074345542292715
2001-02-19 2.45594858762524 8.87035368421406 73.90546567441898 29.803420947630393 5.427469801989288 98.10728539572102 23.2080423972158 1.2553094386336487 14.944027216429678 7.489314170260602 7.54517194043766
2001-02-20 5.0194982315271846 7.358694546383602 121.04328519107658 25.66601350323866 7.339425107321974 81.3881353216679 19.296739731301592 1.0413833595549802 37.961480089558265 6.809205238577213 19.294691467388642
2001-02-21 6.517444113769822 6.1046478364605985 133.83615832815536 29.043982468607556 6.088662237556353 70.22132218480225 16.022807057127082 3.96443002748891 32.77448822435568 31.80698899625914 19.407682946396232
2001-02-22 5.710659741732784 5.0643120151683965 154.1316971404412 34.422497548345106 8.815617000805055 59.433427707036145 13.292248213152789 69.36639458402368 29.234654183736286 32.03469519200595 16.10028367975127
2001-02-23 5.06558627700909 4.2021870772985 181.76199919617244 69.16359325906895 55.92183478631787 49.531729937846244 11.0943728483145 57.545181139289795 24.25257187772478 38.75438912409796 13.356521501532617
2001-02-24 7.996804527257267 18.982221495088776 161.7313385317511 107.28092262059575 70.66705437112002 41.09068070365369 9.839891218428159 47.73850352482315 20.19306248605755 33.33102995819533 11.080343065337992
2001-02-25 11.762803233978072 144.3633717517099 143.7805382402519 95.92343472377844 58.6241863765936 34.088129827250796 10.16503994531437 39.60305057122442 16.75769022113538 27.732317976187122 9.192064148700581
2001-02-26 14.333309596487869 124.21790943636864 121.61631380818302 86.87792739617214 48.633627917596286 28.27893272199288 9.316153144185408 32.85401717151499 19.18954057340034 23.006259312195485 7.62913299561237
2001-02-27 11.891537660141935 103.73473756303008 110.51036260614563 72.07245091804465 40.550175716255126 23.611559156889946 7.747612078372767 27.2551338530091 41.700669621299326 19.085601426987466 22.664605556441977
2001-02-28 10.994072716766 86.18494043198285 95.41255444032194 59.79007944845192 48.63109764456094 19.58774788299697 6.42728720615486 22.61039547971948 53.34834715940591 15.837462779257537 19.00209602536702
2001-03-01 9.15587845207953 72.93534210904674 79.97588143145096 49.619587095015476 41.74153241866067 16.249662488548434 5.331968148704703 18.757199524554238 44.8191914321284 13.138489752631637 15.763815668427874
2001-03-02 8.936749320381699 62.76407622877465 66.34663097809556 42.39936989819006 40.38579706346784 13.687878350406834 4.423310088209193 16.49689785997591 50.40132313030926 16.763597531865834 13.145802356583038
2001-03-03 10.892424557094989 52.06801012628791 55.117641202003504 40.72230278025282 78.64578088419009 11.35523107133209 3.669502815992496 13.700080883936035 45.512380028348204 13.919020564436465 10.905534046671761
2001-03-04 9.109419777691633 43.19473561005458 45.73610184543813 34.079842047078955 105.00831128809295 9.420106563082939 3.7021744830539007 11.747959510741413 37.75629638122664 20.35943108923366 9.047045560027174
