2001-01-11 4.268933406452943 4.268933406452943 4.268933406452943 4.270760085538068 4.268933406452943 4.329864688361043 4.268933406452943 4.268933406452943 4.268933406452943 4.268933406452943 5.068650830218857
2001-01-12 9.672217679169462 5.252663934216893 3.5414345465004495 16.93970340507414 13.059207663617002 7.571038687225916 3.5414345465004495 10.13494402852774 7.522537547624039 4.02925953582761 4.2181507977335295
2001-01-13 16.91535809728273 4.357520660704522 2.9510662835537875 23.656402786210762 10.833696562220547 6.3911094520726115 2.937913865835921 22.185195835546118 39.42517014178678 40.82056179365306 3.8778025882375107
2001-01-14 14.426879786508497 16.352546565313684 2.4511405372960993 24.897854232622873 9.002678855816038 5.314099393939889 3.925942664525567 23.693951477484923 33.23062675211761 55.00581267527848 5.626234878951993
2001-01-15 11.972924081568468 23.218848386295686 2.157051927819636 21.003423211991848 12.806001697793452 4.408486473175125 3.2568952607025126 19.66145524508628 30.3830545694227 52.44486943510377 5.493156690433122
2001-01-16 10.74908142644303 27.012890115427 5.762775040466653 21.299016705307988 11.426272275897428 3.712621059018434 2.882651256420088 17.28439009625156 26.520058549009235 44.493123339498894 4.557029360877487
2001-01-17 10.128320640960046 47.27919495902665 206.55343645512477 17.722788832132355 9.479041138097816 11.079496230949324 2.4132761193796686 23.056103264910977 22.045919125335555 36.9107383680282 10.029290002129525
2001-01-18 8.881430522470488 39.22201599711921 171.35321775092515 14.75651296048327 9.580056547778822 9.38749117178577 2.0969331008412437 25.40079947455401 18.29312650267254 30.62052075952075 8.320526910694594
2001-01-19 7.60881971977697 32.537917369605736 150.78601343804584 12.24175216814542 7.947451971125869 7.787703010420511 8.94633269475338 21.07207121851397 15.17566661079998 25.402263217698412 9.096749984136109
2001-01-20 6.31214742609289 37.124376260370525 125.08951212756466 10.155549386742768 21.107455119998953 6.4607331048356285 41.137317454429315 17.48103188180966 12.589474907337959 21.157431968797667 8.191772152610548
2001-01-21 5.236450145503154 75.92191651428242 103.77997588931395 8.424871042149164 18.707430065371092 5.421442273901411 68.61711057315387 14.501966725718114 10.447641355845114 17.55184570839984 10.984360191804239
2001-01-22 6.155133332150477 64.16067398456025 86.80875225213344 6.990822535299647 16.25945746705677 6.205983897960084 56.92358786795421 12.138612915061973 8.667185571715262 14.56071267183126 21.3571423474459
2001-01-23 6.084523606487458 99.99876048368317 72.17056459498698 6.095123592002693 13.48856936819899 5.1483786882301095 47.222840319196926 12.753058270473316 7.221218161129703 12.0793195789186 17.749224624845414
2001-01-24 5.093225856018772 88.37975508555692 59.87147288609255 33.37707529877895 11.189887729609167 4.271007394353098 39.1752651464155 12.96914700215478 5.994539818792464 10.020798073429722 14.724454863825622
2001-01-25 4.22525354280898 76.508108894422 49.668355591597035 27.689053979034377 9.28294053900694 3.5431550915869585 32.49913365901642 19.04549882234211 4.972968276466592 8.352848519872774 12.215157316413267
2001-01-26 3.505198474543257 63.46982586245096 41.20402302222946 22.97036823600709 7.700969583700317 2.939341200775712 26.960728527022255 23.285710577069878 4.125489900194952 6.929381063953188 10.133486750080053
2001-01-27 2.950539657422201 54.33004440405429 34.18215668697638 22.101146257647567 6.3885933858867805 2.4384274668340584 22.36616182862886 19.400254918441156 3.4224362534451545 6.678839904915305 8.406568254022575
2001-01-28 2.4477175160007407 55.17287883905483 28.35693580558034 18.794979978252254 29.14193919718394 7.838229448814733 18.55458744162033 16.108732185832526 13.126668670284158 5.540651989101615 7.522277986185104
2001-01-29 2.3117236382831243 45.77048188548619 23.52443163974457 19.783162396121654 24.575344957034183 7.102529652600956 16.092632321594646 16.33170697734893 17.72154603311004 4.596430652836074 6.240353875836572
2001-01-30 1.9177666117265941 37.97041329202322 19.51546837666854 17.699691416685692 20.387290428061586 5.892137797519895 14.432273498219237 19.72165181504318 14.723899048910992 4.339677311008976 5.17689143729981
2001-01-31 1.5909465630525628 39.428510600575265 16.18970063945363 14.68336295681407 18.041294090646826 4.888017301307702 17.477116556783688 17.9144328529158 13.670222160833655 5.273652108596341 4.665855782608685
2001-02-01 1.56057872348305 63.096400519790116 13.43070029046744 12.220994732968474 14.96675072503584 4.055016016078546 14.663628382020734 15.699049900873717 12.094792298935783 5.471487308130791 6.277355717278635
2001-02-02 2.08624845645169 52.359809542248 11.14188052698014 18.837577978073263 12.416161841821312 3.463343159268868 44.62938651415196 13.871801185391071 10.033633978790393 4.572796436955535 13.612958742958616
2001-02-03 2.855694719626645 43.43680744251015 13.250574697917406 27.962126890041265 10.300236685603927 2.8731305791933726 72.68847807885274 11.50781032701226 9.428666717674616 3.7935141483973696 13.785487347040814
2001-02-04 3.3856125329942097 36.122854604479215 10.99245139903893 77.28821361965672 8.544901164392453 2.4283833753893167 72.75041880904314 9.54668371847488 32.82790956957505 3.14703481611204 12.33381249716517
2001-02-05 7.180285835847018 31.603876595190897 9.119150717230978 76.21538020162201 7.161284429981149 2.0145455454406207 61.106732926288544 7.9198950999026785 50.410248669988576 2.6223794353214602 10.231921069903269
2001-02-06 8.445672306232295 33.860596029329656 7.820683159062278 63.82943568018343 6.630710928197612 8.256307212409562 50.69310631121358 6.570210270567176 47.330293047039554 2.1754813772082584 8.495915987205333
2001-02-07 7.016867792696598 28.090174553211224 7.373021938218208 58.73129152064322 5.500725008610668 15.31954693091103 42.054138789908606 6.644042150871114 39.27099590051245 1.8047423491941812 7.446769975756807
2001-02-08 5.821074175509566 23.30313104194652 6.116533597041473 49.68224237322495 4.563307908912449 44.92276109997328 36.71398188589468 18.879402307872642 36.26434007181737 1.4971835572112266 6.542991792510667
2001-02-09 4.829064129162387 26.82924452415575 5.111928863092451 41.221245538958186 5.21328324045914 85.22535112741666 42.40486771932713 37.656380854413634 48.18748652221823 1.2913850245246026 6.282312828070894
2001-02-10 9.096202789148185 28.530256623417777 4.276890362907699 34.229506747044155 23.060054834833934 93.49989368501126 35.178357023306575 33.765042541140396 61.618390616298754 1.0713110520241385 10.342342593677872
2001-02-11 20.846639946086917 24.164217043092403 3.5480355022399155 28.534050028397033 36.84867678778734 77.56592152257403 29.18336666087989 28.01090500461609 57.87796723840352 0.888741427531933 27.456410767758392
2001-02-12 26.669605818433645 38.75218309079999 3.365035788612939 25.485579836288565 30.569035528117155 67.4416543368315 24.210024621079107 23.238228208952744 48.97951418355565 0.9148998323913646 23.045251781497857
2001-02-13 23.354492551444956 36.33314501429004 2.791576456542751 23.660561606315277 25.359551945404032 60.11673912914717 20.084224653180957 19.28610360582205 42.30172980850626 10.493585525867415 19.11794891632344
2001-02-14 19.37448979939762 35.3727207063775 2.315844348251857 19.63179524976171 21.145241518556514 49.871824295261675 18.378920071540797 15.999423526674402 35.20831512087495 27.24287714668839 15.859925256299439
2001-02-15 16.07274720956174 43.218627216597724 1.9820991671599246 16.286203434843745 18.609896818784637 41.37329012848881 23.013232508976852 13.272849634004412 29.332726348088865 23.61522649025739 13.182907678937552
2001-02-16 13.333677714213186 42.58463250927653 10.468280230362204 13.522336471802479 54.67507562304176 34.32257779937525 28.947228309248768 11.066130677957046 26.06557945147165 43.51100966775903 11.28177325913264
2001-02-17 11.061392247912824 37.198505888947544 15.229656601921617 13.301184076451042 121.55193831997772 28.473426772095213 69.37040018631056 20.346086031893957 21.623561380556552 37.058064495818314 14.87630515242428
2001-02-18 9.176342872886718 46.4443995276311 12.634264085691399 11.034436078688355 100.91342854232975 23.621070564246267 67.58963129488464 16.878766918796067 19.251922057973943 30.742740009361025 12.341129733112009
2001-02-19 7.612701555481364 73.91255294063728 10.481170597559878 9.153980493377922 83.7473925061246 19.595638384766506 58.56594244110444 14.004966657667078 18.479508281395262 25.50365422861798 10.237991324390416
2001-02-20 6.966362177300605 64.05091404323497 12.555550375389629 7.83447344529528 69.60393975383502 16.404160933009372 52.38025712948615 11.723335269671985 15.403045558142527 21.15739777309553 9.054151026162888
2001-02-21 11.263905046839414 53.98758277821919 44.17086918111679 13.696628293538403 59.117196698710195 14.330507127852846 63.04315679028919 9.725479545182331 12.802048738858973 17.937517117833142 11.411768508133294
2001-02-22 11.323618674684111 45.71377730322989 37.4796343210009 48.10118658709488 56.16290313382781 11.888344975048946 55.29644192527849 19.943319571356742 10.620361892088265 16.824208288098024 9.467009059044997
2001-02-23 11.521812158237466 38.0536493616672 31.092467166127093 42.18229844506228 81.76086826340111 9.9108638274692 46.22247828364326 84.01084897930255 9.953016834332049 30.98660361235726 86.48842486061447
2001-02-24 10.316804487459647 34.65812259695056 25.79378192959065 39.896117175326296 67.8544715372197 8.22188406387167 41.80565022943315 71.34447888877848 10.312877358091658 25.705959325947116 116.57614730573405
2001-02-25 8.558645531020659 33.00574297083138 21.398082779230144 67.03629056512622 57.44889414817362 6.820735178742808 47.70727006914003 59.186770996724064 12.126799821235391 21.32522664096467 96.70958989178041
