2001-02-22 7.584438404435867 7.584438404435867 7.719136414233285 7.584438404435867 7.584438404435867 7.584438404435867 7.584438404435867 7.584438404435867 7.584438404435867 7.721363945606731 7.584438404435867
2001-02-23 6.756966452326274 10.207410941013192 7.056896321489318 6.756966452326274 6.780504070505258 6.756966452326274 6.756966452326274 6.756966452326274 6.756966452326274 6.8789532414360695 7.979143059488453
2001-02-24 6.019772750894752 9.093769322880327 7.02126068285013 6.019772750894752 31.312437511158734 6.019894925628652 6.019772750894752 6.019772750894752 6.019772750894752 6.128450624942727 7.1086083235566475
2001-02-25 5.363007827268279 8.505182570140617 12.692760433344537 5.363007827268279 33.81381047507038 5.586794101805246 7.4001244982039935 8.018420653212115 5.364651077287746 5.4598288059478355 6.77804377132525
2001-02-26 18.563454752500633 8.060210760075764 30.249719672966485 5.221771728171267 33.783878317256814 5.125718875059438 28.508945646181513 11.27462307509317 73.96533233913354 4.864154484484625 9.160009481753042
2001-02-27 16.570138149007178 22.080069234979515 27.243676101543645 4.652069739049246 31.960421576777964 6.564969370568569 27.25736972138 21.457956275601486 71.46513847541915 4.333468995063935 8.4473682072502
2001-02-28 14.852339587946146 19.79014944725762 25.861245099617612 4.144522967218435 28.473498613976332 12.30921677908147 24.64014967699154 55.45182129752898 67.01651718064569 4.163356765498121 7.525749507498658
2001-03-01 41.735824131514505 21.838814632185837 78.39175279957252 19.75947690760216 30.31292145174115 15.913902055422394 31.32496033084179 58.38601828449743 75.93531704899173 5.74348041695472 6.7066212485404435
2001-03-02 50.032797103453504 32.9813465149629 71.35870698789353 18.015218654758712 35.044265318611224 39.559192274671304 144.97862076864126 52.397232256610316 69.61010129965342 7.268368465552399 25.183292824917906
2001-03-03 55.143700950127 32.44383808414627 81.16291824065698 16.277375031793333 34.89796931671799 35.65792626270207 134.84682195253072 48.57991781223731 89.38181637759851 6.475380148932297 41.09162096397879
2001-03-04 67.52114512631847 29.00938264324128 72.89714860291964 14.504551146607293 31.142315014439493 34.6463529286558 121.35190027175827 43.27982958310887 80.04685954895169 5.7689078741551825 36.620160840395464
2001-03-05 60.15457334672441 35.60346326351042 64.94397624642693 12.922086023713426 27.744648526286785 30.86672477492703 131.50492984663046 38.63039003054235 77.52606315234236 5.139512630154562 32.62485435080137
2001-03-06 53.59163228487579 31.719079782818092 57.858505188878404 11.52151379073457 24.717671807323153 27.499125535173143 146.7826740326154 34.415764959471524 69.25063763085278 4.578785214070782 29.065440920644214
2001-03-07 47.74471650564426 28.258487519103788 51.546068106287926 10.79298449130107 23.031730418502335 24.498935689266027 130.76849614086834 30.74190952410077 76.00488465514157 10.521383957081204 25.978817292257094
2001-03-08 42.53570673285238 28.82526827224559 45.92232600106654 23.60017513200889 20.518939106397593 21.832919963024086 141.5100654285238 27.387927788207666 67.71265431166997 10.392458411630994 24.171104338088195
2001-03-09 37.89500660349158 29.641707483285497 40.91214136837295 21.025365772994228 18.280296547489293 19.450920408318787 126.0711358942274 44.764235668161305 60.325116928146684 9.258627877248838 23.55635964811143
2001-03-10 33.823713219819346 30.44726878702447 36.44857430145981 20.606983490515194 17.67015783343043 18.71290140772693 112.31661336266369 53.76389246622401 55.23867752511324 9.78304073731253 22.368013622525584
2001-03-11 30.616797535506898 27.194484333750967 34.48918110190974 27.650763861537378 15.742320963140646 21.5806825158378 100.40237703955624 64.5574438334648 49.56615458667623 29.39382172030919 22.709800745962546
2001-03-12 33.62905632797865 33.080681263379496 41.34149325857859 45.03971368075298 17.25872561227871 223.0759848992398 104.24640305832253 57.514143957650745 44.15842358441574 32.3792928436331 22.388326102806378
2001-03-13 29.960083174865442 183.16153851868822 37.814102412802846 65.21760213317776 16.868826634373104 207.67653537995855 116.62866023198119 52.48476557620494 39.34068296645411 28.893600837360612 19.9457310262981
2001-03-14 37.74514766470206 166.42312280563578 33.688535367193566 109.71325661069937 22.23646184883086 186.35149473300902 104.20975288018008 50.95095641901518 35.048564025579445 25.741271948463204 17.796583291947062
2001-03-15 54.80842101182369 177.3761439175754 30.019909823857667 101.23952139308358 24.637507929628796 166.0280220860131 92.84033525867396 47.13603925750846 31.224720763048335 23.57641281525833 81.19203303928519
2001-03-16 58.658213607886765 163.19990242159787 30.874081682999726 93.06236713787922 21.94952423267874 147.98132053245394 84.56798939846706 42.46664388453942 28.118138833083535 23.854473850537364 72.33387815790725
2001-03-17 53.94308619987995 145.39458386803 40.82714990556498 82.90914359024222 19.559040643369432 136.1971579381251 87.75055771626721 112.10479222966002 28.634113884470793 21.90081037644192 64.44215932899904
2001-03-18 54.585481392428576 129.531848392576 36.37285551619131 79.48152035872563 17.744472036485327 121.38109818033507 96.68788700997327 99.87401569479317 30.216760657964407 19.513235652341482 60.567519107223895
2001-03-19 62.073494405616245 134.63602491824344 39.85770406731935 79.2021760816378 26.47570855415669 108.25616214744292 103.4358960074294 89.56432184890835 26.921256297584357 20.8824286771199 55.90599960463246
2001-03-20 68.70936399064361 120.58587039549865 35.51363781759902 76.36858978548352 25.858283980987864 111.34789155239194 92.32905862724935 79.79273952630125 23.9935832517513 128.21342623105016 49.87005470294155
2001-03-21 75.71150754300353 121.0867060527323 31.63905440819924 68.71026286428788 32.27947658514521 99.1996938516555 92.63551460348796 71.08724936088775 21.42396474597585 120.0412897443494 44.64131926503692
2001-03-22 98.46076848557867 349.12220980941066 28.18719301543715 105.7888634697509 29.04268046692154 88.37688009235399 82.52930892283618 63.331539331737545 19.086582729673708 110.95802130007768 48.49361748948158
2001-03-23 115.91645744356173 314.461701108029 25.111934125427286 94.24716285872444 26.705453269707967 78.75518909437352 73.52525552836282 56.42256732624675 17.00421208754584 178.5100117569126 49.31434025200508
2001-03-24 106.30899810274913 288.7043605880073 23.430573854656416 111.69176379480336 28.44599147978505 81.1093536367932 65.64340253082244 50.26679290514022 17.045434718097503 176.1155830102879 43.934082516447866
2001-03-25 94.71055013652297 258.9927374743999 21.70817143256623 232.3184743854335 26.194460711729068 72.27683315685499 58.48162316908001 52.047831861856785 15.185755940497902 164.64250074549952 39.1408177965753
2001-03-26 90.64804697965879 245.85180393016873 43.71995343978761 207.8386713587034 23.629811348061498 65.11675821459598 61.116252669149894 46.36934668771211 13.528970501381622 153.82841223150595 34.87050440193351
2001-03-27 98.55578409791008 229.5275013969368 45.26048875137017 185.16320589346012 21.442112945193863 60.42493977225461 68.54278375345827 42.12453873318481 12.05294247743935 137.9708872464181 31.06608767258962
2001-03-28 87.8032217181441 206.71874534155108 40.32251141100093 165.89291488298548 21.159743630662003 57.005862950591286 83.24318355725353 37.52869755964742 10.849578355554067 131.09257859227966 27.67673768514549
2001-03-29 78.22377767728659 184.16546524036707 35.923273728259936 147.79378521781618 25.224760445804943 61.019265498570064 74.80233958576866 33.43426854936636 9.733821786955511 257.5061910792959 24.657170126002537
2001-03-30 76.77533987134389 164.07277690836224 32.23377121154946 131.66929379966106 39.36533659681334 84.38662781773102 148.79968748178945 29.786546992590356 10.231511072726962 242.67994376479098 35.03202025301304
2001-03-31 97.04259980677426 197.71219882647165 36.59558631269764 117.31570189315464 57.059890856286316 75.17993855100246 140.1970857669235 26.572762349790217 9.130646598992216 235.29394513296003 48.03236631413558
2001-04-01 100.61386724631673 193.72445034800006 33.30618821396763 237.28821852816085 57.28568268451837 68.00866052140945 124.90140399676335 24.694345435954595 8.134481350834614 269.95580096276603 92.4935764691342
2001-04-02 90.30230979175842 174.1775828493148 31.47879571266539 223.8104009107537 59.89846321501478 83.25455079816663 111.32874580282805 22.86747559282434 7.246999008195053 240.50327703227683 83.9418063723245
2001-04-03 80.47910572258961 163.732886818723 29.705231278533986 425.85616924676606 54.09930326589641 89.03243423264358 103.65023632909913 20.3726046927527 6.456342126765284 214.2640612166063 75.81794081121075
2001-04-04 71.69873212533595 210.679834853067 26.46435246810824 379.3947152940993 48.23818977146082 97.18128490582322 92.57486069776968 18.14992740595324 7.341245190379355 190.8875774814177 70.85849567185566
2001-04-05 66.88247424127236 188.31248185021755 23.57705769025175 338.0022655247321 53.00952125466401 110.90829714129599 82.47482472766349 16.169747060303955 6.716578864402962 170.29196763374694 63.127742963408984
2001-04-06 61.9227164671642 167.76734869018475 21.00477047376611 301.1307292479777 55.99273174392103 150.92511755313927 73.47726232870033 14.405606928678312 5.983791500585095 188.70026640644798 57.02158146096253
2001-04-07 55.16759244106424 149.46371589388892 18.71312308991028 277.9824287858056 50.301197678765654 219.66571547146603 65.46079882110057 71.73318614897634 5.805293317603326 241.97242374765386 56.61654092326954
2001-04-08 52.723836468393216 133.1570328983575 16.671497373203454 257.09566470096104 44.813272532936125 231.96881038760904 58.31899733781299 63.90700358824536 5.182504061932078 229.63831067796352 126.83541857035762
