2001-03-01 9.64970467895132 25.08873601721102 12.161551416038659 8.000612098816836 30.81992913475583 15.297058119157311 8.000612098816836 8.168838785975304 22.490486504998604 11.072407342468873 36.03907629330128
2001-03-02 10.684294266984384 36.8685342674146 11.630007655899142 7.1277350631740095 31.61293570417337 13.628129469675518 7.694227074677456 7.277608003120484 30.66450202997319 11.55817294714161 67.53031076991627
2001-03-03 9.518624066690565 32.84612991855283 10.361158912602876 6.350090031025676 28.163923895501018 12.141283075184504 7.874455970687493 6.483611641107915 27.318965550914946 10.297161462652808 60.162667300537166
2001-03-04 8.480129979474407 29.262575040309763 9.230743193686255 5.6572870687165215 25.09120369630392 10.816653528260868 7.0153427303380305 5.776241299982822 24.414507336671168 9.173727947561487 53.59884317795227
2001-03-05 7.554936928377211 26.069990592897454 8.224627385025316 5.040069797671467 22.35372120963531 9.636542762895786 6.251899732259197 5.146045969823983 21.750853290268253 8.17623521691105 47.751140681042735
2001-03-06 6.73068362512237 23.225721201143052 7.48778505778549 6.384485502157333 20.80416146444884 8.585183594768418 5.569809457411649 10.162216688453546 19.433343479649263 7.284197473959954 42.54143002247998
2001-03-07 6.235589394621979 20.791388310231206 12.48724040423873 8.248601854005337 18.534400780662118 10.761251832165547 31.999252183683957 10.522683913363052 17.31314079520045 6.741693493016673 37.924004643983814
2001-03-08 5.795002158215977 18.523021193943013 11.124866469246538 7.478432651960655 16.512273896991182 13.252534816973 30.628891595352606 14.652658633918325 15.424254941427295 6.018304466291545 34.319476603517565
2001-03-09 6.015302774877812 17.978161357969075 9.911129276934181 6.6625260633306045 15.890624140650717 11.806666280551463 27.28724026035905 13.05403479430581 13.741448955587373 5.3616997343974155 30.57517771332116
2001-03-10 9.003929582915461 16.19312024322196 18.764580786063835 5.935635929397837 28.730532491044503 12.793831421575703 24.310167369541336 11.629822864806433 12.242239259923695 8.243767358283556 27.239386631710897
2001-03-11 16.711726508667287 14.42643006737882 25.083960864063062 48.18000982606327 32.15568472177925 28.34090871868306 22.014443142592924 10.38532431998806 47.53210467164708 58.65954624026262 27.83676976433816
2001-03-12 28.52880482870919 12.852488054369038 53.0040995395447 44.55423325050298 28.64745829955803 28.324770908942803 19.61263917630942 10.334011276995131 42.56224659668848 56.66881523755995 30.34122229249162
2001-03-13 25.481422531662066 14.227173370347664 58.99781943041357 39.69330929059879 26.070826903215384 27.63867113207703 17.47287510152306 9.206557399922774 41.55993236825531 66.1236738712741 27.030956047191868
2001-03-14 22.701366669850092 106.93102955505276 68.08726099336245 47.63758930740713 130.5296574670862 25.364088197296823 15.566562030173145 8.202110186076654 40.462668857081965 58.926205823821604 25.86392970355802
2001-03-15 20.7849926523816 134.1696466603717 101.12533017380312 63.46580324641649 119.51311636336057 22.63662856563789 15.029940414600492 7.307249450821511 36.0692608733051 52.49728123331646 23.9027370094521
2001-03-16 18.61971811807597 119.5315662230674 90.24768940179098 56.54160275797943 106.47408216907515 143.63388503967914 14.530450934363397 6.580030004671933 32.134058276297004 47.637129069516945 21.990054984814517
2001-03-17 21.17672442224823 106.49051912543783 81.33536183168506 50.372841418684146 94.85762331959819 141.55506885996678 44.57936202966335 7.276382424454667 28.62819132699996 42.43985722391854 19.590911797806832
2001-03-18 38.68550397169059 100.49191099642196 72.46156959532891 44.8770998489923 84.5085350212692 126.15324277070623 45.573783092680095 19.82622947672982 33.021236284880295 37.80961439884804 17.84467238218107
2001-03-19 40.525633075130976 113.27646712530104 67.43494818409843 40.06663354170426 75.28854552236669 114.50155060638642 43.71651834029383 24.010028745240746 75.75890804827078 33.68453700131423 15.92901599656339
2001-03-20 36.876277490128444 113.44183255567589 66.5046180162945 35.881753092680526 67.17005418306958 102.00928466031087 45.14775768891099 45.45238294031212 69.44072402086937 41.771764314516986 14.191139932575283
2001-03-21 49.81201134951366 110.5985007916878 59.24887894112967 36.83375166972238 59.84171516911383 93.4933281872175 49.87417087316214 47.152805874572415 64.22753697633807 46.33078468428739 12.642868374881502
2001-03-22 44.82480955387468 98.63596666463324 52.78475029990458 57.80150289240243 53.312907335482805 83.29308623666611 49.486020308937825 58.26665565183819 57.29776421155674 41.276036685667705 11.899959879673334
2001-03-23 44.574105009569756 87.8909298596391 47.86510630910371 55.12783953200079 48.192303758426014 74.20570375819858 71.4666422723478 52.79122994524479 53.496256407858695 37.04313113870159 12.059510741782944
2001-03-24 39.71101301527857 78.30191674811495 42.64296185443156 71.16215712888962 47.14860455485367 75.77306202461318 81.94964392573017 47.50443587578704 48.75558818467996 33.40117947973692 36.36078063386315
2001-03-25 35.39902543580921 69.87517052596922 37.99056005382047 69.56348180576772 43.075502921726965 70.9383540506603 78.16638863018437 62.43210632605132 55.29721364534261 29.75706798287302 32.39377285729075
2001-03-26 31.536946384179693 62.251699851423595 39.71899800198974 61.974016770137276 38.375910336217 68.5250375263085 69.63833543229084 58.099926506470666 51.670631393168236 67.60980144313883 28.859570714289646
2001-03-27 28.096225107726294 66.20409386889926 36.59043429476834 55.34409214781787 34.189049326004316 67.53921289970137 62.04070377005489 100.69686195788148 46.03329927367555 61.30715345320295 27.414216818293863
2001-03-28 25.105926452220345 84.77264357175625 36.02005292879618 51.77565824980089 31.610799194878165 68.14361309950118 55.27198346126641 102.79037371740831 41.64075282854286 54.61846442429159 116.66710901600139
2001-03-29 22.36683769400874 79.58631474909194 46.4413716645015 60.11063800743837 58.07682722947193 62.54131309595659 49.76090802880634 131.80913874322675 37.097693317347535 48.65951994239509 152.83305288012454
2001-03-30 20.53223415249645 70.9033457914796 49.554487741363914 84.50442114540746 55.034822183545124 55.717975668001344 44.331929176362884 136.01121595518433 33.050287422388344 43.35070394200407 144.20088101027133
2001-03-31 18.967699470504737 63.79661863205396 44.820495416375735 77.37434535146606 54.598150496856746 49.63907309999701 51.45294980189254 256.110006365661 29.444458698775556 39.38000750584178 132.78856915898422
2001-04-01 22.62621856715728 63.39110542297112 41.13661668739892 68.93270509056903 48.93500427202402 45.09600485530038 50.67282570359505 234.2858432549008 26.23203051107531 35.13741040323132 122.82664192947745
2001-04-02 25.481406154615115 62.825914673377234 36.648559075434186 61.412058603133985 43.59613257813822 40.17597291883762 45.14435546388166 236.34083346325593 23.370082356535256 31.303873887009807 155.3154237850879
2001-04-03 25.052554906587602 55.982897402351945 33.61583182392616 66.76873280603617 42.177813959093555 35.792722773433425 40.21904841404399 238.99042996791712 20.820376414271422 27.888581118763874 200.42171282672743
2001-04-04 24.639196904300054 100.85344962126723 38.062412114281294 61.893127345826265 39.63844432679496 32.20692410039248 35.952740834763 223.75631478425495 18.548846658673764 25.122013977585677 221.6359499099191
2001-04-05 35.02745594335316 108.92302600031111 46.73624708569022 228.09144649252565 39.630306415656925 30.991386133552172 51.70256574107853 211.10869782781145 16.651266872891203 22.38117004973477 221.59127817803932
2001-04-06 67.06899909426018 97.03938423964401 56.25128174723676 275.04873977478235 43.830034524322166 58.70871432789103 50.52999303367131 199.75846660189518 14.88419628903283 19.93935570778966 197.75377849125252
2001-04-07 84.74908336490368 86.4522630282267 54.73891072045741 258.89179159414124 79.37052902011919 62.76764449087537 64.40445416073722 194.99476775455906 28.413322724373344 17.763946440614063 176.1785877652655
2001-04-08 96.25164487218798 77.0202103121786 58.833653059474884 342.3836640539693 93.15711889903842 63.23729118222472 62.44693707039305 189.04241280018175 25.31416588543144 18.810362850000878 156.95727800385026
2001-04-09 88.76271685269671 68.61720663801927 52.885147064953266 311.62334218976594 98.71570395814376 85.25430651755805 80.51791190400809 194.01705047887333 22.55235793812278 16.758128150820447 140.56962508541443
2001-04-10 88.50515670757513 71.50785732718158 84.00276391299465 281.2400040684703 88.04646908494426 75.95295239243603 123.75234400611942 175.2173100101907 20.091866778115687 15.159821128241068 132.38036774350203
2001-04-11 84.65168595394209 73.39524575744616 75.4905471987917 293.1308081222991 82.46289219921027 67.7753758049799 140.8305953544065 157.6227076095317 19.20314167182419 14.917246048106083 134.62816102895064
2001-04-12 88.76679189691797 85.22628491396271 67.40435820936034 299.11291270141044 73.46608495442142 66.5541051995444 232.68618215203372 140.5668589149273 18.38650976406067 46.73568366913252 119.94005608628328
2001-04-13 89.134857422337 109.3302977005313 60.05045632579139 282.88899744938357 65.4526429133141 66.30230989096086 233.14448937855107 145.83429875715152 16.380517979876483 54.98015611168104 111.72337875034611
2001-04-14 80.77965177416179 106.60329438392834 53.49887456438998 379.87940340366794 61.13762419492617 61.21410761802528 220.8310375037939 146.5806655964124 14.910967487963863 48.98175060305237 102.13105033032953
2001-04-15 74.90917836965873 101.61256243189463 52.949231261203316 345.3338759372072 79.69408822792442 54.5355700090035 209.36173237352622 157.0964425054273 13.284161821259278 47.59429827792867 98.06428324925737
