2001-04-05 8.59780476365337 8.59780476365337 8.59780476365337 8.599021282866982 8.59780476365337 8.59780476365337 8.605087782725878 8.59780476365337 8.59780476365337 8.59780476365337 8.741880564048781
2001-04-06 7.13259259749348 7.13259259749348 7.13259259749348 7.133601801142114 7.13259259749348 7.13259259749348 7.138634466243929 7.13259259749348 7.13259259749348 7.13259259749348 7.252115431010497
2001-04-07 5.917077505282222 5.917077505282222 5.917077505282222 5.917914723464244 5.917077505282222 5.917077505282222 5.922089736835401 5.917077505282222 15.891961576684423 5.918813262556422 6.01623161508227
2001-04-08 4.908706858684599 4.917727707159386 4.936308591379963 6.294864714960684 4.908706858684599 4.908706858684599 4.91286492073135 4.908706858684599 13.333188192060302 4.910146813396915 4.9909634217273435
2001-04-09 4.072179720983711 4.080840639794769 8.650106079869376 5.222112702298366 4.072179720983711 4.072179720983711 4.171623335735485 4.163522118300522 11.060986148661511 4.073374282921801 4.140418366635913
2001-04-10 4.523610678477638 3.385395986427506 7.175980879867297 4.332175878330738 3.378211035489753 3.500992438367967 4.114094979424001 7.307748980608086 9.176005979855653 3.37920202375607 4.575636595310339
2001-04-11 4.204975027403317 2.8084669303570617 5.95307168637652 12.398717188390538 2.8025064172632312 2.904363780782454 4.922058828829382 44.17135779231797 7.612258492208593 2.805396680446988 4.638764227518296
2001-04-12 3.693381352086006 2.329856398049811 7.650732944450816 10.522035830135273 2.3871401195741146 42.66112865557841 4.405271743120654 36.876047404177065 6.315000173214389 3.7335739356566857 4.507573678020247
2001-04-13 10.418495187100188 1.9328092408210675 6.346917924407727 13.103615641282724 2.078585012736125 35.79836151138388 3.654538511710223 30.597468046865973 5.238816735994693 3.564364921123966 3.739406456916253
2001-04-14 8.777319538122327 1.603425672299376 5.518668839386082 21.839059411787066 1.7243587732753871 29.88050724499204 3.4734976456569795 25.38313907936849 4.346033260577121 16.774455184892 5.839782716611169
2001-04-15 7.43014834657489 1.9028707423930566 5.381741269664475 206.08864912925384 1.9938560230720102 24.78836059245101 9.68826002453558 21.889174808428027 3.605395274140643 14.016086120340654 4.844584416659384
2001-04-16 6.321689522776109 86.47092583087299 10.365577403116506 170.96763809064598 1.6540690445499298 20.564002338493452 8.06806402978356 18.497191127952245 3.1630585215578555 11.627506654998673 4.018984833696059
2001-04-17 8.60645920873084 75.28873714238307 17.980963284175196 217.93612173389144 1.8439817125062434 17.059546580355697 10.038021571486137 25.226769906838037 7.538533023161802 9.645981756336168 4.12606496908858
2001-04-18 7.988659972971454 62.45825579645578 16.26332676605981 201.83687590492463 1.5842875935823284 14.152309688399539 25.934090184929445 23.363389637041628 6.253838778041277 8.041508441747501 4.177397628232036
2001-04-19 9.229557473639177 72.1374843073907 21.038485142741884 167.44043933937112 1.3142980415266412 11.948457041499765 21.525974701159353 165.77843955898624 6.532007079693956 27.54683344231011 6.760853547037927
2001-04-20 8.898910391362513 59.87748356655777 35.74651607292192 142.75444202720712 1.104804187571146 9.91223673814228 24.7706562492362 137.52697384113065 5.743459806852402 48.844029762011964 5.608689111690216
2001-04-21 7.382384704931979 49.673341949879195 31.75319883885549 120.63979421776241 0.9165267631192319 10.947209743709735 27.07241472221009 114.09003839229248 4.7646765690167046 41.568010415056996 4.652873092536725
2001-04-22 6.124300789062289 41.28506229897254 27.043681440480405 107.23966034093645 0.7603350140814181 28.623773690792923 22.45881479655925 94.64715536743608 3.9526946423918394 35.798656800690416 3.8615981325981057
2001-04-23 5.098391866415026 35.93219859227739 22.44086210876346 182.3170231266115 0.6307609956428841 23.77744541241286 18.63212268998293 78.51767030129066 3.2790882465331195 38.28535936199244 13.93029900609682
2001-04-24 4.233680550402712 29.828731845392333 18.61655752349176 151.24710147488614 0.5232685937859493 19.804246069882375 15.50198343974839 65.13692382627403 2.7202758374591354 32.243137731999674 13.043542238379695
2001-04-25 3.5880406533214475 24.881828811734152 16.268777915641145 125.79508143173477 0.43409472547334166 16.429265702112996 12.860181798523858 54.03648413496169 2.2566945673659573 26.748358660036267 10.820700791886175
2001-04-26 3.011823901138657 25.164395417101883 44.63150448057996 104.35745998953912 0.3601176010211573 13.629439391844254 10.668588089639492 45.24908188665107 1.8767682433202535 22.18998339903728 8.976669334730834
2001-04-27 2.7244441844097245 23.03448753739556 37.025537009034366 86.60410942597701 0.29874743680410765 11.31032163682356 8.851468121508933 39.800316137010114 1.566570178753011 18.421836225745228 7.446892201799212
2001-04-28 2.260152557099413 27.632530315507733 32.18825759288348 71.91376213437708 0.24783579237458853 9.382850460050266 9.906110182108458 33.017665329730185 1.2995999755279442 16.479929614049794 6.177815111297402
2001-04-29 2.139530211963377 22.987676460479776 93.10970561716954 59.65843393255534 0.21443216908791715 7.783853154895178 10.600984970982305 32.82486506742661 1.0781260356539093 31.020526653567767 5.125010341918927
2001-04-30 1.7749178739769154 19.070185409267964 99.21628567138332 49.491622099182464 0.17788928034041274 6.462908534317572 10.991348621750673 30.258535530600554 0.8943950220397167 29.52484016884254 4.251621411709974
2001-05-01 1.472441679836009 15.820301463224613 82.30814308809744 41.05740792286642 0.1475739213695457 8.510994549397308 12.936638988569065 25.76680266459515 0.7419748981059525 24.601834213421643 3.5385286939942984
2001-05-02 1.221554548894325 15.282168644580056 68.2814355805373 34.06052729422484 0.12242481518139817 7.060576320244133 13.799826605204823 21.409042435174236 0.6155297557046372 20.409263226955453 2.9355032200199394
2001-05-03 1.0133808771421688 16.218389014343526 56.64511760335543 28.256034130068176 0.10156154443238188 5.857334026553257 19.466513495163305 18.014540200413368 0.5106330161911767 16.934753066483992 2.4352435432765045
2001-05-04 0.8406835397463306 20.201813054973726 46.9918261240039 23.440725325910012 0.08425372986869843 4.859144684868151 53.90035390144723 14.944556152737409 0.4236124652107956 14.04878311182243 2.020236624039642
2001-05-05 0.6974167659387351 37.82966316552147 38.98361969925228 19.44602704241708 0.0698954612839396 4.031063784555545 45.35013477751664 12.39774960213532 0.3514216961930636 11.654631523009785 1.6879084493847698
2001-05-06 0.5785650871187472 31.417654046041385 32.340147855621446 16.132093289640597 0.05798408587639929 3.408254818085759 37.92401588715049 10.284962204722003 0.2915334620614876 9.668484085488625 1.4432789692402272
2001-05-07 0.4799677558401038 26.268909105964312 26.828836608610914 13.382910212868042 0.0481026114310747 2.957582384951773 31.931343947723043 8.532229714846292 0.24185120162570073 8.020809952403239 1.197319685095463
2001-05-08 0.3981730867888151 21.792240203622686 22.256746536377786 12.668141054325236 0.039905108298747334 2.4535600429737854 26.490944972472285 7.0781926523254555 0.20063564338121231 6.653927515806804 0.9932760463294752
2001-05-09 0.3303176205358529 18.078471822972233 18.463818376141585 10.509274354547408 0.033104599126116505 2.4056072069740297 21.979133174402985 5.8719482360231385 0.16644391727002764 5.519985094815366 0.8240049140539342
2001-05-10 0.274025879841603 14.997592739440993 15.317269685842904 8.718315259162809 0.02746301238189401 6.026562499685576 18.2335150527913 4.8712683844807225 0.13807904283286712 4.579285748845527 0.6835804617400578
2001-05-11 0.2273272091910193 12.4417478523999 12.760978189182033 7.232566054883116 0.02278284797292606 6.08480366912013 15.126213965870022 4.041121399549945 0.11454802543936984 3.9664514754315303 0.5670867244880742
2001-05-12 0.18858678628641 10.321462404803931 11.137599191248631 6.000013785148724 0.018900263181082105 5.070469634279754 12.552866759284518 3.3524455802782374 0.09502709363338423 13.913917974857196 0.47044550142956293
2001-05-13 0.1564483903552327 8.562509660026128 14.567239025924435 4.977509385852124 0.015679336874094642 4.206375368299469 10.413644760006612 2.781131833846805 0.07883286062587673 134.42332103172856 0.3902735864875327
2001-05-14 0.1297869237116578 7.103312379834762 12.29463112536802 4.170650100982122 0.013007311192428149 3.489537462056182 8.638982574032893 2.3071796669089624 0.06539840035994378 111.51530080961187 0.3237643294432497
2001-05-15 0.40189399834714024 5.8927871347197405 10.37502760318864 6.172746546352835 0.010790644133636592 2.8948609272636383 7.166753008616998 1.9139970103596011 0.1765251684000669 92.51119686087061 0.29989492784997357
2001-05-16 0.3334044254779635 4.888555980404125 21.69207065895713 5.120805546648491 0.008951734843485454 2.4015273884637973 5.945416401337322 1.5878193658727704 0.14644227730483642 76.74571545336411 0.24878773142896388
2001-05-17 0.2765866407200082 4.055462895094487 18.14486180075954 4.963092465045378 0.007426206973163945 2.050516842133004 4.932216324853294 1.3172279397486093 0.12148602251242696 63.6669402224543 0.20639007052694072
2001-05-18 0.22945157286131562 3.3643430410567716 15.052668735829501 4.117297095010557 0.006160654998633808 1.7010738963354615 4.09168277425927 1.0927498949485015 0.10078273800123567 52.81701073922165 0.17121769215667812
2001-05-19 0.1903491222552554 2.791001764952449 12.487437962252084 3.415639641609679 0.005110774605492525 1.4111819719482206 3.394390436771633 0.9065267269824989 0.08360764529935448 43.81609377928309 0.14203928528466137
2001-05-20 0.15791039430044834 2.3153675938829026 10.359366142823983 2.833556552300811 0.004239811688054856 1.170692562058609 2.815928573380989 0.752039154185901 0.06935948051377128 36.34908616002512 0.11783337522005043
