2016-03-29 19.285168740259493 17.739043648350215 18.008902430757498 19.774954002691548 17.652116624437227 17.811100840989717 17.65295795423613 17.655485250955397 17.684447462913443 18.26490810408836 17.836782530652766
2016-03-30 24.959477126087776 66.49532840310604 34.9337632817987 20.26213138503684 15.616963013390498 14.775843563732284 25.03537277952558 27.350835166649457 16.97400737753252 20.356837324489923 15.636297202780808
2016-03-31 27.642584468572924 55.32801604526778 86.28476615144145 44.95196810231574 13.552443897645313 14.573308150129785 20.781654651314255 27.56798207959084 14.887955379183296 26.320587083540364 12.98745411704227
2016-04-01 22.980633930201478 45.89918107313362 71.58957940759156 38.18217452558902 11.242876952838031 12.089768573487051 17.240107237166306 22.91551498629558 12.887824609845365 21.835111374863587 10.787433254373584
2016-04-02 19.67112809105178 38.07717994913564 59.49464864515937 31.675282570807603 9.335134922305084 10.029466381603841 15.600258394152966 19.13946133027406 10.691520095753765 18.11705581485942 9.188483446122902
2016-04-03 16.362650752762235 31.785150660109142 70.71194086341744 26.27877604628378 10.060805924446393 8.320274725549384 12.941709029203883 16.086749735771505 9.247317009180636 15.199014830824005 9.400401192466157
2016-04-04 18.087311879578785 28.832264262191913 59.14251510929436 21.82672714307589 33.792026797409314 6.902358398209092 11.35446209884041 13.345293971797686 9.840872793487263 95.9882374523682 7.798412943998922
2016-04-05 15.004926300047684 27.871615032515876 50.03717825091991 18.38244772348849 44.4125234919568 5.726079129458598 9.419468636583602 11.071028897632274 9.532807732542 80.8796002333174 6.469430740240379
2016-04-06 12.447831649548107 23.12181778091401 41.50999202734062 18.071521857519667 38.599161492789975 4.854412228261784 7.825431897932033 9.184337273591169 36.35116534489413 67.97464517129649 5.366929707790989
2016-04-07 10.326509419443381 26.205796700105044 34.43779013074736 22.598176340224768 32.0212078665389 4.1536793226867825 6.4950242451982 7.717571195262014 30.523601411416287 56.41877789491418 4.452313602989618
2016-04-08 8.573408778371496 21.872096234999887 28.569004962630945 18.76015665122714 27.629516826342137 3.4458217188890865 9.029680714890468 6.40236580047257 62.85672209385411 46.80405855154549 3.725985711446717
2016-04-09 7.11235410303871 18.145798871516043 23.70036060548839 15.563106878630586 22.920977226762176 2.8585950902653083 10.000784264502874 5.311293774423211 52.356561003152265 60.09163342405715 3.091014373365087
2016-04-10 5.900287994505578 15.053446113791724 19.66141605438912 12.927738518447537 19.014852859419772 4.2017196865233055 8.296480529037591 4.406158978942817 43.43411250972887 49.85099702932599 2.5642529511045553
2016-04-11 4.894778566105826 14.676711403097343 16.532700546424817 10.740545715784803 15.774398520985995 7.710654746322908 6.891122997457095 3.673601013850325 36.032200995673065 41.39991948317572 23.260611467541395
2016-04-12 4.850364540037411 15.583138110587328 13.860190221784753 11.201833014791504 13.086172716588848 6.502486274624979 5.7167584320901375 8.712849068784843 29.891701097882063 45.9021690130644 44.98479565797524
2016-04-13 4.023779925740035 12.927506333145267 11.498178069087928 9.292850144424644 10.856066311534695 5.686414618824917 12.98924312144597 7.228031396316861 24.797646822419523 38.07965869328201 38.812070448924835
2016-04-14 3.338059388555759 19.879373104870712 14.953928762798125 7.709190423808827 9.006007968322386 6.765716935519725 11.016089150141047 5.99625190952964 20.571706036931804 31.590237179950115 32.19783351531908
2016-04-15 2.784426939670836 16.491589812552814 38.49774401156312 6.3954132550178855 7.471231033225254 5.6127236960564755 9.499886289739718 4.97438859782225 17.065937437552858 26.2067234668143 27.057814729317638
2016-04-16 2.3099132306567087 25.743234404897432 31.94126630757891 15.241823990892652 6.9847300870103055 4.702234904554281 10.659348318814146 10.685988194080538 14.157611434832274 21.740652055059 22.450281946491092
2016-04-17 1.916264728351758 21.687281820893624 26.540646895649814 13.417798034540908 6.484175365278346 3.964399210786416 11.865689285101515 9.52144238584309 11.744913648789254 18.035675172353184 20.07837336396779
2016-04-18 1.5897006261493511 18.001246813851882 22.01766925213579 11.131177034909564 5.379161597940505 3.288798157397869 13.421291283536217 9.621020842381611 20.405535779940074 14.999856930766807 16.660276817077218
2016-04-19 1.3473905005300453 14.933528185344683 18.265483927443793 9.234235145255774 4.462460971013145 2.728331014362965 11.72250306114132 9.336812920677495 18.89642075999747 12.462118448014467 13.82108228370167
2016-04-20 3.119254933492394 12.418135503118505 15.15273480054434 7.660564417442359 3.7019817224753306 2.2633770051200957 9.724789159140153 15.502041704370761 15.676258146284642 10.43763454324305 11.465734788815372
2016-04-21 2.8961698529190127 33.0324469990982 12.570451067581697 6.355073947184052 3.071330688770764 1.9181455941490397 8.201970045897 13.655956724593196 13.009040322864216 8.665161168042752 9.51177856762206
2016-04-22 6.411777493962083 42.66769843591407 10.768694383609382 5.272061257290935 2.5479237011517317 2.094464217514453 6.804214848135918 11.328749433491524 10.792078589594947 7.188470324953313 11.283755270988737
2016-04-23 6.27473872291615 37.49783210357173 8.933525702967291 9.705689421689344 2.1137141665099373 1.7375318914801003 5.6446609095768805 9.398137846739626 8.952924842526256 5.963432717594613 9.42011099471224
2016-04-24 5.205416521607508 31.121738241487485 7.606465071928275 8.06583742876231 1.753501321756946 1.4414269046303652 4.6827146842425025 8.16544783646526 7.427194174920737 4.94716235439291 8.03076297685963
2016-04-25 4.53481825973603 25.818064715857375 11.72243537464563 6.7250165507736615 2.912563182178617 1.1957832437957772 3.884700456819006 6.773916644373647 6.161473963229783 4.335202318968406 6.662435462381244
2016-04-26 20.754483323975037 21.418227365707306 46.88213245259979 5.578959349117109 2.499917546645173 0.9920014407596796 3.22268142665029 5.619526035057961 5.111454003417842 3.596410109198031 5.5270431425875435
2016-04-27 18.14338193040462 17.76819713397737 66.83976605041148 4.628209787159866 2.0738890772364837 0.8229475229522618 2.673481699070814 4.66186321984418 4.24037530386028 3.150621966424694 4.585140985231725
2016-04-28 15.551614924460212 14.740194134710112 55.63023078519083 3.839484121237321 1.7204631050544914 0.6827032680666802 2.2178749460496734 4.09562745630194 3.5314821886090986 2.613702396479848 3.803754975686806
2016-04-29 12.901355234091103 12.228214347839703 46.73080807787374 3.1851707237067295 1.427266929723398 0.5663590195363485 1.9203517001393124 5.573158477432727 2.9296575590016958 2.168283053367231 3.155530432251681
2016-04-30 10.702744871493824 10.144318641272546 38.79838441275212 2.642363457903779 1.1840363694506046 0.4698418097787626 2.830981532184129 4.623397482673674 2.6525328330755817 1.84122762674922 2.6177743762449928
2016-05-01 8.87881510940816 8.41555420672295 35.10662715539094 2.192059782447245 0.9822564335977247 0.3897727741619174 2.3863523155765685 3.8354919152848552 2.2004961231255242 11.292409116508276 2.2231235615342286
2016-05-02 7.3657140008097635 6.981400635243686 122.1395655377381 1.878486865581268 0.8148632307570566 0.3233488640559996 1.9796772930985789 3.181858857549324 1.8254941569475602 9.36799053785882 2.2939311073661637
2016-05-03 6.110471056463218 5.791651224924169 101.53195543350938 1.69466404855518 0.6767806650027709 0.2682447179929358 1.6423066113201814 2.6396159900689025 1.5143989039693735 7.771525616187625 1.9030062306990652
2016-05-04 5.069142859439211 4.804655349792321 97.6729738278182 1.4058644712507449 0.5616034513559887 0.2225312556493642 1.3624296318339812 2.5077688875122535 1.2563195733142527 6.447125470396439 1.578701602001459
2016-05-05 4.205274698458018 3.9858603589499495 81.02783783185694 4.02124762253623 0.4658966713005897 0.26437208316414396 1.130248449896626 2.2482356264486145 1.0422213501052147 5.348425635303547 1.3096639979191362
2016-05-06 5.840476833009081 3.3066019608953434 67.21931611583435 3.3359586328877104 0.3864999543806117 0.8329966686276654 0.9376348903791808 1.9798442304215353 0.8646091055875682 4.436962939177059 1.0864749774569946
2016-05-07 6.374418868715206 2.744656132774959 55.76400136033265 2.767454542707308 0.3206337884305873 23.01145574080426 0.7778459574414933 1.6424450996839055 0.7172650084261626 3.680828988943116 0.9013211621575956
2016-05-08 5.288109475167757 2.2769200456910736 46.260867075121645 2.2958332188077133 0.26599233743294864 19.089912295778646 0.6452877764217771 1.3625445194249974 0.5950308515003812 3.053553124416624 0.7477207061452908
2016-05-09 4.386925678606458 1.8888941432633208 38.377228504703524 1.9045841899990985 0.22066271904597726 15.836666552751886 0.5353197640431688 1.3057401952561958 0.4936274739155304 2.5331757361301688 0.6202963803271182
2016-05-10 3.639318928624717 1.5669944542879208 31.837096034334657 1.5800106501981834 0.1830580386139479 13.137829216665045 0.4440921713478264 1.1086492659998837 0.40950495657482017 2.101479505566212 0.5145873269053264
2016-05-11 3.019117084393885 1.2999519472950958 26.411513373750466 1.3107499620382905 0.15186183532092343 10.89891966540573 0.3684113120781855 4.958433066518533 0.33971834697380454 1.743351655129054 0.42689289412271314
2016-05-12 2.5046081830273264 1.0784180254451021 21.910542278715205 1.0873758748196887 0.12598199566482324 9.041558381828574 0.3056277584342907 4.170305846853068 0.28182456260356525 1.446254881568649 0.3541430842234675
2016-05-13 2.077780349398863 0.8946372518038531 18.195900439113128 0.9020685312868116 0.10451252085936524 7.500723051615711 0.25354359017568245 3.459614800547035 0.23379686376749564 1.1997884513475456 0.2937910792849519
