2016-02-01 86.7237394026496 88.56880594637073 102.45175885252226 90.42405151827266 85.84914656955416 90.92805774523688 93.84804930907725 85.6897293793723 86.47541906019396 87.84177512839177 86.12602429911065
2016-02-02 100.3476884007953 81.69844277239251 146.59355141788393 86.87822591702525 91.01030387331657 94.90347195568353 108.13882111345843 89.93540520762504 78.52075606451957 83.54970404119476 221.88755403599913
2016-02-03 110.66919048811 73.61433036334412 458.1624385389046 99.3509262182282 108.46897340541823 123.7028833143845 100.37607951858851 81.60973637427891 110.13590887065041 84.1623407570864 257.0590413150803
2016-02-04 104.41544880081567 65.66469234775178 510.4180689679376 102.69848814964575 96.68954508963397 110.20674017504909 89.42492057506327 72.70600952361612 108.51961468577652 117.10148219434356 229.01357039398954
2016-02-05 93.96611395168475 58.500590239691796 454.7308033592028 91.49395144747022 86.14059177792743 98.18304355237667 91.80270762994729 64.77369068568889 97.96377025460525 107.6930840826974 204.02789630074767
2016-02-06 83.714290468185 52.11810085499467 405.1190898116405 81.92645948974307 76.8861922984178 97.56276534281558 96.80619495313641 57.70679800109907 90.44454256178334 95.94363056185489 201.78476587755037
2016-02-07 74.98924689194645 48.386650577534674 364.6327096157941 72.98817774118854 68.49781016135205 89.33673218728013 103.32801099467143 51.41091236716265 81.94519794411661 85.4760574812868 181.49427409797397
2016-02-08 67.41155848296326 72.90012868204448 324.85081358874953 65.353676044524 61.02461126816884 79.58998018849468 98.8686320451993 46.50635094574527 73.80521791126642 76.24400971243776 161.70723126833008
2016-02-09 66.58473766909856 94.18605879048145 289.4091734130633 68.71646230634629 54.527641977605 86.54906844513009 89.95930580981044 41.43244844294921 73.77564943037149 69.8326443328148 144.06476505097865
2016-02-10 65.23651985779135 122.05340294376582 285.9420587210239 61.219408183862846 50.4223224222399 81.47707716572046 80.14463023075491 38.3842419741494 65.72663150748902 75.779890066144 128.34711451310602
2016-02-11 58.165833970638765 130.32142788996526 260.24868978540496 54.54029227631361 47.398029194774146 72.58782360476188 71.40074833841103 34.196471971558296 58.555771757704385 67.85388753243406 117.03693518700733
2016-02-12 51.819866924005886 119.99392960829492 237.04582934509565 48.589876475967245 58.796654207156514 64.6683990020794 63.610835168951354 30.46559304438333 52.16726199865712 60.45094142348426 128.29329189219658
2016-02-13 46.1662530167998 106.90243807265207 211.1838255040593 43.28865866703665 53.09652826273159 57.6243174511269 56.67081151185517 27.141757790626336 46.47574684349487 53.85566622455886 117.45142846803786
2016-02-14 41.12945563400952 95.23924504500272 188.14339943353957 38.56581051647763 48.54352926963646 51.33743055092094 50.48795333188455 24.180557223744575 41.40518328748449 47.97994400405346 104.63732706592668
2016-02-15 36.64217930214903 90.24262000201745 167.6167133819062 34.358231153173136 47.01656402262671 45.73645107043416 44.97965290490522 21.54242743455316 36.88782471518573 42.74527060965649 93.22126055266553
2016-02-16 32.64447057015304 80.39703448142309 149.3295150908369 30.60970409193142 44.051760380233986 40.74654563093814 40.07231511537745 19.19212098707469 32.8633157537445 38.081706792704885 83.05070152979629
2016-02-17 29.08291698531938 71.62561496178449 133.037473574945 27.3098879336322 39.24565685457584 44.88461451062525 35.70037416920552 17.098235985779144 29.277885878852192 33.92694376621703 73.98976353355141
2016-02-18 25.90993346200293 63.811168555467304 118.52291467254778 24.33034415262925 34.963905384317236 45.46869631979748 31.805417584475666 31.68974851862686 27.91467956276762 30.265377482786864 65.91738548754779
2016-02-19 23.0831265083999 69.7827699044162 105.59191275202964 21.675872417490698 31.14929848806833 41.41851261923484 28.335405755927585 28.232356333434385 25.8473078415045 26.963386003448306 58.72571423401892
2016-02-20 21.179159855367484 79.09497812403279 102.86190166044912 20.573850621723803 27.750870093990883 36.89969979975578 25.24397666594227 41.68343367483894 24.03530996919979 24.021646027195256 52.31866353296334
2016-02-21 18.868486366436223 77.39716241371704 91.63953633477176 18.32921714610456 24.755470166845726 32.87389525136575 22.495837815429695 72.76582937417426 21.41302684166581 21.40085365324923 46.61063027633275
2016-02-22 16.809910317106496 71.7065121708672 86.24501242914157 16.33096055364329 22.28372645404962 29.287311139721538 20.041513073259285 113.99786951678522 19.07683816474475 19.065993086788737 53.11757337513541
2016-02-23 14.981091934471179 103.32275919814495 86.49449226061394 14.549231823241254 19.85254333330278 26.092027952155195 17.85495830655955 101.56055582323361 17.152016001920305 16.985868801092657 47.322378030633544
2016-02-24 13.34663560076295 92.05011372435028 113.40871377653652 12.961891981252265 18.108610847047935 23.245354256256974 15.906959467763107 130.76995749232944 34.47715292870348 15.968518909833959 42.159445926843986
2016-02-25 11.890500548205926 82.00732832169612 105.19709645605576 13.398148167818727 16.13293819093725 20.709256309617412 14.190995563870063 119.02443955796366 31.005599080905043 14.249664470586177 37.94432356941934
2016-02-26 12.25516736731034 74.6345422923791 105.88810091183387 23.625986478977644 14.372813954143318 18.449849899877886 12.642739756987078 106.54979068303753 27.753469600020377 14.334707581331669 48.645481218681475
2016-02-27 12.996659655059222 80.62054056985065 109.65892281187911 21.051123166320757 14.78409693250011 16.436947625682876 11.263400643281694 94.92507193763959 71.4131597848325 13.544623711052031 58.064574903667776
2016-02-28 11.578707426798525 72.8268929434084 97.83774177166494 20.28384183490351 21.913908067273816 14.643655569860766 10.034549195000732 84.56862490862261 105.29231103361919 16.095837997516075 51.72965535104134
2016-02-29 10.315455604256831 64.88138556942626 89.71655428010433 18.070848689676925 22.573021469298528 13.046013976077598 8.939767014942328 75.34207952598305 97.69741316152722 66.91406709890732 46.446490901484985
2016-03-01 9.193100730844309 57.802743234970954 154.54399081951337 16.099295933341203 25.91841793642116 11.795942513040591 10.713271710698805 67.1221620717258 87.03850015123172 95.00936293181685 44.28413046836044
2016-03-02 14.59084936366369 51.49638985303079 186.2439028612671 14.342842109975656 32.00468647184106 10.508990064124996 32.95307818533494 59.79904814850861 77.54248821359008 95.52412370290028 39.45267506822186
2016-03-03 17.09677421340586 45.87806770892032 171.59701543052753 14.80168013554872 57.123255177383875 9.36244577707852 56.588327789893846 53.27489534151874 69.08250335089974 85.10231935839307 35.14833764548617
2016-03-04 15.231494231058088 44.18548957855195 152.875561083765 22.435166634035454 72.66565298485483 8.340990941457687 53.42624623785745 47.462535968819786 61.54551368124228 75.81754722716215 31.313608953127464
2016-03-05 14.14035037209585 51.75922368596499 136.46043166970526 22.389135814784147 121.55592569566296 7.430978137764834 47.59737428835732 42.2843124543113 54.83081924590747 67.57154665170432 27.897254076689105
2016-03-06 12.597620020555462 46.11885493919355 123.57094654517229 19.946452397661158 123.38223751251162 6.6202488974635765 42.404439740343484 38.81615338376463 53.03476769228954 60.19940429476351 25.00751253732205
2016-03-07 11.223203527931936 43.33631813758869 111.20672884634915 17.77026887252362 122.61021779159422 6.543246415846777 37.77806100813127 36.81420381709149 48.163767870212055 53.63157211901685 22.621704398804532
2016-03-08 10.186111272514694 38.608270277699695 99.07393217779274 15.84247990466074 126.35327374630357 102.73600375072024 33.656426125971684 33.0862299340669 43.2705218512394 54.46872713307179 24.33631022103542
2016-03-09 9.07487103478746 40.38377927109956 88.26483917831847 15.106178208614532 126.26512032134801 91.52737404837775 30.29959279103089 107.79486818572123 38.549652450532726 149.57059559302297 50.68712207591478
2016-03-10 9.036334886220828 36.12225096836376 78.63503208082713 13.458074802054213 145.41641159715053 81.5416202144511 30.085381748891376 131.55619992225175 34.343835952935194 142.98471868826806 55.702440695276614
2016-03-11 14.434980991523036 52.11294781086616 70.05584928173334 11.992652756071408 130.4043233785336 72.81480161365968 47.0811092793958 123.93283012009827 30.596879426492066 138.4447941839992 49.743406388715904
2016-03-12 16.21089398793276 46.829540391662775 62.41266632332904 14.476092041126073 116.17704453789386 64.8706134192525 52.50286987416797 112.3314685296004 27.258720660156296 127.28407879173274 44.31633698764095
2016-03-13 14.442264673758228 41.829630157093646 55.60336442317456 64.75699074521471 103.50198005614273 57.86129457551893 46.77473946958527 134.29592117813078 24.284759294278828 125.50120065010414 47.70725549484009
2016-03-14 12.866595084894712 37.739998623709255 49.536966088896364 63.535544641526315 106.03143202935223 170.25730205585685 41.671555434801846 215.85271608912973 21.6352609256197 111.94737316381203 42.944479834132395
2016-03-15 11.462833067963489 33.622516396480755 44.13241958915923 66.2665255131181 191.95018677021113 183.60984641488903 37.12513531977905 306.71956602853095 19.27482622526636 105.29268170370109 38.259182035432204
2016-03-16 10.283284037959868 29.954256758277243 39.31751604041355 59.037189331048666 172.82860456748372 164.64032802793577 33.095477982379656 492.56776397706403 17.17513383158266 93.82647255132156 34.085056232464446
2016-03-17 13.110322258668933 27.0496873597105 40.67890210795111 52.596156297639766 164.45179148454693 146.91298379161844 36.85208779721283 442.45356240210475 15.301304714445765 86.99331805645025 33.855553867428405
