2016-04-12 29.063493963637058 29.42687861246338 30.72526253440735 29.022047187459464 29.432462352759977 29.010306314216606 31.357568149409992 29.041859543725536 29.010306314216606 29.075687528838802 29.471225936513207
2016-04-13 24.11058027028348 24.41203799437808 25.48915521266023 24.076196729707647 24.416670170357953 24.06673219204261 26.013705196393953 24.092632723490578 24.066456700958206 24.120695844582475 24.448827780135197
2016-04-14 20.001727311145537 20.251811511757232 21.259599731775747 20.526231063282623 20.255654286164486 20.588257080659623 21.580527380840167 19.986838331584224 19.965123148502208 20.010119019534795 21.32138622576344
2016-04-15 16.626728209325538 16.92240794323403 17.636602346862016 19.710440904221354 45.10858747956358 24.864131630573794 17.904768230679988 16.58074113682899 19.831109334232433 16.600054399586796 17.687859371388157
2016-04-16 13.793250929317631 14.038541807544993 48.625460443107464 16.435782786010837 40.03614951799852 20.626860702980302 14.853491193686807 13.755100836138523 16.451551009318532 15.32699356525454 14.673547293279166
2016-04-17 11.442646370584093 11.687921047931862 40.33885494496398 13.634845853801496 33.21330869146295 17.111692810417384 12.322203660971843 11.410997702152677 14.225181938129667 12.715013174932423 12.243467000161603
2016-04-18 9.492624808553613 9.696100509164822 33.46442796515493 11.31123621414416 27.553195987004305 16.258383137888 10.222290576844848 10.069573206358589 13.926988625029393 44.134813928949924 10.21154545277399
2016-04-19 7.874920087333906 8.043720067775913 27.76152026533573 9.383609177840384 22.85766275653884 13.487678122993271 8.480238398300699 30.79817894992079 11.55359288828956 36.83817258305563 8.4713244261283
2016-04-20 6.532899765091115 6.672933357857386 23.030485034591223 12.427516327180008 18.96232825179699 11.18914836774524 7.035061540406087 46.48645793445125 9.584664152625287 30.560321418531434 7.093027750988829
2016-04-21 6.713578951037447 5.535752018123163 19.105698674248178 10.317070285484295 15.73082499985892 9.282327176980079 5.836167399164258 39.72920774166192 10.212477187723739 25.352322868304853 17.757419720239696
2016-04-22 7.430884209397495 4.592365720252951 15.901359770456985 30.505591434354645 13.050024864575443 7.700460748995237 5.48153644511826 33.74605672177184 8.47209737759526 21.031855850476497 14.778692954306191
2016-04-23 6.214496624542549 3.809748492980059 13.191497609749241 25.306919804298232 10.826078668319639 6.9937557989063235 4.547389403005264 47.1316420855847 7.028307888094068 17.468793838939906 12.273824976746235
2016-04-24 5.455851692782081 3.1605025522587775 12.498393321506356 20.99419024080755 9.025227945725339 5.801900858558303 3.7724369051641022 41.606825626794645 5.83056468407458 14.49181425350218 11.523501574571066
2016-04-25 4.585932475590955 2.6218991624357675 21.99000594163291 21.026016629746064 7.487175599578824 5.447659990032419 3.129549493615019 34.51631487671778 4.960144047754499 13.094562899108963 17.83383688648842
2016-04-26 5.370300640610459 2.1750829509912113 52.343345924244694 17.442825778280035 6.211233532941625 4.519286072048432 15.796302450974615 29.3170578795217 4.114851138174339 12.487402525449877 17.778074880092152
2016-04-27 4.465849206967617 1.8044118215813612 43.42314950503369 15.46600590265192 5.937603194802871 5.110939602913144 20.891443252909788 42.11015773086154 3.413610517420621 35.32407524184274 20.247928357935766
2016-04-28 5.6968026832642265 1.4969093571256276 36.096181065434166 12.83033544566711 12.007772154154697 8.471914576200643 17.564569469918577 34.98070465819464 2.8318732253861927 75.42093085244768 16.882982906519498
2016-04-29 5.1482726165924415 1.2418105427213393 30.034098929342342 10.643828062946714 10.849286580799939 7.065153729264429 14.745840905864286 29.911903951413073 3.6396747283784037 62.56792144992896 14.23255548633487
2016-04-30 4.270919399126468 1.0301849051003356 24.915777641447356 8.829938727115245 9.000383619016786 5.86113136722256 16.32420239258889 24.86531645823346 3.035970487500318 51.91825866438566 12.607132951764674
2016-05-01 3.543082092243479 0.8546238755319264 20.669705355187418 7.325166985366281 7.46656516870216 4.86229489410114 16.885534612139054 20.68422208618486 2.554169834364727 54.2422510990695 10.458663070310381
2016-05-02 2.9392806417618416 0.70898143140463 17.14723600517137 6.076833942089269 6.325767901359925 4.0336771445555994 14.007952319222548 17.19117602079638 2.220225438830847 44.99844894083261 8.6763289985743
2016-05-03 2.4383772281060434 0.588158936893637 14.23076636866076 5.0412380814665605 7.256680362063414 3.346269952949716 11.620758991933348 14.261507233389912 1.8418612616939436 37.32994789214176 7.320349459224392
2016-05-04 2.0228362756755813 11.396709205600395 11.805601737648892 4.182125369266319 6.466011047433839 2.7760086384525886 9.667844200551105 11.831103836176945 1.5279767756898635 30.96828985066448 6.0728374043400635
2016-05-05 1.6781105692034106 31.513733255604958 9.793726407799799 3.4694200753109614 5.540670126533627 2.3029295511473142 9.353042217975377 9.814882514990163 4.538098091324371 25.69076654073397 5.0379226217242685
2016-05-06 1.392131986328056 26.628924640744952 8.12470885282804 2.878171885383583 4.596445699341046 1.9104711866114867 7.759124744258736 8.142259599522783 79.52408290658613 21.31262296475638 4.179374920254555
2016-05-07 1.1548890179972344 22.0909029680082 6.740120276450968 2.387682443173404 3.813133174237518 1.5848944024600713 6.436837917962767 6.754680077399759 66.24030700857816 17.68058951910472 3.4671383495913473
2016-05-08 0.958076286580379 18.32623737254708 5.591489143049657 2.327175981688721 3.1633104262618095 1.3148014398505254 5.339891256779036 5.603567706278646 54.95183205627849 14.76433025358448 2.8762790045349282
2016-05-09 0.7948037920559047 15.923146029223638 4.638604291095282 2.180909263182569 2.6247324397540694 1.0907369119040988 4.429882963908996 4.648624461713673 45.74113571467211 12.248237261542508 2.386112141416089
2016-05-10 0.6593557075934066 13.209571119473441 3.848107224908866 1.8097490043178082 2.177433389664797 0.9048567904866683 3.674955561879607 3.856419788027357 37.946068207845485 10.160929309923834 2.0080831937932966
2016-05-11 0.5469902804711398 10.95843552776475 3.542423666926858 1.5013369931468463 1.8063617055275814 0.7506538032721076 3.0486806292222215 3.1992202648281087 31.48258686730717 8.429334134916143 1.6658716633992567
2016-05-12 0.45377383328051424 9.09093172897551 2.9387344233176833 1.2454836342574935 1.4985269476828027 0.622729627816599 3.244692754578246 2.6540187182586625 26.123470433046865 6.9928322292990535 1.3819787982363454
2016-05-13 0.376443054148708 7.541682340650105 2.43792409457483 1.0332320393652379 1.2431524683347277 0.5166059076372861 2.6917419223435313 2.201728788200998 22.42845230514162 5.801134680920075 1.146466105845161
2016-05-14 0.31229075504956516 6.258540745901088 2.0224603638049303 0.8571517262910998 1.0312981437649675 0.5999091719417183 2.2330233167004905 1.8265167549286176 18.612137909679205 4.812522663588703 0.9510887819186986
2016-05-15 0.25907109884137614 5.191978955376464 1.6777987191089518 1.0461018466639198 0.8555473993934611 0.5642131999214965 1.852478163503619 1.5152472338617964 15.440313048195852 3.9923869486655095 0.7890070770343494
2016-05-16 0.2149209772293532 4.307177434408837 1.3918732807935446 0.8678282995319166 0.7097475710922541 0.4680616743230849 1.5367843768549871 1.257023333364356 12.827398038220702 3.3120163087169523 0.6545468514039391
2016-05-17 0.17829478726053036 3.5731611416242 1.154674400285757 0.719935596969303 0.5887945133474334 0.38829600406500864 1.2748901808803155 1.042805177473023 10.641391239689236 2.7475923977946453 0.5430009351669295
2016-05-18 0.14791032301327628 2.964233709532889 0.9578982433770324 0.5972463263335489 0.48845391385372866 0.3221237607009832 1.0576272102867257 0.9776874404190276 8.827917179986798 2.2793559212104664 0.4504643402681904
2016-05-19 0.12270388826320726 2.4590778687181762 2.5034762963382198 0.49546539415563506 0.6074409434047973 0.2672283930865589 0.8773895451659721 0.8373782765423297 7.323489944251324 1.890914904164066 0.373697555034572
2016-05-20 0.10179305871428757 2.040009175043435 2.076841355453219 0.4110296639460977 0.5039226750843536 0.22168812979300292 0.72786744372629 0.6946747758016037 6.075442697303629 1.5686708431614487 0.3100131356807641
2016-05-21 0.08444579017910347 1.6923569144360582 1.7273076457548358 0.3409832182763349 0.4180456803601873 0.18390870192919162 0.6038264514954997 0.5762903787375503 5.040083928454805 1.301342650992042 0.2571816245514461
2016-05-22 0.07005479125063707 1.4039505120259843 1.4329450442739227 0.28287387832284366 0.34680358616261364 0.15256753113892493 0.5009241540728928 0.4880320444082689 4.7758523868873555 1.079571729578587 0.2133535014951504
2016-05-23 0.05811626330664854 1.1646934659023582 1.1887468367062206 0.23466735824115117 0.28770235652645426 0.12656742891276923 0.4155581583289266 0.40486308342461236 3.961965910814669 0.8955943451304601 0.17699443605149762
2016-05-24 0.04821226357890881 0.9662098898047277 0.9884819444014252 0.19467604909451955 0.2386729816344232 0.1049981863246598 0.3447399801940801 0.33586752795899205 3.2867795331272793 0.7429698361432285 0.14683157376697992
2016-05-25 0.03999607385541012 0.8015512909513902 0.8200278086340071 0.16149993921246736 0.19799904613253394 0.08710470953068139 0.28599042411344866 0.27862998864495425 2.726656398001115 0.6163551393778129 0.12180897623611565
2016-05-26 0.03318006260457405 0.6649533179130134 0.6802811227275125 0.1339776027250454 0.16425664103650522 0.07226058552081907 0.23725279162169866 0.2311466995458665 2.261987771868336 0.5113177404477379 0.10105065491748266
2016-05-27 0.027525615599939643 0.5516339627859039 0.5643496489594099 0.11114554048447674 0.13626451567131337 0.059946152716213466 0.1968208806530274 0.1917553705214419 1.8765065828731857 0.4241805008077216 0.08382990461623317
