2016-03-01 2.0068649506042626 2.0852367992892873 2.0068649506042626 2.0068649506042626 2.7093794070934103 2.0068649506042626 2.0068649506042626 2.0068649506042626 2.0068649506042626 2.0977506574922455 2.0068649506042626
2016-03-02 1.6648610295706296 1.7298769822642321 1.6648610295706296 1.6648610295706296 2.2476550740653067 1.6648610295706296 1.6648610295706296 1.6648610295706296 1.6648610295706296 1.7402582661893804 1.6648610295706296
2016-03-03 1.5979795135118477 1.4445800245556426 1.5420728025734638 109.83481132258552 1.8672981840930034 4.644791188566116 1.3811403936020104 1.4584494072861245 1.3811403936020104 1.6002846596338998 1.3811403936020104
2016-03-04 4.654002740648599 26.64716325819519 2.4722915117637863 91.80924244656856 1.5871937836670238 24.169723113446356 4.782696400446235 1.545213808204049 3.853732552947235 3.753000226497678 1.1457705796210673
2016-03-05 9.669065678495597 29.759107801023163 6.846619353771071 76.1633860103433 1.3207543299133349 23.696405852300444 16.26311399475475 1.2818830937575376 8.6192344365914 40.70868933134239 0.9505117851936068
2016-03-06 8.794853164849522 24.68764967853827 5.812790042876679 67.6871683729621 1.1253718315024253 69.75771649983305 13.491602761385934 1.063751521511614 7.15037028967947 45.8627894067816 0.7885284103656292
2016-03-07 7.296060599658341 20.934637829886427 5.843548846865672 56.15212363545367 1.241998236926094 57.86981514490751 11.469845790929867 0.88247016959444 5.931825576350469 41.96528392866289 42.349892351403895
2016-03-08 6.926616499176268 53.583954665249514 5.7010016942072665 48.200719833772766 13.930841343885694 50.81872983493284 38.17115807712191 0.8054624667624963 4.920941607602413 35.09887220151357 41.99844717605479
2016-03-09 6.087861585912456 44.9970032956688 4.729454040908763 40.82451654635732 46.41089035179216 42.304643203748604 34.92789160375746 0.8187770398882457 6.623773257990701 29.59365685608073 44.308386832644125
2016-03-10 32.15534387274019 41.211840637789216 9.085131041850012 42.428952634740945 38.646327669672885 41.7322733072504 33.91175801441745 0.6792435062502774 5.530366876279949 34.787361312006695 36.75748410400376
2016-03-11 30.70173486352159 78.11364318945242 7.7798105607216135 39.57906481072422 34.1821738750546 34.70820860033258 28.45069344053023 1.3403919357145202 16.32746097248142 29.557453964802843 30.493383628687486
2016-03-12 45.26543134995808 68.34086520429456 6.462347636427861 40.57851568617622 28.831319908663307 52.15889780738132 67.51751955641326 1.2873919913672984 83.08786205440938 28.326596498786678 25.296792416351337
2016-03-13 64.71958986360127 79.56702881073 5.4007693222665365 39.811694980435725 29.92587654214848 100.06698693999476 56.01138586269029 5.165110642604305 69.96074059625218 25.045451782756153 20.98578873201693
2016-03-14 54.36602803417636 66.00745379785276 4.480386371602568 33.28120728036666 37.4709775946639 83.63565027647962 46.46609305067699 5.486728166410886 102.16587667777864 20.77728081727472 17.409453398533962
2016-03-15 52.62384520210541 54.75866099310889 18.122209801045365 28.653261211741608 31.211684888698574 69.38427424315711 40.59407419887324 4.551696366686959 86.50080243356886 29.276911200687024 14.442586433424081
2016-03-16 46.31417421415035 47.701198624751896 15.033877022140242 23.770258156691092 25.918754310634576 57.5600138004039 33.71052934964313 4.146366471578948 71.9325147762719 24.28762758026561 13.635146517408694
2016-03-17 44.532774306058066 54.968045111315426 12.471848676191998 28.883593735841057 21.518285466452483 48.591881651762655 27.965681788129498 3.439755101989374 62.89928965456239 21.824664881989992 13.608058976523271
2016-03-18 52.05251137335003 63.55846990607619 10.346433536257058 181.63685704342026 20.103291381202833 40.32792920187326 23.199853961450945 2.8535623280682745 53.87223966419442 19.622269255055564 33.77412077302239
2016-03-19 44.380938304470206 57.53157330915359 9.562390452717343 150.89891431503605 19.782617991716833 33.45536415451537 19.246204255285527 2.367266772992639 44.86381165456988 18.694297631830878 56.5580533993138
2016-03-20 36.817671571049914 49.46165619499615 15.455945564839812 127.81265885271152 21.55114110616766 48.33309149721783 15.966323704091565 1.9638442515847716 38.87033233945126 17.156430108088294 48.600419416868974
2016-03-21 30.88449236634151 41.691391910729955 12.880331015592 106.89841337083581 28.360403569061347 40.09631064016565 13.294380696627158 1.6291717893744804 40.23774783541685 24.953174318591767 40.32050115069587
2016-03-22 26.17728315537017 34.58646962753775 10.685303537414372 91.96316414533435 23.67331378809841 38.743177989064634 11.02879211050104 1.3515332069497263 33.38055122673892 47.79822612909309 33.449201969597404
2016-03-23 21.716228873415854 28.692346944375682 8.864346075304315 90.40377877776761 19.644436331204965 258.66695498522927 9.164428691559223 1.1212089611431117 27.691937549749994 56.92303449569897 27.790810944405084
2016-03-24 18.018948467587908 23.80268301570048 7.381807751295217 74.99743725531748 16.298030378571596 214.5857063587617 7.896684416758502 6.432631277969611 22.972760397227812 54.55615453165358 23.0547840837608
2016-03-25 14.948908405814525 19.956950725161217 6.1238221581381 62.216598364675065 14.256109344268278 178.22083879853034 6.792767135966362 5.336401499788744 19.08415551304887 45.25885788952618 19.12585675215227
2016-03-26 13.099143312478251 24.296049510586887 5.08021870630876 52.482946653871075 11.940482814468895 150.62089280146617 6.171330794243202 9.652694101943085 23.27659463407886 38.71689684850303 15.866485462404013
2016-03-27 10.866826497275916 20.15558943837569 4.215326668400694 62.04874818816285 9.905621455025628 124.95253085588661 83.36536240130877 87.7688756622084 19.309867012065578 54.39259768710608 13.162566476942432
2016-03-28 9.014934435400097 16.72073418484544 3.5038870213121682 51.87766470383111 8.217535080856882 103.66317565402888 69.16123250638225 72.81156644599248 16.10921336853231 46.75588138581884 11.294447966668349
2016-03-29 7.478636278488241 13.871236687722227 2.906765077560367 43.036828285045466 12.489330100852415 85.99720738345815 57.37498216914616 60.4032371193053 15.654243517694152 45.34106872859849 24.982245495530066
2016-03-30 6.204149457404264 11.507342029347233 3.0017676205448103 43.123178408007796 11.786270751709251 77.82249150144541 50.383704795603215 50.48698409347533 17.58296178944914 37.614179440676374 23.609252371467207
2016-03-31 5.326064244829116 9.546295226696817 2.555721243771073 44.71528092392366 9.858225868498993 64.606838876271 41.79746455496612 41.883143303870824 14.586526043436264 31.2040835090202 29.738069497185258
2016-04-01 4.424963618172079 7.919444153379919 2.720087500199197 37.0950365215334 34.77621760158151 53.59673467630702 34.67446568907566 34.745543321913225 12.100733912958935 25.886376949245665 28.625258452858557
2016-04-02 4.378716833178148 14.650996025355063 2.256538325978165 30.77341137306138 72.46727158807124 44.46293949567507 28.76534698035989 28.827631510629182 10.038563040726766 21.47489803264807 27.385201481528906
2016-04-03 3.6494255183166966 17.587739029062522 1.8856060548812523 25.570140204720328 60.37456991653739 36.88569836456858 23.873058105229052 23.914912790897507 8.327821159237983 17.815210155397057 22.80109046763019
2016-04-04 3.027501339306139 14.590489160166504 1.5642667120912435 21.212553408053683 50.26779233484915 30.62015309130446 19.80468296287471 19.850339401751782 6.908618791244154 14.789732190674407 18.915944335435363
2016-04-05 2.5115636183003844 12.104021647192205 1.297689058763256 18.456652106713918 41.70130554900365 25.434799070431378 16.429628141108303 16.51296759668271 5.731272645040919 13.389104191597493 15.693511589693502
2016-04-06 2.747990983558409 10.041290489127691 1.076540771607217 20.05292407400687 34.720984867044436 21.67249619276651 13.629740065069965 13.698877059948227 4.754566306860935 11.447223632015714 13.019070294141011
2016-04-07 2.3196798176556905 8.330083804041928 0.8930799139490628 17.3432898675036 29.07545997847527 17.979134228213425 11.307000538652801 11.3643554136979 3.967756672452864 9.496422026784936 10.800399283172702
2016-04-08 3.6319830412179206 6.91049584288959 0.7408839068015257 15.285791122251958 24.503700458524783 14.915183960397178 9.380095333493891 9.427675962319764 4.18789972680586 7.878070194993519 8.959827548396875
2016-04-09 4.116445136092743 5.7328298151603585 0.614624687874212 12.680832329002104 20.609210602953965 12.3733829309421 7.78156754876386 7.82103962917002 9.220631741600545 6.535513040826726 7.691455461774283
2016-04-10 4.641959401195704 4.755858108707063 0.5138158482578367 11.854001973694489 17.097050587633753 10.910275615775202 6.45545608686495 6.488201453415113 7.64927926514102 5.421750460406109 6.399323692155956
2016-04-11 3.85089056718306 3.945378997705894 0.45253682270836676 9.847449479937335 14.183422374955704 9.050979085109208 5.35533657303575 5.382501572181251 6.345711976776282 5.573500256086556 9.460207194229884
2016-04-12 3.194633317258338 3.273019312128192 0.3754168512173572 13.63005331766527 11.766325965713799 7.508538306826797 4.442696135576007 4.465231756835419 5.264294725871933 57.57906303673605 15.315365521279835
2016-04-13 2.650213464570933 2.7152411526988667 0.3114394345515326 12.148542303649275 9.761143895417968 6.22895567152964 3.702870769030961 3.7042803192666005 4.367551729006201 52.98457226645031 12.70536674742396
2016-04-14 2.1985720144624934 2.2525178785200284 0.2583648578355664 16.040227544848438 8.097678954730327 5.167435680870885 3.1653618766350355 3.073007949184586 3.6232466295551427 45.98568524589735 10.540156156394477
2016-04-15 1.8238979491264231 1.86865052041865 0.32690001548114367 13.343895167115999 6.717696732722582 4.286816751319314 2.6259303752885885 2.549315127863219 3.2330909835561235 38.801689409903084 8.743934276726602
