2016-03-15 12.9901818939935 12.9901818939935 13.192534563594528 12.9901818939935 12.9901818939935 12.9901818939935 12.9901818939935 12.9901818939935 12.9901818939935 13.328315736424827 12.9901818939935
2016-03-16 10.77643395775507 10.77643395775507 10.944302290771926 10.77643395775507 10.77643395775507 10.77643395775507 10.77643395775507 10.777172881024383 10.77643395775507 11.05694404233882 10.77643395775507
2016-03-17 11.196578468372564 10.703392133117642 9.079207035949933 8.939946322041783 11.2249342907066 9.007095259786706 8.967920185942953 11.124737572293053 12.050045834821598 9.172652717199977 11.264179963971863
2016-03-18 9.288491062086953 12.186811252364258 7.531955734734389 7.416427415070554 12.407041395638188 7.51084231191806 7.439634056773817 9.606248988684694 10.71913476714756 7.609476682542979 9.344572113046526
2016-03-19 7.705574203242575 10.109971337464945 8.73308371814292 7.967366307058047 72.62415058499163 6.230867034966899 6.302249023327793 8.041347224973956 9.267165224545208 6.312692431229863 7.752098089272736
2016-03-20 9.395053583159736 8.387060267675635 8.528425841384072 7.428303873057327 60.34515139000915 5.169021315470157 5.228238598924822 6.676331830118438 7.68788265113513 5.236902272495288 6.814278261559188
2016-03-21 8.671432590012607 7.35887219758823 7.357391295842149 6.917188605238855 50.15041789105808 4.8918393504654185 5.3705213224156845 5.538571332908623 6.377736689218035 4.344445054219952 15.903215890878451
2016-03-22 7.402305050988082 6.104795212879025 12.004694210444013 5.74109754775685 41.759029180587454 6.848045927536799 4.455293145394896 4.728954895619652 10.80403425563729 3.6040777251595797 67.48646739114332
2016-03-23 9.349279003761819 5.064434276139105 9.975802230392244 4.764197832225037 34.642580356213784 8.012655545378768 3.7987758228613915 3.9230605497084445 8.999824585326003 4.983136341559022 69.6177065976182
2016-03-24 9.895488067677789 4.201368537838083 17.330339621251667 24.841563404177073 28.780167078674868 8.413411867473013 3.311217741385525 26.46244756863746 7.551302083202386 18.817709907987098 125.10703227673832
2016-03-25 8.759109239126895 3.9067964369178725 21.540323118838568 23.02814471946139 28.06676173130259 48.56761491671981 2.746929919919359 22.107832817409818 6.47938788738319 15.70434682220607 106.11376188798147
2016-03-26 9.021863895311338 3.5010005882034885 42.717918970010004 19.54426945519722 23.29729039261693 40.58618232065512 2.3320741699068823 19.117834000359778 5.390596821886212 13.02805901874461 88.09332241159231
2016-03-27 7.952389306001313 2.9043705417472268 169.27536918130698 17.011468145657243 20.97881242781096 191.64121251934083 6.262134893320462 15.96390155050456 17.900265224367057 10.807856176221053 89.63094152618172
2016-03-28 6.935446473660571 2.409416402897159 142.56469364247235 14.352145866868169 28.177354560827627 159.41538304770845 17.747999090794238 13.26112358123606 14.937524587046937 9.351931160419545 86.84401417562948
2016-03-29 5.753528434079537 1.9988108676582064 121.01360983741841 11.906296104897482 23.3754540934777 188.83103020019294 20.28448413662318 27.2530517202114 13.822795137650845 7.7582030298079 72.51943942757234
2016-03-30 4.7896730005727 1.6581794993448276 102.36511215188752 10.165362517200675 38.103040461674055 156.65101095064534 17.050402419998168 157.8407557502545 60.018187509951886 15.715467453291016 60.160893513421556
2016-03-31 9.969805571515325 1.4724085989261715 84.9203559799947 8.437375213073672 31.609634297322952 129.95501431011195 15.545767618719356 162.9363660950244 49.9300879999535 15.663761637219542 50.21229886338468
2016-04-01 18.130265253134468 17.79994444586364 70.44848296623564 6.999502970973388 26.58445336471362 107.8084695518645 12.896504408701793 187.16539978090725 89.37645925439462 17.860594843237763 41.655269108929254
2016-04-02 31.009565331987268 15.34512924129339 58.44286325663995 5.916316578644096 22.0540103537956 89.43607269651125 10.866775899495691 156.87779757925546 78.88060463952334 37.226412990468944 34.556502765553056
2016-04-03 45.283973656573835 12.730058223316046 48.48320534128944 4.991283033273693 18.295631887278805 74.19464474938682 9.301684911471146 130.19826763342206 67.84172889706223 31.44309775263638 28.667486945359993
2016-04-04 55.36153445570093 10.560639784833864 40.22084253201931 4.14068351093829 15.42795719028934 61.55061535592754 7.716519596285738 108.54495702007296 56.456160655673465 26.084659100513004 23.78205958334459
2016-04-05 47.62836607185403 8.760927146487743 33.65424282754355 9.895189165759772 14.073393479779586 51.061343625136395 6.4014934118475395 90.0470501737035 46.83569610913918 21.639389532888316 19.72919213685395
2016-04-06 41.07860674754938 7.267916151850459 30.472943033502226 8.208880631118019 11.775524242230228 45.03714112784688 5.310570055657508 74.7015012727493 38.85409689443393 17.951669506268292 24.391782071219367
2016-04-07 34.12584460149337 6.029339624346441 32.47318407254904 6.809947752097677 10.547140017132131 37.83363707501512 4.4055585941637885 62.79069604649985 32.23269793971294 14.892399694201279 21.004756556026322
2016-04-08 28.310220257238896 5.001837603266817 30.529545005511988 5.649416829196365 8.749727968811037 31.471225948747197 3.6547764784563554 57.20793748588939 26.7396979859187 12.354481491228952 17.425188782720593
2016-04-09 23.485677215394546 4.149439402688699 31.489733815960104 4.983718241686249 7.258625504529282 26.107993773592334 3.15739426183729 47.46950135578919 22.182798651092995 10.569390802497862 14.463540905799466
2016-04-10 19.483318365376245 3.449720817532926 26.123347585443938 4.134407888501805 6.02163226134727 22.92164710647686 2.6427364934243256 39.38768617217389 18.402472468240678 10.343981036074734 12.965522933378423
2016-04-11 16.1630295369039 2.8618297161826467 21.671484841959767 3.4298344648640424 4.995443706012135 19.021348483809337 2.570094219608216 32.6753554898936 15.26637816404088 8.613809197169289 13.820991559285122
2016-04-12 13.408574397423367 2.3741252575575076 17.978295228785726 2.845332336242481 5.737650961592958 15.781440716820837 2.132106451537533 27.239172336430812 12.664727669052706 7.153537698213711 11.465659525382344
2016-04-13 11.123525262435463 1.9695368647377984 14.914487940742125 2.3604393117522666 8.581638001646697 13.092014802477 1.7687592485934354 25.983076523933025 10.50644266818145 5.9344532045975456 9.511716130358
2016-04-14 9.227887364955059 1.6338942844240847 15.44921952636099 1.958180305863342 7.119180926701907 11.110520238258095 1.4673325889658209 23.86797534362164 8.715966140316006 4.952468062542172 7.890757923190483
2016-04-15 7.655298406869939 1.3554509085208384 12.816409753404313 1.6244730763380943 5.90595141130316 9.29964589435423 1.231951244183779 19.800466390294623 7.23061726584253 4.108651396225065 6.546038564341811
2016-04-16 6.350705354379116 1.1244590197326751 10.632275545498164 1.3476352345318452 4.8994768403553275 8.418289483071023 1.040608706717161 17.91914094863813 5.998397102906425 3.4084673169464836 5.430482255692627
2016-04-17 5.268437147002314 0.9328320775838891 8.820354955128819 1.1179752695230722 6.201573823709269 14.173999119059134 0.8632712840613277 14.887060425850274 4.976168213761096 2.827606513749812 4.617661853481125
2016-04-18 4.429315338008447 0.7738616256345106 8.311561670706423 1.0668215358051354 6.198731255354844 20.93699348030847 0.7161551744422157 12.350052125016877 4.128144513748422 2.3457342708991673 3.8307337348602615
2016-04-19 3.6990192782769094 0.6419824425216869 8.550366441189041 0.8850170012358152 5.1423620192797515 17.368973687642654 0.5941101521038289 10.24539318895964 3.424638475698123 1.9459812540799326 3.242152058544369
2016-04-20 3.0686434790612815 0.5325777152580041 7.0932385720236315 0.7341950515514586 4.266016068124967 14.415528818652808 0.49286453058259194 8.52603910666809 2.841021832005458 2.5904807451919596 2.6896342041267687
2016-04-21 3.704263240589704 0.44181741431345484 5.884430075098487 0.7533114812777244 3.539014372241812 11.958877523658375 2.1983157523065633 7.073057029072748 2.3568633907516245 2.1832927891296507 2.23127478951657
2016-04-22 3.076451124567553 0.36652421233241117 4.881623105882142 0.62982085482857 2.955726824362294 9.920881392905414 1.8236853584005772 5.8676878103210734 1.955213782621559 2.1654298103171175 1.851027615091301
2016-04-23 2.5521715275983126 0.3040622525817261 4.0497115003078274 0.5224886689562279 2.5480734249931105 8.230194465775424 1.5423249476825276 4.867734007781011 1.6220120991122156 1.7964037402615847 1.5355810265634657
2016-04-24 2.117238091081231 0.25224487314714356 3.3595717817635213 0.4334477130994351 2.1138383748619005 6.827629346816058 7.644018806108489 4.038189340753693 1.3455936496822607 2.807420588829802 1.2738919019453772
2016-04-25 1.7564247096448775 0.20925805649609813 2.787043609394046 0.3595808505599794 2.609993944484954 5.6690380522235735 74.48461705854704 3.350013194170266 1.1951953357682201 9.504948805838223 1.058068989554152
2016-04-26 1.4571000652439794 0.17359692453701114 2.540924527733121 0.2983021577503622 2.2063015077823036 4.702937547167028 61.791171451657156 2.7791139677024272 1.4305807199799077 7.885143865869651 1.1953348202830858
2016-04-27 1.2087854312659994 0.3457283402022397 4.556715247646524 0.247466396444677 1.8303102053186753 3.901476999943451 51.260904870692016 2.305505679476082 1.4520610400914788 6.541381237874059 1.4803184452487999
2016-04-28 1.0027878343389824 0.4071430187441091 3.866678650228572 0.24335355915697274 1.5183942157848775 3.2419226313188383 42.525174817537426 1.9126082988569726 1.2046051417049501 5.426618616868184 1.2280470044117489
2016-04-29 0.8318957316066504 0.3377589235220688 3.2077308424236706 0.2113099986486834 1.2596340160425952 2.958391631083172 37.89756164986301 1.5866673144298091 0.9993199372189296 4.561294661784017 1.0187669078131856
