2016-02-15 20.36049836066605 20.36049836066605 20.36049836066605 20.36049836066605 20.36049836066605 20.36049836066605 22.23319882282958 25.80950145548342 20.36049836066605 20.457443393988374 20.36049836066605
2016-02-16 18.44896675325132 19.850741814313526 20.147495741870543 22.33070384104303 18.19507891902054 18.13914189021586 26.445427766640563 22.9936517625314 25.651862869113266 31.354394071951187 18.13914189021586
2016-02-17 16.436160831485335 18.645233535143433 17.94937813017041 19.894395427156788 16.209972485417705 16.16013825815904 23.560197697973013 20.485014880604577 22.853211748004775 27.933589486768366 16.16013825815904
2016-02-18 14.642954615918738 16.61101465588655 15.991077967585058 18.03393685344846 14.441443708348807 14.397046459164546 21.02820050195965 35.49534831306752 20.3598970516872 24.885999066820393 15.750900214787531
2016-02-19 31.94387657037837 17.22175482104989 16.936507419837454 31.04619197656601 22.463738298536608 14.605498016312952 31.235502991218347 35.67344715131011 85.39285233771886 22.17090466827197 14.562263728953823
2016-02-20 39.57254751912359 15.349937915820583 18.643742706477166 56.82130709100651 20.01291565480631 35.36287117108632 36.50230754580142 41.56045828393297 126.75577981196093 42.29613924494237 95.72760156509169
2016-02-21 54.44683145092539 13.675240012738348 16.609686478538805 59.09366284473598 17.82948090311767 84.43275137469827 32.5222641907344 37.02615901048093 112.92656175135511 46.404696491982584 125.62791970538109
2016-02-22 53.12749771184571 12.18325379761007 27.294094788651968 58.53319026586447 15.884261681695186 81.47618760385755 34.95258856016337 32.98655760009784 100.60612910827814 41.34188462039878 111.9217526281615
2016-02-23 47.33121960948715 10.854045191069233 24.422500201502174 52.21135895765178 14.151268370827951 80.15908140618102 31.139216343936233 29.38768188178963 89.62987145962647 37.561387084711995 99.71094594844925
2016-02-24 42.25856682735771 9.669854947360893 22.315669075718517 46.69305201933667 18.89309922992974 74.71970857127242 27.7593622154591 26.181448117602457 99.88331428062224 45.29031614733104 88.83235393003407
2016-02-25 51.35339773359342 8.65755960406857 20.190593092849888 42.0495055419863 24.736748247852233 92.66137741063754 26.831203186741284 23.325018567029822 303.93501228414164 149.21020504807103 79.1406302456563
2016-02-26 67.31282700458206 17.15594674968408 29.468810375823416 63.729928769751744 92.4240208294963 174.50137201797844 23.90533138676266 36.25417322595145 294.72739650099385 134.2923441771621 78.77630344745738
2016-02-27 74.81967660758262 31.575779453994805 28.15927687488003 56.77705664233108 82.34044168237426 230.99075293251164 21.297229089186875 37.45765657023195 262.712440075132 119.64087728349499 82.03279462994985
2016-02-28 66.68436443702302 29.651498655539665 25.093019185178285 54.3107759003819 73.35699394593658 247.27442232496708 18.97367409549773 80.9896559000723 234.05017610245577 106.58790420905132 73.08291158129202
2016-02-29 60.26315339938808 27.379159388262572 22.355338626346274 57.46956599869503 65.35365187306354 220.29646587820605 16.903621930091493 72.15975082799233 208.51500187019852 94.9590272291091 65.10947224573681
2016-03-01 53.68836611460947 24.392058002763157 19.916342525805106 51.19956268031902 62.78274413016628 196.26183906174074 15.152160182477223 64.28702951398463 185.7657478791903 84.59887563426686 58.00594536252092
2016-03-02 47.8308965505548 21.730853207466506 17.743444026283697 46.00550464767464 56.01205821707551 174.8494208399704 22.858831866454683 57.27323218705907 170.9110642798373 75.36902985868232 51.677422367988456
2016-03-03 42.61248442439245 19.359989266627785 15.807611538411008 41.153852735654326 55.21260179734115 155.77312489391034 24.871923928269098 51.78261413875789 152.26444808290816 67.14617208858105 46.0393493444378
2016-03-04 37.96340775046641 17.24778962084942 14.082980856430803 49.02892074512611 53.41584490223389 138.7780772886997 23.155445671109693 65.71595889959671 136.3505337161257 59.82043864174748 41.01639731497492
2016-03-05 33.82155130112955 15.366033663968997 15.84804580473339 43.679802643637146 47.58810775178335 123.63721116248351 20.629156866359892 58.54626354501393 122.68498901539803 53.29395210452565 36.541455790646005
2016-03-06 30.131576699694037 13.68957969413128 17.803031719361613 40.436540242523755 43.28123193541832 110.148232939103 18.378489408556003 52.158791144159395 109.2998994488797 47.47951361455454 32.554736122868405
2016-03-07 26.844183057304736 12.196029001381575 45.180693471815374 53.24443515646259 40.974074132035206 98.13091953087036 16.373372655438345 46.46820017008128 97.37514031187492 42.29943781713342 29.62515984141192
2016-03-08 23.9154482752774 10.865426603733248 139.0325638278047 47.43539902899894 36.80358016684616 105.57768391813377 14.587016710364102 41.398459965814105 90.47734221257781 44.78663712599871 31.1794544060762
2016-03-09 21.306242212196224 9.679994633313889 123.86393289395609 42.26013618941065 32.78826239361846 95.99721334343862 12.995554488755086 36.881834916527936 84.69872753005755 39.900357605368775 31.052299682517347
2016-03-10 18.981703875233205 12.993346154667478 110.3502190390465 37.64950115958211 29.211020936523777 85.52379431271412 11.57772283555484 32.85797944979835 79.86667431387347 35.54717744396417 27.664453982464362
2016-03-11 16.910775650564776 11.575755433546961 98.31086868839219 33.54189232169492 37.15819721592541 76.19303872369505 11.108977562383062 29.27313177250696 72.00792488161636 31.66893481833486 27.82574308049079
2016-03-12 15.065788349847018 10.702778949762266 87.58502689375182 29.88242887339929 33.24000061868061 67.88028053015715 10.374658049892437 26.079395572079687 417.4159681859822 28.213813434524486 106.73204352879769
2016-03-13 13.422091528652368 37.145792083123425 78.02938818793064 26.62221757823129 30.19275553506438 60.47445491132364 9.242769557793522 23.516533811068516 374.63628146382496 25.167242513647814 95.08744076430474
2016-03-14 12.769360414260117 33.2860345352005 69.51628191390233 23.717699514499465 26.898687203313486 53.87661436073398 8.2343715511048 20.950849827384886 339.37506000529095 36.33584060443244 86.10692684149308
2016-03-15 13.245620943486784 32.178241897586794 61.931966446978045 21.13006809470532 23.964005949089934 47.998606671719294 8.124691287506115 39.52081820852142 304.4507357429576 42.96663293522578 79.76067980579776
2016-03-16 11.800506719525206 52.539929414921346 55.17510951952325 18.824750579791054 21.349502181551685 42.76189715635705 13.649696104426651 35.5374709941186 271.23477021028407 38.27891820479914 98.6934748895817
2016-03-17 10.513056309831468 46.807755766937326 49.155434344196095 16.770946160847455 19.020244126478776 38.09651936184752 12.160496762438886 31.660287354609743 241.6427090954316 34.102639160454444 96.55306586895169
2016-03-18 9.36606839016606 145.55756232002517 43.79251344687591 14.941214436699644 16.945111110996258 33.940140265078576 10.833770977606548 28.206109420176617 216.55065517224563 30.381997513251402 90.22875642051953
2016-03-19 8.344218322813692 182.58992202353198 39.040259735981465 13.390872685755312 15.096377767532186 51.909842628813024 9.651792676575685 25.679933549497875 192.92470110540424 27.067282639098654 85.998996790907
2016-03-20 7.43385340767785 181.4334408090484 34.78091735465179 11.92991131051989 13.449343601656743 52.31792899391325 8.598769723317591 24.45577595873338 171.87636891241274 24.114207406715245 76.6163960023742
2016-03-21 6.62281047174339 161.63881984457234 30.986274687004354 10.628342694070104 11.982002974544967 46.6099758764346 8.599777144908956 22.201722297107906 153.1648196093359 21.483316467612887 68.2574489870478
2016-03-22 5.900253359762601 144.00381740124675 43.96876617739867 9.468776882103295 15.201376059456866 41.52476776086772 19.894247153562006 19.7851617436935 136.91022068618892 19.139459102399567 60.810473806090485
2016-03-23 5.256528154915732 128.2928163300862 39.38683770965306 8.435721186622704 53.76256903065414 36.99436236923234 28.41630354073314 17.62657523565582 121.97314010963669 17.051319580227222 54.175973163352694
2016-03-24 4.68303419508303 114.44445869044617 35.11541227618781 7.51537319175147 47.89700383334127 32.9582300131683 25.316048398725936 16.159737644538232 108.76442263754629 15.190998756625701 48.26530504523633
2016-03-25 4.172109161406846 101.95842154558352 31.284275783825255 6.695436342877655 42.81548216117713 29.362444870906092 22.554035066803724 15.832097558312803 97.80200154339484 13.533641319549327 42.9994983954535
2016-03-26 3.716926703838925 90.83462705857268 28.648205696889285 5.964955655259944 38.14425817395326 26.15896449695662 20.0933609299077 14.104795420173671 87.13167780656995 12.057103703357622 38.3081980011871
2016-03-27 3.3114052358716948 80.92445280923819 25.52264973237943 5.314171347035051 37.107441474570024 23.304987938217295 17.901149495585948 12.565944159464452 77.62550006729022 10.741658233806444 34.1287244935239
2016-03-28 2.9501266798813 72.63304535206836 22.73809593012171 17.218150133609758 54.20387171089617 20.76238388043386 15.948111138856104 11.194983543889965 72.99286822447635 9.569729551199783 30.405236903045243
2016-03-29 2.628264077457865 68.46320862031673 20.257340517097493 15.339627882780846 48.29033504842614 18.497181184616167 14.208151770366568 10.027077246093366 147.80472714719355 8.525659790113611 27.087986581676347
2016-03-30 2.341517097541514 61.78941673877596 20.989475267254655 13.800836871780232 49.151562115554604 16.479115006584145 12.658024199362968 8.933110265238742 178.73485731636737 7.595499378312851 56.39644689299256
2016-03-31 2.086054580703423 55.04811216721472 31.54793880146966 12.295147878332939 64.45031603604379 15.137460963200699 11.277017533401862 8.099869108365745 159.2346552701481 6.766820659774663 50.24352224463679
