2016-01-18 16.307137989901793 16.193422908467525 30.89507593854067 22.856717981900587 17.85829845037804 17.200043531663184 17.68491300477617 16.24994415716761 16.199644082681345 16.52696528959712 18.452866151411772
2016-01-19 23.174095265137364 14.444491154457632 27.552281352883934 47.358598069178896 25.07942003880284 15.323496734316763 125.25518913025999 14.47705441947272 23.353345378894733 27.233840372066517 26.072369865767822
2016-01-20 50.58977231467378 12.868578653695772 39.24249872139032 60.248762911800355 171.99505745563445 13.651683598030477 141.79379808887126 22.19820347684194 20.805465462345936 49.27210779891061 227.41805371974016
2016-01-21 62.86494450487178 12.008062177449634 76.94584068024929 125.87394148091691 322.8766818363446 16.79414653230551 164.21798126619385 57.498638850995896 42.6006015721221 46.94658282642665 418.4800467741441
2016-01-22 64.83407862949392 32.884285119666394 135.22016809202395 185.61055067922445 326.2232300568052 75.4228239519261 1020.5091128335933 151.89216034222878 252.79029891264534 47.44884785190773 402.90929935184823
2016-01-23 58.211217860955706 31.977527842771057 120.46747441990532 165.36020167344353 556.0790913842893 67.19409717729546 923.446199998655 135.32053094445848 225.4308041004867 42.814477601635986 379.36304433926074
2016-01-24 51.86029937371347 91.45348660775657 107.32431853829777 147.3191917022988 495.86159927625226 59.863135041849915 845.2053676056739 120.55688755648818 200.83601440246957 38.1675867409648 337.9740499116641
2016-01-25 46.202274234415576 81.76303461986495 95.61509781105492 131.24647904504894 441.76246317023174 53.33199027264611 756.7161500437473 107.40397658706432 178.92454778757482 34.00345410203575 301.1006478310006
2016-01-26 41.259283821788195 73.03656745709135 85.18336807473202 116.92731994166698 393.5656121608783 47.513401769773466 674.1574480700671 96.11044599291426 159.40365026779028 30.29363367184751 268.2501811838642
2016-01-27 36.75784306821955 65.0681843248931 75.88975342465544 104.17039945161645 350.6270993782444 42.329628731178104 600.606006310385 85.62467313498362 142.01250769046533 26.999543412246915 238.98374255761834
2016-01-28 32.74751527108055 57.96916200676658 67.61008404601195 92.8052753396122 312.37323338134325 37.71141197596305 535.0791211293106 76.31101111447524 126.51876106133064 30.384056474041014 212.91030990096306
2016-01-29 29.17471937728685 51.644652123498 61.65219044753235 82.68010083672175 278.2929132007918 33.597048588647716 476.7013031177621 75.3603124642973 112.71540205024334 32.12966311567382 189.68152216963037
2016-01-30 25.99172009532897 46.01015437562812 54.925857440250645 73.65959585114939 247.93079963812608 29.931567520924943 424.69257988344367 67.1384057730979 102.96561179741502 28.624275684034746 168.98702495583206
2016-01-31 23.155990115191077 40.990387554686215 48.93337598627831 65.7391741291774 223.55075890833407 26.665995136323044 379.0279652763658 59.81351964123888 91.73240600574343 25.608852863857322 150.5503239155003
2016-02-01 20.72140294264173 36.518283728545676 45.131834914662164 58.5669459632887 199.16108455073484 25.300207293384354 337.74692153383 53.28778797584173 81.72428292244598 36.84642577011796 137.71794551577094
2016-02-02 18.460671319668975 32.53409216244655 40.20789387279393 58.15517162042422 177.4323549296894 22.53992224636098 300.89829945033495 71.5952564191686 73.17322977442379 36.115179669976214 122.88146322643256
2016-02-03 16.446588414703214 28.98458100338329 35.82116111039492 51.810367849867376 158.074257563482 20.08078783626592 268.0699092709113 92.81512529223829 100.70646469578458 113.60310915225507 109.474938071638
2016-02-04 14.65224453644085 48.65785388258644 31.913026515549404 46.176991098255534 140.82815343429198 19.171983066236827 238.82313854145193 97.74948798243422 131.0744889766224 101.20886432050106 97.53108199651533
2016-02-05 13.053665875393945 51.831128912956196 28.43127441468162 42.34937870007358 125.46362137268174 27.608739826647067 212.76724071705596 87.466090059412 158.90537210826187 90.52878820549257 87.0859697116733
2016-02-06 11.629494195420754 59.04720701031514 25.32938593113608 112.58045815205358 111.77537945416701 35.2958558289125 189.55406201708217 84.36598987411391 143.29944757992448 80.6519813670716 80.52073256384583
2016-02-07 10.361850188312841 120.88693941248933 22.565917457331075 171.03908122829912 99.58224314156297 31.677316604386434 168.87347086931285 75.16155223348892 127.66529415917346 71.85274681540263 71.87164421670442
2016-02-08 9.231359050330141 108.48540193294338 22.3414453759123 153.00944914909084 88.71769276435806 52.84747813140957 150.44915872538076 71.08765804627457 113.73727452876251 64.01352003270453 64.03035570330051
2016-02-09 8.359540241347391 104.09260030090219 19.90396504680268 136.31592211028445 79.03847876013505 47.13879943158683 134.03496265373414 66.51632559587595 101.3526719263783 57.0295629407874 57.04456181814039
2016-02-10 7.447503685258973 99.75536342493788 17.732416946106625 121.44368027017074 70.41527941116674 41.995895988275265 119.41157641419997 60.01659153768553 90.29496549930879 50.80756452005129 51.02276481375098
2016-02-11 6.634971486542671 165.2848647155034 15.797787526816421 108.19401907894033 62.73288216490227 37.414089903109456 106.38362035852793 89.23548692271595 80.44366901786036 45.26439410274628 57.80891857478279
2016-02-12 13.959136362096839 147.25207410304134 14.074228657094194 96.38991290787935 55.888644305960376 33.33216473506762 94.77703100854103 79.49978091207664 71.66716161051751 40.3259906835358 130.36333314885968
2016-02-13 40.74747998813274 131.1866840619058 12.538712269419245 85.87364985128866 49.79112157078148 29.69558283531436 96.79710028854123 70.8262529070069 63.8481824115666 36.034897933886874 116.144751668645
2016-02-14 36.39706841812449 116.87404866783352 11.17072268795615 76.5047245745454 44.47745315700672 26.455756682411835 94.79266818025091 72.31013095509898 56.88226386605524 32.2956774794188 103.47321038032385
2016-02-15 32.426101597773325 104.12294014204454 9.95198252340134 68.15796105514221 39.627868034937066 23.595378516058975 84.45066657088806 64.83113600950223 50.676335963189146 28.772177667888027 92.18415048969617
2016-02-16 28.888372347744667 92.76299390155076 9.948205283885006 60.721840135085365 35.30441683495996 27.48591834627242 75.23699059410139 57.783881087589535 45.147482749654394 25.63309620242754 82.12674150412644
2016-02-17 25.736613893766545 82.64243235775167 9.128755695646854 54.09700953947015 31.965039247933888 34.240641848879235 67.02853847702168 63.8986906711312 40.22183450893018 22.836492548710698 73.5891473628773
2016-02-18 22.92871632722946 73.62603705152067 12.383552612240882 48.19495645393967 28.477612491289936 31.423089937418634 59.86576187281847 56.95744298985071 35.833580805258755 20.34500193846777 78.35446831353948
2016-02-19 20.427163984532193 65.59334203095287 65.66231260755725 42.936824925644316 27.70835596591409 27.994790545254855 68.13273919594077 50.75691375592695 31.9240912057833 18.125336147543653 71.8885366216989
2016-02-20 18.63277124507499 58.43702433391676 69.6709082424366 38.252362287272696 58.54870166251348 39.74234208872549 60.77220901558866 82.14203285042377 28.44113193302762 16.1478387397094 66.44328888425683
2016-02-21 16.66349551185906 63.75402787018801 62.069789789343524 34.0789805275711 52.16096325991441 50.66042135513005 54.433212595336855 73.18023177188418 25.338167981594573 14.386088833944012 60.59948966979912
2016-02-22 14.845486791252533 63.31715141312041 55.297896158566466 30.507050016489732 46.47013530522309 54.41601941314274 49.34995022483669 65.19617467878454 22.573741374827197 12.816548101213769 54.82340978218962
2016-02-23 13.22582515249622 56.40916903024674 49.264824803524455 27.17869175393392 41.40018397523137 50.661576565456095 46.930553281510264 58.08318844898278 20.11091725446509 15.71811584016971 48.84210549903528
2016-02-24 11.78287067470714 50.25485638040855 43.88996926686832 24.21346164431114 38.680591667995344 45.98729163653329 57.27224492058845 51.746238134702516 17.916790402629378 14.003249253588557 46.80186292394586
2016-02-25 10.497344380109986 44.77198712963282 39.35885850277244 21.583304655917377 34.460489533926946 40.970019169733455 57.862170794287515 46.10065722279122 15.96204560289165 15.391760152854516 42.02119457082713
2016-02-26 9.423551774799204 39.88730594238565 35.36022789812236 19.22853845118921 30.700805952264094 36.541060608006546 51.55466903314914 41.071016425211866 14.22056596651381 14.065096132855459 37.45474615748401
2016-02-27 10.208385515206311 35.53554973414291 31.502381707587475 62.85314877478676 27.4802792118409 33.96787751176255 47.37856004575747 36.59011588594208 12.669083990797287 19.34641104183354 33.82498874280985
2016-02-28 30.8106118815896 32.80585601591282 28.065431481657356 57.241982765651805 24.500796037913357 45.732127949923765 42.23412646142871 32.59808733939226 24.93305674628945 45.923211125638005 32.37684751097143
2016-02-29 31.61378268313362 29.226695072073273 27.145171343658863 52.914084700234284 22.0228427060065 51.76942167280678 37.64048971261257 29.041594224491387 25.25460406311749 48.114417694234426 32.171312261781395
2016-03-01 64.81274041121628 26.03802517518865 30.186810489057972 69.13535682276841 19.620122336587514 46.44439716353392 36.584068852845306 25.873119067351254 22.500961959810404 43.24466041037764 59.17520791799643
2016-03-02 163.9519934163463 23.19724325148145 28.571043484170488 63.446908952908906 19.34460560711989 41.37725389779319 33.384097645334236 23.050328611395603 20.046078166919628 50.88002940515227 78.33909651144177
2016-03-03 268.2833528421796 20.66639427713446 25.45390601597938 58.577064917170915 17.247559273796096 36.862942457711306 29.97872447424482 20.53550821260593 17.86028834035349 49.220615900215186 70.10044873176035
