2016-04-05 61.86019679452339 61.977858533777834 61.88531711696979 75.95530499000948 61.84989797640741 62.980943957954494 61.95457618040963 62.38879336260201 61.84989797640741 61.84989797640741 79.34237396060178
2016-04-06 53.68172660983731 265.35075278252964 51.435586649860745 63.01122914563058 52.05651349800507 52.247919905855184 216.37933831755245 51.75668184345278 53.31503517631951 72.40119712604022 160.03302049914745
2016-04-07 45.440781309613385 220.15538524672178 102.17632598036926 53.45690413441352 60.68203090640468 43.34658872652595 179.58600997765433 42.93646296179457 44.22996149042445 60.18553319315242 134.27116941355726
2016-04-08 37.696899301940924 182.63716312178715 85.58234881846326 44.34693845640711 50.36899059218761 35.95959275376296 148.98847365662343 35.61935939490258 36.69242377398382 49.928894680687925 111.3890784150251
2016-04-09 31.272706498997888 151.5126841698325 70.99766096562648 37.44511464516755 41.78525790207741 29.84727266362354 123.59830369807472 29.549214727635796 30.439410685471692 42.961297229574285 92.40648490915638
2016-04-10 25.94330541456824 125.69234580718799 59.05507791512068 31.177216059380978 34.66433925745478 24.760789749013085 102.53505054525023 24.51352595479006 25.252017380650152 35.63996148106277 76.95235009589167
2016-04-11 21.52212491922127 104.27457403869536 48.991088209206836 25.893647230852835 28.757020663505596 20.541130035711927 85.65924184914094 20.336004197572592 20.948644123948668 29.56630586790683 63.83836080738252
2016-04-12 17.854388777247568 86.50783556348996 40.65100119825462 37.446798585850004 23.85633523309808 17.821959917771125 71.06151252136227 16.879221365544097 17.378638863449023 25.014090915397254 52.959218340898325
2016-04-13 14.817519409020692 72.96744252870043 34.0586285836123 62.05797119133692 19.80837906129035 14.784794825729913 58.95142214895467 14.002714957225553 14.417023219222038 20.75126437511038 43.934066786918784
2016-04-14 12.549136263544547 61.38427177733484 28.72369842044837 51.57621487241277 16.432694361489983 12.265214322526267 48.90509714860855 11.616414165499801 12.71961945153644 17.40346664020375 36.44695456063475
2016-04-15 10.410550004190908 51.066201714091186 23.90655747715811 43.497655643078524 13.751881810213737 10.17501319096466 40.58326079280091 21.951253449637914 28.37444323439797 14.437619920538294 30.235773601102373
2016-04-16 8.636415217245462 42.36365239040066 19.83247347205867 36.08491529833641 11.408327252995619 16.84048613269143 33.673254817004704 28.984243807877156 23.538955504919443 11.977203926050047 25.08308351898712
2016-04-17 7.164623173093234 35.14416548743416 16.452682674857233 30.147601679839262 9.46415425231347 13.970580866873105 47.79013558949192 24.044835688978804 19.871413572205302 11.002585835787217 23.338453619123854
2016-04-18 5.943649526012373 29.15500194426199 15.35694732875234 25.009937592765706 8.303061870139805 11.694867543500745 39.64588365389816 19.94718672470144 16.490488782704514 15.122824190754812 19.41500664838385
2016-04-19 4.930750555135921 30.5772181501018 12.825775716659011 20.747818849296234 15.711003550824813 12.119522007233233 33.13557362149985 16.54784683816697 13.680229018199823 12.545964562413202 22.759442200803647
2016-04-20 4.090466796632626 25.366340109430023 11.059469718085339 17.21203763130285 15.034159326935857 10.054149324182692 30.145548135770476 13.727812285445818 11.655124377489637 11.000278870136254 18.880846149328057
2016-04-21 3.3933816824149 21.043484315303697 17.730216489087645 15.011255078556514 22.32880429654493 23.60301219651912 25.008234007533556 11.388359584630827 9.668892949182801 9.188378726965317 15.663228833526285
2016-04-22 2.8597223188382497 17.616951275524222 22.845573192687475 12.553048396368535 18.52359626839332 178.04811884704736 20.78152596742407 9.447589414254917 8.373035121009444 7.71162708687105 13.109358384239886
2016-04-23 2.3723769965641583 14.61472314297949 21.635089224111653 10.413795443042579 15.366860408532245 159.4147219942827 22.93020619089064 7.837559490200983 7.070195069044645 8.506687390577536 11.467781755589103
2016-04-24 1.981994886118269 14.114959850776524 18.003109291698404 8.639107578117066 12.748086030046192 165.97251568746967 20.01069478948235 28.883537933734974 5.867470200014194 9.316033801776713 14.358636408296691
2016-04-25 2.824427750940015 12.066634287613931 15.65920607540703 7.166856709879519 10.575595346674024 138.51657305573318 16.76449961694974 23.96129180863058 11.68645340146524 8.512303524963068 11.911680547673074
2016-04-26 3.9423295020904714 11.296317225676646 12.990611022969308 5.945502430141317 8.773334026220978 115.25460626102347 14.721411196835852 19.88898037679917 53.14501145403271 7.061662224110108 9.881727584370832
2016-04-27 3.6739150396248514 9.371232638754673 10.77678995585408 18.011600696687083 7.2782086882566475 95.6132610639623 12.215258847747691 16.499559841940744 61.96893502336484 5.966755780338262 8.56627534090007
2016-04-28 7.169219583227267 7.774215207948298 9.131871918743258 51.376271333933516 6.037878137489999 79.32345823566205 10.158172556185793 13.687754214658277 51.628715770278845 74.70669875792468 7.231589672802268
2016-04-29 5.947462629681977 6.474577357743353 8.259211502845538 42.620880873250265 5.008921008544729 65.83610046508788 8.42704717890299 11.355128090426813 46.32094737335481 63.673066894646155 5.999203795181354
2016-04-30 4.933913841085384 5.455476434215455 6.851771265728597 35.37313545477582 4.15531567523025 54.62080885523342 11.439201005425828 9.42002113187583 44.36871053644093 53.17961146248571 4.976837431952038
2016-05-01 4.093091004853789 4.535313852577047 5.684570427486754 30.344152136849086 3.4471792091271185 48.120443823121235 9.616972730530955 7.814689312029988 36.80752762266678 45.08399282418998 4.1286996857774945
2016-05-02 3.3955586809214884 3.7624192339136435 8.29566147449621 66.92864161593539 2.859721241077743 40.64689066590806 7.978077008453387 6.496320433848269 30.53489888061246 37.40091364281496 3.452109735668991
2016-05-03 2.820602323687696 3.1212390039293094 6.881939663765534 55.522862739109065 2.372376102472153 33.71996916007159 6.61847699232279 5.3892369402584155 25.331232763242145 31.309884616904 2.8638656022791724
2016-05-04 2.339923713953419 2.5893267905492805 5.7091400946525965 46.06082257632378 1.968082864419517 27.97351289430509 5.490575943487883 4.470819303635006 21.01435985802383 39.92991763670448 2.3758141940361104
2016-05-05 1.9411609148657973 2.148061465275984 4.736205519496965 38.21127499092701 1.632688070490178 23.20635051393978 4.918103957523142 3.7089156530568475 17.433155518721314 33.125180529569384 1.970935046704706
2016-05-06 1.610354079038217 1.7819952566224253 3.9290755439554124 31.699423821900588 1.3544502539569732 19.251593684734363 4.079975394350414 3.07685334325785 14.462249309197276 27.480086362811054 1.6350541924030493
2016-05-07 1.3359223545126537 1.4783129561040318 3.25949424419175 26.297302847891945 1.866425217562822 15.970794683096761 3.384678193522626 2.5525052013828384 11.997636047975908 22.7970122557813 1.3564131484520519
2016-05-08 1.1082584634758632 1.2263832847274971 2.704020986378004 21.815795168995272 1.5483546156862042 13.24909963230171 3.116563825541877 2.1175149011777616 9.953034805460952 18.981839581211737 1.996535042570464
2016-05-09 0.91939237165788 1.0173867142604425 2.2432098193768852 18.098012621614338 1.2844886542240903 10.991227709692373 3.193892197660569 1.7566543465930038 8.256868389955235 16.09673072019542 1.6562915135596452
2016-05-10 0.762712274185439 0.8440067140868711 1.8609287128683596 15.013803453637818 1.0655899405185871 9.118135565361806 2.6495986443579826 1.4572905681505244 6.849757580636395 13.35357402671507 1.3740312688718077
2016-05-11 0.6327331301915421 0.7001736148498346 1.543794808878074 12.455195985180156 0.8839952907334744 7.5642501806238265 2.211145144458956 1.2089434692372523 5.6824423858525215 11.077897890361044 1.1398729706585722
2016-05-12 0.5249046430643991 0.5808521220858427 1.28070591605078 10.332618747027942 0.7333474578963036 6.275173294464951 1.8343284039234833 1.0029189399520901 4.714057554360151 9.190035673128106 0.9456192291061332
2016-05-13 5.765160166769154 0.4818650411500131 1.0624518452680727 8.571764771784244 0.6083725780449857 5.205777034772814 1.521727645004618 0.8320044945935139 3.9107019687780253 7.623897287124827 0.7844696290489974
2016-05-14 4.782678818515942 0.3997470424121212 0.8813919802874025 7.110990263135153 0.504695543336272 4.318624086393455 1.2623993722272766 0.6902167776959897 3.2442719434901726 6.324655519519539 0.6507826617296838
2016-05-15 3.967629002387452 9.090397229321319 0.7311877958281932 5.899156576117652 0.41868683871675094 3.5826570894219354 1.0472650478760848 0.5725920993322879 2.6913928246219996 5.246826647067278 0.5398786071004464
2016-05-16 3.2914775375762595 7.546785084166504 0.6065809591255077 4.893839960654171 0.34733548023015853 2.9721113863154383 0.8688964571956188 0.4750126667629338 8.015399146312673 4.352678146566911 0.5063695265957036
2016-05-17 2.730553782586721 6.2606845474962665 0.5032092467530952 4.059846395238162 0.28814360679823436 2.465613055390642 0.7208217223993912 0.3940624291681009 7.7314543540298715 3.6109077585385725 0.4200755467570552
2016-05-18 2.265220975832508 5.193757416717125 0.4174538323507426 3.3679795182198786 0.23903903535493792 2.045430654754113 0.6021125970224966 0.3286553939429658 6.477022669936685 3.7041352892326236 0.3484875288007349
2016-05-19 1.879188793890428 4.308652815688187 0.34631259912026624 2.794018524556502 7.475797732404629 1.69685448179355 0.4995023695518513 0.2726469249317108 5.37322784354011 3.196583587923625 0.28909932669791083
2016-05-20 1.5589430615200568 3.574385092839581 0.28729504202693357 2.317870246340335 6.201794647851985 1.4076816174094955 0.41437867007240653 0.22618325165135916 4.457538429285461 2.6518313759439445 0.23983188432846228
