2016-03-22 32.17230698860839 31.87024543033877 32.65790080280799 32.443466207324434 32.300026490152085 32.01566581795565 32.845434363643626 41.09049192102611 31.607352514233497 39.840405332316365 31.549177100791738
2016-03-23 28.662267055768694 44.8434341984291 29.5910157855916 28.90384245613475 28.776052195975492 53.28594373746366 29.261955371332753 36.60746658019812 28.932006060597047 35.609940283023604 28.1071214374779
2016-03-24 25.566831106405324 40.01470407755139 29.01742840524187 25.7682243803791 25.63654801453406 48.38831844134747 26.069438530600166 32.76994169745713 25.77548711261443 31.744503941659143 26.11769708151024
2016-03-25 22.777457059607055 35.649048569455545 26.38176831956405 22.95687806923238 22.83956776369165 43.10909087236299 23.225229369550057 29.19469905179821 22.963348428071036 28.281137869625077 23.26822285069515
2016-03-26 20.292407296900542 31.759691673450636 23.50348357817502 20.45225324438319 20.34774164355231 38.4058337983836 20.691327073847507 26.00951996174 20.45801767877846 25.19562947559919 20.729629911088065
2016-03-27 18.07847964879036 28.294668600409572 21.03687670906982 18.22088619850258 18.127776947291554 34.215708100090865 18.43387676671324 69.2415907037783 18.242956614533707 22.725321115398142 42.23831707970656
2016-03-28 17.573798967125853 26.11982225746798 59.522604003195504 17.51835318694812 16.853563719648648 30.482730486634974 17.02684343315388 220.904856813233 18.756779464493892 20.817828934646297 37.63006254271578
2016-03-29 17.923754912181508 24.365559054806194 59.73877100249085 19.648482020837424 20.80805042310557 27.15702551596054 20.5919270237964 196.8038537658845 16.710390781358644 18.546577112341254 33.52457448284628
2016-03-30 21.905168905847376 21.707245328699578 64.97049035900433 23.181999701854238 178.8099376730182 24.194159220673736 21.281632606703017 175.33230104510528 17.037436463783685 16.523121775275772 29.867000432968076
2016-03-31 26.518872102103916 19.33895703769632 57.882126577786224 20.652813818311667 159.30154426364587 21.554545436181495 18.959779209245365 161.82034618353657 15.17863030598236 14.720428009269913 29.37010619333252
2016-04-01 24.074603937246614 17.923592146957798 51.56711237138662 18.399565356724953 141.9215415822586 21.47049703154142 160.9877441586944 155.31243152474894 13.52262228272579 13.294423915027595 26.165789959285583
2016-04-02 21.55133038830832 15.968105268194954 45.94107430986716 16.392149190645657 126.43771947213507 19.283293410872183 143.42377490728578 143.34977503461883 12.047286857576395 11.845983625236318 23.311068733856885
2016-04-03 19.200052617162818 14.225964514564884 40.92884421265073 14.603744701511415 112.64320220231295 19.283315636810283 148.26512958568563 128.14498275002322 10.732912418483766 10.568518079987806 20.767801253474442
2016-04-04 17.105302264857418 12.673893550335809 36.463454844016184 13.08560361128861 154.430747420965 17.179481182329845 172.18379706955497 114.24020434654781 9.561937915539716 30.814550334351203 18.502007515313714
2016-04-05 15.239091861164516 11.291155517841286 32.48524517950216 24.47304160407778 152.64235428668792 15.305177763653736 153.6635518264557 101.77645161242988 8.518718231891839 27.51587382482183 16.483414778415913
2016-04-06 13.576487404734346 10.05927597716802 29.107221658112106 21.803001394068083 137.92842552499178 13.902998135634329 136.89866134708095 90.67251027838604 7.589315152991177 24.53794198435065 14.685093770891312
2016-04-07 12.09527522572629 8.961796073478897 25.945025215999856 19.424265993587284 122.88025749533045 12.38616321734415 121.96284190924283 80.78002317758086 6.761311141362894 21.860821059660008 14.138917427225225
2016-04-08 10.775665194154154 7.984052634097476 23.753833029568728 17.3050536745039 109.47386388734469 11.085784209353537 108.65653951769728 71.96681910025369 6.023643428788196 19.475777459546435 13.050684867421413
2016-04-09 9.600026308581405 7.1129822572824395 21.405659911758942 15.417050135965289 97.53012500710537 9.876310941693482 96.94578164391358 64.1151468850537 5.366456209241882 17.35094517349643 11.626838419239261
2016-04-10 8.552651132428707 6.341410884964326 19.070274976334087 13.735030203636821 86.88946334889722 8.8020551351508 86.36887259567584 57.12010217327391 4.780968957769857 15.457934813591278 12.63088726748358
2016-04-11 7.619545930582256 6.153697968172333 16.989683530999827 15.29034246343973 77.40971151743453 15.43855154968074 76.94591788271387 50.888225806214926 4.259359115945919 14.367703779324666 235.13279820738325
2016-04-12 7.948138802279604 20.488821615864577 15.13608727937778 13.963881947530162 68.96421276249588 91.12242804430953 76.99410158351812 45.33625513919302 3.9888733006309276 12.800168879620454 221.8231122149697
2016-04-13 7.080986670552391 18.253464913779826 13.48472075485796 12.440404527317646 61.440128747665206 104.6279146361346 70.18584070990158 40.39001158879043 3.5536821103563176 11.403654046833722 205.98116872972557
2016-04-14 6.308441947963954 16.261988493306106 12.013520434983386 11.083140446534562 54.73693194367234 93.21287503102916 62.528475520053355 35.98340955012684 8.596709040187406 10.159500772440056 183.50835918236143
2016-04-15 5.620182844903831 14.487784703099356 10.70282995587947 9.881253313413776 48.765062503552684 83.04323087931951 55.70653868808512 32.05757344252685 7.658797064128427 9.051086215112633 163.48736196360278
2016-04-16 5.0837741669002465 12.907148820684434 22.02196538693194 8.803195910540312 54.34679097613659 73.983107940618 49.62888390925025 28.560051086636953 6.82321248692901 8.06360110682154 145.65068120551936
2016-04-17 4.693943048580099 11.498962339194355 34.885411636200466 7.842755952238641 48.41748641568105 65.91145630653261 96.44314530362016 25.444112903107463 11.57748595939074 8.022626711494658 129.76000518226436
2016-04-18 4.181827845003767 10.244410807932287 85.19807904769326 6.987101224536921 43.13507658330753 61.98218131846165 85.92107452441769 27.270531176009243 10.52622019970009 7.166634581879997 115.6030222827631
2016-04-19 3.9291031223157438 9.126732456889911 99.40543101206329 6.2321344919352555 44.44654384306525 55.21984588415957 76.54697515504428 44.25152617293743 9.377796082775754 6.384745562377115 102.99199843502066
2016-04-20 3.500432935112301 8.130994246653053 88.56017106483512 8.744504379902953 96.548199887835 49.19528991410484 68.19560204314935 39.56751804808282 8.354666509126416 6.983006177810729 91.75543938447174
2016-04-21 3.1185312148277746 7.243892351549676 78.89814287995078 38.66706177572479 86.01466751882946 43.828020723018376 60.755374443050464 38.060851047227345 7.443161683470747 17.412306480152346 81.74480333002947
2016-04-22 2.778295461770699 6.453574410342214 70.29025435540149 34.45482772773314 76.63035703379263 39.046327480765285 54.12688521144998 47.365470990922866 6.6311032027153765 15.51260152303445 72.8263405013574
2016-04-23 2.4751798655066377 5.749481169597176 62.621497502985584 30.69576185638367 78.31614768142578 34.7863231007017 48.22157265181008 73.04214412970053 5.9076413431554275 13.820156811893263 64.88089339951117
2016-04-24 2.205134569346641 5.122205403966142 55.7894118534383 27.34681489019334 97.99407718793543 30.991090659230824 44.749988260582505 65.07966653075508 5.263110099850043 12.312359988214189 57.802304761424494
2016-04-25 1.9645515611578714 4.563366228444955 49.70271550603164 24.363242330894384 87.30279775207714 27.609922942079784 76.03446880081862 57.97939148925043 4.688898041387876 10.969065730782422 51.49599921751031
2016-04-26 1.75021646755615 4.065497123326525 44.449256131692486 21.705900750993894 77.77795060739082 24.59764495705242 67.73901078913092 51.65376555633011 4.177333254563206 9.772326598751183 45.87771969223585
2016-04-27 1.5592656074138862 3.6219461757748377 39.59978531001644 88.05793569997104 69.61787403093041 21.91401036150918 60.34859788013135 46.0182735212561 3.7485924320093655 9.770348566988533 40.87240166501472
2016-04-28 1.389147730885349 3.227668466702543 35.27939797132628 296.22229397855307 65.52377703610051 19.523163740382643 53.76448849297581 40.99762089111858 11.872528164812786 9.082807975823172 36.41317025067868
2016-04-29 1.2375899327533186 2.8755256995672895 31.43037042941748 263.9442401069695 58.375048969175346 17.39316155035085 47.89871387986318 36.52472789870113 10.577220123116783 8.091861982775713 32.440446699755576
2016-04-30 1.10256728467332 2.5618021597241007 28.001276726244054 235.16425074148998 52.00625629801785 15.495545329615412 43.41311203317368 32.539833265377524 9.423231849172943 7.209029467823427 28.901152380712244
2016-05-01 0.9822757805789356 2.2823062602273545 24.946301541703743 209.5934220689894 46.33230707118205 13.804961471039892 38.676685860837374 28.989695744625205 8.395145175167395 6.422515111919824 25.74799960875515
2016-05-02 0.8751082337780749 2.033303721640221 22.224628065846236 186.7265110519098 41.277392978200666 12.29882247852621 34.4570098553366 25.826882778165043 7.479224075158686 5.721810480446329 43.577095127167055
2016-05-03 0.7796328037069431 1.8114676791992539 19.799892655008218 166.3544093389643 36.77397649245401 10.95700518075459 30.69770591106842 23.009136760628042 6.663231141243237 5.097553622471593 85.9562454080711
2016-05-04 0.6945738654426745 1.613834233351271 17.63969898566314 148.2049300370766 32.761888518050256 9.761581870191321 27.348546846019968 20.498810445559283 5.936264082406391 4.541403987911584 82.94842459909076
2016-05-05 0.6187949663766593 1.4377628497836443 15.715185214708734 132.0355821921102 29.18752448458767 8.696580775175425 24.364785328120213 18.262363949350565 5.2886100615583915 4.0459309913878565 73.89864514709055
2016-05-06 0.55128364233666 1.2809010798620502 14.000638363122022 117.63033092386436 26.003128149008916 7.747772664807706 21.706556016586838 16.26991663268876 4.7116159245864715 3.6045147339117136 65.83620823385077
