2016-02-22 6.117025274843871 8.71705622778097 66.70598186940863 6.312738251812649 6.560283889804402 5.966785096693659 5.93020620096753 9.512910135650142 8.950953987674028 21.87277011929536 7.503875695547486
2016-02-23 5.521116298681058 50.72927078132989 92.04258514682452 5.236940284471552 12.394621360241834 4.949943431075689 4.932370067282515 7.8917484496735035 9.058617329456068 41.48572383928833 6.876005995954676
2016-02-24 37.103050840268914 65.97357165594234 76.5580627938726 4.344476588309057 19.833845502513125 4.10638888007354 5.429717512925912 7.316820324579964 31.986185394820613 40.27032688618241 5.721085898217819
2016-02-25 41.63111240664134 57.86202857404524 63.53000338034912 7.695327548573933 25.156306860843063 8.59311231895724 14.941150987516727 65.83528873950013 79.81622905093006 35.70571480856722 17.3440994364679
2016-02-26 37.23878194768822 48.502510160409805 53.7533418334229 6.627198357778483 22.96960895522661 7.249588218569275 16.29692466744083 54.92573170724473 78.18291050456752 29.620853710049246 26.803956054865388
2016-02-27 30.93920059555051 40.2368574816189 44.59285812959038 5.497811039934506 19.06701993967303 6.380626880306112 13.519651520382695 45.65453563246863 64.85921279262321 24.573285926313215 22.236106052168218
2016-02-28 25.672021111687734 33.37981260437197 38.257482619881614 4.577191882758499 15.817675443488552 5.48903803926909 11.222418588647322 38.301493201209 53.80609978485058 20.684249358673668 18.481418555780593
2016-02-29 21.297072075648774 27.691324801197492 31.73775688496656 3.797160535476642 13.122074515428297 7.672794253115502 9.487842682900924 31.774267314688586 44.636625228769255 17.159301463094447 15.33187049552212
2016-03-01 17.83021001838108 22.97225207145086 26.33527165531328 3.3371589095187155 10.885849833221876 8.514136444319302 7.871928849632746 26.37160159279756 37.05068952302061 14.235404279701584 12.796794011709624
2016-03-02 17.275975431251716 19.07093756827044 22.84541100344465 2.7684502717863255 9.030715871345814 13.64179380062552 6.62263011845772 24.554338421515972 30.736621857364767 12.099665510063977 27.579888412749643
2016-03-03 15.772897224656878 15.905089986068305 18.95296900519568 32.477526950037024 7.491728289333114 46.63793572499448 5.494021306292057 25.736470968249705 25.6884741086668 10.043267991739906 153.79402410746533
2016-03-04 17.549456206988673 13.530245092554892 15.723060728063718 207.84140509377508 6.360467874288465 79.428387174278 4.557746631488211 42.900163994043666 21.44162570238986 8.331724306575543 180.17264110228447
2016-03-05 41.325123574718745 11.670866555970903 13.04358375675151 173.35325896909495 6.62337205469012 66.0416813837646 34.12852971792771 210.45892384074824 17.787607996122606 7.853342736794878 194.19028329773013
2016-03-06 110.94022794450322 10.641996067680143 10.820735234821443 143.8109151886099 13.860107951568828 78.88781907972628 28.49435966484746 224.68281113634882 14.75629705579953 7.447518262086275 215.8184912607067
2016-03-07 100.1338092683918 8.952384642130212 11.441538364859023 119.30308925471468 13.601983721813856 65.56983313514942 23.63843613604017 186.4394620971076 32.71045851209118 6.178334480263509 187.4021853647311
2016-03-08 84.27981167945515 7.426746033860344 54.83876972447737 98.97181369753046 13.585674537815079 57.46766392134891 21.555039735449267 154.6670067289427 27.488737655035635 5.901260179425477 155.46566557743307
2016-03-09 77.16721829355608 6.294673959039737 45.50127593768682 82.10533329665319 123.26216247671697 78.58627890651034 21.41322952809928 128.37549871549012 25.328017229248637 4.962345834936366 128.9716719492589
2016-03-10 64.81443739538228 68.53601273760793 39.993191570330474 68.11318802701442 103.19630145124258 71.27182589478241 18.55390033516903 107.25083628655433 23.793888841405135 4.156412471327877 152.82650667815037
2016-03-11 53.76967619058131 77.72686989150455 33.21512848490727 56.505542294565615 88.78078967889304 67.68695878343567 20.50718354795316 89.13867789372878 19.75188783282049 3.537573024822595 225.8348075046767
2016-03-12 44.631546400815026 69.30167427209572 28.113191497943326 46.87603682177719 73.65115333993724 60.49042813814322 18.64687767677298 75.990434752178 16.38583019917348 7.488731630287939 369.2863786081516
2016-03-13 41.13976405793612 106.08281409175152 23.3864495355905 38.88756286350969 61.126123657996196 50.18679043298715 15.469973119876075 63.04436510799283 13.593406037371699 10.275168988538224 435.0862125542627
2016-03-14 42.188690468308785 97.41202165395754 125.5797957000457 32.26046073845748 57.69691976857354 41.64594769942886 12.83362658160035 52.793219379503 11.276858447256348 8.53488986867104 365.94959215549443
2016-03-15 34.999613467050374 97.49427642370189 239.39400096019412 28.63501022367309 48.0527017740144 36.88615086621387 11.484711814463234 58.07558338467831 9.355089967138824 7.080399470693878 320.23911342487287
2016-03-16 29.0350840467421 80.87959350474955 414.4296892987826 26.754704720636646 39.86370409476135 40.41812443224403 9.527521585331714 53.82534685479273 7.7608235221359285 5.873778975007476 306.21092102663613
2016-03-17 24.184121946011036 67.0963351434571 343.80382147885643 32.06650260592797 35.95705713735157 38.124304221717274 7.9038698598121595 44.70353640009435 6.438247195196305 4.8727871344045095 254.30038049907327
2016-03-18 20.316073270017448 55.66197843735165 285.2138027646195 26.87340568543774 30.13871522784756 31.66108552167055 6.778126980503625 37.08529346431965 5.341060369202525 4.042381328655514 210.96327043325496
2016-03-19 16.86712956804584 46.17623059345801 244.19263922360867 23.984046562437953 25.088459457958233 26.265498046092276 6.214887611722643 33.52246013488363 4.430852839690877 3.353490796035123 175.30282097468378
2016-03-20 16.37927464839433 38.30701551904218 202.87710846672985 20.29611443925069 20.812959253132632 25.750213675345982 14.124593499954187 27.82621882442245 3.6757601543322926 4.590981452174738 145.42823866962155
2016-03-21 13.596038571116736 31.778848535636996 173.69881713763525 17.378168323307694 17.266077002394727 27.449079754123485 84.92390291333757 23.084157858793635 3.0504671552876883 19.13838758537507 120.64479330656475
2016-03-22 11.279042352476019 26.363192239524732 144.09758436785776 86.09014636836454 14.323643813781942 22.77128970058527 73.41280869504598 19.150224736320084 2.530615668628257 29.26823649216972 118.31228615922912
2016-03-23 9.356901697764277 21.932543277510803 119.54090513004984 81.75512648058778 11.905365167819687 18.890674633640195 60.90201746298404 15.886700727610432 2.0993557171093595 39.675228681363606 171.38318449852306
2016-03-24 7.762326503048097 21.49900125909645 99.16910170285355 219.12876582585596 9.877358535720319 15.671382376945044 50.52327784472743 13.17933671712935 1.741589796347595 104.98538442896431 142.50542765458192
2016-03-25 6.441589274116881 23.402653272765757 82.26900007032629 203.0658176644401 8.696246523422257 14.31117419884483 42.32226568848098 10.9333535818172 1.5145370145805295 89.76869702729881 118.61886918432701
2016-03-26 7.518864212840589 25.22537741627678 68.34885924841586 171.6050006983557 11.256496359992681 11.909400165335283 37.15347490505467 9.07012417321977 1.469542446666777 76.54430285252951 98.40419636458795
2016-03-27 6.458981113070997 23.484390731320275 57.181059619562625 144.73182978862678 32.39859772173011 9.941008963323029 34.13902353308933 7.524420746297188 1.2191074192701874 63.80838692990226 81.6344476114755
2016-03-28 5.358260874821529 19.48319462556847 47.572539128570895 120.27883807842038 26.881482591813608 8.246891955857274 28.419501849273406 6.261431643040935 1.1843884199524035 52.934352521946145 67.72254927157714
2016-03-29 4.445122086600059 16.162926884463797 39.90013023782478 99.84491437412834 22.300420748621605 6.841481300591349 23.57633536544706 5.194377194474247 0.9860939835439184 43.95658234882767 56.18147502717346
2016-03-30 4.397037280760694 13.408489238704831 33.10046941009302 85.29073614886056 19.990203974232966 5.727055000250381 19.55852682471444 4.778072394924679 0.8180467969219876 36.46563308784128 46.69894280750347
2016-03-31 5.8215426287868 12.105242531528734 27.459586438388595 102.58788961827739 16.583533216725566 4.775348171288763 16.22542119559918 4.193452049477986 2.208831801942685 30.25126898958147 40.69250946848929
2016-04-01 13.575668145564665 14.730127638244914 22.79288350087335 85.1051683770351 13.757417098131267 5.7539699659242975 13.46033345629786 3.860835544735165 36.91331795818014 25.09593822971785 33.90188587921541
2016-04-02 22.665736548862814 12.256739911851215 20.6585308484669 72.63375651069457 11.41291923370529 4.819224524434166 11.166463697341571 51.60923437259755 31.406424987171263 20.81916351498263 41.35789904579915
2016-04-03 19.33697612384403 10.167982964003679 17.137968160784062 68.04825967058181 9.467963681407605 4.233744203816378 9.263508360241222 61.397558689153236 26.137284242743053 22.793944255512574 68.92269730791084
2016-04-04 16.057073788642857 8.435185726369554 14.217366897700957 86.48698711904815 7.854461635697789 6.063439391860868 7.801976492957959 61.16538307209305 22.777170981588483 33.61069027380893 76.47750246483923
2016-04-05 13.320675310797721 6.997686610042677 11.79448576444307 71.7481335133899 6.5159277815774574 13.035440670474527 6.472386999845947 54.708875384371346 60.0858524649975 28.04149113184445 63.90093909831449
2016-04-06 11.050605675188605 6.772295736932218 9.784504785492162 59.521031245652836 5.405502862445708 16.665203018651724 5.3693821704779126 45.73168682869084 59.035689879932036 23.262744103604817 53.457227451054656
2016-04-07 9.167394515616342 5.831923165878002 8.163667786269718 49.37763516712016 4.484313236024867 36.57636162177829 4.4543481243216 38.30164520411281 48.97500422497192 20.581139537490813 44.403501184427995
