2016-01-04 0.04931090423943562 0.04931090423943562 0.05418259895230514 0.04931090423943562 0.26539918783477146 0.04931090423943562 0.04931090423943562 0.04931090423943562 0.04931090423943562 0.07868731906541471 0.04931090423943562
2016-01-05 0.2971511702783642 5.046027527164811 0.044948962536603375 0.04090748746227454 0.22017065222874066 0.04924916811903379 0.04090748746227454 1.3436377384379823 0.04090748746227454 0.4461112105625708 16.493113030494857
2016-01-06 0.4257236974175063 4.254464705763722 0.04514807684145489 0.03393615583212939 0.18264982835251586 0.1254830576723892 0.6816761983655004 2.179758012360135 0.08073543590005598 1.4023310992353104 13.905201973378176
2016-01-07 6.859385317646142 9.241146928458411 9.701008335723934 16.68162209301156 4.534246179422919 0.1448976975806139 0.6076853701665422 22.060513053274008 6.440546136174387 24.392555993798805 95.09543731300401
2016-01-08 27.539392552334647 264.5730999146177 13.47285772552891 20.18577926369259 14.077290861263625 0.12573668831231005 4.299319031942421 64.57678101016334 8.586759420024011 21.145162000760976 79.50380075804583
2016-01-09 32.33117426219853 284.78899209317854 60.05192949424095 18.5603791782177 11.788274270080594 2.9455827030432453 16.08012678954098 143.21466823665506 7.12342956828147 23.74104456382773 68.08305228688674
2016-01-10 58.87272816032037 252.61999998028074 52.459624280662126 15.448032245789465 14.84893863077623 22.480131859173117 13.425101812774173 125.5755599078802 16.34755080435362 70.28667315446687 76.97632038484907
2016-01-11 50.180158329410965 209.7119407648459 43.52346407936743 14.069845907743812 12.318426932212741 22.440947039434423 11.154646881147377 104.29227645454118 24.79286112087555 110.02091147776474 65.7376449134321
2016-01-12 41.6289678471976 174.27982362988845 36.10632553812297 11.76202349006119 10.32616885108601 24.693653414547004 9.386058941412807 86.51909870759974 21.89633935420639 91.27147688826126 57.942013775798394
2016-01-13 35.90041052399337 152.40676768520063 29.95319355756278 14.055417938812207 9.921419508989738 29.268838597486205 88.12579659669248 71.77477274108803 20.449561043079935 75.71726484967392 48.89628009198217
2016-01-14 29.822361572898316 126.440292832637 34.32731980191344 22.2254462737071 29.592449998135965 32.85109384746307 76.51528555681828 59.543130695862715 16.979136777913197 62.81375509387696 40.71072060593017
2016-01-15 25.545442380253174 109.63489737788194 28.835240840581296 19.08987178469734 37.1550699190983 30.57269944470932 64.4060917927652 49.544632677810974 14.190174689746275 52.76195766924547 33.81031907750682
2016-01-16 23.132785488669263 160.80927893296956 24.472245409803058 16.62977899416425 35.792098275967255 27.816340370605605 62.503657368217894 52.42172676877424 14.161126173432505 45.176554680467646 28.048465649107122
2016-01-17 21.07632592165954 161.4572124737701 21.216614372127946 14.974154084149934 32.66424329059539 33.322713712245424 55.918923366285014 72.9773811349123 14.222044042422194 37.48140680600701 23.28604140638928
2016-01-18 17.512493639478603 161.46364019238686 22.144648539137172 22.152534619929735 39.83645243669088 27.643956531446825 50.25152919053206 125.84989092168027 11.856636126758675 31.095146429545395 28.314149676761936
2016-01-19 14.545729086176983 133.947489674199 21.137233037597504 18.405569116956084 33.05440768068545 22.932956160521435 41.687813921087795 143.92250922463964 9.836063668994928 27.993801249405617 24.420507453239008
2016-01-20 12.53138974431185 111.406637719716 33.699543435059375 15.26894709114655 27.421374411106346 19.705624474859604 34.58982807622047 122.27976188155468 9.093141055366385 72.02768305579525 20.269136929935893
2016-01-21 12.047942975995184 96.62629233754944 29.680597264801527 12.850473499888299 22.748305819240567 29.883579839199676 28.9223717473644 102.11213271079714 10.423028794777936 166.8495520034873 16.815172718428215
2016-01-22 11.035932830124013 140.51877261082504 25.59561908952946 10.660662812507093 23.237933935380642 34.24665359206659 25.173876664428118 111.30839694604313 10.675427611778032 142.65530174297737 22.74281954656138
2016-01-23 9.452081494282291 274.246725728539 22.506988642053905 8.854826875373194 21.266511816121007 38.25640965843298 20.883819914814854 182.2709459622228 11.248363194776502 122.79755925420008 22.39944305759557
2016-01-24 15.332638873729161 230.88564497222103 20.11029887127762 7.35071019039575 40.80457099938942 40.228388662242224 17.547259828486272 215.46275705546736 14.5653916087122 162.21908218498592 19.13755114765591
2016-01-25 12.7196964268252 191.7801565105342 16.90703073037285 6.284689488969249 33.850778082846254 41.10370750231663 14.739413946535647 251.19744387861502 20.470123292782812 134.97478171189294 15.8761869340116
2016-01-26 10.552043814702028 183.27894665278853 14.025785133295853 5.213671507879176 28.12357038106731 66.22097147257774 12.227567117000069 248.0047552276129 26.86726573559156 112.01178611697684 13.198908741606294
2016-01-27 8.753796075869563 168.62710613774985 11.635552791181853 4.32517320701088 36.86150297190805 81.80831932713399 10.143781709576496 213.63867968958343 27.34504025150958 94.07587830918395 16.136159912581892
2016-01-28 11.732902275185314 140.6305429414232 9.652656694061983 3.674130753996337 30.579675912311696 67.87614624563645 8.415108777320409 188.59690195063064 22.684980298756706 78.32609923266406 18.506005017050395
2016-01-29 11.27462222064723 116.8429929661903 8.007679817673583 3.047996382630961 25.368379027156656 56.30889646442285 6.9810311145875374 156.6328275274363 18.81959934262851 64.97799972604822 15.352267005616076
2016-01-30 13.26965773731848 98.50075436262273 6.643034979357094 2.528565957656054 21.04517576677087 46.71290278571085 8.476746200582722 130.1763156776087 15.804889635116881 53.9046968267735 12.735979591196426
2016-01-31 29.414764785805147 81.77417238028798 5.510948831840852 2.0976553117490737 17.52905416068576 38.752229641828976 7.219005999812763 108.07024084472853 13.170038882044839 44.73886792866594 10.5655520509146
2016-02-01 32.5375082841987 67.83846256329694 4.676144671710883 1.7401791689818449 14.54180519149379 33.67847748803125 5.988764594096636 89.65323370877437 11.642757649935914 37.905039518009836 8.844733322253973
2016-02-02 27.119682662714624 56.277634722491 5.058298125183565 2.349253854434732 12.063634254815208 27.942680257364152 4.968177248285613 74.37479783161054 9.658651547098788 31.445376082127314 7.337440329861564
2016-02-03 22.556722887888224 46.68696857631463 4.253607323351025 3.2596955414588167 10.011843912949178 23.18077228274573 4.121515344703144 86.6936155622556 8.01265304579028 26.098651455848856 6.459993864519254
2016-02-04 18.803707245120794 38.751825187866935 4.845190577614218 3.391117662409298 8.305655425281897 26.072734813621064 3.4191390298094344 83.36025265167407 6.647160684816219 21.65099735288791 7.135644001699242
2016-02-05 18.006156694566826 32.14785507141732 4.571570576982783 2.8132135354347048 6.890230475356689 24.1355890096903 2.8364595852327543 69.38250271982265 27.691400346847054 18.128118342372915 5.919608898311259
2016-02-06 21.359351115364042 26.669313785417298 10.627772815566454 2.333794100889723 5.71601801093555 20.02247413599941 2.353078628425334 57.55854417477592 35.06087688408198 17.888265978064563 4.910806859285967
2016-02-07 18.581856877282764 22.124409115475668 8.946228016842314 1.9364992197904323 4.833953360969563 16.716759755697957 1.9520740081682881 47.749589271779364 50.75215704590473 14.982376799283442 4.073921845764366
2016-02-08 15.42739190747778 18.35403350260177 9.019168301938889 1.6064868160913388 4.011037936380214 13.8679395688998 1.6194073956282238 39.61224711834914 45.90348570320408 12.919126494812682 3.37965627257643
2016-02-09 12.798301932030395 15.226194022013333 7.482148622157602 1.410312034095427 3.327488850902588 11.505169889828158 1.3434328319737094 32.861646470591666 41.728623823656534 13.676829922039667 2.823674318717497
2016-02-10 10.622701420184036 12.63139158829226 6.214119094295809 1.177240379490783 2.762357319220287 9.544493256696159 1.1144890278366835 27.261462989761398 40.06406862998463 18.97762459724363 2.481908621048826
2016-02-11 8.81241242360816 10.486208811248307 5.369976744882638 1.7325540893488272 2.455284778396778 7.9179492697157725 0.9245611418799508 22.615646023921098 33.36593140961049 23.997584448115 3.1564778879883457
2016-02-12 7.310627462069826 8.699180476748534 4.4548413731351335 1.4372974046461893 2.0368624918269775 6.5685960429392205 0.7670001980493657 18.766522574311942 27.874408526278685 20.719616272123922 23.487989935926507
2016-02-13 6.0647722008553675 7.216692164843157 3.6956606336721314 2.292497123957308 1.689746479559543 5.462716185736394 0.636290318898493 20.23941642882058 23.125079874807163 17.18864125295936 30.585747059056704
2016-02-14 5.031231866088784 5.986845075960114 3.0658915836312666 6.416193208002737 1.4017849396515887 4.5317764359229065 0.5278556263137201 30.51099736525559 19.184172944788887 14.259404433104134 25.37341554723584
2016-02-15 4.1738243831776956 4.966584848687144 2.5434115120378396 10.500112756929365 1.9104474520374126 3.759484653222691 0.4379000496401103 25.601565668351235 15.91486358395307 11.838975947874113 21.04935397816539
2016-02-16 3.4625337184374967 4.120194317080097 2.4690530122248884 11.390302737813553 7.1243150952194885 3.118804525700181 0.36327443322721076 22.509901408734166 13.202700143747391 9.821413084962154 17.462186045598425
2016-02-17 2.8976507064143786 3.456934204141574 2.6617489934777985 15.408298165698936 6.70280779505795 2.587307188816568 0.37144816208223846 33.93942033426436 11.195074412025535 8.147677249296974 14.486332540533057
2016-02-18 3.5949914319126632 2.867813819025076 3.9722812246506765 20.798049927056873 5.560535343109238 2.1463860380283397 0.42984170905007674 33.44803365918456 9.503030744243178 6.759174467506797 12.017615087075916
