1998-01-11 11.325371269176834 9.508138254693327 9.09908637567063 27.914984942128314 12.064126730728773 19.041711501254802 7.354952822050308 11.918851538689708 8.282967672049647 23.17239564533294 28.417248959265294
1998-01-12 1.615139422733689 1.7119025580367961 1.4930204916055465 3.392215075435505 5.49179262524355 0.6960190918225102 0.22472338828654448 0.744095655448066 0.9332270425295576 4.789944326692466 0.892663002551069
1998-01-13 2.9175817326076547 3.226954456128617 2.8085674967579757 3.8798367205777122 3.221965787515785 1.7386298269691263 1.8779636098463413 1.0159047786796114 7.747993666248505 16.247195341463367 3.74477459405135
1998-01-14 8.816395667275984 6.6261977871029405 18.467938018041657 4.119232653017079 10.307860693372197 21.03352978457982 4.73286265180403 3.2881074182638503 6.869719107988637 12.913799607421643 3.0230256478672164
1998-01-15 4.083736881276879 10.900957905915245 8.36038532031725 8.186092541886913 24.191368079030315 16.855773987853667 2.361951484776114 2.828970278309086 6.106038773090052 9.798784496833983 2.5210058964188775
1998-01-16 6.37035887297894 14.062994744875915 12.415254992017154 9.110471105873664 12.816961240159594 7.532820410481963 9.888596570730755 2.3524069102638894 7.531795228910843 10.81391082154117 5.187392416384883
1998-01-17 9.41752261060333 11.758048169963473 11.638588871437044 16.506333790471906 37.30945056976665 8.457756202212714 2.5061880442722755 7.936671815780177 1.3211366992705664 2.731826012813203 10.42192313622818
1998-01-18 7.903691036703769 5.05796665799165 11.400588066211604 19.73521791156267 7.266385320453371 8.290884622150898 0.20839299614605722 1.0908122396239157 7.6047776919761265 9.503884582728267 11.320922215854463
1998-01-19 10.047531098174876 4.132240521060671 3.386037949776701 12.449739385158027 27.9094137189387 5.5168077848128 0.5139974369817164 4.5489093673569885 3.475094389540886 1.3310672982882834 10.735378687003731
1998-01-20 13.983710666175323 1.8633245992107461 4.009190580307589 10.904892929655812 1.787444364855629 12.497123234055634 6.941544593307914 21.084429016176827 4.130310125694826 0.9483569964318475 9.463793410081006
1998-01-21 10.805871195422 0.5391288508735996 0.6368813201916679 9.579422709055844 1.3768460411103423 3.2925036362279263 0.7869375497809938 5.682148943052584 2.6226715479291083 10.99056094018405 9.395936111625103
1998-01-22 3.567503500037707 0.33294449526247516 1.966675164047552 25.692186509686085 5.455425058507262 4.993555629465301 0.46005289387775117 1.5365842028831762 2.3711555250720626 0.9333727137302673 4.264855946749611
1998-01-23 0.6584834651551292 6.9693938742784844 0.5244673407113202 5.925365877440612 3.5862821971172383 3.9101564435889578 0.11928006605018342 2.571080149509618 0.20386454619764713 0.7597070334663125 0.9572273790691227
1998-01-24 0.02899555413001291 0.7019851241857196 0.15866905892727795 0.45148091212721403 2.532556081510379 4.260079162949373 0.03948162619418591 3.0897484834457436 0.039749604017440016 6.073633748569501 0.9037228481142395
1998-01-25 0.4943508142342544 1.1723908342770113 0.7200799398822049 0.8950178545538042 3.737950006071733 4.411046668097299 0.12046622018864592 0.7318623099724486 0.0 2.779247177349923 0.08154700777443781
1998-01-26 0.0 6.080446813694708 0.0 0.3369165993853583 0.835735183649998 0.4280886919511 2.211210854409379 1.5053445792130211 0.0 0.0 1.7720675169755122
1998-01-27 0.1438996000602007 5.684095735093805 3.7236137789034123 3.0650959471472863 3.6478688203973393 2.1695250372043757 2.5899954184290017 2.496417612148833 1.4445096713097625 0.4910612098280184 0.5751278528071596
1998-01-28 3.1015143752442924 16.67198046182337 12.078448063785865 1.813883140111992 4.6320474280049755 2.6299909442927265 9.683593044798982 0.8345017860682917 0.4233806466901907 5.41747128341629 4.765315477324305
1998-01-29 2.727514373430397 17.855478655284656 13.446394098338818 1.4883498915137268 3.2830326723129852 1.5839110463138253 17.929754878958704 2.8794146767615807 3.967627936631361 11.79676449409483 13.865210960505902
1998-01-30 7.005020429223838 19.516463648145816 15.976905544001719 0.5481690784656803 12.305987958048181 2.4118205066636307 19.558181928638454 0.5767164724642907 0.65256232003316 0.6318284842801966 14.916250176047015
1998-01-31 7.303849554415076 1.2907767159428656 1.7778442073770027 5.714578980231073 4.963945018896984 8.179130933331676 35.10388648975851 3.1057233614410116 3.110285321500344 0.0989430545635189 7.157648437788259
1998-02-01 5.259968874069421 2.346989267716692 15.95316251046038 1.255275367248502 7.732807544884186 3.173285194684711 18.517897503818723 4.192987958393996 9.961568976629776 0.2497087627575843 9.162648082204594
1998-02-02 8.718018908906846 0.4761593098756697 24.403248065789015 1.336570953553239 11.362759910484607 4.312567674645794 4.123112570374635 10.821654635977826 0.9241956084101131 3.4402091604162184 2.1273148175979792
1998-02-03 7.669407274444994 0.2129071866884028 2.8896729845445135 0.714089450399163 18.045771146042 7.598189317856601 1.52718403338555 2.8827681851800344 3.0320717543139475 11.056609889745069 4.95900297303094
1998-02-04 1.62857790198121 1.604762357645378 1.3603339257678464 3.9011989826609526 2.144949812499184 6.74102520591071 1.377371102958316 0.8900172332396619 2.929450558463622 6.194256158822692 7.845088275127177
1998-02-05 1.1018458085402612 0.6063305407233093 5.856663258437758 4.672114169837229 9.540493881418454 10.498193501734546 1.2458318264085828 0.5515145957281331 6.230184527152031 1.7147039821030141 4.138385176995289
1998-02-06 1.3438490274101882 2.506248137300624 12.01409696928463 8.713061951612035 7.19315124103605 4.5584950554772 4.353530934390827 0.6255479285632866 4.813128831111748 3.0727219562284205 4.944443202832574
1998-02-07 1.807451134568654 0.616614706101896 10.122057963460215 2.8052606099937227 0.46073804577724736 2.56228434807032 4.636924059834552 0.8101601917847141 3.7871173307605233 2.468234403263034 1.8643434350892953
1998-02-08 5.91160811209973 0.6461942727456601 1.7011995851262978 5.552156211061512 0.64981755779421 8.730210414304224 6.211951069653278 0.08611640026820672 4.54753591174185 3.5154671701276867 1.1243298480737973
1998-02-09 16.48770266647786 3.451176464658388 5.941370188130413 4.4525490055090415 4.2603756376543895 14.6874268322381 3.662045858438108 3.557131968783364 1.4225810437418422 3.814291350226725 2.296447564399795
1998-02-10 4.165946657784492 6.303390994429256 2.356209976856621 5.970296459441283 4.9146850060897025 5.428465983889063 8.913994141074967 0.4050266676898819 3.065553578034635 4.854797360554448 6.39905101913377
1998-02-11 1.7030996411908603 1.8986839836043783 5.200000751975507 6.661210904080136 0.6493836208623047 8.369091992740822 8.788241841649445 4.848086672311934 4.6453869951443885 3.6235848739678667 3.2733722834349437
1998-02-12 2.751348553485273 0.8669768165191023 6.224027614840656 10.276996717366165 0.195542652519459 13.075112022663205 13.137792306760469 2.831850264401801 6.178594408824771 7.510349395636281 0.46854865275942353
1998-02-13 1.4986139481141767 1.6249139085720734 4.213786852786502 5.1517751468842965 1.3999244726885252 6.8613417219777375 11.369208479214976 3.5574709794493233 11.668549492679247 4.064018491616464 2.8727126897428605
1998-02-14 0.3226675562303845 1.462450482152587 0.6008822001781023 1.8202294159845267 0.5541200781791844 2.284262042637149 0.42858119012554613 8.460611214072646 21.516498278551346 10.334125050154185 4.692108697370397
1998-02-15 0.21515752604940053 1.7381356976930673 0.7543634197705841 2.316950820140203 0.5992722852771188 3.238668936178718 6.4744408057864025 18.39941623507601 9.441888230520794 36.19165416794414 20.902240784884885
1998-02-16 1.4791937858986781 3.4222851623674044 0.0974089763833709 2.167417203230743 3.423117707552273 5.954747537448042 5.253019219496146 14.806710043014402 2.011541905970613 4.0060455644361745 13.954470169150788
1998-02-17 0.5034654711520847 11.517859817476715 0.29204354701993324 0.9491142854932472 3.064950717427487 3.796629564125772 9.179790954493791 7.158859959304366 4.246338150404954 5.995185940303404 1.7844993599057837
1998-02-18 2.7752857153484363 5.340593034397752 1.3929518647015464 0.9003137126664726 0.6657679916695294 4.104168503614732 2.255084556311947 1.5093838133249542 4.279882239467815 5.518617560078987 1.5241367961447942
1998-02-19 3.759532404405416 0.7449947321244283 0.6942401078926139 1.5130006317503026 4.873672594366303 12.43741368419415 1.1881272724987597 2.2641378740900717 6.131376872344658 7.751051715417059 1.0966459941501965
1998-02-20 8.50176088919883 0.8177316486374313 1.5704999660095023 9.30013000052389 0.547781868490402 1.3166864953831845 2.1114599448801954 0.32450771611593315 0.6113879815193823 10.559103199296878 1.5892250761696571
1998-02-21 4.605706245284161 1.1858761865538243 0.8538614233133625 1.2964863414034773 1.0508681384010865 3.222694766339383 2.000280974749189 1.3742453311618097 0.02563128021455293 5.9072640139917265 0.5764851806173084
1998-02-22 1.966305630469413 0.3974962677462976 4.580808466389578 5.191587468643029 9.191051232505625 7.35591555448995 4.02853654103307 0.5343895281741108 0.18196492231650124 0.8841873827909146 1.9003572264267228
1998-02-23 0.8283579941609809 3.5151166860349847 6.679947388755268 5.410662377544212 11.718748865672499 1.4177902620743446 7.983854554216181 0.44256709263368776 0.06383048596544634 1.8304763035510543 4.372007997921934
1998-02-24 0.978572275345915 3.6470157301555597 1.2785571351399285 0.43367708711507574 10.426206281601818 3.7818406645203204 1.9147819786224005 1.3905404195173543 0.03044191143930251 0.3068608315071 4.0988245322839765
1998-02-25 7.7816792579763945 9.496214199575693 7.863198133691126 0.04879942323704748 5.030166698270836 8.616480959119764 2.6024524271416896 1.284403309223089 0.016313699595467218 2.255212634720044 3.999869269736
