1998-04-26 2.8713132074131273 1.0655747896710548 1.5935131949900878 2.889134764087699 2.2467188717758297 2.2671691660673314 4.578168915144597 2.204737131611982 1.6571001548097009 3.6712728244780894 1.2528631563016632
1998-04-27 1.6700428022736769 2.208824990607426 0.88121338905532 10.252076445811056 0.8031155941122476 0.09420132700060015 21.218501847178075 2.1279095301482522 1.4749239033311277 1.0381044654861842 0.7863974816949457
1998-04-28 3.7880064068017045 4.292657747600579 2.559193695318084 4.82958596978273 0.6985931267789107 0.7438863159869 18.689326028222442 2.823314319028362 1.0631447535806204 1.2484921416286832 1.4820304677860685
1998-04-29 0.3484580373632683 0.12138822546919342 0.9118255980212927 1.1498999054256411 0.012008311939190663 0.0 0.8154569387092506 0.20774739896256023 0.0 0.36959191014411374 0.24236964006298772
1998-04-30 0.1967808893732336 0.42812883790963513 0.1304256050376027 0.2667290677486476 0.00287494491930285 0.2890357975939146 0.032902053791399336 0.2737961926555321 0.0 0.21565631979696226 1.5361320072046163
1998-05-01 0.109531958666137 0.08382076275631561 0.6794404455501852 0.038880156943405776 0.014029157933259366 0.11632968299755067 0.014593714427982407 0.17245025368417094 0.05926951652875714 0.044847778104255304 0.12575388429159098
1998-05-02 0.008682979435450962 0.015825974935356545 0.0798769125769694 0.0 0.6297652606217832 0.07203018131459851 0.0 0.003092676241546685 0.6034722146690011 0.40667196172050196 0.030646644167515367
1998-05-03 0.7735654076635698 0.1062125118392824 0.5248411553466811 0.09453479701640438 3.457745045747636 0.12691116222385293 0.32986130385480206 1.3766572332355866 3.3388889257139787 0.08809359387005865 0.23796008178904476
1998-05-04 0.6063998389668462 0.024665335503692525 6.260418469722424 0.4324413696979079 0.0 0.020356053582282672 0.18156208730542722 0.5903204115044234 1.1801749059751487 0.02639669171393696 0.5268831204557199
1998-05-05 0.7815742171656812 1.0963279698665886 1.2610625821032788 0.7850908517352333 0.05887693603751468 0.0 0.33912331663244427 0.38957616554408964 0.22157986688675158 0.20777460659657077 0.4426450130560022
1998-05-06 4.619308540026366 0.5289328371839487 0.05617684028721045 3.44521039393926 0.0 0.019314376472743817 0.613417083435005 0.3429971745617854 0.2353028572587593 0.9393597526670661 0.0
1998-05-07 0.42480846867282535 0.08354654280701712 0.6267767385958366 1.1902762789660688 0.1848682581412812 0.09357390214269959 2.6458021899403388 0.0026479901151264334 0.0 0.046044538202485025 0.14833468112280918
1998-05-08 0.1589951388106921 0.23059004405596903 0.003330113036880005 0.31158417125622345 0.09112368248527064 0.2562648572247702 0.2641065858861207 0.013508249324217956 0.8666569332555281 1.176648424513217 0.9373830702958079
1998-05-09 1.6932733901903605 0.0 0.48847643598580887 0.0 0.2600030996993951 0.7015899312060045 0.15120785971671197 0.3475605211697209 2.2096799992953597 1.9642385878421198 0.254933748098569
1998-05-10 0.5587015296021398 0.07465845828604893 0.14853592461024728 0.0 0.2427626809727412 0.005806127148525863 0.048531314004899295 0.014029157933259366 1.6965872267373932 9.225215513760926 0.012960253497986277
1998-05-11 0.03321615125803695 0.8323928190747627 0.0 0.653484384481661 0.45015395729204294 0.2754209765176382 0.0 0.5258804470986526 1.5778473093202465 3.5667001718640394 0.37822699043093067
1998-05-12 0.29909455166063037 0.4006055346246882 0.018180011245617987 0.3746993806088448 0.567932715594091 0.10166860584686546 0.04633849200735002 0.2053093499702528 0.5653258823516654 0.11782897662611244 0.0
1998-05-13 0.438940282302192 0.5624560600535056 0.5126726664799882 1.847762976732006 0.26178366214372084 0.4063627600415529 0.12167437149139408 0.3319939309511754 1.2632354450827137 0.24005474214009573 0.36213042355393243
1998-05-14 0.5394391373608434 1.7868652364023558 0.13541738608595982 0.3518730600913115 2.1005275029278554 0.07873035528760744 0.0 0.020699952942556984 0.7534948313791601 0.0 0.9746339629168738
1998-05-15 0.3993261546068445 0.4223934735877652 0.11884590650808077 0.7828082800798595 0.8729570110873539 0.23348917015346266 0.016894879370629633 0.005806127148525863 0.009891519669031738 0.14172738872019341 0.44697762085545706
1998-05-16 0.1451757223136414 0.11902778030132977 0.12766779717817855 0.006561406632151733 0.5350202254981299 0.42372212362219447 0.9482142482660814 0.0026479901151264334 0.20952332975371304 0.3218204404128121 0.0
1998-05-17 0.0 0.2996171494617228 0.005740666356673118 0.03759441250503114 2.5564233264611698 0.00287494491930285 2.740428869583237 0.0 0.22216049663861756 0.0 0.02959253754675111
1998-05-18 0.27802003296764966 0.0 0.0 0.058430678606312486 0.5024460598482646 0.0018896447107517032 0.024665335503692525 0.0 0.0 0.10362667992977345 0.0
1998-05-19 0.7076044491484349 0.05332323581923641 0.4899837714312979 0.1832529753688849 2.430060298970127 0.010649865073406468 0.0 0.0 0.05882325909755494 0.0 0.008451051342903436
1998-05-20 0.2201134867719796 0.3434492790213748 0.08626783864637774 0.13367011463558565 0.06938219202424235 0.04989263403620155 0.0 2.1489661895560195 0.05665042304391152 0.01700092212741515 0.26021892714357636
1998-05-21 0.13063936639219326 0.15090644979254575 0.4730938460426476 0.03914966155452905 0.030654060237923414 1.733987073672496 0.3917464280688847 0.0 0.0259444494085647 0.0 1.0029720404614255
1998-05-22 0.020606324661076113 0.0 0.4391320483494421 0.07332442628769918 0.0 0.10469739088111112 0.6398487873982539 0.0 0.0 0.0 0.028167704243664615
1998-05-23 0.14364848285138415 0.007826973142594566 0.17210159726994434 0.37200525496250625 0.0018896447107517032 0.2456147180753474 0.5590663355782688 0.0 0.09419056504380527 0.06341457086339282 0.024679023006665836
1998-05-24 0.0040221687194161 0.0 0.003330113036880005 0.2981157143759091 0.0 0.012367533780677595 0.16768741985437302 0.0 0.005806127148525863 0.0 0.0
1998-05-25 0.008178142780249054 0.006716821967140946 0.0029375325456375396 0.11518316840847052 0.4952222733987722 0.08200562988606401 0.08576067044072491 0.0 0.010178136287337951 0.00754670684070288 0.4711280146796184
1998-05-26 0.013707864234750565 0.01133198799516004 0.6429545618865442 0.0 0.2337266469332142 0.013670809090535144 0.0 0.0 0.17517285180605627 0.0 0.012829052214669278
1998-05-27 0.22565411574699912 0.009716617853346269 0.03226827965431557 0.31980709201498925 0.31143668364743904 3.326542753113852 0.09769697706130241 0.016224905743013537 1.335156816948294 0.0 0.0
1998-05-28 0.052420639574276645 0.0 0.0 0.9698006401759041 0.06395654022415152 1.2605886758079616 0.12165215895764381 0.3252432256587601 5.557899246802964 0.020007261085265807 0.0
1998-05-29 0.0 0.12437438649911228 0.0 0.48760382472794683 0.0 1.2432097553123895 0.005350959030948708 0.15059440296012105 21.37705995002028 0.0 0.21602954022273196
1998-05-30 0.0 0.0 0.0 0.0367954324890368 0.0 0.08851977008213394 0.042131121685459724 0.0 0.4812199663341018 0.014029157933259366 0.0
1998-05-31 0.007865875895447894 0.0 0.013508249324217956 0.34224031555034906 0.0 0.0 0.007147776033045888 0.013046730890226274 0.298071876640436 0.0 0.0
1998-06-01 0.00993861005265476 0.0 0.0 0.00828214126017172 0.0 0.022720571883701017 0.006267645582517545 0.2012774928908545 0.028761489714966816 0.054554700020826685 0.0757928227419699
1998-06-02 0.027668643006821425 0.0 0.0 0.009498939177789273 0.050603706234922774 0.15962197833305736 0.04206097988173903 0.0 0.325958666273541 0.41702305296011133 0.0052197577476317085
1998-06-03 0.33007173047476945 0.12101666336638528 0.0 0.006871965663050091 0.0776824674527216 0.028806965334118563 0.00287494491930285 0.016218555426599012 0.3093764439680606 0.12928647078780964 0.007147776033045888
1998-06-04 0.01241919576282378 0.05821744440105548 0.010876819877582884 0.0639794512090574 0.05044829089993355 0.004764589630054553 0.0 0.015507282412115546 1.0261101478717225 0.0 0.0
1998-06-05 0.04024912398740521 0.08883955259496487 0.33630480006152264 0.00618535248309337 0.9444978376840145 0.02413840892453494 0.011487403330149254 0.05244492327715541 0.10182244685726821 0.0 0.019314376472743817
1998-06-06 0.11028060266628939 0.0 0.2876773061561474 0.0 0.267560084365298 0.04922043318890544 0.05796916094352565 0.614771024089342 0.057057242376818876 0.0 0.020656025357263845
1998-06-07 0.025391675405631968 0.04825254309017939 0.0 0.0 0.008549870784511714 0.0 0.14321067612483201 0.025055042829416937 0.6862977842512421 0.04438625967026363 0.08429518165292581
1998-06-08 0.004263464909491931 0.12235826851626505 1.1078982617519264 0.0 0.07062479441422942 0.0 0.9483663193611541 0.11841599150370234 0.2920507735043095 0.0 0.0037792894215034063
1998-06-09 0.015067383220016118 0.010477889069925892 0.1789859076317985 0.22777271599635834 0.23401910748992202 0.0 0.03478534818573651 0.006255303533149265 0.0 0.037218532790824 0.6722258364791225
1998-06-10 0.0 0.03053405027855308 0.16671089087439295 0.4247028339283354 0.0 0.5230201926424181 0.029885093251324234 0.08749980839875644 0.22336915967829438 0.0 0.5754324132858074
