1998-02-01 4.279743999773501 18.339434017019865 2.831674775171251 2.1709716839347646 3.1708292611241684 6.066979321409361 2.9928311362397864 2.227408733069898 3.640029550144424 3.142888534654595 3.1887239190703465
1998-02-02 0.8372677307747044 5.903014525539671 0.37994626058273956 0.8762085038337409 0.19192369919211155 5.811529807035171 0.4587105251078702 1.4238096389524348 0.6449847718034311 0.9599641366272463 1.1193910598465882
1998-02-03 5.374719718002327 2.284255454876739 6.388188757765647 5.97792077409953 0.6917897365500424 1.4197223403911572 3.483920684672503 1.8691577578867467 1.6153949093692965 18.441434344457193 0.3971751817620805
1998-02-04 5.085976225833878 1.5843969568277818 9.9320881893117 3.6526126484217962 1.6202210541336521 8.434183689348881 0.37558992930565616 2.0903892419662204 1.468646125816985 13.616057056861665 3.570951520208287
1998-02-05 0.8883717928832884 2.1447844714589714 0.44268678459570365 1.2137089090346755 2.9271362145976063 1.0869293636173856 0.43403746003921406 6.587263711146887 0.05497536407894817 0.9625077283097315 6.187707917359588
1998-02-06 2.8159972581660018 4.428833657218144 2.046076631815326 1.6224761014038118 0.5673855064009767 1.515664179768599 0.18545067590690012 0.31662944843329976 0.3367005352878171 0.4231885902916559 3.429815799170986
1998-02-07 1.3385056627740761 0.8964052200833431 1.6526567282906897 0.7652849534216162 0.3227894942772166 8.941867273241536 1.745554366124892 0.6029444852328829 0.3177462000367959 0.8889008886886725 1.0127284039876598
1998-02-08 1.4546135551942108 0.7121858420658651 2.3366889817383343 0.24789484079597293 0.11384949936515051 4.32931304434616 0.5606878694680417 1.340170611669377 0.0 0.5893316033508288 3.8644783120319857
1998-02-09 0.9018597830850132 3.177666837229708 0.8016780130819438 0.8602485106582127 0.905720030933384 0.632339735442831 2.3359193191061625 3.370995643722565 0.01219670577046586 0.5736116431721194 1.8701188357787384
1998-02-10 2.5051640379220794 1.6418029677549097 3.0548938354660065 1.9143859677093296 0.7540271427716674 0.8456140359682875 8.679245644745421 0.6230654761968448 0.6661975594048133 3.3798378627202474 0.41849777294979623
1998-02-11 3.688781245166788 1.8765246710723584 1.3568307570371705 11.392602669893503 0.11429571485040792 16.67786242438978 15.304718358526465 3.5369178096889695 1.4082442869712775 3.4020810334267577 4.517481755582639
1998-02-12 9.408645638697282 5.162708672353891 5.136143385593476 47.2443132981502 2.5333542364674626 10.455503358460078 4.5158197600934304 0.8389622169176035 12.826732981441214 9.647672249238418 12.148861291675363
1998-02-13 9.955480063251875 37.10855239197919 8.697864701728111 12.956547874112252 2.101935663084128 7.209818112541715 23.38922046078863 1.071679444670583 3.0059389453309944 1.8333480735236747 14.026197361090695
1998-02-14 6.4495724667661065 64.93610305655955 11.718222029010702 3.6849390229612933 8.8762367529602 2.4151302820669094 4.046217032725458 17.147114529840504 5.2082505733820055 3.3562317415380494 44.270526736787346
1998-02-15 13.48634846472818 0.7140851501635305 1.4123489347324871 1.2434061174879463 0.44801921281092666 18.435809483050026 5.897137162685027 6.874816007676069 5.213059171838545 7.083647582336845 2.8931681684529895
1998-02-16 3.7771188088126806 2.7241169759880863 1.5991296858789399 3.3831726696922892 0.0 0.6532836004515477 3.1109413185002133 0.785507189702891 3.5959217772768186 1.8037255620870543 6.42972082730894
1998-02-17 2.560394892538046 1.4871232642258727 1.0571682941609108 0.11022228585644842 2.1508734597236696 12.355766208756034 1.7549669092314935 0.0 2.2811331517127096 5.236097346817434 0.7358958309565308
1998-02-18 2.9016497764995086 1.6014718035961353 0.1354328646641355 0.5988263082070002 2.996604232637938 7.3212540403486805 2.3696776991558597 0.24612547604880136 1.4377065883478102 8.542267759692313 2.827483381312918
1998-02-19 2.1259045279178643 1.084399941830791 1.007472140950988 1.090786300739722 1.4966525810309224 1.6063792694450192 0.9593055744336709 1.146228344852466 3.9988183399173876 5.201886577820371 5.416360638598789
1998-02-20 3.603135063897963 1.3270916902152405 2.692530739810986 0.2593164804524151 4.087314873082381 0.9358411293254278 0.22986743045997127 7.194207603619802 23.281276173725548 1.5037841701811971 6.765443237588509
1998-02-21 0.2435941184854962 0.030495687323553226 6.646999064311586 0.3251474545228016 8.67003625645681 0.3102838035720182 1.2656916799319096 3.703827317540365 1.6364671236010344 2.9419719048315702 1.7711232650022273
1998-02-22 0.16591387646214162 3.4526643129302608 2.307196873254787 0.17556065776754157 6.8703468755159705 2.8178968512844573 0.03656530135412244 0.558849285589279 5.407982970613579 1.8661728032385911 1.7815050922808227
1998-02-23 0.9934916074524247 6.657092816007221 0.3578574301349842 0.9340770869933956 9.753457993195216 5.593729078050469 1.0353092295476907 0.740380269354801 0.38533113149041764 14.836734918509439 0.8790329773298378
1998-02-24 1.3278308501457858 9.437018073085298 1.9031728518880866 0.5179388893887469 3.610823866208936 8.931132774534582 4.395034593046793 1.0206465313735738 0.45621457708567786 2.73326059458604 3.6719353509463426
1998-02-25 0.25135171335256484 6.266292990979299 22.979366853426406 1.4823118975166207 11.874903435539801 3.17764727443674 1.1518597112626576 1.2427844944195785 0.9142005886875572 1.2042700811336737 4.772371793381815
1998-02-26 0.5297582898044577 0.5006365513741825 2.3844942709572083 1.306841289735027 19.061359384402454 11.48174065096477 0.6608021994584885 0.2688959027203126 0.37532981862153636 0.2429375422978233 0.379711489666121
1998-02-27 2.4333085370463152 0.5249994859199864 4.407827015243506 2.633697786597544 3.337638670050071 2.5207784088778515 0.08529022855605567 2.648294401624417 0.4801956070783527 1.4689861054257625 0.9732481565438431
1998-02-28 1.3985508957568689 1.3867175890292591 4.371180856066846 4.668117719601419 3.33545859946318 0.4462199343151698 0.17441424306901612 1.3355830706347356 0.16224938441090642 0.955228938921632 0.31705591888511764
1998-03-01 5.236103680657521 4.652903856730008 3.7579503054474612 5.114597336499988 2.067971424912324 3.912578835333578 0.17271081244212536 1.4165515592667517 0.8102020228686435 0.9970764326900823 0.03138923617680356
1998-03-02 0.4979712155675169 0.8380631680439574 7.002084922751359 5.12229578695849 0.8813692706879256 1.1192705650788157 1.0270380495089093 3.2709050200905083 0.8438412777386513 4.318323572801314 0.44206261160895066
1998-03-03 0.3974714841348117 0.5736182178906231 7.50211226521966 4.534399595086921 2.491135425754853 0.7623504035055453 0.623199458039648 4.266181359273147 0.5155542201254876 17.50658855340918 1.410007013864638
1998-03-04 1.0987667936978172 1.1711389244592674 0.7894610671205041 2.1744743738199794 0.9905536550693191 1.1329364340812316 0.11277066805182782 9.38684039126545 0.0028802550237187817 7.475218569511601 3.1406128566410048
1998-03-05 0.9242703637553449 3.6778504525902536 0.6808665481726671 1.71481280622319 1.103716435604519 5.602654626155614 2.4497041456488144 1.233033985357457 0.31558412946784486 3.4751610954232 5.548391463577401
1998-03-06 0.6508663896671318 2.1303120720816584 1.1484173579462391 0.09589220330153563 0.39769233626173867 18.616560432944794 1.3201979245407651 0.4696714663422352 2.258892396121847 11.11705072855528 0.33241000323800496
1998-03-07 0.10105124988273155 0.31673303625086674 3.2307841236059858 0.08824022525448183 1.3639077302775593 4.546445494653074 1.9197455904646454 4.075456929222978 5.360336006137785 8.585378529738117 0.08301084896671994
1998-03-08 0.46730042003028505 1.5717074748057005 0.781740008722351 0.03980746489888931 1.4317064593755155 2.5078842021333827 2.7891930098209023 5.42579095433837 22.494989221173988 0.7124067247203956 0.5325018239332033
1998-03-09 1.0536568134322155 0.453145857573665 0.031841669043022575 0.8530832500269325 1.9248024821832488 2.6704773863934985 0.4671792154400592 3.9068220795916893 4.155407661248273 0.044150244031523955 8.125312159661233
1998-03-10 1.1017616864350548 1.1477516663474951 0.004477478133201141 2.0069232828044674 2.518391923034601 3.867964507495386 2.1254853812316368 0.1908738798327804 5.791192433082013 0.1582856256912075 10.58082374954567
1998-03-11 3.0538039357900266 0.2666559345643395 0.31563342028951846 0.6410265812243948 5.017500971634948 2.0600910887364434 13.297751814941318 2.9506875474413343 0.750241729995754 0.22006580563799502 14.284685669855888
1998-03-12 3.5139498159710087 0.5202235253309317 0.1011635331662825 2.0444435873373923 14.70695921650588 1.12907146766694 2.236625220105483 2.0270633736171666 0.40575337041443693 0.41737744751434014 15.968059669612142
1998-03-13 1.8464408152079401 0.23531551969776673 0.9601363075825149 0.9052850996103713 8.092432936890102 1.1108545014764843 12.039480098552625 3.084704717508928 0.8619686496822739 1.6343454407373792 7.142952619167912
1998-03-14 0.5706524604674417 0.2238354437048333 2.3997942268369767 0.4568739776692096 8.045664956516124 0.4702378729868587 10.95385518754042 12.640782594723238 0.8549105143023271 2.2298882935409097 5.292610780850358
1998-03-15 0.5382736392139107 1.535150851070577 0.3449813766047551 0.3129523732075978 2.5305265179958 1.2241647505895417 4.85944970978785 3.144120154865555 0.05855887931819569 1.1367418571999426 0.3385075529088334
1998-03-16 0.19187951622136767 2.880420996056993 0.6389143968623013 0.3017726114866265 3.822423680760216 1.7206295058057937 10.297674747381347 3.273789051952775 1.0552430617049136 1.6106393109465977 0.04808653500678191
1998-03-17 0.28793033477009533 1.3264190212155171 0.5601950536249849 1.4676558540874969 1.0345322348440804 4.788050951222132 17.501279988518483 3.784256309739688 0.5418038568893719 1.4500110175102323 3.0022613814353822
1998-03-18 2.1870305736778297 2.545348775625696 0.4001413947218465 3.015501739684102 0.6970079293966688 7.809343253687977 10.234698330842303 3.384433578185023 0.07994734997889416 1.3026930296683388 2.371837421312835
