1998-02-08 0.2597706341127033 0.38219743785136195 0.9008696944124348 0.16048076922099844 0.5568591771887419 0.2909346457393126 0.5544721696911731 0.477770239056597 0.4102988121650185 0.14999203240363373 0.3181583450008266
1998-02-09 0.6764961326904027 6.9216157498300275 0.9921890546046841 0.2434868649799641 0.8125059547562314 1.2672884889639335 1.1787063697026656 0.38561089938364346 0.682671404045117 0.16994093549083233 4.7345054969160465
1998-02-10 0.46144219293073085 3.1824475400672303 5.265662277116817 0.7867585068824248 1.6634917125227333 2.0789823090472876 2.7042717394926425 1.1213636930685187 0.11021650698322492 3.852244024869998 0.8532149470059756
1998-02-11 0.8003369960952831 1.3203979721351158 0.6681982474683292 0.281373133031121 6.101218318696965 3.9891190959567124 1.1500605681762552 3.00454990150129 1.386958654658554 2.448836810716533 0.7493160731544685
1998-02-12 0.7715027152351805 2.713557601679255 3.333784865361108 3.682118814439585 2.241991069873948 6.622380311894436 14.57286150796407 2.309145199484061 3.2565122534597757 2.203570244416857 0.7320889217610532
1998-02-13 5.0272375913961165 16.106032087905852 18.65977618786109 0.9898662768392614 14.351699933429904 6.6745931036723505 14.954972317627073 3.2533745229115087 2.8476837211533033 34.22983373053408 5.935604449013482
1998-02-14 9.57872100688473 9.923448069683705 4.147733335177259 5.373118403113351 23.364738159812937 19.515972569370387 4.031081230382856 1.4996810923242947 15.03360818400398 4.097440351292266 21.30034379404708
1998-02-15 1.4260745431078459 14.025521848185676 1.026849831030815 0.7823179342075448 2.919162196485315 0.231463392645298 2.5294980287706545 1.7004559080140336 1.1053284409340263 5.066413713948642 0.1943147858385882
1998-02-16 0.0 0.12111573033179296 6.636352307490113 0.10975849185620273 0.11881516137777057 0.033597319406085804 0.20585187358862164 0.14500611647934064 1.6853024397084693 2.106126621721126 0.23856009936085815
1998-02-17 0.23523421656728577 0.4082732080579732 1.620434429153208 0.5599509932820436 6.392816968395596 0.1700224735514938 1.0353092052704698 0.18890598785629115 6.5705424273267266 1.3685062652747582 0.1341368544071211
1998-02-18 2.2660956583067002 0.18469948652379886 0.8489743409421016 1.1827060554858706 31.711080281953585 2.1264848350070853 0.1088547541450123 0.1453426725184071 17.182376428901776 0.29518081810892954 1.8411180375128375
1998-02-19 8.830198562103721 0.29987820302546336 0.33177368638537624 0.28734972980407625 4.499665930947054 13.571711782677422 1.0701938941839104 3.8368419162676934 13.45228759841626 2.086723714796589 17.231072435025233
1998-02-20 0.8882421682734087 0.32447026264161927 0.06062374134414347 0.6078207353173783 8.686002867226849 9.203767050903744 0.5122292758161442 10.46377475418089 11.440755408363344 30.354688459855772 3.5840388234225307
1998-02-21 0.22517759237238533 2.7661141252286296 0.03818863931810582 1.541576422055719 18.6074944078363 15.341656782879417 1.049193212012797 15.182756155934074 1.4313715057302903 29.98868640684939 2.345553785173398
1998-02-22 0.3813769374700686 5.17814568758124 0.0971661859267576 3.942504139384484 8.188607248169186 0.6704246155061113 0.17179214859209546 0.5719772985744713 0.6435699290911823 31.620510402060248 1.5846560203898985
1998-02-23 0.04550802570068005 0.9600515143028308 2.368296686724593 1.1405909757436115 6.208663031201621 1.5958625282376755 0.621358579457796 3.2169757386915894 1.3746308485536798 0.3182446445531699 0.0
1998-02-24 0.051682551635794646 0.5801436066357256 0.1435295965718249 6.850736272242045 2.399185715055016 4.287062471895668 4.231281058413739 0.8449223699211461 1.433849863932495 5.230785628117121 2.1175707032967295
1998-02-25 0.99092302220692 0.22124029259768768 0.8705219185397608 6.095186222348678 3.8676441715146135 3.216798228120124 0.5383368771658017 1.3067531433275859 4.5629010687980704 1.4850903866793383 1.3411947886902973
1998-02-26 2.0670573203500755 0.46114777898393705 4.038907149325647 2.2759722403772056 5.387528319759773 2.5440726793750152 0.8925431067508343 3.168565292301294 2.3580846021779 0.8050768043180125 0.5031670683471962
1998-02-27 8.796575473783244 1.2750001302510632 2.357605096578671 2.713811276045317 13.346679180940413 2.337260862616005 0.5695853595866489 15.90740645428132 1.9022430618173645 0.5986154690735969 0.5128833361906848
1998-02-28 7.396180140245624 0.07783509719137494 1.857048428989599 4.412736501991899 4.133930614568077 1.0787806026036717 4.2701208877502514 4.400651358395513 0.4897585091547778 0.1521023131993266 1.0608989692178719
1998-03-01 12.781631646184156 0.015244397703722948 0.7000852649161016 17.938844402541974 3.44194456124628 1.6654059356424562 3.1275222560780103 0.6051982968117926 0.1381937169149126 0.21664402447057396 2.4093911855501355
1998-03-02 5.527986908003037 0.9332804255106781 3.862650374441186 0.9325628276753951 5.030263892932339 0.6218320542961591 0.33518092262901716 0.11737526357229403 0.14033931578330477 3.870968597921122 0.43486556566373075
1998-03-03 1.3402271153685363 0.0 7.587979191655101 1.2808509961562304 2.5269890551364003 0.33632520607009064 3.0640837535007552 2.7077731579443154 0.2726286431886237 3.47875506190715 1.6815351492365047
1998-03-04 0.8179551247758481 0.055224358134032696 1.3053615771422435 0.38569686844071416 1.594708785853705 0.002913103309379844 2.3776190891024243 5.518097594368874 0.7380696341962774 12.825004013313231 0.15233189819993437
1998-03-05 2.385593744123936 0.11746518142700166 2.4579520458384607 0.1155516308228148 0.6788249008813797 0.05292840701339631 2.5684568089578415 8.76183876122531 0.38800958142126324 14.726294447689241 0.008960598382580558
1998-03-06 7.735351132659552 0.024540653806389864 0.0 0.44578355670182895 1.1743153403873237 0.7829535066990961 2.571218389375247 1.473290147067388 0.6560049477229535 11.842509315797171 2.3402381660569964
1998-03-07 3.702854062310805 0.0 0.8839364985750917 1.302840071724653 3.620792950661999 2.499213929340603 0.013382864845369165 0.036876458674669266 2.9785319952943268 15.721225915594573 7.4523872194073455
1998-03-08 0.7682763590126757 0.0 0.7759417252676848 1.2064205040516953 10.2322241106395 4.497571448698578 0.2522662221813716 0.004432056201387356 8.082173316326617 11.533188925531382 0.5373602709856473
1998-03-09 4.838677460468277 1.035012449892775 1.1683825471340836 0.9529372726036294 6.164216522835741 3.7694277750280367 2.187795253074552 0.06835412962987272 17.18167684579129 2.6256735576965102 0.9547138450563675
1998-03-10 3.7900329047438737 1.8704343248831141 2.0951353177775047 0.7189804952266421 1.893492742858309 1.619708845827839 0.05082319194082573 0.9559098128225008 2.3133471701660344 2.3500279195775144 4.025996793400138
1998-03-11 1.8710646706973484 1.1185620724508352 0.15246877859593305 0.8751488097996138 0.21845134929849527 2.9975772780071224 0.0 2.3875261467351985 2.62591618812202 2.3273090577171867 0.8800504330490735
1998-03-12 0.4924927793950285 3.153809150942785 6.631841406248682 3.4391371493740364 0.34160161867511263 10.514472218770674 1.8097353763866613 2.1970934738488896 0.6606841256929687 1.6364880395202455 0.14575729827324338
1998-03-13 4.8153056453591985 1.4061662054070494 1.1550452027709965 0.9000635001826656 0.7687872596413443 0.1969247054959641 8.361286711390346 0.38819965385289573 8.142391052231677 0.23138864470371898 0.23390208296570586
1998-03-14 9.402660126899285 0.21289982147377123 4.182791284906221 0.10975849185620273 0.17278572795003105 0.0 6.959730504068658 0.20089454341095156 1.8591302049488816 0.04059260214511691 6.698678772185078
1998-03-15 4.4084122591071075 26.579866392216644 6.541871511175844 3.019447587936658 0.1558184588332292 0.09672078245749896 6.800087386405556 0.13302705344497434 0.07490089358563073 3.203942213306084 9.071694427596263
1998-03-16 3.3236801080512954 2.4478921528497204 5.61457804468076 1.6265369582305411 0.025113462014164433 0.07210507971337315 5.633167263256848 1.4202767292548433 0.6984164717019192 0.987324200513916 5.115220270817184
1998-03-17 1.138122736239912 3.6584584899448416 0.6458964657648526 0.46717490517544064 0.15512800647545277 0.21719331097097988 5.542120397051923 2.442756794980021 0.24116930165442968 3.591822934616791 10.440979550550738
1998-03-18 8.095415229749298 13.569205689226344 0.7328281872507427 0.3130926615714242 0.36102788882189235 0.4804105514945333 1.0255607770545585 2.7642910496566193 0.04149634233326406 26.204680302344165 0.5978787173219265
1998-03-19 5.048761509252639 10.164393019074959 0.25613484066637016 0.3366042703712187 0.01328194955251234 0.09493410640977742 0.0 2.557623453564852 0.14627354931260633 10.683275374635224 0.04079443311643299
1998-03-20 5.88088133046443 3.313527796590628 0.02162755049701002 1.0721175726041818 0.19526100843515604 0.16921969167471573 0.0 0.8162597360103481 5.13888356065728 0.9285313294811132 7.053583549372432
1998-03-21 8.246151217033656 0.6897536846788495 0.4655961352111805 2.011778347788173 0.0 1.7417309079981225 1.059986648277078 1.3588360431916224 0.7861310269132009 2.598831088634211 5.558392879617075
1998-03-22 13.278318497340393 0.726233406759548 0.5707325965348508 0.4898263153186089 0.14052714306476877 9.637124515419067 0.21972133865677435 5.144484246788365 3.418327376093596 2.3326469629242608 0.3719658681023357
1998-03-23 3.1883208465557717 2.7994604876637674 2.1032405029538905 0.1798352869782711 0.07550167190993634 6.680907336109932 0.06976714318633775 10.594636997118156 1.7783191223905515 0.17189173764167048 0.2618610158895095
1998-03-24 0.3066747472625444 0.7350279387215289 4.0121225000818495 0.7540173724995278 0.01011515829698191 2.2622516027099255 0.9055639377741365 2.241992475759553 1.2186396324343853 0.2961296847059479 0.6888688322562366
1998-03-25 1.2174641211169202 7.404339461297285 0.08509836906355198 5.062138029462405 0.25515230316095927 3.8863872128629033 4.946377616136004 4.224155394574499 0.7033135324061051 0.489492528273409 4.657840448055272
