1998-01-25 2.5459423571078803 1.614812338516753 2.3302469515523963 2.810193145301617 5.671162286822056 9.050907341935643 1.2135650204934791 2.4406600609304396 3.6218521978024203 11.218968511416364 2.3528009733086117
1998-01-26 6.845682850150586 11.798485466030794 12.072044137977748 16.034086320304176 11.206880930175714 5.168720555639364 2.148949243791632 2.483231685812331 13.742889328688355 5.8426595559922685 12.703707256698472
1998-01-27 13.658910396909988 12.380190007383263 27.00680486609484 17.35026884211712 13.4521704010031 7.2925079884170545 6.407702898895674 16.52327518722105 6.954359369645266 8.987194175193961 2.99148676065972
1998-01-28 1.8074187625775393 6.826924937045732 0.07176941209514388 1.2227890331580908 0.752818308006867 1.617229682973427 2.869144353527162 6.388822877930544 2.0925004135939673 2.306870898957202 4.670810103087168
1998-01-29 3.8033623135435524 2.8520374352314235 4.241964370290062 4.605776773228838 8.379410333671043 22.063531185093915 4.479401585758621 4.50001086565113 5.057378168754951 1.7601397060671453 1.6920133693890267
1998-01-30 5.035471889629683 1.764678403447424 8.338074922044951 2.2957186330254085 2.635025962599519 5.194643312675604 6.755215759595509 24.071692290229095 8.298516409036917 5.572624760837325 3.2916764522024238
1998-01-31 9.641751948120302 1.6986059031658207 12.139209270194982 8.078177756966808 2.3279347858773516 10.20958438653404 8.910524540165316 32.74049832495706 8.476012303125412 34.210170676327934 4.440410971669769
1998-02-01 6.745374862943405 2.6734191892981016 11.874465315201778 22.585432370177802 2.566835155787642 12.313728366935061 2.2132471087008185 12.589721041166712 5.405530500544809 28.704698650507297 17.87919103415631
1998-02-02 6.409639052434936 2.7368346806628536 7.59197964501052 0.5917098325025713 8.045365724129836 13.37854696264821 1.3920809615649972 10.232392324602545 10.320928051031421 2.3734848145616407 1.242675756094767
1998-02-03 3.272040833136972 3.3319163806379697 2.3097322926487776 0.41264411203422013 16.668391964814813 13.567613469819063 1.460120990844465 9.271254855770337 12.07646036039766 12.145585200968615 7.458799877151639
1998-02-04 1.455302697826455 3.0441108665385777 0.9095152863473299 1.3939973403951027 6.407233234039729 0.21366554456739284 2.8564852248862946 6.791677811295082 7.062238243064855 10.580497893942193 5.694832433742889
1998-02-05 2.6680463343414207 0.9330467634662236 5.598974923171766 1.212589022101505 0.09207935926149569 1.259396797877752 0.8993809580473318 6.739227429393483 1.4635314672792756 11.93774893993412 0.4188633700292554
1998-02-06 1.5665293384351353 5.4070623859374445 2.953697380192887 2.5835373680991314 0.44262389466199925 1.9061224669576549 1.082747470338663 12.821521725274616 0.33998244297633295 7.382208298016514 2.359213225736602
1998-02-07 0.41841008573529803 7.950368844456694 2.177518695595735 11.213079988115972 0.3915175114805729 5.764835530721699 1.2946649514035011 5.673349312435341 0.2240191583392136 0.7195010763678424 5.45145158595019
1998-02-08 2.8392616052737574 4.489038025081401 2.0383875934021676 7.412954540868512 2.694221370069531 30.27907693858949 0.6565892956333794 9.45240603772939 3.381574968261255 0.4479337320519865 4.017096259660366
1998-02-09 0.2803729130850307 3.949778117090298 17.817038567454375 2.4766783582732765 0.392749582545865 8.489528563816215 4.8430796436697126 0.9612468532459061 6.765968062047482 0.0 2.349327638683352
1998-02-10 3.1288651589258185 2.3483941140755826 11.222324117592766 0.47538391166443505 1.7326177581989437 45.52917826854502 7.68952334923679 3.78147067543369 1.189323836606584 1.0380976787259026 6.322736594760164
1998-02-11 2.980434379118174 6.296753653246775 10.258827658283947 1.4578961224374494 3.659769988695057 2.4143564059910867 3.3809685263038283 9.285402400256558 1.8017064820687725 0.3391112552457795 0.8954064251797054
1998-02-12 0.7791158532209518 2.661053064564276 20.13841190551956 1.7091863378248053 2.200214968654393 1.7746663905026674 3.5673962239789687 17.88007259470792 0.7778635943241718 0.9826366783659151 0.060811991073980054
1998-02-13 1.0834724511877103 0.4933248886543363 55.28984618557422 4.550768539752672 1.173125769774303 2.6369369629989476 17.526623594266564 9.449549859012556 0.9602851545463532 0.6616424195806508 1.584276304917139
1998-02-14 0.9651042055169639 0.3760928264279366 24.064527415569938 3.2229024138914593 12.537480013622988 6.593606658403687 15.737142947725648 13.582726176273102 1.3596726887743968 1.699871444794252 0.8048762564287928
1998-02-15 4.9632346524410575 0.5502968092970938 8.388331004027107 3.371139052400976 9.529432303820224 4.9845960783938725 26.703731563353692 15.9004091635481 2.2936001398429022 2.442285351564037 4.504468736151612
1998-02-16 14.66688066275664 1.8673864711965833 9.77141335460925 0.1971158784053359 2.469925838819786 0.959832769236494 45.42339056498893 1.0163969497085825 2.7934524826003333 5.029742337420835 5.80522167693593
1998-02-17 17.122355428659965 1.2447222095116652 5.4475358561676135 0.19848556520265453 3.3881793851553708 0.7116963361730502 10.671067361169495 0.2475342702471617 3.2778391387530896 24.605071980283686 3.7936567530926526
1998-02-18 3.551560194756282 0.19322323225810412 2.4870385184603734 0.006318050021656577 0.9557972429548882 0.5645433186435387 6.001996934680253 1.1082991061167073 2.8811728285843614 10.36987698436051 8.841114166043745
1998-02-19 8.103000244021498 0.23201778188078512 2.104932653493365 0.6108204478877652 1.111173119258336 2.0427716492566317 10.59684620245305 2.6198277954038773 43.54374575962302 1.2369104226727081 7.544289244284566
1998-02-20 11.942390768187863 0.029380605316696416 10.282921075441799 0.6271650138370006 0.8876308544960533 6.654719014157834 14.205045806790132 5.855080957317553 26.70742501922654 3.8264077037756996 0.7137240901063127
1998-02-21 13.956261448817436 0.5197650082081657 1.519870279711307 0.09361346411647417 1.6124607096473818 4.159526679395766 0.889498118700178 2.746529455516885 27.315296071515846 1.6887908076912608 2.0130266041409803
1998-02-22 9.119450879460775 0.3092611672011291 2.542135667306833 0.43730475960101384 7.587570774167729 3.7358767778120514 8.70024953576633 4.948278182845215 6.900221818226835 1.2781270567863925 2.6612863134941547
1998-02-23 2.968247351422126 0.4615412818757371 0.5013870271845743 0.1244294723942022 11.651902756396321 1.8141882798265305 4.432712716371204 10.51726381724664 14.8562841431535 6.857813924750881 0.3515846217892077
1998-02-24 5.787296014939043 0.4994741940084232 0.8631403817985256 1.0946655291820104 1.5012949889766536 8.800626559465405 0.564046709756268 8.286028267448678 5.035062388445951 4.545673477458639 2.096812780647788
1998-02-25 2.251675871939862 2.7088188770196777 1.0756678002206943 7.532578930421153 2.1764907351922917 4.88061075690652 0.3729655559202541 4.286114397790193 3.9613588498291987 4.0063847894018965 6.250794008323412
1998-02-26 1.5892131105415253 17.924271412559833 2.5055480597077695 7.979856136698594 1.2296630264990878 6.70457771615962 0.10318122464060694 4.334398880011166 2.114146263340719 1.4094837639096838 4.5863413711643215
1998-02-27 1.936000921293024 5.589612886844549 3.0641167205828763 2.8835402129880503 2.1870660720162127 4.60413848828785 1.2297682069913525 9.457665612975362 6.799605028618838 2.638319040314851 24.620601623405015
1998-02-28 1.8141159837204017 0.5855022311953624 0.8992290417993637 1.6354204123775398 2.4227676206808066 8.405872009539966 3.643911780942818 3.4803344937312 0.5064218230406972 10.273335263872847 32.0141816649981
1998-03-01 2.420178786442469 1.789404158529238 0.07662797159840365 0.7285014997258292 7.502044647867368 9.441380644718778 1.754035383789819 1.8617071954481332 1.8214636714081585 22.541517655785086 0.7443553991355261
1998-03-02 3.2173957183378716 1.0226066621590684 0.6311174551690093 8.884016331614028 4.522240926003887 4.305107077909234 0.2810270951003615 2.233924192391421 2.053546379690389 73.14285356088573 1.9010840178637567
1998-03-03 2.5467030860566666 0.24806594411433047 0.4606597518792419 9.620974244929211 6.642394652571047 1.5072857942046927 0.5205007135869163 3.2857276975878555 2.4023895273622005 9.22590126922777 0.024046977893186453
1998-03-04 1.7716491858097645 1.1554640360365802 0.06696979159292865 0.6267999089312075 2.577369973873935 7.1204544596327075 0.0 0.6706433780567245 1.7232460312610016 4.397813501405379 0.7266152753808217
1998-03-05 1.5285476204191262 1.4790916737248738 0.6855521052906741 0.6468406934473384 7.412323650522902 12.896558418491272 1.0615709628494596 2.1043180178952463 1.2745658846233614 5.542058847751529 3.0636974602278233
1998-03-06 0.06870186639859262 0.36265998602865024 0.718820677434832 1.8468322268475532 5.465372979165189 21.72302120268364 0.7772628826697883 2.7373909550857163 0.38260247329186436 9.24065559023014 0.2590463467736167
1998-03-07 0.14199786917911617 0.08452554893597951 0.26805817015048433 0.3107475671245268 0.9381520972466633 4.15711252073488 0.2188953414159529 14.285072262856378 2.4889816823129847 8.884957641754262 10.604277834428036
1998-03-08 0.35745436882056714 0.35187315829126 0.3176572215242962 0.6478062014500594 1.1121343137614659 0.5989697885471793 1.3289718332903406 2.1589158044222625 5.99091118493648 3.1072167696550985 5.972891071674413
1998-03-09 0.23049670526129643 0.6644089913945281 0.21354522688811728 0.6973665899791457 3.375971796640046 0.06208520999574471 1.3587093134694954 2.533054065221844 10.67232459219328 3.7577379098060963 3.7099720080268295
1998-03-10 2.1892531208965105 1.0976671880356679 0.2582086472003499 1.3325203396017549 1.4767423991963917 0.6116133739128105 0.2066089165522128 6.437558401468712 2.1675480339415 16.582043886931807 4.061910434260916
1998-03-11 2.279411580467676 0.05847070772918449 0.15008269611927122 4.968968028381319 2.739155903261713 0.44294294168772175 0.4038057684530685 2.2938388274147603 3.926513841716857 5.084664174194192 1.3389981426253643
