1998-04-05 0.4349856993793245 1.236801692471392 0.179930641722067 0.8890631837998214 0.28086209618073177 0.8093321398886065 1.007093721886741 1.2986722586742099 0.14191871990846822 0.9484052888875357 0.8826987693378738
1998-04-06 0.11365265833013796 0.1521449808091205 0.030400408950550253 0.11076497112871111 0.28145581962725796 0.01647756372029131 0.07370542412195963 0.009782108377837337 0.06810562874889486 0.07051875060244665 0.3288915243574138
1998-04-07 0.09861340126713058 0.01127450919213677 0.09090010280647468 0.031699674679795675 0.6969822293634147 0.18033334914255245 0.09997649098514187 0.13760829972192518 2.6533756306098772 1.9472986253542233 0.039582395893875855
1998-04-08 2.2367819596142526 1.0427816959776721 3.2451793204057013 1.8103197728943843 21.307310758424485 0.6268853974612858 0.6684851150728282 0.5471728415776607 2.775549574934403 0.983687186792856 0.29888098681334063
1998-04-09 4.2613471272743695 4.212985265251163 1.1481881091586708 0.32749557183564626 32.70567596382029 0.5070620369885082 11.733778721058568 3.902508062482108 1.444481447687041 1.2240745135065056 0.4303795630456702
1998-04-10 0.6485313622493778 0.011870148545075183 2.0744802958264565 0.4318314714244593 0.4800639508517299 3.6804236186104013 4.9952226191406695 0.04377320148949509 0.06322765708090536 0.3708096181628504 0.20999645395290578
1998-04-11 0.3479951534982003 0.10445816612778329 0.06795224949994652 1.1382516560413656 1.5144123574672048 0.7525344213782008 0.7023935291494973 0.2158267666074537 0.5560510000378966 1.8369638778042603 0.1222828450618125
1998-04-12 1.3480555783412482 0.5388680438706968 1.1179064503006464 0.6563999533372281 2.8278315877154423 3.5350304706538767 6.102731747659968 2.305898893127861 2.1078313824941772 2.3349447407919572 0.4094712188299698
1998-04-13 7.765774705121823 0.9642090949996746 1.3901229403572644 3.7215488097441147 1.9103548448318652 3.2990611882981926 1.4508967772810388 4.330428506393318 0.6650542345044421 1.58817003152476 1.6415460916185514
1998-04-14 0.7859102211288768 2.9845349262620684 9.851447316793482 1.3238770567033042 3.185806087922688 3.5433662923423768 0.4330482550669831 11.750260308933692 3.1959950061666245 23.182135440662584 1.7018625676383432
1998-04-15 1.981321621664823 5.393801899592492 6.836918026099523 1.3186106605483143 0.25817325919704 2.6800542050915857 0.37791926160425593 1.666701771329958 2.76719244626999 2.560054848367317 12.61933260804383
1998-04-16 4.080363539397862 5.3518905163887505 6.012047753965016 0.6668338497357502 0.29724380400600675 1.263895520019311 0.6549138003829373 7.647891123062456 5.496354237212966 8.39161679008523 4.35625952080218
1998-04-17 0.5569836087188251 0.8478983394601529 0.9188831439478453 0.1776371510555727 0.5552320052078102 0.7390879700120416 0.0945704128721936 0.1588576784559529 1.5092881498373973 1.5171157276975853 1.3858831183862392
1998-04-18 1.9676543974881064 0.1356794471781464 1.1056919496646356 0.5314372677092807 2.727139488916897 1.4202132514457564 1.0624597599537213 0.3272030147231205 29.51114376542825 1.8513324794650745 1.081978199051056
1998-04-19 2.1932628767212474 0.5819630941927683 1.6042373511574177 1.114600321098285 0.0221209449789677 0.4495097683652211 2.7555521788650004 0.5612995128523887 0.469508655090927 1.6919637492916217 4.696154809842587
1998-04-20 2.165476025225476 0.33691319739320225 0.006113532869475075 1.280174941974861 0.9341641692084632 1.2060857967350063 0.7395552062201799 0.9711965267647764 0.7034531016665301 0.7851601439884446 24.736121361607378
1998-04-21 2.2150689719017294 0.6737841755880749 1.434997097698464 0.16170775770573648 1.3425343979778632 1.1446898626009518 2.6534892703463204 0.5597751473319164 0.2113831535016274 0.22546948558153712 10.289163549031812
1998-04-22 2.3574425296996186 0.033102286704701805 0.45607451143965927 0.5581705194766475 0.7018752468005218 0.033654272462873856 0.6344507553696994 0.7202932279100113 1.291491518225498 0.29767017485904357 0.47323316569413426
1998-04-23 0.28138553150206186 0.12979516030347366 0.44679622586601647 3.748262872212127 0.2839286680409689 0.11871097437560006 0.8699500906069007 0.797946942042545 0.08881575524739223 0.042663104748057464 1.1179115415766145
1998-04-24 0.6281502970323077 0.5710636217942244 0.33938278890587636 29.06706762971298 6.2878231954703105 0.049751106376597846 5.4395301444539585 0.19774302959104118 0.4763634428507375 0.5589781169116701 0.021733907428005187
1998-04-25 0.9413050219929788 1.88725196870381 1.0004655393098993 1.1568968205318917 11.610119604971354 0.04176670889312762 3.097970727088322 0.0 0.6484596731515386 2.2273616590524843 0.04257744184198761
1998-04-26 1.386920419890383 5.9187323451783405 0.33508847846713286 1.4731424940599624 0.6946310388841028 0.06937895849879727 0.0 0.7878212519693573 0.010070794490224216 8.27051750335029 0.09660666096399237
1998-04-27 0.510725050134712 1.3243685854193736 0.7227580109360892 1.1138132996814276 0.7086337573162795 0.2152959598056389 0.059903804489127986 0.6549786095391195 0.028830117201381185 2.291686665684668 0.1901532596747193
1998-04-28 2.753596664385204 0.10993411968255126 2.4142162977722506 0.7925006650534883 0.6721024114244707 1.1025955377449124 0.0 3.4419275818868096 0.017591420738621202 0.7835941631368526 0.1965787709044368
1998-04-29 2.5367245285475084 0.014739706023489674 0.7277877717194221 1.3142979684134075 1.016799771927644 0.6313216484092306 0.04943243869164678 1.158520755994572 0.013936562110218455 0.688626716427176 0.6587711950269748
1998-04-30 1.5611207536051652 0.32631299752191123 0.21007810678624877 1.5181321388329778 1.395072076207431 1.158903010792195 0.0 0.0024728154484696518 0.0024728154484696518 0.8593442357374697 1.5166876553159319
1998-05-01 0.8959726455165014 0.0 0.06977952996732514 0.2755960397313612 0.7454367465748963 0.6881588537537479 0.05868842758565404 0.7120018220747715 0.3809099283433883 0.7140509767874699 2.1905649595975776
1998-05-02 1.9862187043307031 0.10459167805923614 0.028429546412739853 0.011826494950308814 1.9240554070616538 2.283460767959356 0.21286601108982084 0.07435901817650056 0.23370516760151433 0.43616117812940336 1.8156544948031974
1998-05-03 0.2973851093030492 0.04899409919331772 0.042748766749909246 0.22726446164962882 0.03279568893484261 0.31357965676307764 0.28877078738634965 0.07274646536666399 0.15906508027084595 0.09035793587269594 0.8170694586745435
1998-05-04 0.9958469942539724 0.06690614334461173 0.0 0.30097369325767265 0.7292124945802666 0.2318520901168221 0.10859094805881303 0.03454307928221492 0.1210789470723985 1.3803800696367574 0.16847513719291934
1998-05-05 0.31068864477028346 0.6126907480211714 0.0 0.5124365959960869 0.5225876739651901 0.0 1.0546036932394862 0.11410505489923808 0.4669260425969812 0.23855743278255154 0.0
1998-05-06 0.3208301383849834 1.176327582674956 0.0 1.2054228282157289 2.33137183508343 0.0 0.13777141870891768 0.05359520247461263 0.14348499935781142 0.6359733389031084 0.14141026482675995
1998-05-07 0.08064108365065702 4.71575233697031 0.20071842816616234 1.7301488747094762 21.88632919330736 0.09713504289823738 0.0 0.021897289440533027 0.13893549119565507 0.8322935308764343 0.15128598957739955
1998-05-08 1.4566281898116116 2.2806240842715306 1.9809155437485129 0.993770637041477 3.852643006161147 0.4231729258686521 0.16955488384549833 0.15325883948581273 1.0428974261704007 1.1008869305349305 0.0
1998-05-09 0.4384062840258086 1.0767724364107174 0.23137173818124987 0.12806738518023325 7.489687458165116 0.849112055016123 1.1327081388387519 0.07171068172599326 0.0853799334705789 1.1496245540572714 0.0024728154484696518
1998-05-10 0.7464086857414146 0.14962226238090276 2.040777951679591 0.2057241036537148 0.04162732162699137 0.03018907563152095 0.0 0.14266770371566317 0.6078665436929946 0.20429909675322272 0.011442075139769345
1998-05-11 0.1240720779315192 0.006830647857860129 0.7926099356438475 0.30868963599860005 0.2691927226724008 1.046307378776617 0.255529115588073 0.48834342060132974 0.5657000448279043 0.13497294147319844 0.008586348317944727
1998-05-12 0.5272406169987176 0.06690614334461173 0.2668892863343316 0.0 0.0317553559511738 1.251879336893659 0.11933295077186182 0.03605750708918616 0.27656127522598706 0.010160652173806878 0.06870574972592952
1998-05-13 0.10851644324894504 0.6857641411447439 0.7117191054872118 0.0 0.019946520416151352 0.5679732461049881 0.04868283599388862 0.03718765545582996 0.0 0.33014273454255827 0.050856904604374226
1998-05-14 0.0 0.3300332360746593 0.13702432289239058 0.008586348317944727 0.23249331762019054 0.12160714470367259 0.33315750767082286 0.0 0.16255673935177017 0.09769909904842204 0.2159243394981149
1998-05-15 0.4558906626965973 0.885525974085477 2.4672371222404395 0.004357832409390477 0.061928574218018125 0.1986400430707069 0.47746316159553953 0.008120025465842541 0.053036840372140126 0.06690614334461173 0.10529707718595853
1998-05-16 0.08179207371336344 0.441969500710401 4.372537130332621 0.557880067277523 0.0 0.5295899008723259 1.059122358048858 0.22905033952098516 0.008586348317944727 0.1906073857752951 0.0
1998-05-17 0.050367401499015224 0.2823605154228601 0.6034387926249261 0.0 0.05170187546310707 0.10751691610158384 0.4151824737507491 0.07494050673771682 0.004357832409390477 0.5894133716457508 0.03377957685701699
1998-05-18 0.13684145991273883 0.47835810917713356 0.17701386433586203 0.0032401466323640866 0.8143240530216195 0.05230582531436019 0.02831183025619792 0.04988673435897016 0.0 0.10937830534091218 0.08449756377920173
1998-05-19 0.23597779764065346 4.466234090993596 0.010070794490224216 0.0 0.8114265199252054 0.0 0.0 0.11428812281508524 0.5622799066865548 0.010471365278865552 0.1349906694313055
1998-05-20 0.01811873686172251 3.58434104518415 0.012944180727335204 1.3356321428973217 0.5540580999232605 0.6815636033193169 0.006316911546484433 0.2226578481404459 0.03386141100439035 0.0 0.007606289154466844
