2012-03-01 72.48363395768506 72.48363395768506 72.48363395768506 72.48363395768506 72.48363395768506 72.48363395768506 72.48363395768506 72.48363395768506 72.48363395768506 72.48363395768506 72.48363395768506
2012-03-02 64.57557657905657 64.57557657905657 64.57557657905657 64.57557657905657 64.57557657905657 64.57557657905657 64.57557657905657 64.57557657905657 64.57557657905657 64.57557657905657 64.57557657905657
2012-03-03 57.53029839745616 57.53029839745616 57.53029839745616 57.53029839745616 57.53029839745616 57.53029839745616 57.53029839745616 57.53029839745616 57.53029839745616 57.53029839745616 57.53029839745616
2012-03-04 52.19249765504609 51.611138944980596 52.322599851312255 51.25366909652621 63.74003597231254 51.25366909652621 51.25366909652621 52.728871993482585 51.25366909652621 51.25366909652621 55.302939500571284
2012-03-05 48.78247321889628 60.8864361550979 46.61413713730527 45.6618280980856 56.78591634195362 67.44762733424972 45.66441747620084 46.97608446798093 45.6618280980856 45.6618280980856 49.26931791045296
2012-03-06 50.342031101675175 54.243647922711546 49.51714099973868 56.743834900275814 75.25103085809675 66.78143813088793 48.598772182513066 257.397871685353 92.29183313848576 43.80649542089852 73.53883403299373
2012-03-07 49.01301484148968 88.85534072358166 64.54477076192694 53.69833792560417 67.73120008987037 76.29461455872814 43.45474301275428 229.8973529343734 82.22267583790024 39.02715061670034 75.49312826310029
2012-03-08 46.568368443326804 84.36424912118981 75.31554251787108 47.839780424188696 68.29910020917286 74.04721980449152 38.71377484718182 204.81525703309165 73.25207650605515 34.76923845708945 67.25673119800143
2012-03-09 43.913341387550815 75.70705018148081 67.35165183975657 45.48636525278064 61.627157646268074 67.64305500944276 34.49005238572913 182.46964994636653 65.2601810603637 43.33370723920038 59.91893561060997
2012-03-10 39.122339551429235 67.44731396086868 77.96310126373827 40.52374449656664 54.9040476458037 60.26311099901012 37.858976224573006 162.56197723673552 59.149742618859946 38.60594423167346 53.38268468572333
2012-03-11 34.85404215702047 60.08872554974799 69.45722697811097 36.10255202623893 48.91394566836371 53.688328340168155 38.89079425244231 146.46249811859468 52.69642987747439 34.39398622859638 47.558565357401925
2012-03-12 31.051421479699925 53.53296856695818 61.8793544803827 32.16371732177221 43.57737149513247 47.830862897354514 34.64775874696158 130.4832518294889 46.94718182841526 30.641558242794044 42.36986491350397
2012-03-13 27.663671592701075 47.69245307455114 55.12823758592561 28.65461453259611 38.82302440493989 42.612454442800455 183.28490716684507 116.24736179367576 41.8251841112376 27.29852496032877 37.74725833922104
2012-03-14 24.645529560993694 44.2284065732944 49.11367619863819 25.528359355896395 34.58738267669304 37.96338103990552 163.60651768678224 103.56462560918297 37.77047795778943 24.320220894279945 33.62898406772524
2012-03-15 21.956670693780076 39.4030307215387 43.75531116852741 22.743182626394994 30.813854890496167 56.013428664886604 145.75683688656 92.26559219990624 33.6496703961435 21.666853619604858 29.960018798299267
2012-03-16 21.445349399816678 35.13069267164284 38.98155063187367 20.529578095693232 27.504489296246636 55.51017457199431 129.85457914242775 82.1992978193567 29.978448221770098 19.304993637011442 26.691342342866214
2012-03-17 19.10563429036928 31.29788906854973 123.72765732443416 18.28977480941599 24.70401726040181 49.45796925855956 115.69281046627187 79.19224418157118 26.70776109261242 18.2770648887606 23.779282678705382
2012-03-18 17.021185098548983 27.88324925167037 114.11556665749843 16.294336932785058 22.00877731020967 44.0620414142759 103.0705765424557 74.5685587911519 23.793910121807716 16.283013680765503 21.18493245675628
2012-03-19 15.16415198552759 24.84115101590156 154.638358079607 14.516603886365852 19.60759149350283 39.254816214625805 98.71756905216444 74.4690145855698 21.197964027065794 14.50651601565645 18.873629169614695
2012-03-20 13.509723565592642 22.145258425948217 257.330297843536 12.932823794115235 17.468378127381925 34.97206544644556 106.62581957545973 77.47470805071998 18.885238978898773 12.923836523031465 16.814492033866678
2012-03-21 12.035795407017627 20.292700720849403 460.614421387349 11.52183614011295 15.562555681676107 31.156568276959216 98.73360866242209 84.54597456623588 16.824835198075693 11.51382939182484 14.98000939915358
2012-03-22 10.722674699912174 44.41388501577889 453.94475558728806 10.264789047850448 13.864660907793683 27.757346739595707 87.96164539472252 75.32190036498605 14.989224110888882 10.257655846064097 13.345671171436944
2012-03-23 9.774761906070559 39.949514376707285 416.67917780659945 9.14488740471172 12.352008630204628 24.728984629283506 78.36491712767416 67.1041844830612 13.353880546309936 9.138532444384024 11.889641339356421
2012-03-24 13.522276469402271 35.590971148538316 384.1030661972343 8.14716846639615 11.218100135351712 22.031020707141572 69.81520421621956 59.783031937812815 11.89695506090748 8.141506840386374 10.592466228381763
2012-03-25 12.04697877293048 31.70795057360331 353.41910827205504 7.403695370937048 9.99419103055553 19.62740810731642 62.19827594293674 53.26062651994112 10.59898201353642 7.253258007831746 9.491071040742291
2012-03-26 10.732637946268342 28.248572520881122 314.8606305258763 6.595942715470083 8.9038119779723 20.224755404897163 55.41236430810215 47.44982389396762 9.442619489452808 6.461918261519156 8.463266279363785
2012-03-27 14.210362958292194 25.166617048148087 280.5089321283628 7.848449641080197 7.932394677738803 18.018208664925464 51.772538602591226 42.272987283121275 8.412417599041175 5.756914695915748 7.612355556606453
2012-03-28 12.659994143852138 22.420906868124607 250.57046784527472 6.992173724628017 7.066960250181413 16.052399002767913 64.177015510574 40.610689408035306 7.494612055447677 5.241277803292748 6.781837807409842
2012-03-29 11.2797792698765 19.974757188356783 229.8330723405797 6.2709637532752005 6.295945828035997 14.30106169464384 80.72673697898128 99.806489976779 6.676940273158113 4.6694476763715675 6.041930609257761
2012-03-30 10.049140892439569 31.087704895273877 230.9453920656258 5.586793569298035 5.609050067678915 12.740797531804732 71.91934649422737 89.95441883509078 10.71478554110363 4.160004949303443 5.382748234881247
2012-03-31 9.3706366856981 50.62152916014741 205.7489537516847 4.977267229402918 4.997095515280738 11.350760189171046 64.07285360119866 88.5872836976652 10.67106401368723 3.7061430767925136 4.795483502528486
2012-04-01 9.81767288143507 69.70079276030577 183.3014791560925 4.434240994517571 4.45190598898904 10.112377702451472 57.08242314090211 82.06400479869116 22.872313753688566 3.3017981163597367 4.272290105266366
2012-04-02 12.218324524615497 86.3203571249671 163.3030528133915 3.950459617941624 3.966197338872211 9.00910433246554 50.854657604574705 90.99903637425436 45.95156968430205 2.9415677094236514 3.806177778306037
2012-04-03 10.926103942840223 77.22539287454501 145.48648041985518 3.5194594096899268 3.5334801250934382 8.026199501386689 45.30634927138202 81.75637152795895 41.25244422135875 2.6206389016491056 3.3909189037076524
2012-04-04 9.734051996945007 69.6523143597579 129.6137189127991 3.135481876640255 3.1479729140206536 7.150530847324574 40.588105646469856 72.83664659406449 36.751749676964906 2.334723838188439 3.026954515783491
2012-04-05 8.672054446390245 62.053157578616776 115.47269603281548 2.793396784651598 2.8045250338420384 9.634256871154392 36.15989129218519 64.89007508429349 32.74208667662319 2.080002474654303 2.742219192852922
2012-04-06 10.54643310422692 55.28307854335068 104.72194895844247 2.4886336147039687 2.498547757642878 9.017890527348413 32.21480080030232 57.81048471262796 29.338388243294183 1.8530715383987661 5.435877497273638
2012-04-07 9.434967137268602 49.25162380912331 93.29665008823493 2.217120497261225 2.225952994496959 8.034027111145111 28.700124738136214 51.50328672555243 26.137532478254894 2.3570958494721728 11.753391196709682
2012-04-08 8.405600128289311 43.87820851787867 83.11786597039676 1.9752298089731832 1.9830986694384767 13.502467916876926 25.568904339673878 45.884212123809505 23.28589418022925 2.0999336708291585 23.1010048769014
2012-04-09 7.55585876690457 39.09103972287309 74.04960024758748 39.359784100158 1.7667400625490242 27.141853340705037 22.779304100468888 40.87818576398177 22.311045719550343 1.9360111829375384 21.13010371809199
2012-04-10 6.731504889885185 39.24213206679671 65.97383251028737 35.06562606898815 1.573986457012568 24.636642591423794 20.294052823237166 36.418323297034476 19.876882031918367 1.7247898811848743 32.385440762192054
2012-04-11 5.997089077554585 76.56191382751175 58.7760028142209 31.239921315650445 1.4022625169231975 24.78511673205824 18.07994564609477 32.44503754214892 17.70828872286326 1.5366130942094796 28.852147661447233
2012-04-12 5.4187775770813085 80.50606587841531 52.363465564602805 27.83160585491848 1.249273878823557 24.227725176668763 20.57457502332301 28.90524235631609 16.0727535307237 1.3689666359093198 25.704341367179563
2012-04-13 6.0217003646212675 72.00401150423454 46.65054434889086 25.384837797334956 1.1129764972505385 30.987941150908664 45.00508098072653 25.751643362778264 14.319195517507776 1.2196106211089275 22.899964774662386
2012-04-14 8.615241980858643 64.1482815500852 41.56091016097633 42.673948196562655 0.9915493347212396 66.89902451258186 75.28407494236006 22.942106061906742 12.756952931348982 2.1063486133349905 20.401549263206057
2012-04-15 7.9430665719087745 57.47722224443098 37.02656158716 46.749061143999235 0.8833700312764577 59.83902454104893 75.7194199092222 20.439092881992824 11.365153013915851 4.479578374938951 18.175714086667657
