2012-04-12 7.278208125886015 7.278208125886015 7.278208125886015 7.278208125886015 7.278208125886015 7.278208125886015 7.278208125886015 7.278208125886015 7.278208125886015 7.278208125886015 7.278208125886015
2012-04-13 6.037877670957454 6.037877670957454 6.037877670957454 6.037877670957454 6.037877670957454 6.037877670957454 6.037877670957454 6.037877670957454 6.037877670957454 6.037877670957454 6.037877670957454
2012-04-14 5.008920621517824 5.008920621517824 5.088816451168871 5.008920621517824 5.008920621517824 5.008920621517824 5.008920621517824 5.981437243826461 5.008920621517824 5.008920621517824 5.008920621517824
2012-04-15 4.155315354159864 4.180471697259557 4.368469002649799 4.155315354159864 4.692060814785316 4.40242091367032 4.155315354159864 16.95666058314506 9.28982461970305 4.155315354159864 4.155315354159864
2012-04-16 7.95288604178866 3.8790367020562067 8.895639477104808 14.684079634146045 3.9064623217340384 9.132796900803644 3.4471789427731303 354.71810995315144 11.259679472817131 3.4471789427731303 7.187693688256294
2012-04-17 6.597578994834957 3.2179828720307264 7.502540073848368 12.181662712587194 3.240734699651036 7.576412975142028 2.8597210201155416 295.41703813823995 14.434354003758113 5.88062798127256 87.6317252958529
2012-04-18 5.600596713461235 2.6695838580736146 6.898009304409091 10.114111930019316 2.779670124253196 30.623331613135502 2.3723759191661977 269.199697880579 14.662582141686483 6.081428990547715 106.21012874187541
2012-04-19 8.675212617434761 2.214641363454765 5.823973081349984 18.04103734362343 2.3059670574920763 29.893117521265715 2.0413355558242863 287.24363073705644 12.319735225011238 5.0450500555138635 88.40904130363559
2012-04-20 7.196808836410789 1.8372288077381533 4.831469012142501 15.14544559650927 5.437533298497625 24.798821863167756 1.693457257372992 238.29243052049836 10.22024280435589 4.185287718100936 75.42564549372825
2012-04-21 5.970350204875834 1.5241337706788365 4.008104517180241 15.151747338602597 5.967083745227269 20.575909153139442 1.4048633378121254 198.52548990892444 8.478539601073026 3.472043506118179 62.57183263614725
2012-04-22 4.952900984186775 1.2643954531630208 3.3250553362274733 12.569631885950233 5.134310447200261 19.555877207107745 1.1654507306495487 164.69336983828723 7.033652247119687 3.334240894853673 51.911021144327925
2012-04-23 4.686018125388454 17.02449268633717 2.758409353245617 13.604121988423476 4.2593366208722925 16.223223117898858 1.0530228563186068 136.62681845607975 5.834998273423554 3.3846196446778074 43.06450022074415
2012-04-24 3.941625273145864 72.37970741358359 2.2883294834745986 11.285748217988518 3.533473216407883 15.549722770097413 0.8735698514270069 113.3432847950083 4.840615323966349 2.8078228904456397 35.72557692722494
2012-04-25 3.2699052860784397 62.60840923244642 1.8983592187934581 9.362464769738155 2.931309281799881 12.905783020217495 0.7246986907676503 94.02766128417254 4.015692141905569 2.3293221134931903 29.637330985865677
2012-04-26 2.7126578096530185 51.93887143377273 1.5748465199630248 7.7669415329393505 2.431764323461413 10.706418087555356 0.601197707936785 78.0253606339913 3.331349900646559 1.932366007440035 24.58662570390555
2012-04-27 2.2503747810681727 43.087604347180104 1.306465887429086 6.44332259290179 2.2926442352735745 8.881862346977874 0.6085642349575449 64.72851209965557 2.763631216827461 1.6030579734249837 20.39664650613276
2012-04-28 1.8668726432237117 35.74474371755315 1.0838218793894774 5.345270832815083 1.9019386634990236 7.368241937269516 0.504854538651642 53.697672712966934 2.2926614526867355 1.3397633440406034 16.92071102827501
2012-04-29 1.5487257924048514 29.68738446984498 0.8991201971260461 4.434345768691036 1.710524330194598 6.112568189554589 0.41881873852660567 44.55348578604473 1.9019529467721186 1.1114448830597157 14.037134075756367
2012-04-30 1.2847965761171167 24.950274731071403 0.7458948229903389 3.6786578288220815 1.4190218911420294 5.070882605383425 0.3474449020694811 36.96081402701696 1.5778278155706567 0.9220357711492568 11.676478723003807
2012-05-01 1.0658453872841336 21.337917171699925 0.6187816587174629 3.34601010298589 1.1771964256782448 4.207236050855197 0.28823438129550993 30.662062674513397 1.3089391195581752 0.8568949592745694 9.686608151019193
2012-05-02 0.8842072050257744 17.90734710412959 0.5133307396213002 9.987930352679001 2.058900798017949 3.4902514696660107 0.23911434033440557 33.42962121273229 1.0858736306980885 0.7108654838501491 8.035845368907282
2012-05-03 0.733523258389209 14.85954506679485 0.42585045068478483 8.35860281520109 52.753264536756525 2.8954532558330426 0.19836518980368692 30.204075083209023 0.900822295114681 0.5897219147578245 6.666400641611246
2012-05-04 0.6085184191441444 12.32722585113548 0.3532782908780236 7.601622874243922 43.763211013935894 2.402018774170819 0.16456038759901861 25.056786967681877 1.7715694641652542 0.5008527497074546 5.530332587835743
2012-05-05 0.5048165306319341 10.226456900385033 0.2930736614346929 6.306177045444768 36.30521551734185 1.9926739206880502 0.13651649865376508 20.78668429389612 1.4696638960072306 0.41549892248217984 4.587869853061737
2012-05-06 0.4187872077197498 8.483694709446947 0.8891116725097961 5.664280897673555 30.1181893015329 1.6530883925174926 0.11325176536491827 17.244279743105793 2.6639446526660944 0.3446908391434684 3.806018798025182
2012-05-07 0.34741874464824285 7.0379288373464695 1.7873760048226972 11.524520466606562 24.985537583978363 1.3713740141352277 0.09395173832309527 14.305561178211242 2.2099631745618034 0.28594965753401 3.1574084607598465
2012-05-08 0.28821268154358987 5.838546059937615 1.4827767332934731 10.210679942628724 20.73289786812802 1.1376685573248095 0.07794076415070918 11.867650239515912 1.8333478618003733 0.23721897236110454 2.6193323567533318
2012-05-09 0.23909633858913634 4.843558507316088 1.230086358362512 11.323945067398077 45.86365287693195 0.943790485298062 0.06465833229746008 9.845200789606224 1.520914203936898 0.19679282476997975 2.172953572653884
2012-05-10 0.30941604204367346 4.018133756753489 1.0204587211650122 9.961974395331243 44.23529135163174 0.7829525342899202 0.05363945274417636 8.167411124480486 1.2617245553529923 0.16325598031025462 1.8026453255296249
2012-05-11 0.26175473297672697 3.3333754227962253 0.8465551987652636 8.889860089811148 37.17508238345705 0.6495241057210144 0.044498377679664226 6.775545354718755 1.0467052312749034 0.13543438455268977 1.4954439020459935
2012-05-12 0.21714727446394086 2.7653115555517105 0.7022877943936358 7.374876728695314 30.839816058665587 0.5388341507770664 0.03691509728068944 5.620877185458554 0.8683288571426925 0.1123540619115119 1.2405948261119568
2012-05-13 0.18014168558078797 2.2940554331122622 0.582606009476797 6.118072299674301 25.58418686801819 0.4470076468085642 0.03062413684073451 4.662984111235639 0.7203508510496223 0.09320701880647672 1.0291763672782395
2012-05-14 0.1494424784471525 1.9031093692235108 0.7155654105664506 5.07544872152263 21.22420628101512 0.3708299409331972 0.02540526305855816 3.868332309036817 0.5975908140558724 0.07732295750604785 0.8537872097079988
2012-05-15 0.12397493835179622 1.5787871639671793 0.5936208940234398 4.210505934390215 17.60724054209433 0.3076342117957281 0.021075774133254722 3.209102689645203 0.49575117531098284 0.06414581041279818 0.7082873476671279
2012-05-16 0.10284750024939518 1.309734978670686 0.4924577971738299 3.49296410943106 14.606667283689218 0.2552081097580712 2.5319769973606934 2.6622170098031477 0.411266743131983 0.05321427330569202 0.5875831368299524
2012-05-17 0.08532053694239505 1.0865338618812697 0.4085346126442961 2.8977036156443243 12.11744274330353 0.21171630718887827 2.100485052271743 2.2085299514268506 0.34117989513669306 0.04414565604897994 0.4874489764983556
2012-05-18 0.07078046628753988 0.9013700116745013 0.33891336615310924 2.403885634395077 10.052424402191004 0.5356123168318933 1.7425266735900906 1.8321588842641736 0.28303703810112013 0.03662248541497021 0.4043793802036575
2012-05-19 0.05871827097480168 0.7477612308737198 0.28115676420622926 1.99422263617761 8.339320308949812 0.44433486816560075 1.4455704909156166 1.519927848395213 0.23480271281820195 0.030381391013664258 0.5340760599261476
2012-05-20 0.04871167890132361 0.6203299989526166 0.23324286957533083 1.6543731805462674 6.918158290263502 0.36861264923042597 1.1992206925022615 1.260906291571695 0.19478833694955297 0.02520388524901384 0.44306041556576464
2012-05-21 0.04041038031272552 0.5146152163452946 0.1934943175256024 1.3724398524315078 5.739186451176201 0.3057947843114625 0.9948530897410537 1.0460264135590636 0.16159309130724087 0.02090871452744992 0.3675553850299146
2012-05-22 0.03352376419496303 0.4269160307278085 1.3242267218313286 1.1385527586469888 4.761131465829942 0.2536821520026343 0.8253132024451718 0.8677657215110115 0.13405488011857408 0.01734551395057138 0.30491769591301576
2012-05-23 0.02781074459359751 0.37774920852850613 1.2566630358618058 0.9445240036758753 3.9497536850839547 0.21045039858887765 1.0862863928641835 0.7198836833074016 0.11120964849585416 0.014389543356122832 0.25295453438508825
2012-05-24 0.023071320701299917 0.3133743185073392 1.0425062807928476 0.7835610486599588 3.2766484783708347 0.17458607125741454 48.15679873142302 0.5972032596424952 0.09225763290122523 0.011937320427120996 0.20984677938891647
2012-05-25 0.01913957524999294 0.25997000465614484 0.8648454792397425 0.6500289188923182 2.7182518472876493 0.14483363529609278 39.950061160110124 0.4954296667611259 0.07653536310633684 0.009902997993459556 0.17408531903567398
2012-05-26 0.01587786609605789 0.21566669420420825 0.7174610999875966 0.5392529351976891 2.255015499543949 0.12015152046227928 33.141891253978436 0.411000025107174 0.06349243549428042 0.008215358702936664 0.1444182197698871
2012-05-27 0.013172007658213854 0.17891342137928418 0.5951935257244699 1.1432655648205372 1.8707225043396927 0.09967565779807246 27.493949295558778 0.3409586303995699 0.052672244585923594 0.006815321851454993 0.11980689880725362
