2012-02-22 152.05540728334142 152.05540728334142 152.79496117382277 152.05540728334142 152.05540728334142 152.05540728334142 152.05540728334142 152.05540728334142 152.05540728334142 152.05540728334142 152.05540728334142
2012-02-23 135.4659674350378 135.4659674350378 136.12483504806335 135.4659674350378 135.48040519110782 135.4659674350378 135.4659674350378 135.9024979748612 137.4804147153052 135.4659674350378 135.4659674350378
2012-02-24 121.32804958918389 122.73500954360968 121.27344105138646 120.69580571105729 120.69931931789341 120.68645673951781 120.68645673951781 121.32405505987695 122.4811252392693 125.1485386895685 120.68645673951781
2012-02-25 109.18030277294892 110.55021440040078 115.84303762152332 109.1806157919722 107.53086886072438 135.51581741979476 107.52556386542626 122.18051608078228 109.60021488069721 111.50999794223476 115.45582057146495
2012-02-26 102.2642618222293 98.48904429945833 429.2532170762464 97.46430042009514 105.53335452008623 150.5454985781836 138.55460084122586 167.0896156846554 99.73529227728245 99.3441142265704 114.50498846337933
2012-02-27 97.99436358668206 101.28487219538907 502.13944956078586 134.507469343148 140.7409257227896 141.3510624358261 125.91814813831128 149.17417497087624 121.00298708825498 99.6770088322875 129.85584776531735
2012-02-28 106.13882550221697 154.68257343438293 447.93971491482364 151.25112674200315 190.3521737176159 243.68169489432694 115.96330981335025 145.51344224699187 116.93572911208564 94.07925760499135 151.2996689573161
2012-02-29 100.77014085654886 157.6602803410801 399.06891782176695 139.4825488937331 173.8823181909079 229.16744739413662 103.3115640640262 133.43315819180793 104.1778911707645 84.35929367340268 134.79268112913206
2012-03-01 89.77598931592226 187.39328443976328 371.91161032488293 124.32205713022013 154.91153438355184 204.16498512293134 106.61372149140611 118.87542959050023 92.81194970259929 208.77675791415913 120.08662683264467
2012-03-02 82.81654525354826 166.94843689549455 331.45149831698836 135.67605477819347 138.84391168497478 190.89460219906258 95.28238441331659 120.52182294145541 82.68604701815275 185.99894600322173 106.9850219110018
2012-03-03 73.78115400719888 148.73414842573075 295.2897149763011 138.35007764167668 124.95551061179134 182.99589228644956 84.88695413518015 107.37273756648091 73.66489329656548 165.90554821716665 95.31281888072897
2012-03-04 65.73153552792975 132.50706217617977 263.2253713219172 123.25590682558747 111.32270422861777 165.8768005111586 75.62567862587109 95.65823426119819 65.62795900985637 159.58100502005908 84.91406816318508
2012-03-05 58.738466848252315 118.45517694098264 234.50714589271206 109.94665529366853 99.17725449719299 155.5432932744442 67.37525777105304 85.22179828287103 61.3318526634938 145.19061479543888 75.64983447866427
2012-03-06 52.33002482063804 159.89695113845434 208.92211567056796 104.67500782824189 88.35688890022865 138.57332059353044 60.02453078260734 77.03217713918467 54.640468919080014 133.4418204765641 67.39634056457207
2012-03-07 46.79432549645575 143.7978894660252 186.12844504207789 223.88885629204844 78.7170390600833 123.89693609819585 91.78938863222437 68.64675394941624 165.36846420151653 119.33793831371722 66.95909899043893
2012-03-08 41.68900460103539 146.38753552986887 166.013183765719 199.46229507649377 73.31781929344616 110.37962155139938 81.7750486713353 82.07511835668328 158.03171488508545 106.31801626920274 102.981532762891
2012-03-09 39.72209872708039 130.4420161679539 159.5344186566288 178.43041464869623 69.72433586337908 176.66369132548544 72.85328603715762 73.195450393475 153.20529938097064 94.71858440945758 148.34038983615773
2012-03-10 35.38836683780104 120.05664919693199 151.31380234479346 173.27596930728234 78.83558605636111 159.920080909468 65.66626215014885 65.27405970318912 151.02966257946866 84.38466543445438 132.17116870585863
2012-03-11 31.52745065287811 108.72238612871497 135.10765246294167 155.61216967423223 87.28311186330934 147.2773683958298 58.50198877463615 69.22313096676385 280.83075623218417 75.8169501676701 117.75112477516106
2012-03-12 28.087765372882952 96.86063443523221 120.36723439018624 143.42564886772723 106.99054883184148 132.2493956407891 52.11934680798491 61.83152566534037 250.23670155821765 67.54522371768834 104.9043261217752
2012-03-13 25.023354166129053 89.54419108863239 107.2350148243157 137.47727587947614 124.1405932795577 124.93637673645411 46.43305926154657 57.709049327373556 222.93555664988375 60.352761946116345 93.96488312665515
2012-03-14 22.293274150177083 82.07189786557952 95.53553724674413 131.0259425591293 117.80813150332246 111.33397293987984 41.36715297544723 51.4129180708557 198.61300164728544 57.87538620742006 83.71319392774487
2012-03-15 29.648138918724648 73.11774860379059 85.43311676968214 117.00338873926925 156.36002752478106 99.44855235798127 36.85394355894223 45.80370280518059 176.94406857357262 60.35898998504978 74.5799771616625
2012-03-16 26.49904903445536 65.14050850442555 90.20555068852528 104.2381690458917 153.73083735632085 88.59858781663888 32.833131075078974 40.806460115217384 157.6392438747331 53.77374680592736 66.44320605226183
2012-03-17 23.60796881673519 58.034376471119636 98.98829640869815 92.86565118428182 149.44836829180153 78.93236831488873 29.617756724650416 36.54419078863612 142.78969216727154 47.906962099004744 59.19416710109541
2012-03-18 21.03230915672736 51.702751606195235 94.65828400023213 82.73388959934543 138.0635179425815 70.32074575151641 26.38642150018435 32.5571727290728 127.21115371547675 46.405117346796956 52.736007591751836
2012-03-19 18.737657267260584 46.06191513028857 106.44572743674449 75.63433898261047 123.55075876062337 65.05852990080122 31.738731809382855 29.005143450605427 113.33225377827276 41.342259559414295 46.98244156333177
2012-03-20 16.693354840356303 41.036501144664015 100.39688587297931 67.3825356470004 110.07121260510647 57.96056089271958 43.22371061939099 25.840645119621865 100.96755961501965 36.83176604650821 65.58889371007726
2012-03-21 14.87208842873607 36.559366266746544 101.09401824534552 60.03101463295918 98.06230221404293 51.63698940201976 38.50794838408521 23.021397612991347 89.9518694347801 32.813373157679855 64.64017627085757
2012-03-22 13.249524517231526 35.35870171328607 95.02028160668398 53.48155398516808 87.36357934038219 46.00332766688648 34.30668185359665 20.50973362321384 80.13800517377355 29.233392084038385 69.82645536057545
2012-03-23 11.80398440837133 52.31782446897552 333.17643865890403 63.58894708466134 77.83210084649906 43.7375334702859 30.563778887018465 19.971691049647596 71.3948460836395 27.0918363831562 63.63560339771393
2012-03-24 10.516154578367315 56.49800496068028 300.04955680273673 192.37501555998287 69.4611542028322 41.459070621464285 27.22923143197026 18.311587968754232 71.75185652156595 25.32420364947715 83.07547412886548
2012-03-25 12.04598047633282 50.33400019695731 267.31376553413577 176.58587365083966 61.88285323985238 38.63296954878796 24.34145169939964 22.938215290290998 63.923636999253375 22.561300569244818 94.51541683610958
2012-03-26 10.731748565109166 45.97678957927367 238.14949105562945 157.32012847722567 60.13860163563705 87.08330445898619 23.55709981396263 22.244819380742527 56.96091365169115 35.860053258185395 101.70039305840422
2012-03-27 9.560901040060866 41.21636473198447 212.16707630723516 140.15630079803455 53.577403107942246 107.9736503537381 20.987599936909792 19.817881071567573 53.83092795413457 31.947675480162353 90.60474981010167
2012-03-28 8.51779448085753 38.207590365072654 189.50909955196508 124.86506872026148 47.732039750154634 113.8762741185452 18.697825880635865 17.712840794159796 47.95790471064411 29.41093194972301 80.7196554632464
2012-03-29 7.5884921843794775 34.039093279475054 200.93232917020578 111.24212966338695 45.37378633628511 102.81818528987019 19.8613500001136 15.936608811318603 42.725635831410024 40.01639288502124 71.9130375809367
2012-03-30 6.760577959682289 30.3253845693444 241.6630643999346 99.10547072031348 40.42344808417068 91.60058947626186 87.0643301454176 14.197904361508408 38.06421419393478 35.650553125866246 189.00005365435865
2012-03-31 6.022990238169394 27.016846239942364 215.51490222688423 88.29293682542283 36.01319808100082 82.67058391248322 78.59989251059521 12.648894795947582 33.91135963239641 76.95860977236602 188.89268226482304
2012-04-01 5.365874282557484 24.06927368335989 192.5183465948651 78.66006423861575 32.08411200649835 124.32257180968698 70.84258753091575 11.268884159602305 30.2115868268986 70.36761872105038 176.96266511204706
2012-04-02 4.780450520033252 21.443285071074904 171.51434819986346 70.11456854115146 28.58369425926103 119.27409046213953 63.113570421038204 10.039434452662245 26.936596751630283 63.7782794358629 158.130740346134
2012-04-03 4.323460553697185 19.103795182539063 152.80191295393476 63.68490825562249 25.465176575291586 106.26113430007554 56.22779898536352 8.944119284731315 24.04670892427538 57.84339311021716 140.87847387295415
2012-04-04 3.8517654652196898 17.849430723947634 136.13102838005273 56.73680312981974 22.686893168145218 94.66790833607627 50.093274039913595 7.968304405661961 21.423182156131336 51.53260477478075 125.54904508341609
2012-04-05 3.8910998219183535 23.66048976745333 121.27895868291566 50.54674517973772 20.211724042087923 84.33951818563801 44.628033629612275 7.09895218075679 19.085885521384927 45.91033153628542 111.85148332855958
2012-04-06 3.4665758435036795 21.079100004397304 108.04726882800526 45.032030486795215 18.181432696385187 76.66107269922374 39.75905795374605 6.324447397976305 17.00359094557561 43.852598307563355 104.16959146860246
2012-04-07 3.088367975314195 18.779343173470078 96.259173297435 40.287286416550565 16.197815083164915 68.41807636481816 37.78669671413866 5.634442079803597 15.148477377196492 39.06822361933191 93.6067150781725
