2012-01-11 0.05164748222975334 0.05164748222975334 0.05164748222975334 0.05164748222975334 0.05164748222975334 0.05164748222975334 0.05164748222975334 0.05164748222975334 0.05164748222975334 0.05164748222975334 0.05164748222975334
2012-01-12 0.04284591759212729 0.04284591759212729 0.04284591759212729 0.04284591759212729 0.04284591759212729 0.04284591759212729 0.04284591759212729 0.06387452708877459 0.04284591759212729 0.04284591759212729 0.04284591759212729
2012-01-13 0.03554428864772199 0.0452586982905985 1.2986487522168428 2.9261881494621216 0.047901387549059905 0.5378695492376655 2.166754105196243 2.8725076872632007 0.03554428864772199 0.8419246789450772 0.03554428864772199
2012-01-14 0.02948698085160354 0.037545889865296625 1.0773369605112013 2.4275159627132106 0.03973821992634378 0.8265462172224658 1.7975023963069825 2.3829835642888435 0.02948698085160354 3.8730429608038954 0.02948698085160354
2012-01-15 0.024500675110863585 0.031147474573805282 10.28052567463559 2.0138259975712733 0.032966194304542486 0.6856887265590045 1.4911774583691866 1.9768826772608452 0.024461940724755802 4.116141111788992 0.024461940724755802
2012-01-16 0.11069100529754224 0.17158812455374647 8.528549287282686 1.6838699231808667 0.22699021082217297 6.600059771845689 20.715243683608445 1.6399882878910905 0.04117284118742142 3.415735576248185 0.020293252307548006
2012-01-17 0.17330684003698438 8.636612446156416 14.34018251347496 2.1949045198245494 1.7768950748980767 6.563989998797821 17.190277314296846 3.0399590515230783 0.034165832412911434 3.366995626009149 3.2162511571499564
2012-01-18 3.140055730427824 13.911947294916365 12.027585029048895 8.820708847516642 1.4740819732626929 18.013218193172232 14.535624584595293 17.487148181343336 0.028343434638380408 3.564070362787985 3.54232869786888
2012-01-19 11.914198663668804 11.584708955128951 14.299745470333933 16.899639738290062 1.939748148285065 33.315606884649306 14.644617789703556 24.234920392532597 2.9404168837437386 3.3626642547011047 6.687334673835994
2012-01-20 10.514714506329632 10.572250652364866 11.862825667213492 21.472602667637624 26.85253031741782 35.81646384715571 15.65573653522229 44.42494180994227 2.439319875165546 18.6667068525126 16.96599910179478
2012-01-21 17.038106639500675 8.770559364191318 11.555577094147692 24.760635295630465 40.949036700000406 34.34514809176877 13.659505770465447 37.652409168067045 2.0236183191248043 17.560914658941737 19.018581584596294
2012-01-22 30.87192698034705 7.2759069147630715 9.6704791573262 52.627600066903845 51.05754343453444 42.14397374095154 119.75914646305654 40.12138600675108 7.655933610129525 14.727897152784896 15.799453067912872
2012-01-23 67.10788350789431 6.035968663742816 18.196811052903815 43.89790606086526 51.994168370351055 37.35979700590392 99.83019268241483 38.09763368117583 36.193226979883015 12.373961549497288 13.106957580976509
2012-01-24 56.22531035228566 5.007336979462185 20.47027218606338 36.41695627519565 54.72032899086508 31.166618865921738 83.70496327729423 36.69350577728608 31.84113796700497 12.132675175820484 10.873309119375461
2012-01-25 47.415318291209026 4.154001628981004 16.981789677430154 30.21088757105887 45.44221132574627 25.855296955878806 87.78453144557605 30.440308334343563 27.253393279393187 10.06506100646473 9.020312345771162
2012-01-26 39.33494163508255 3.4616832823158648 14.087803921066486 25.062438528550874 37.69808565581999 21.449114635588323 73.09089663489415 25.25276209170421 23.205536772678034 8.357940163858945 7.483097738280757
2012-01-27 32.63159859448866 2.8717536098120937 11.687002558986563 20.791372768976505 31.782186120379855 17.793820724036593 60.634964729381 20.949353840925298 19.34866865289047 6.933605041510661 6.207850644873384
2012-01-28 27.070619220283913 2.382357986727087 23.539713180945743 17.305752616330313 26.36596107886424 14.7627273320039 50.301735474859214 17.379227668384832 16.05288624078077 5.78556340859318 5.149927345522343
2012-01-29 22.457325314006486 1.9763637011290078 19.52868766074631 22.05799736480838 21.872752904953977 12.246907540369197 41.72946423594639 14.417511717088626 13.317201427621786 4.7996050362148885 4.272292169409209
2012-01-30 18.63021515336641 1.6395577465981972 16.20066716750334 18.831495135981918 18.145263825426056 10.767715448064147 34.618053815806995 11.960522537292203 11.047723835608268 3.9816707395208817 3.5442209539384097
2012-01-31 15.455309656428959 1.3601492547485348 13.439797969948945 21.605611725707938 15.053002282989464 9.768920280761932 28.718548684103045 9.922246102571382 9.165003824850244 3.3031263582097914 2.940225456387743
2012-02-01 12.821462055583542 1.128356721709967 11.149427840999202 18.061517697678948 12.487714701161009 8.104130145606335 23.824419567187757 8.231326639560878 7.603131325401845 2.7402174799152035 2.439161064107618
2012-02-02 10.636466882842942 0.9360655782390028 9.249375736959685 15.696381776108154 10.359595754104385 6.72304856433766 19.764333292364952 6.828568612320411 6.307428464257132 2.2732378481611053 2.0234865660787213
2012-02-03 8.823832050227365 0.7765441157065502 8.72411442147995 13.579366193482299 8.594144470945725 5.838172302418548 16.45091516000197 5.664864411051969 5.23253540795046 1.8858394877457276 1.6786500719863209
2012-02-04 7.320101022552553 0.6442078231290502 7.28951090484809 11.26521126402825 7.12955611338625 5.350164143172257 14.071808098094074 4.699475197906239 4.340822410134358 1.5644603964936046 1.392579581128805
2012-02-05 6.072631337520235 0.5344238851777476 6.168499013397776 9.345427694049746 6.7831626487828975 4.438405207753752 15.999135004892166 3.898604725903573 3.6066899150529848 1.2978497680671024 1.1552603670487878
2012-02-06 5.037751703768881 0.443348997052343 5.117281897126317 7.752807896293994 5.627196394630228 3.682102134109326 13.777160580977352 3.234216203367822 2.995204569272358 1.0766741248860354 0.9583843830110645
2012-02-07 4.179233160761295 0.3677948184586782 15.076094985522753 6.500004876368113 4.668226450820807 3.0759941331629608 11.42929812240623 2.6830507847838114 2.4847707983307075 0.8931905726968081 0.7950594147501524
2012-02-08 3.4670207790304195 0.30511635651702784 12.869104741216521 5.392293521810255 3.8726812954968786 2.551792446005589 10.504380734191326 2.2258133275065486 2.061323623159604 0.7409757381203743 0.6595677985364848
2012-02-09 2.8761815002749294 0.25311937012124086 10.720897777627204 4.473355021980747 3.212710565121211 2.2572544614370535 8.717139774818534 1.8464969093761203 1.7100390483476475 3.2096232213941867 0.5471662577879302
2012-02-10 2.3929593048503977 0.2099835541699823 8.893949664533345 3.711019271725815 2.6652100717918454 1.8725799389031603 7.231590922921982 1.5318224600198458 1.4186193394330957 6.358010243329559 0.45391985092715653
2012-02-11 1.9851583684697776 0.17419881451148106 7.73124940918099 3.078598498970082 2.2110129741892472 1.55346049727209 5.999204861702793 1.5236057709620583 1.1768625050705246 5.314741912702922 0.6556179922174297
2012-02-12 2.1109724367983618 0.1445124027215506 6.413713043130549 2.5539529819145836 1.8342187867509145 1.28872443578027 6.431289409884258 6.540311424345602 0.9763051467586846 4.63809135677234 0.5438895644026147
2012-02-13 1.7512268580526837 15.335402342204407 5.320707282566269 2.118715983914861 1.5216367370950692 1.0691039014863097 7.019158988853483 5.537526576284987 0.8099261730492667 3.8476817319509338 0.45120156060037275
2012-02-14 1.4527880442052223 22.838372589222406 4.413968293424738 1.7576507726383992 1.2623239848069272 0.8869104412207993 5.822974941106874 4.789791248506077 0.6719010058938258 3.191971350362016 0.37430916871843556
2012-02-15 1.2052082797961823 18.946325484927957 3.6617530497713964 1.458117214093676 1.0472025355979182 0.7357658450021882 5.194415864870523 3.990720273338773 0.5573976744097313 2.664007764736091 0.3105205478338654
2012-02-16 0.9998203177783961 15.71754940410156 3.037728077187211 1.209629268109017 0.8687414398078327 0.6103788583125058 4.309199080534477 3.978145483185849 0.4624076577365071 2.799471182712037 1.9070105411627933
2012-02-17 0.8294339574169922 13.039011683206787 2.5200475731829117 1.0034878941081218 1.1251627316184465 2.824340207988499 3.574838291941459 3.3086582989278246 0.38360555514653544 2.3223937058819293 1.6404918702755538
2012-02-18 1.0438701439614657 10.823160623634259 2.0905886315742874 0.832499341867361 46.349606299326375 43.553513442804054 2.9656250716112162 2.8266954205443144 0.31823267075567546 1.9266183450266925 1.3609241802297827
2012-02-19 5.1897314789951645 8.978709995641342 1.734316797631497 0.6906273209081649 44.30564230007841 49.363809043794866 2.460232145363879 3.2799378885909976 0.2640004373792239 1.640962726859127 1.1289995791813139
2012-02-20 7.275232012929728 18.467796351783093 1.4805032255441786 0.572932704963519 36.97216244186663 45.32051072120435 2.04096676928141 38.67991243544855 0.21901029860542026 1.4240209071129515 0.9365988744400183
2012-02-21 12.788768149082037 16.920262209308177 1.2282003206069219 0.4752952530063484 30.671477152059367 39.46724519335905 1.6931513439336365 34.85919911175376 0.1816872443263006 1.1813435499071725 0.7769865218441302
2012-02-22 12.273567976078548 34.929690578939244 1.018894121570789 0.3943035524012353 25.444535799513474 97.56701570085409 1.772528195312113 28.918598711053242 0.1507246729445441 3.823454912969978 0.7517295311745923
2012-02-23 10.18194326476854 33.496158476714285 0.8452572584523185 0.32710754552156496 21.10920897774126 80.9399367967993 1.4704592679592798 23.990377658066965 0.46230499644581524 3.1718731900576684 29.537316777021605
2012-02-24 8.44676697899645 28.513496819857078 0.7012110697396046 0.2713628807616824 17.60300447177787 67.14639493675564 1.219868023174683 19.902009293051382 0.8979759544660046 6.412140191158613 33.158943045123266
2012-02-25 7.00729424445738 24.297847996747574 0.5817128012302789 0.2251180546607822 14.603153136016452 55.70350721465088 1.0119817883032673 16.51036843347624 0.7473571116893192 33.8136199556885 27.50809519568318
