2012-03-29 40.03509319333791 39.60291082213498 39.575118835454454 55.528694644025975 40.744153307066206 44.95935698861079 42.54793759692541 42.44143133744968 39.862980527375676 42.37756991625983 46.82311138036285
2012-03-30 33.283889574270844 37.3693095776101 32.83084547859373 46.2573074666845 33.80065659290044 43.1953828280882 35.29704536038089 35.208689579015115 33.835003542910584 36.96860396193564 38.8440871375335
2012-03-31 27.61174868691778 31.31211442159454 27.255068278490462 38.37427551408802 29.336106821862465 56.89885302650023 29.281828486625173 29.208530033189795 39.60514546869678 30.66852507202848 32.2243940156383
2012-04-01 24.41624425486514 25.975997556890896 22.682503984923454 31.83469660643338 24.336735260773494 48.4455680549858 24.30358464406767 24.230899726760768 45.1420473390116 27.78208783959608 26.732809191742913
2012-04-02 20.64131121713669 21.549245764452944 18.81701951402592 26.409522849174728 20.189341644733737 40.74540219132993 20.161840456951733 20.396398490764543 39.56311660424316 23.22729086729641 22.191288004014535
2012-04-03 17.123680711182182 17.876887769171113 15.671543848263966 22.405884079581142 16.75055027276047 33.801692646044046 16.816066484567454 16.92050527894416 32.82088863171882 19.27393689161551 18.409515091035058
2012-04-04 15.734688496744534 14.830898097257531 13.000846229486694 18.866997103122408 13.895971607134735 28.041309308287094 15.349223454688255 17.620350710987122 27.2276509798566 32.16912625963373 15.356421233161875
2012-04-05 13.492510527646623 12.500919166804266 10.785280909097345 15.651739900343669 11.52786169779231 23.262593265874944 17.426094829932314 50.555457835662025 22.879572915976762 26.686960001374505 12.739425867712338
2012-04-06 16.102097854752994 12.670348012295856 8.947285602403156 12.984417211124354 9.563317994633753 19.298251715144144 14.456391881869092 41.939947955764346 18.980504547411122 22.257513600158905 10.568411023297193
2012-04-07 13.358799734279216 13.24665792795712 7.422515957229165 11.836070298414391 20.862578523365602 16.009501391549332 11.992776825890124 34.79266749497143 15.74590374555169 18.46445471920848 19.850641807843125
2012-04-08 11.162981103563508 47.03509604847221 6.157592993401999 27.967621105273658 17.477978097962552 14.376872817984738 9.959005457940943 30.281765561147395 13.120581913662047 19.19441199444783 19.3847345740864
2012-04-09 9.908140544578698 50.729581062749304 5.108234416857981 23.201462785969316 14.49943335857834 11.926809162979334 26.986969949651474 25.642849149935373 10.884611596183202 15.923357725401482 16.381362825844388
2012-04-10 10.210132176180489 44.48394240258083 56.77076736458781 19.24753890874267 15.019199720012052 9.894278026316405 22.38793126651898 21.279172762321096 9.029688650958816 13.209746739022346 13.589699980440711
2012-04-11 8.802122346784492 36.90312201891333 47.09606302882808 15.967430909899507 14.899936210071688 8.208124765332991 34.77690541132355 17.652839800097297 7.490876124771301 10.959594668764058 11.732697817013188
2012-04-12 8.570740881436333 30.61420236583637 39.970859481119355 13.246309103269898 12.360733656611608 7.314972588496594 29.67332794456421 14.644495652560975 8.118503350135157 9.918309429831174 15.090518912527491
2012-04-13 7.110140861117713 25.976354187602816 33.15914518734325 10.988912734270276 10.300638742795085 6.068376843836122 119.31573830964237 13.547211476564607 19.350893175239694 8.228060808954373 12.518837825072433
2012-04-14 5.8984519266514015 21.549541619225536 27.50826286521794 9.116215101125942 11.728396915713013 5.090936786272413 109.55123855107598 11.410549521900581 16.549884606415173 6.95388619641506 10.442013561916582
2012-04-15 5.185926910098245 17.87713320525814 24.751683685325816 7.905891029290195 10.451387312140813 4.517403392901492 91.86740188126896 9.465997808799782 13.72950278332541 5.774018493072308 11.237372925349947
2012-04-16 14.08528417289596 14.830565646622546 49.760191607315946 9.482029428738297 38.28802930535174 3.756095905967269 97.75558471603571 7.8528307812190645 11.389761992919114 4.943944937962151 48.16404264179938
2012-04-17 14.457712282653105 12.303185017052602 41.62379880989309 7.866130340448698 34.62861604470843 15.087564735575128 130.01117958059547 10.167750864693883 9.448752828318188 12.550722699940724 60.80338318431812
2012-04-18 12.009519463234051 10.290942444538091 34.59441800183725 6.5256079405739005 28.72848552982996 12.961245203900289 108.05834134281717 9.245767266968942 7.838524638720078 17.175243303784978 67.36864338619301
2012-04-19 10.013273022111195 22.836329427773766 30.333768540332457 5.413533357706111 23.832662971535836 16.036419860641644 106.60639325469856 8.360935732195797 6.5027067199471285 14.437405201688554 120.55233954382251
2012-04-20 8.306840989936111 65.0786946061522 27.436690684354737 5.359962447163276 19.771171847017467 13.303541163417464 125.87414589272841 6.937547764035715 5.394534894585997 11.99219710308014 100.53477194639807
2012-04-21 11.04223694695176 54.90139060491277 63.246148142860434 4.446533682074103 16.602673764530063 11.859707702117982 104.4470728597538 5.7552716288350725 4.475214396435857 13.70526342562732 83.40193687657943
2012-04-22 9.160451961009676 45.545259864007534 60.10759369095794 3.6887687144682935 29.696737943255002 16.071034290900528 86.66638802752337 4.8600659173242935 3.712561747291301 11.480934763471064 69.18882830383917
2012-04-23 7.599355142721633 37.783572933658384 52.621352090021226 3.0601397856710046 45.45061204760002 13.529396400651809 71.89696145574862 37.54336212527047 3.0798780810208446 10.92538749934543 57.405535681363
2012-04-24 6.304295773944176 31.46382248992487 47.362561725171986 2.538639918278878 58.0256322268763 11.280930018326812 59.64449637531687 31.145334668644924 4.082597106803465 9.063515646691219 49.61945507711903
2012-04-25 5.23215431619678 26.101875978198724 52.24127891965693 2.106012498140364 48.61987050804107 9.358467673248084 49.48005973875219 25.837639910491 3.3923303432952268 7.525103657436252 48.85871510197409
2012-04-26 4.362762044062331 21.703177186930102 43.37166819310749 1.7471121486701442 40.33421762990789 7.763625609674872 41.04781598531005 21.434466614233674 2.8142195548720554 6.2426980046463125 40.69178503749963
2012-04-27 3.6192731883906 18.004586659138745 36.291152696061296 14.115043728320586 33.460580927456895 6.440571759359632 34.052569985971026 17.781668938352095 2.5965406035115675 5.178836086690399 33.75721276716493
2012-04-28 3.002487479240778 14.93629886418923 30.284198922653577 13.070374466414409 27.758328828292647 5.34298878809533 28.249432882481425 14.751370114486276 2.454372996588871 4.35157201925747 45.65675627798985
2012-04-29 2.490812545434616 12.390899495998552 25.12325634211094 11.772147146273229 23.027837472700813 4.456609419158849 23.437413651298225 12.237485750577084 7.7795450578980345 3.696985784795887 38.419570191389916
2012-04-30 2.0663357230931543 10.27927947317989 23.610527978678533 9.765973047801616 25.544287678265135 3.7231610339297263 19.443279733485202 10.152010039292254 8.908517152846835 3.066956527455861 31.872221977447815
2012-05-01 1.714196970927185 8.646611875497452 22.08755743888112 8.101685137412105 21.55567245531012 7.4306425875097535 16.129814168877857 8.421934859702143 9.032214133790326 2.549504246503745 26.72793793389559
2012-05-02 1.4220686514279017 7.173082147350311 18.323461978485007 6.721454477666473 17.88221924259817 6.1643347076617 13.436255199833631 6.986693916430872 7.5296722619882654 2.115025360051325 22.173042711953478
2012-05-03 1.1797239661907182 5.950666947182408 15.200832405577131 5.576004313852219 14.834784936694394 5.113827228341893 15.131365033777517 5.796042440967103 6.246488041278121 1.7545890656174694 18.394379107062743
2012-05-04 0.978678937200112 4.936572088383383 12.909004899944728 4.62575834016424 12.306685268332712 4.242344090892508 12.552723072536057 4.808298227934219 5.184144119678468 1.455577246180215 15.259664049262165
2012-05-05 0.811895400592837 4.095296241599604 10.709090904177737 3.8374504425046747 10.209416782252909 4.216459775040629 10.773073740880497 3.9888824286971376 4.300677787971319 1.2075221264714375 12.659157753628099
2012-05-06 0.6735346153354679 3.3973881078181756 8.884079670187125 3.1834836184195052 8.469558517268482 3.636067029845958 8.999998745241749 3.3091090185572045 3.567769145487813 1.0017398181682413 10.502444600332039
2012-05-07 0.5587528611740008 2.818415390295877 7.80481957314324 2.640963864052238 7.0262016927481845 3.016419364476513 7.466245883964047 4.143732771597955 2.9597606012470226 0.8310263152165265 8.905447777940017
2012-05-08 0.4886222323891778 2.3381094712074786 6.5632676498559785 2.190898703192655 5.828817420237937 2.516277008289056 6.1938705968468994 3.4375702292795274 2.455367054164341 0.6894052967220362 7.80521694094711
2012-05-09 0.40535269333545326 1.9396558499408292 5.444775211996776 1.8175323006073612 4.835487793289037 3.2754741572769164 5.140503578376001 2.8517497948287676 2.0369307464043374 0.571918908518228 6.475075220383121
2012-05-10 0.33627370001357104 1.6091055027749273 4.516892909254785 1.507793883367425 4.011438429665881 11.21292901650721 4.264474337160116 2.3657631262448544 1.689803102395989 0.47445419911343456 5.371612272513401
2012-05-11 0.2789669420731183 1.5930233032615997 3.7471375326429675 1.2508401605632276 3.3278210933205257 9.302055198722792 3.5377353784555594 1.9625968518168782 1.40183191299361 0.3935991339046704 4.456198179039927
2012-05-12 0.23142623037885102 1.3215450376959825 3.10856156447132 1.0376757224825894 2.760703778288372 7.71682678029126 4.904329934788877 1.6281369677427742 1.1629359121789151 0.32652314701836205 3.696786216773657
2012-05-13 0.19198726454612877 1.0963312859789156 2.5788098023969144 26.495659756461123 2.290232899465015 6.4017482464733675 4.068548699363157 1.3506747365242053 0.9647518531287907 0.27087804914903596 3.0667909692187094
