2012-03-22 27.121189210025673 27.121189210025673 28.066613990530655 27.121189210025673 27.121189210025673 27.121189210025673 33.378595313799835 27.121189210025673 27.121189210025673 27.121189210025673 27.121189210025673
2012-03-23 24.162232701654233 24.162232701654233 25.00451042670423 24.162232701654233 25.69297847148804 24.162232701654233 173.30282404811666 24.162232701654233 24.162232701654233 24.162232701654233 24.162232701654233
2012-03-24 21.526102141313075 28.128395444493567 22.27648628687828 21.526102141313075 35.968169244041526 21.526102141313075 154.42975302569099 21.526102141313075 21.526102141313075 22.084980578716518 21.526102141313075
2012-03-25 60.99966980595894 38.85880491151057 21.183432191552512 53.02022132819429 32.87846929957387 63.75105666182814 195.07651280064601 24.305205701230488 52.819727548999474 21.914955563780826 111.71576119041329
2012-03-26 66.15167250674193 42.4378113371138 18.87229258526762 78.26015644501872 29.320947854026823 85.39588789138915 175.77321511390156 26.84563757654219 47.28456215873554 22.23788485249328 170.28399864115303
2012-03-27 58.93952584719571 37.96642650424315 16.81330127258503 73.50655860044294 26.180943836030885 76.0790870568954 158.68359686611376 26.076311806055244 42.12575581504536 19.81170310923941 202.26640201346322
2012-03-28 52.5091480250667 33.82424070500028 14.978948551453993 67.52199334405232 23.324569303224784 68.93219094589446 142.17649195458276 23.231352761843066 49.40599801838841 17.650220904199017 180.19887827665357
2012-03-29 46.78033266617389 30.13397268615567 13.344726063581094 60.158831805492646 20.779828893419108 61.81157100018253 127.58016304182689 20.696782396192656 44.015740303027016 15.724559178445364 177.64130086595557
2012-03-30 44.65272783910836 38.05178403934109 11.88879934397899 67.7337644212965 18.512722924323292 55.06784937030382 133.1177117659858 27.22315239678632 39.21356661396546 14.426276914559867 170.13719282137708
2012-03-31 39.78105799333168 33.900285623602606 10.591716095779192 66.52240763239796 16.492961122567493 49.05987641474956 118.59439877409248 24.394783735329295 34.93531623009323 13.800576423196071 151.5750069925612
2012-04-01 35.440893572526285 30.201721006659522 9.436146292636666 59.264727687313055 14.693557922434415 43.70738101002443 105.65559784646382 21.733281559116254 31.12382844721803 13.026914713446399 135.44332815141803
2012-04-02 31.574246653512414 26.90667453046569 8.40665063629529 52.79886992756406 13.090471918018217 38.93884971510275 94.12843668576636 19.36215268200031 27.728178867246942 11.605661619533493 127.42955071891636
2012-04-03 28.129455869861662 23.97112184861175 7.4894742757296955 47.03844553772587 11.66228465161509 34.690571297044904 83.8589035839039 17.249717004832164 24.702999009196894 10.339469060013476 121.18033004626481
2012-04-04 25.060496176445536 21.355841727314626 6.672363031793168 41.90649083287468 10.627288246339985 30.905785500093888 74.94661779469625 15.367750767889124 22.007870151516123 9.211419731818243 107.95940070204111
2012-04-05 22.326363919556727 19.025892019673094 5.944399671992045 52.275630561632326 9.986116997416215 30.897240674004664 66.76984572224937 13.691109459813159 19.60678330698527 8.206442031330024 96.18089169664819
2012-04-06 21.364467184262967 37.57468521235398 5.295858047892074 46.59051677237087 8.896618832198067 27.52631211054482 59.57364128759686 13.477766637145027 17.467658115049087 7.311108686205428 85.6874331221392
2012-04-07 19.03357642821172 33.47523889021341 4.7180731463207435 41.50743167000167 7.925986313388954 24.837016695861422 53.07408065807292 12.802332087027228 15.56191422361142 6.5134573567256115 87.75031451174009
2012-04-08 16.978082684660205 29.823047416733235 4.2033253181499886 36.97891766810269 7.061251046596572 22.127266336773623 47.28363042475462 11.405581245539974 13.86408943362581 5.80283080976909 82.54684159261053
2012-04-09 28.12327104854286 26.829019136220218 3.7447371378671255 32.9444703487303 6.290859505880483 19.713153215381972 42.1249257344359 10.161217711297523 12.351499504600724 5.169734530009016 73.55680679007098
2012-04-10 37.82000807957035 37.56002830104099 3.4281283068373933 29.350186403496696 5.604518669790344 17.562422930088356 37.865636777960404 9.059475804362425 12.55805073707165 4.605709865911337 65.5316648797713
2012-04-11 33.69379671814694 57.09807717436279 5.222268753930447 26.162859669394344 4.993058498710258 69.34014371402482 33.73444726705305 8.071075381130346 24.2410232386612 4.103221015667164 58.38207623899098
2012-04-12 33.63870731681914 74.23832392574785 5.384032423744465 23.308458142349426 4.448309416101125 61.77504515049206 30.053975827390865 7.190510711063503 21.670933951224036 3.6555543431048076 53.02447551338561
2012-04-13 29.96868122845265 95.05443228340266 4.796627584740385 21.344999351683498 3.9629931566965104 55.03530853763537 26.775048539643677 6.412578691345962 19.306607278049874 3.25672867836484 47.23943726493946
2012-04-14 26.699059690785315 84.68537282514207 4.273309366642206 19.016232561121605 3.5306255233002637 49.030885828637814 23.853856422114323 5.712958136094577 18.641284789893724 2.9014154048865226 57.16935220643759
2012-04-15 23.786158054073432 76.19822466521838 3.8070858369590406 16.94153721256221 3.1454297529421638 43.68155333401916 21.332063937795606 5.089667080236475 16.607496723805717 2.5848672650064306 53.20575652973783
2012-04-16 21.191057719857913 67.884900678813 3.391727891997433 15.093193785998915 2.8022593348970406 38.91583987165691 19.004708417470248 4.534377877544142 14.795597542758781 2.3028549329575374 47.4009402900308
2012-04-17 18.879086158659725 60.47857099583912 3.021686031261721 13.446506996590541 2.496529249356945 34.67007185701422 16.93127036775553 4.048056943432396 13.181378884964523 2.0516105078353988 42.22943694303557
2012-04-18 16.974914944846653 55.21011599033321 2.6920162118739985 11.97947584672798 2.2244297807541864 30.88752257524779 15.084047067121274 6.570246834968665 11.743273551937392 1.8277771715541695 37.62215124033904
2012-04-19 15.358767726536902 49.18662156416765 6.015923990991913 10.672499675843465 1.9817416402674524 28.46908168754401 13.43835819646724 28.880081227793784 10.462067354192722 1.6283643391841365 35.268091371069374
2012-04-20 13.68310647978728 43.820298101171275 5.642335180641329 9.50811628056247 1.7658973012718993 25.363068382065904 11.972216091143729 33.48488325879705 10.44073635574315 1.45070770244493 31.42029739374241
2012-04-21 12.190262023020589 39.03944740686136 14.62410829838014 8.47076860628273 1.584508630452487 22.59592510968862 10.666031968899421 29.83163957234153 9.301638635773141 5.872982865202718 27.99230267167369
2012-04-22 10.860288810104226 34.7801936516803 99.78341090276245 7.546596893001036 2.9710368550870982 20.130680715417014 9.502354208736698 47.85635896747129 8.28681793721527 5.232232906269602 24.938306567990804
2012-04-23 9.67541737955604 30.985629940955057 98.30245943480129 6.7232534982968035 2.646892925745116 17.934397644657782 8.465635183879295 42.63516885898442 7.382715477727767 4.661389589207604 22.21750535401413
2012-04-24 8.619816940919542 27.605057995168085 87.57753510050749 5.989737923365481 2.3581135146013614 15.977731872245046 7.5420235335621255 37.983617284166435 6.577251755502816 4.152826009778083 19.793547040167617
2012-04-25 7.679383863269898 24.59331078208527 78.02271375893298 5.336249837923181 2.10084030738806 14.234540843773452 6.719179098235066 33.83955594879741 8.339014320620457 3.6997473687714515 17.634045685536133
2012-04-26 6.841553239895046 21.910149050587037 69.5103356736643 4.754058140282644 1.8716359368698676 12.681534191034363 5.986108045573269 30.14761701722219 7.429217168794985 3.2961001882818683 15.710148696872611
2012-04-27 6.095131011511663 19.519723703432042 61.9266689491725 5.926744978848341 1.667438056983039 11.297962554845679 5.333015984451077 26.858473355629403 6.618680052465933 2.936491432602728 13.996151335838212
2012-04-28 5.4301444050534435 17.39009682584148 55.17038998551921 267.4956594967382 1.48551842754488 13.812026904841408 4.751177104369678 23.928179483736965 5.896573574523207 2.6161164531361316 12.469153283996734
2012-04-29 4.837708689779312 15.49281497047882 49.15122971740193 238.311540153749 1.3234464628738518 12.306027698592684 4.2328175919409405 21.317584429493493 5.253249838963189 2.3306947946050958 11.452320842274583
2012-04-30 4.309908470461028 13.802528997585297 43.788767550254995 212.3114456410252 1.1790567573019382 10.96342430207599 3.77101176678232 18.991808642084465 4.680113547603507 2.076413004890299 10.202857958114572
2012-05-01 3.8396919316361706 14.128461775180813 39.01135687946771 189.14799476811191 1.0504201536952527 9.767300657148393 3.3595895491187555 16.919777974399917 4.1695071603114515 1.849873684386948 9.089713076252487
2012-05-02 3.4207766199487115 12.587028484803612 34.75516783683333 168.51170607772676 0.9358179684361224 8.70167563514504 2.9930540227878235 15.073808508612276 3.7146085843986816 1.648050094142122 8.098013727897062
2012-05-03 3.047565505756986 11.21376754230771 30.963334474587406 150.1268629362886 0.8337190284926748 7.752311669023976 2.666507992226694 13.429236677815855 3.309340026234122 1.4682457163025189 7.2145100496665995
2012-05-04 2.7150722025278435 9.990331128965915 27.58519499276072 133.74782974837018 0.7427592137735632 6.9065245285580845 2.3755885521859623 12.447940869777517 2.9482867872627265 1.3080582265691887 6.4273977552587995
2012-05-05 2.49487316413544 8.900373196593483 57.00885470268823 119.24826460251519 0.6617232314380177 6.153013849297432 2.1164087959715623 11.592773933638997 2.6266249194826865 1.1653473973036392 5.726160421138382
2012-05-06 2.2264983117715906 7.929331071815986 59.99244530122801 106.23812607484098 0.5895283786520306 5.481712151039055 1.8855058833922211 10.327987437169936 2.340056773802815 1.0382065024462106 5.1014289790583485
