2013-04-26 1.3643220952308879 2.4354662566485734 5.175711212044941 2.18239066525236 5.752791613614013 3.2957468287444516 1.7934923867257113 1.4735978934909904 3.3924157009384714 3.7774437468154596 2.523422107587172
2013-04-27 0.7916045408681609 0.2554025720967211 2.420737012504778 0.40279174652821464 0.8242818779329114 0.419182637847664 0.7319848822224829 1.3899097454015839 0.24566644220236042 0.577708398211717 1.3968346131238856
2013-04-28 0.6686241045063454 0.01409461872511211 0.5975004409111752 0.7319790727448207 0.8346916479546292 0.3083333297108578 1.476829404793991 0.2010538638641215 1.3326660675620023 0.8014972109100139 3.219276588377834
2013-04-29 2.107092994714836 2.0255487781585746 0.6663744902420975 7.045632207303829 0.2660735894795563 0.47202029064701817 8.40678859212259 0.12196954129111318 6.307336763085473 1.0768092812377998 24.420410839715252
2013-04-30 0.8486717573412054 2.7558470758957845 0.9809752099771939 18.608042021412935 1.2686190914423023 1.7176995775840116 1.7009385950299718 0.08066811157024173 0.15411623560899276 0.06739344817227086 12.400470599369399
2013-05-01 1.8843444535032234 9.602016117580373 15.479609747482439 0.5725619491739915 4.773426254173778 1.732686849479549 2.2878837057925048 0.24384221311085424 0.40971599150464355 0.39858174081852477 0.6100032208038417
2013-05-02 2.9220194773866144 0.4644446760163649 6.208906884394694 0.19632357707317752 0.3803332161082834 2.146306982772348 1.3731005186123775 0.9746080032148544 0.6910658835096921 1.2946197569006683 0.3315020891592332
2013-05-03 5.5365984076644725 1.0145967121336374 0.28605413345180636 0.0682598563046556 3.2293848797748055 0.5765635576281911 2.2647701096734725 0.8877423887576481 0.39004963631494616 2.0495397158181614 0.8113590337951111
2013-05-04 0.8951918418691148 1.0247620024755415 0.16665577273635798 0.24566622977238403 0.4280706575552813 0.021272687487164668 12.462876256959483 7.3574182209919545 2.3832092247434398 0.9510223243678774 0.14497232776797925
2013-05-05 0.0 0.7594273391286688 0.019314376472743817 0.4715688377597478 0.048773451699220795 0.7674814481826643 1.8211373110259637 21.317595606766965 1.8384599688403513 1.3705957498027215 0.03514322457361842
2013-05-06 0.16424441898257391 6.36533034183782 0.18155434941105536 0.5502315631284063 0.5036201551434242 8.843806494269675 0.33407170558140653 0.03893193023228521 25.844012067374116 9.197550711248489 1.6389439452567187
2013-05-07 0.18204766768888134 2.9718547734449077 0.676057586453543 3.7147807748894577 4.986244163205403 5.950945688862 0.04979646070718666 0.30796021889722436 6.273173481830073 2.3423146920958 0.2519584772219622
2013-05-08 0.5156676934869384 0.31329401663293077 1.8601628549291107 1.0048234085645253 1.6910191328843838 0.5783670474334981 0.5387075611099407 2.4050354743510134 3.3499733409934063 0.5861385636925044 0.2820221519019063
2013-05-09 3.912270207037265 1.9689167383058126 0.6766352711172694 1.0578230568434184 8.086398557569662 4.000607768174798 1.0820118848645888 0.6405332042031573 0.9234502779518077 0.7011618056653595 0.6632314710081866
2013-05-10 5.96990826254528 2.0585945618156263 0.6750469424547699 0.5975577321116774 1.2746625501505435 0.38281506489108313 3.183964732120832 29.21792644337588 0.05395065963990564 2.418528572712786 2.0585094655375036
2013-05-11 0.0 2.281364347252859 0.0 0.6652570018136158 5.817852499352792 0.6638031268094012 0.022675736529020437 0.2973623335056057 0.12765116534972432 6.667352608920488 0.0
2013-05-12 0.881872775512707 1.3642321421044215 0.03764953141427095 1.1531660397740127 0.7617679801821979 0.08154717660161634 0.05560258785571252 0.08746904321490748 1.4809173834399227 0.8204992831677285 0.10234321618253595
2013-05-13 0.020650944369956035 2.471524619475489 0.3098089795922966 0.00754670684070288 0.5940412494602725 1.2918555205140363 0.5375010230426596 0.3137116703256728 1.7972841438456726 1.242586595469859 0.0
2013-05-14 1.0435002687818207 0.478881517545116 0.04790389018423006 0.09746598001683225 0.8826284640883274 6.068077045760656 0.06176079164319248 0.43605231853247883 0.4548069047817268 0.16298324282235543 0.03955921394441049
2013-05-15 1.8840919138619603 0.14249645055580284 0.008681072067828713 0.018180011245617987 0.029554828747336392 0.13082733844714411 0.0 2.341424426660592 0.6401081860057737 0.02309687140606363 0.3533409377309835
2013-05-16 1.1464583391304708 0.5520446705423968 0.15009342893332056 0.002476014111645858 0.46423711619296004 0.6949145373101449 0.0 2.330558215757849 1.7071647119117126 0.02828926223689356 0.011553143821613508
2013-05-17 1.1493513714866115 0.40513007408449153 0.6986522062243645 0.0 0.016452926301183474 0.3664076237977758 0.09977896113611376 0.8721184762673536 1.6355421823088363 0.027154897009767726 0.004365658822397561
2013-05-18 1.229045485971726 0.0 0.21389902221255186 0.08877701761531703 0.0 0.1693224100124765 0.10210664373686568 0.07412832619507494 0.6483137795446288 0.18076773856905548 0.07999100267787372
2013-05-19 0.08143167088179346 0.6543424896238494 3.5515541359221374 0.527431115213941 0.10225497601896447 0.06417421889970851 0.4294821349656867 0.9892080062475778 0.09207247117893669 0.4969286670190147 9.100117582741284
2013-05-20 0.2235307283205984 0.7261123133255778 3.5865164047216394 0.0 0.5593393594751892 0.934108143651351 1.8126375053530288 2.718169121218059 0.49300308457320585 0.13060677156884107 1.054516782790717
2013-05-21 1.0894573004765036 0.20820864840690761 0.5712234833440183 0.0 0.6291780470668952 0.07536029435147852 4.794098805013 2.1025095345116522 0.30522619577356613 0.2003997333371899 0.0
2013-05-22 0.9182199382859748 0.6625453527065677 0.638654371463456 0.00467176192140003 0.4376318747088938 0.6951792534818615 0.3849712222483419 0.12428600774901746 0.06715893718914243 0.9036305064646509 0.1987813447287551
2013-05-23 0.09209139092912703 1.8928905515214147 0.05742663166606751 0.007109402458383412 0.13767367690782978 0.009070779393553123 0.08561757975841279 0.23003254561733744 0.004764589630054553 0.014718696925420981 0.010570716778580416
2013-05-24 0.2700569818693751 0.4015472311489551 0.16303189714632144 0.07371412503541575 0.13702182158624354 0.0 0.0 0.5426417680628745 0.0809197517437158 0.0 0.20964010789095486
2013-05-25 0.7184021691239173 0.16353539460830646 0.021414370761638574 0.0 0.9796686009784714 0.2184508088265248 0.0 0.3233796216508563 0.2310786178709008 0.006561406632151733 0.02928197851585275
2013-05-26 0.6900495273501197 0.19163166558478986 0.02166239481288908 0.04350078284405137 0.4516696985505617 0.047495768219381736 0.6354901044083128 0.5680836350807664 0.16956699706727374 0.03703286928437012 0.02845075624921723
2013-05-27 0.34497312173449346 0.17334430137004275 0.6574178300610798 0.08901593320322762 0.6353882508015541 0.2537233900601946 0.23190608308347418 0.10940275282321521 0.02114148620384767 0.03266721046197256 0.09252471265953868
2013-05-28 0.1801635393290192 0.06289124169087237 0.02949229376768854 0.037619238685264275 0.0328268970627717 0.1375930943418445 0.2856065445301069 1.5121818069751265 0.0 0.031444473458088096 0.05432667946265675
2013-05-29 0.017279035994403162 0.025289413704001396 0.0 0.046896636960963835 0.009498939177789273 0.0029375325456375396 0.04970683851034854 0.6686763691508334 0.01876638064651214 0.01409461872511211 0.08046328197786357
2013-05-30 0.040856170563635816 0.9792801394012641 0.008288491576586248 0.006267645582517545 0.034325549701412245 0.07838262820974433 0.7182737096624295 0.5215624885868758 0.13779132971862082 0.02407896610279837 0.010570716778580416
2013-05-31 0.031035272598887047 0.23578547411333156 0.3797921886814175 0.0 0.0 0.7526162805680213 0.1330407402139333 0.1493801894803405 0.3549548800923852 0.05481394972233111 0.0
2013-06-01 0.034412648300145 0.04825254309017939 0.013109318516560964 0.00467176192140003 0.028351797216541408 2.7173259965229106 0.11335694148076308 0.30576541688869985 1.964267870872232 0.0356047430076101 0.0
2013-06-02 0.04549856323428815 0.0 0.6834237231589646 0.00581247746494039 0.10949427463728884 9.111781936866944 0.07872251035522601 0.3736258696708032 2.5151735351578832 0.8196824870704418 0.20372668171132607
2013-06-03 0.6516218735910934 0.009891519669031738 0.008615611275975968 0.24923859065833925 0.005806127148525863 0.046120620576562216 0.054202753552635624 0.10230330640060363 0.3371236912719657 5.165557584202571 0.6153492207040039
2013-06-04 0.5552929739804318 0.2702375055435188 0.277396214237808 0.0 0.05922219067641679 0.32578571343250057 0.01523960553446239 0.1579338270388897 0.04781106247557554 1.4316256955252946 0.7150157541405646
2013-06-05 0.08830029718973054 0.4189188430398517 0.3472348410545332 0.015585332628206822 0.5453235709873213 0.1710200746841526 0.0 0.5191942914151555 0.10674644421328067 2.989085033156038 0.3619551091581958
2013-06-06 0.0 1.7407250577770637 0.0435382313618325 0.0 0.35641992675696077 0.06088799863295136 0.0 0.23100125913590255 0.13207650957026434 0.17433655046576385 0.002476014111645858
2013-06-07 0.9980767049488076 2.928273562252118 0.06839086535021822 0.0 0.07592514319717211 0.02461021659445272 0.0 7.484596069402558 0.15720012432071648 0.056981945539647263 0.014718696925420981
2013-06-08 0.04643973171357573 0.6639309124335335 0.6721207909925961 0.006561406632151733 0.0797156554961586 0.031777943473892345 0.012829052214669278 0.8830441553161775 0.07101277129336363 0.008157290293269248 0.009891519669031738
2013-06-09 0.0 0.16027410763874256 0.1314121365572174 0.09550612989811562 0.0 0.029437393850841962 0.019545602542730155 0.685192712584717 0.6169289422728043 0.14035850982643214 0.0
2013-06-10 0.013761703930188968 0.02167268404881518 0.006716821967140946 0.16905439643508835 0.39711690773090086 0.02023221572268688 0.16469496507661946 0.18767593915204217 0.01133198799516004 0.08874672488631036 0.0
