2013-01-25 0.08724296476543233 0.08741276511394774 0.4656475176359043 0.0 0.26792651378637355 2.5472723691632644 0.14269366007955617 0.03062458811041941 1.1015618831389669 1.0926687822437255 0.0
2013-01-26 0.044807042318423515 0.3452732154397111 0.0 0.09533880159798935 0.4616875583643668 0.0 0.003972693359772124 0.26656684760176164 0.7728718497837067 0.030405995536990027 0.46286967942839496
2013-01-27 0.18862566956977656 0.29660675121951996 0.007553812065240593 0.1397569659962728 0.4691547187482422 0.18360465080122695 0.13078867746641476 0.40156262892020195 0.3784345769902109 0.028872079392377917 0.722523436161675
2013-01-28 0.06761876779691023 0.09276520256075302 0.07255671943021728 0.37971360303304424 0.5596259761417468 0.04758291080390352 0.07293951672669328 0.8814378244625743 0.40220281000519775 0.01500417414835406 0.24268274323172406
2013-01-29 0.2370456733336878 0.17444823734619405 0.4267372541946423 0.7647134801559063 0.15639839688491078 0.01050055836082836 0.15273109860644782 0.15413551826059813 1.2881941877087675 0.22015750119376687 0.4392450010988741
2013-01-30 0.09108959152119633 0.02193383271413674 0.3686906239584006 2.2306936229692518 0.10208235148254044 0.0073212332200863345 0.12401926856794117 0.01408167706629683 0.0503198429448619 0.08866244119310585 2.189173059428935
2013-01-31 0.0718791931104323 0.0 0.20784754985759238 0.16729052755037335 0.4989496393159323 0.3522829525796356 0.0 0.06032611080533032 0.016239936191938076 0.0 0.029296033556370067
2013-02-01 1.299522774710717 0.584358394927334 0.7468729007819073 0.16541045010364566 0.5248802330823263 0.1534929267909843 0.22854349152873984 0.11543015527610227 9.212946183842506 2.1057315293611207 0.19696884844688417
2013-02-02 3.859990268519633 0.2101219576526267 0.5685867718504283 0.5184386783138137 4.412804965913736 2.6484549039735312 2.577261056801202 0.7127186209384619 5.04033706898882 4.604504050304103 0.533696186141428
2013-02-03 0.7701576093318565 0.6413810231454702 0.2506463519914148 3.7497238241756916 0.3136410140398986 1.5099155843056578 1.4207897312881328 8.465005045335284 0.9942332740250431 3.0987457707679997 0.2811101235901328
2013-02-04 0.8252423742083788 0.7160228873959524 2.6577558481032 0.03989119251780814 10.03459323648326 7.849935483845351 1.7250142211927428 4.31763348175942 2.7046533370848893 1.2146451011006092 0.872987230122119
2013-02-05 3.139372053461411 1.894438174936069 10.81725483703606 0.504676505403834 32.133909802706384 7.943570820183641 1.4598108245616612 0.8710216838417815 7.290328750637064 0.7780920854534848 0.026032065456382206
2013-02-06 3.821539839162202 8.714073690850174 5.124762302145365 5.848912445184886 9.694066002390255 1.722339514402228 0.5313253285996438 4.9653773637732925 4.345055619943046 1.1334092570937813 0.04502737180029988
2013-02-07 1.6539925470757029 8.719805497414498 0.5277865229313239 6.123096148467603 4.5246582569217795 8.852837571308283 4.287524342519746 1.4784893668870769 1.0180730676575394 3.414269489147437 1.3112352112270287
2013-02-08 2.9347014101294286 6.947590614134409 6.169964302922672 1.3253245896139845 3.8253006449641025 8.390259355351432 5.683125327957292 15.41929447979167 5.836714994044316 1.4635009002783719 18.85156720768964
2013-02-09 8.343578267827594 4.270993961626299 19.92525252401269 0.2657314788336616 12.320629951031162 3.4988609700600106 10.825272456335192 2.179461647182784 1.6874810230962827 0.7543088073345943 0.03322200528114264
2013-02-10 1.4645980056848678 3.7161923672818906 3.5560723333917563 0.17139427648317784 1.5236389380662385 7.950825078853908 15.60232638552006 4.964311169232795 0.2431008717288294 6.2273791823848015 0.24744177159200328
2013-02-11 0.48077532755390795 1.697071062700247 1.1552367713251517 1.3952398288327523 3.101458104605733 11.192209324042254 3.106511599367527 4.158726110762487 2.647057838271079 7.848681057974348 1.9188168266544783
2013-02-12 1.0160981247715521 1.3002194016135271 0.8738852233447992 8.028098277657636 2.358093511016562 19.08272963350572 8.99016988236217 1.5368289501693504 8.485608133391302 9.801453085373947 2.0408485523438156
2013-02-13 3.457442214883259 7.764504413345691 1.2447699833184394 3.181044225337763 6.756963725198678 2.9526117404080994 1.6393199796260842 1.4250451677635092 0.843396154058984 1.9167808237244268 12.569870880625261
2013-02-14 5.900431347210247 13.294709236397113 1.5001177834605826 6.742585973780662 5.684007530123332 12.524840939636587 0.6169739032654806 4.60829597420191 1.1281051772136077 0.9324531187427894 12.98057420542236
2013-02-15 5.827739448551604 24.37661748997749 3.921190354201842 9.004760426527945 5.072013751414834 13.42882078560833 11.856625233622912 8.13674045240061 1.9357944781307692 2.844992533857308 14.781499713271426
2013-02-16 7.263980821028906 4.46051219731706 23.758989478071964 4.4100223812718315 10.605904410430147 11.547763563607969 13.352363391299065 4.992186693999531 2.2242256601829036 2.6427112900612126 9.594656270434001
2013-02-17 10.484297760649572 0.47956050626867114 12.20927950502782 2.462600579226276 24.622189629032214 11.105162323979606 9.031666139017709 21.247714067187328 4.965444860488257 2.7547210861418545 5.354776774885952
2013-02-18 10.60181439314475 0.77678265441537 16.60023182626037 9.586280001656732 3.4967093610615487 4.987397289687589 11.555237779279373 6.4082240659400185 5.370500946232385 5.9993618481322954 2.7939970098784306
2013-02-19 7.81220956680753 1.3998787985882153 26.542090978861722 13.276787264120744 6.5571254417763685 8.262658207961195 11.55769284494533 16.107386210144334 7.515825050877778 5.069780198309417 3.3432115871333727
2013-02-20 18.00593144717147 1.4996126826261449 3.9235154349312906 18.822195617748726 3.8086271566029977 3.093317017429922 5.70894282144342 8.249305085419682 7.916915778499826 3.2041304847988905 20.375534078600047
2013-02-21 5.440189053841282 2.477489677505565 3.629330416407157 28.36553581562772 3.391050454250642 0.6894621769420416 9.990304806917987 4.322454795063086 1.608688545043389 1.388770729836181 25.74979838333722
2013-02-22 0.315349799485162 13.39334955972949 13.43670536655412 10.83639397301583 1.595391301910737 2.277689044588449 6.600769696124275 4.522892291626794 0.3786385631163875 3.545431752459515 10.448924533243819
2013-02-23 0.8939590191575362 4.968378227535053 0.44217580183246946 3.4151930395660806 1.3264959311884699 3.590087035753316 3.9844235976107454 1.2953652609854867 1.509551051157624 1.0745054764001036 4.676774488139941
2013-02-24 2.235983976409325 2.1432303213172563 0.011651677445166538 0.3101962665241606 0.7545993645871156 7.815820699770502 2.1946253338115262 2.2586496591689955 2.9251880831105717 1.8077430475231568 2.666417644686688
2013-02-25 7.511698048440149 1.9421944139322886 1.600199458983124 2.1080732277212073 0.7604133609299957 8.225791097581673 6.180482224728587 1.5355279468647838 2.84923117350697 0.843788892609314 2.1510239721025064
2013-02-26 12.96060245950924 2.444400216784791 8.558489651592414 7.127824304898047 7.164676029526524 3.9660416754283445 2.5914068436259363 1.4118562341728231 2.273646386504999 4.43035413300009 2.218479307463025
2013-02-27 4.299495699648231 1.3361945867226535 0.2564899635714435 3.636056334396332 3.774548374393168 2.6765050162060513 0.04880845379855822 1.5851603331884192 1.7252995839189336 12.990380012912828 7.300661632044768
2013-02-28 0.5803755242553841 2.2642651395469944 0.2372545913023729 10.722126419741887 0.7301750293644725 6.072977109252776 0.78106172006068 3.7860484701837045 1.3411498910868247 13.328313413830491 4.784802504993488
2013-03-01 0.11503904683168445 0.13666617050406976 0.177105349126162 23.914759067302477 9.480767662254651 4.885006934663507 0.10364874586980494 10.651113148664749 3.763242244773563 3.089808954418431 7.096989828581075
2013-03-02 0.13942186418159036 1.8848381461071284 0.5707421659529459 18.467677974536777 1.4144657474496616 0.21556497477351697 0.04643179254433561 4.4273571984395605 11.821503777683912 5.181786710327975 9.387642499840906
2013-03-03 0.8686288637917257 0.030405995536990027 1.7454206513604413 1.3051194095919176 1.7878054546254967 1.3050345081480275 0.9667242509355973 1.9401508080714063 9.785787120922734 1.8139039253594742 3.840091679359565
2013-03-04 2.041643371716898 0.025198096977524634 3.423757017076275 4.921335636458442 5.61382335049864 0.3423532322327183 0.7785192537374697 5.568607500816982 4.101471841327385 34.547915957104415 1.8596317452110298
2013-03-05 3.1059600530893103 0.19096747050012072 0.0033485398603142103 3.4865059958283053 4.7889732719501055 0.5554656184933165 1.942209143708458 10.99732229870775 0.7470605805303626 4.610077261393561 4.7815702724846
2013-03-06 1.8704862854587323 1.6307453519160515 0.11846154383277424 1.214578215543768 0.786519285751561 1.2220950373890886 0.2885990907731295 1.3824593007561328 4.9031153041864695 16.14162762322837 3.2212847355542076
2013-03-07 3.536938159016594 7.304277371272804 0.4289455405764385 0.1315218914943407 1.0786303652909297 6.4779623544558795 1.726629514611351 5.183375613439655 13.3529665360158 1.8241345684213823 4.861340404873454
2013-03-08 5.090236758312918 2.398810739023874 3.2554109999766667 0.7939932083738614 2.555673305846962 6.30502936702357 4.750624005335027 12.5724364931973 2.2076716542126054 1.4328473065373184 2.377573948251409
2013-03-09 0.8819118713646901 6.216844993627131 0.8188852428320751 4.856819027568545 1.5820216592155836 4.749985659415776 1.446689305066532 1.4389518151134988 1.5335837746506846 1.0212340113076943 4.472112807829716
2013-03-10 1.299888609465664 15.4103662942595 4.182079787962746 5.253583947611927 2.2631094856120706 20.99790717752841 0.8377820343528772 3.957219105377889 8.614522804741018 7.81744586036112 3.680839352402584
2013-03-11 1.466597932839279 1.4066591325680236 0.630108264397319 1.4115493136541954 20.646682511290198 24.23194093746178 41.984519043017855 1.0645037940406583 5.3405598479939815 21.029959936356896 4.112257949962156
