2013-04-12 1.0451130642103752 0.552362390051439 1.6946411036620366 0.9568594988702528 1.356048454335555 1.7291384295181815 2.296788263206821 1.1063128674938028 0.6490703902774863 0.9474372574245524 1.1637121644927588
2013-04-13 0.6932229264444858 0.22642125311497124 0.8195871826917638 0.37098212176037937 0.1905400383220557 1.030339668413164 0.8115786404945372 0.41549316405006387 0.37108021654125545 0.5869926453456658 1.46528098439755
2013-04-14 0.7332596618602535 0.7420361067404326 2.3130685858337836 4.978239724563395 1.3098197911616554 1.6842783919139077 7.110658699818943 0.3029254178332674 1.9529398204383752 0.21018712005017026 1.0570739094557031
2013-04-15 0.5337509803109051 0.2606750999263394 8.598249637781784 2.203347901624895 0.4137391389257824 1.354384524979722 0.798483293245404 0.3488923401228633 1.0003669473479042 0.003375383620266667 0.3200464188102892
2013-04-16 1.9025654085730768 2.517517929381058 5.797387078540805 4.85669061629989 3.13719531869435 1.2366605491138754 3.0750548317448896 1.6291794972528062 0.4686119353307613 4.580061527807075 10.107805156714573
2013-04-17 10.47084121085722 5.602195365593774 5.335284792423172 15.035364124961193 12.187065592046888 8.547047345645945 3.551223056468724 24.510438228488802 0.7496189509720357 29.68712731159703 6.680005453250085
2013-04-18 7.545588340342318 5.879078434336489 12.00453658105554 23.564394414670794 7.907105156940962 31.104148738180733 4.1274620999866265 11.360471829699868 2.939050016773433 0.8310664242381129 2.905002590524095
2013-04-19 2.881867091577675 4.075585265216228 0.6060717181968647 23.391451015469734 1.3445255506948945 32.06764473588983 12.328792726744235 14.420929695323313 6.144633829145025 2.4958783328565657 1.6613771578641687
2013-04-20 0.4292600868873264 7.843375246495781 0.19922537451665143 5.236609659713663 0.013801500692352593 2.5300589596087653 1.2161674903610677 0.5927927641830628 5.925253454363803 1.2478277199786874 0.39679396649394144
2013-04-21 0.10706373947518937 0.09416089013959633 1.5717761332060827 0.09595215970717862 3.3974233903872815 3.458466457505321 0.2450309143410681 0.8515367620981902 0.4529175321261224 2.9387889642734297 0.23089346144328268
2013-04-22 0.3364196635437751 0.07731264038310605 0.535267262671448 0.0768328661941664 0.43168614823505796 1.7490519537063305 0.25391972428207954 1.4021161643258755 0.715298983586668 3.0630192262914218 3.7326932434212354
2013-04-23 2.0369963150180905 0.5085638032483265 0.18957927719458445 2.057040084909394 0.5990784583998207 1.3307004184049913 2.0325681945437504 0.34339965540704315 0.3449622855374622 0.02531484720742696 0.43597890151858326
2013-04-24 2.2108256737332717 0.8134855576547977 1.5219797704052 1.3613898824946158 6.792684032699846 0.6591965372346249 0.9426669512458705 6.963439194956222 0.5784136557964009 0.266011233967617 0.4158396008603253
2013-04-25 0.8415292721108552 2.2960142449287297 8.88847981120345 0.7170693917555104 0.4179275629740671 6.892749339926937 1.364560145748347 1.0399745917706447 2.9346294933381163 6.894782896379993 0.6449866835611083
2013-04-26 1.995709342639353 0.249958211457839 1.3024004922737613 0.45455840302586237 2.623717050863185 4.511063210181302 0.4212476197327323 0.4035964658278667 0.6374614443808881 4.605614272862328 0.43877829646696925
2013-04-27 0.5847556614612263 2.8850638782395652 1.1027307324462399 4.160210201253833 7.994326865000276 0.696271608491121 2.416429379873109 0.4357992807487048 0.3909019644185084 0.0953451340308632 1.458541666368066
2013-04-28 1.6902114180697647 10.799336022297256 0.4490141198096442 4.217545660921085 5.657403048094818 0.32847635949139575 0.45165916339937595 0.3236468404890092 1.1403348712303818 0.910706402291325 0.6945958668969738
2013-04-29 0.881423025955831 0.9695103291558866 1.156073766380762 3.4156589003386926 3.8696766699725664 2.5255533495638964 3.745886914195708 0.00622045762239477 1.2326756512755161 1.593055596204393 0.17608151121160448
2013-04-30 1.085451739673296 0.4966622528873166 0.8124224802056306 2.279779417313526 2.202560139991358 1.8399786623750631 1.3346640550355413 0.15067075349676695 0.10769808471818539 0.003826479817224195 0.3819968132261664
2013-05-01 2.9723465064645933 0.4273823863580978 2.5732992410682174 1.5832945597191488 0.5289511413425486 1.175098112696 1.3310117168047593 1.1247729543811134 1.033565326350797 0.3118542199343977 10.742942262789555
2013-05-02 1.1820773476070092 0.04514771862364275 5.937347660573164 0.3994794908200101 0.8552245117873574 0.4393718038463745 12.027167451634295 13.926354634553368 2.7992417901896403 0.06584684909717411 0.006869163539826484
2013-05-03 0.8656024298884251 0.6188805684979812 0.8823413633312766 0.05877127279628404 0.4142776928705561 2.206775533233334 8.588487318713472 12.653372273290838 7.332585497756138 0.9385916914409045 0.16376551151673632
2013-05-04 0.9996140023272855 0.8193806739069449 0.7496743427065748 0.04212918455191322 0.012218241316495859 0.7737160931232876 3.5779885000549534 1.8227120944176898 15.321484132986642 2.4623933879211104 0.7163801089344366
2013-05-05 0.7120905445874546 1.2394027008943036 1.8448780313151392 0.17873823441228226 0.0 2.105846369378007 0.9903150990504476 2.7402957043263223 2.9190947344433367 2.985181512330365 0.35484058249190875
2013-05-06 0.8086675441621155 0.4762532335507235 0.4426955631273935 0.009899802888210235 0.0 0.5622820863196047 1.3228068505361392 0.883097383011691 1.5536075296825032 0.7522397414147663 0.649088040433538
2013-05-07 0.4398956726012536 0.20602677530033794 0.4243519680463042 0.030406443651753757 0.005368106879597758 0.03692740145934097 0.2652091768189819 0.8357689264923628 24.869834270902206 0.016120260510605007 1.3669559110150016
2013-05-08 0.7393994361322762 1.2902193225865912 1.6865279335317345 0.28206348291843364 3.145257894883355 0.25492240093930046 0.9454577194272502 0.4415582585565052 2.447051380023161 1.811572007595923 1.7178581662315238
2013-05-09 1.3789577367475663 11.694035625541806 0.9810938144642221 0.4060709273772127 0.3350955085656444 0.2788528870389898 1.1440733467616229 0.3494251672261831 1.8343551064935784 2.7358137634976436 4.484245106616148
2013-05-10 0.19828616132900273 9.707397488371399 2.0277043534904258 2.2267570490651365 0.44721815315086755 0.5207321439796919 1.1110039695055325 4.099888859555632 3.408224797132455 3.7031927948906356 1.1117384234222034
2013-05-11 0.6424046590420392 0.7131808858437741 5.204508288130452 7.074909829773458 0.8226720124980846 0.5912529889485283 0.7562778446490336 2.4229246443323476 3.1328407221180425 0.11019285487655732 0.010172630595602583
2013-05-12 1.2052903338980956 0.1866292311217232 1.4576389490769008 0.36893207843817377 1.2590250339112414 1.1189322097407204 2.105745431379152 0.33369254369237555 0.2806972949194538 0.01802209859640501 0.0035536521098318463
2013-05-13 0.4893704952390688 0.534516593045979 0.5734011156673856 1.4379077289844495 0.30828500098050937 1.7145744448007982 0.5707712108875463 0.9683976854614361 0.3526238614990104 0.7452257195760645 0.038726288008131216
2013-05-14 1.2562896985478367 0.6347023461605021 3.926279376639739 0.1021689345322318 1.0018480001485226 0.3272790522331934 0.014559331660104249 0.985393948795519 0.9185305057651203 1.3411177156422098 0.003375383620266667
2013-05-15 1.0701891502141236 0.007717991374020456 0.1224237930364313 0.1239967672222261 0.14423718365555957 2.069846828371143 0.04723159857817783 1.0470693938982727 0.14790293895493842 0.7584156464058021 0.3306704443543369
2013-05-16 0.19024972268791746 0.056699335629076156 0.0 0.0021713038768768943 0.06693338493678033 0.6834531977939735 0.08248313696382598 0.9558854360583251 0.37343894798972804 0.3897546728935227 0.4068277599928502
2013-05-17 0.02262502966808923 0.11326546002520868 0.020431422198221718 0.47225728224835195 0.604027385770684 0.30049824487091226 0.2569324586770655 3.5479067249239296 0.38072110033392886 0.2720711743354356 0.14123138649191325
2013-05-18 0.3654333634451992 0.35052255865564186 0.0 0.041233815662000226 0.7401232184995612 0.06872326803571845 0.0 5.166214526432 0.6877759126977582 1.746247502903202 0.13848786619918016
2013-05-19 0.06502269531495446 0.016604942380997523 0.5845654873871772 0.3483336763350613 1.1487087045105109 0.008319844934781096 0.1828710282676668 2.65688319051503 0.33238520231718227 0.13562525939201775 1.075700160756147
2013-05-20 0.06483645702802204 0.0 0.003826479817224195 0.0714682132194648 0.691674050657799 0.05029730794996347 0.036755956545967444 1.1423443133578615 0.3979297975807768 0.8686169709912577 0.5239490977600563
2013-05-21 0.6672480597976335 0.017764616685658798 0.016267395062013735 0.14780771657750433 0.7723336256174532 0.013070279931312247 0.0021713038768768943 1.1449609677597432 1.5350437781172257 0.0 0.03085071538070316
2013-05-22 0.11587506436495386 0.0 0.7919080943604764 0.03798066225370346 0.5223200352374456 0.5765851538853698 0.10146711954608342 0.17265420551353344 0.4639409817504819 0.0 0.39018940841920674
2013-05-23 0.0050492659730165855 0.010505330493266962 0.5172732088299236 0.24770483088739656 0.19380485170716244 9.44655336763197 3.2416683999477356 0.13175117244415846 0.127511513178388 0.0021713038768768943 0.06843895689879997
2013-05-24 0.02616164965380849 0.0 1.0216027709751594 0.27877255176232696 0.13511248235017495 2.164585819932424 0.8831994825686067 0.40728863608063537 0.6154319260646983 0.03521465009563719 0.4167759207253474
2013-05-25 0.026383878537319466 0.40100694658774017 0.13084690107323577 0.09549518846062444 0.1404942796680404 3.057172180699586 2.084492689664216 0.5673822141832939 0.029316385175020065 0.03798082338296853 0.14846032626393185
2013-05-26 0.024551779336883937 0.10859046316564538 0.01821602501059695 0.11396918007623612 0.01755792207195866 0.9811555103539922 1.0878927970217012 1.128750964520305 0.370294301711657 0.0 0.12088741476006468
2013-05-27 0.0 0.06989930468819329 0.08645307784266262 1.275001707273669 0.6472532542364897 1.2723176227109176 0.017162702631010288 17.035171069926953 0.2037138107815835 0.0 1.0357963082735895
