2013-03-15 0.2372181836503201 1.3628657675815858 1.760595153117813 1.5214976638915847 0.7600356155717849 1.372911631361669 3.8950122655065402 0.9949113826980809 0.48755826620905535 2.646012065765111 0.7238340096415039
2013-03-16 0.6673876788150094 0.6927623631635492 0.15219691924191245 1.8773601082200835 0.4725740694994627 0.9357951437527771 0.3975305765285213 2.8646058463768727 0.132935480519729 1.4731554413773764 0.1551166824591955
2013-03-17 0.09769431073931426 2.089947863001921 0.023677085041151083 1.452243963532217 0.6479278523934244 0.03736864378831657 0.042741774659157655 1.3722846700706721 1.545502186495593 0.014190063188489692 0.2657774675677805
2013-03-18 2.876520292769677 11.93143295993015 0.258941759266349 6.655067138885931 15.656148859166127 1.037142847345386 0.06893799148964488 13.405400048975784 4.406784043946503 0.45800412612058644 1.5685365788263588
2013-03-19 18.632898418358714 23.465381399822355 12.87123949536501 15.981274356501709 11.141805636642614 0.6357805082956496 0.02317483746402719 10.90323461940448 111.18188806708983 4.294142275618055 16.19506523607872
2013-03-20 12.028640374244343 24.92862187561694 6.308047588772453 22.75438553374022 15.489878220043947 18.56555357141324 16.73761615990037 7.279876352902145 6.12514180913136 7.8015027717182654 1.438295119840792
2013-03-21 8.218621406946841 3.625630029815022 11.074495275631882 5.475921031203817 3.4265216909827014 2.0543240672190324 18.873707986697998 7.8127915297502675 1.2024378897944306 5.871107297834286 0.8676514393210054
2013-03-22 4.9171203265774635 3.6535510040561867 7.499934167915453 3.7907905728742257 2.6719715524388086 1.182996195092508 5.594480846190435 11.10421704014026 1.7139083513402704 12.162961976677721 1.646609902290368
2013-03-23 3.965015276394083 1.0159473050415435 41.840825012124995 6.015259466802506 1.7237383045607602 4.77834818145041 2.246143783075003 0.020365709038073367 3.5680578315846767 6.219688291016032 1.6103847547636267
2013-03-24 4.2933189182684295 0.9331633707039328 3.8030967176382395 9.316021560858266 10.670788390985606 2.4330055847031433 6.928917606140389 1.5451400784300724 11.454201741952561 14.722987821412822 1.2156627214211082
2013-03-25 2.4760335095537362 3.049657916177327 1.7801126794446 1.391094896239462 10.159599676242891 7.013570791660333 3.311154182493139 3.9151133101879756 1.3021930884842896 4.002734796818128 1.4911091176447968
2013-03-26 2.9985387424711254 1.6986294106033721 5.460389736896628 8.619617831183541 1.1199609563542805 1.3239106841047334 2.988811090498807 29.261639545571953 1.3683109229504358 6.096090524546675 0.7805728963325759
2013-03-27 2.5596606018919603 1.6258027718673933 3.180505150940927 8.599849551550285 0.43841254843334276 4.059780459097822 0.9412564998498606 0.8587576993346873 0.6161014458910559 3.0072948640797765 6.508570816900558
2013-03-28 1.6250223940961877 1.1641466804660023 1.7913690614185418 4.077485477381087 0.9477260721514226 3.150127722726898 2.525387470077361 2.410804050088428 2.1829073721145984 5.621898248918482 0.7486352259786143
2013-03-29 1.8491245361164008 3.29639638427293 20.394916676858905 0.8504432148570187 0.5755337115717736 2.9149929818057725 7.0469638705402335 3.7123681639317647 0.07394051720658482 2.6773071632670495 3.0952937527681623
2013-03-30 3.3112019177043583 0.3231040600192374 0.24894037330748175 0.558309893484858 0.31427703792923434 16.146097181809306 7.517108943495226 3.1317058248916894 0.0 0.3965492378168163 13.420079218058971
2013-03-31 1.0645659500880469 0.010233450000122915 3.4750714681362314 2.202921600836109 2.6979629595870915 1.3045676763292713 31.858999770068962 11.92843331743232 2.414712482485305 1.7746956127785993 9.289027331905292
2013-04-01 3.4848910863596867 0.301786394493762 9.051778556422706 1.7521856372336928 7.305217425061871 0.9566054253677274 1.18291589965711 1.9232807054467878 6.021639951897097 3.245533271379237 10.023105654594955
2013-04-02 7.547803092251103 5.728153519486303 8.722486276803373 9.242543682144097 9.663442621012344 1.7500566884871842 1.2419237374048513 4.145977840359026 4.958471411283876 13.176075917922955 8.503901429628101
2013-04-03 12.396768795938923 3.0728893098745322 7.3202551451288675 3.9789251159881216 0.15353882992930265 3.297029975541208 1.2583442094094943 2.2028650798917204 3.3916008291886213 9.022603008020571 1.5056418272230023
2013-04-04 7.8265577751761395 3.9502414671950135 8.385706580373633 0.5788820512755533 1.9066208482390328 5.480412578375859 6.354126940483428 6.702710367823526 1.182277692944832 24.26846077051928 1.796850757868517
2013-04-05 11.114198661150965 8.739183299731646 18.79348544579996 0.41320893493595073 1.1497994361483248 11.80465587559895 0.25340307449629146 15.256982955084293 0.06785278689811619 0.5001047434224872 7.7371196139281695
2013-04-06 3.780225935433495 18.971658310880983 4.466588400098282 1.2335621638681347 2.4126075722978038 1.8197228416896478 1.4146969435508199 7.37805799817004 0.9698346457857028 0.1552979448573811 30.68756158905118
2013-04-07 4.0547543130720545 9.11782508014739 2.1819577574526328 3.1211215617134247 2.6921922716461597 6.2346984984524525 2.484750231075574 1.4814080363252042 0.6478051454416179 4.497062719143702 7.705764469052354
2013-04-08 3.676936924895794 4.271743915251221 4.496575662068569 6.273910820844812 0.8743217380942842 40.13530090594811 1.3311466979887348 1.3012585913303663 1.6982885227185494 7.319240217443431 4.904038081960229
2013-04-09 3.690762227075456 5.800158990209155 12.664821789862039 6.472983581989223 0.7285815730155369 6.027519307688841 3.1801757577845624 1.7044640487252642 3.34066180383081 5.639087306885768 0.5743742010476461
2013-04-10 7.16942644648374 7.734515474894369 6.1135536220414926 5.082608054902489 1.3050225979639596 7.28074268401509 1.2663982787255976 3.4113911166120463 0.9217338884350897 2.4821884584107696 4.199491406224535
2013-04-11 1.0741414070473092 3.2945909723889963 12.264117245638435 6.201687774044506 13.10414480351468 4.33800153348203 0.933998983331674 2.4767211020024913 2.996820312739637 0.6724994806550639 1.033711767883652
2013-04-12 1.1835717881953953 0.8396518138013103 6.4370037031450345 8.103151429528975 2.874877804900943 5.555524866827323 1.2368194835104114 0.6112152777138201 0.7668718528477592 0.20913178708244998 1.0331303228771105
2013-04-13 2.1610974000058154 0.9380698132308093 17.874532532125496 17.286990160417865 0.6368157935808823 1.784755796439609 3.4906937194250736 0.46324247410336306 0.04982112644965638 2.391767369233219 3.1078224426982772
2013-04-14 1.8190590704904666 0.5552301870033985 23.429468071936906 9.391872077390278 0.05635326197030999 4.935102445044311 13.164164577589968 1.0007754291998237 4.7028470360455366 15.347371081515215 14.697331597754175
2013-04-15 1.7774876478012516 2.1696382610600553 8.646315525891309 1.4595329008531925 0.4584791480308666 6.10945771193496 12.582221304468366 3.7515379430169666 48.32980106066193 1.3585880279100682 8.506844861152612
2013-04-16 5.238157092810888 2.5471549024018785 0.7399002775520915 0.6216434718140853 0.8928304908903639 11.95360827995167 9.37859662206466 1.6272704622094238 1.4823995095486175 0.8203330992145801 8.912162963585697
2013-04-17 3.578093033369787 0.2766539600927669 1.8375532582841543 0.22524379804116285 0.8806495662036198 2.9896327053379137 3.8037599647209763 3.3816492075089 0.620983882956385 1.043719199685044 0.43747093029510004
2013-04-18 13.112345577606519 0.09532319324234514 0.8552600681408515 0.0695865466237291 1.712877148036245 10.944205378381103 1.3443586766777684 9.156032141214968 2.87637279474729 1.3585027815321224 2.7578059251234577
2013-04-19 1.1621773023481112 0.4673528721324933 2.389067610563024 0.014768459818059241 0.5261797900757065 33.95498086878348 1.0558982045425354 13.802643271016898 0.9139641423406205 1.7512559308709326 6.2946468596630165
2013-04-20 1.4176041221239082 1.1625894442740807 2.0737459489077255 0.6632364939790696 1.4944857459839795 10.277892335647941 0.9394971427072139 7.4024505352811385 0.6378480868635965 0.2705646463510032 5.876000173066976
2013-04-21 1.6496709808775925 4.442384694959811 0.32558056899302656 0.2038315293319276 2.658207480232278 0.2867336952174153 0.06576602434915452 1.155922979627531 0.9912200890062739 0.040532229742434714 4.055342513717152
2013-04-22 1.1194764451873063 0.7158344373780454 0.5580940639603126 0.6285283797027685 3.4749888787080594 2.985193265022647 7.332313238879799 0.5249782271842112 1.2162002425726475 0.9155585933116537 0.04642529787349807
2013-04-23 0.884117694396746 4.316954251583441 0.5700104435775415 3.389920013863263 1.773757479437423 5.008699947277652 5.244260751747644 5.960612082318979 0.30225574818974144 1.7155234767614629 2.1026221752932366
2013-04-24 1.0984531273230105 2.2880882389407775 1.1002469593973152 11.015213833285593 1.7534659654829134 5.111660916658133 1.2932440528822258 2.8682276991666384 6.809401042181518 2.643652746543481 8.834209680928721
2013-04-25 0.8489161823719806 0.6385491036539976 1.763066378652443 1.5060566860972457 3.1507371153701413 2.29010024154155 0.2270628121227715 1.2159540357244776 2.633773724661335 3.8858424107627916 11.744598215148454
2013-04-26 0.6306807599960514 0.3532760744105213 6.863789043318237 1.0527764925327716 2.4426823316228465 4.622976800736017 0.8124366570030077 0.4341686356640142 1.1300240054373516 0.5583149860510239 17.019720915522015
2013-04-27 1.314472988147653 0.07839552294201 2.8809693969989763 0.22555073629829275 10.467160934040036 4.922159670443156 2.7115360137865694 0.2893749755221702 0.988362112892371 1.938819195973681 8.190120692902317
2013-04-28 4.7991927695875365 1.844564723350257 1.121845035929783 2.0135308149631834 4.635151076516198 0.6557920213892713 1.8062748812208058 1.5310481327833694 1.1258399574985667 0.5578896285116439 10.930787407824731
2013-04-29 0.07220302829674509 1.3655184004472853 0.6915642506623499 6.135137838272833 1.354218797971403 0.8726609134185348 15.840875360358087 0.18014988390594128 2.4736397504946823 0.12340906502208153 2.400311992765711
