2013-02-22 0.0 0.0 1.2869687458914574 0.013575190542816393 0.0 0.017294137894732244 0.029157996717392297 0.04314831707010368 0.07159537403113096 0.06767637367950179 0.0
2013-02-23 0.021790935856689217 1.107759349739896 0.0 0.12275974516969727 0.013575190542816393 1.227618991531319 0.11509748681877653 0.010433671135727164 0.1249499709012691 1.3346272482235046 0.0
2013-02-24 0.49987172974209737 1.4458402808003923 0.3525348133566437 0.0 0.0 0.23162515549644003 0.15530642707890197 0.9348126375988891 0.7113388687029817 1.7192124920809015 2.256242531648647
2013-02-25 0.6684244222316209 2.9099762545577272 0.13267631007650757 4.337984477042444 0.0 1.146449818179276 2.2909705821444697 2.694922170125795 0.9478950543012474 2.26799315603594 0.1791213314250392
2013-02-26 0.07063457594403513 1.1451289234778081 1.6656747513865797 0.8579244799265295 0.33648925862504575 1.5592084112422473 0.0 0.029215983313234443 1.070884666408597 0.9255870881395902 0.02494343283742303
2013-02-27 0.09024161878308964 0.5963058705917914 0.48415384119432664 0.015063364825591424 0.0 2.45760647585086 0.09528997787526657 0.13421359300407928 3.0059458640692682 0.19254745148431363 0.37132258368798143
2013-02-28 0.3107611630426498 0.06386632586274245 0.09169284103676592 0.022014932049439988 0.1956247783515676 1.784782572534673 0.013990320352711388 0.041412426544717294 0.42190092454184636 0.44545004163253793 1.2743249489212514
2013-03-01 0.0916909476205923 0.0 0.2763844119825069 0.06977972931677005 0.06947904986423967 0.05399711801572585 0.10265155759842719 0.13516102184805084 0.04000679766301446 0.07057042229883279 0.29695070694454506
2013-03-02 0.06999732836709198 0.04935728468281619 0.14793489203553628 0.06184296695907167 1.9118093631740283 1.419905366294519 1.247888730908621 0.037602853656367896 0.03338269941563668 0.12144985823955096 0.04977241449271118
2013-03-03 0.04690960950894921 5.8097831367039126 0.49419963593738314 0.0 1.9542581012838736 0.0 1.753405594613182 0.07087100894798085 0.09067349347160124 0.12676424025916044 0.6321165103998685
2013-03-04 2.4316002458225645 32.966381901174465 0.9422046569901759 0.022014932049439988 2.035037230951609 0.0 1.2917320350034411 0.4528089433642547 0.07800295552689114 0.0 0.21172901267747368
2013-03-05 2.44288402047872 2.834430830572898 0.8997551343584275 0.019126244317314127 3.506931314326699 0.07098043681488231 0.030978663362561235 5.926238985389378 0.6243776300429769 1.8150236487039462 0.39237607631973537
2013-03-06 7.045257912747784 0.5768678288948095 1.6107534529120697 2.5282498612483186 2.569324769598528 2.1618719320327475 5.246530938669165 9.624273405241235 0.19172754532407804 0.08194368623874324 0.7445489657890632
2013-03-07 15.301151954556659 0.41962807362672283 0.3551623815547699 5.716614383633683 0.004329014237333872 1.104341284036854 11.459453286081196 1.800371991129134 0.47217173718601946 0.7610079454756582 8.251299706221442
2013-03-08 3.8611299396470042 5.619529498406154 0.2603786373510972 12.605989472701774 3.2880138645425703 0.0051359239646027385 6.569574568190806 3.075160103003168 7.990441441903223 1.7273397015291576 4.2867558677970425
2013-03-09 0.5588350323638622 0.0 0.1517178941192584 1.2217803165628593 1.3320618030220954 0.03303817424307214 0.48151059997159074 13.436732170044749 0.06214969296814542 4.156410386912061 3.015960917057426
2013-03-10 3.4368707823587474 2.137773840549743 0.5717057085660042 0.963199352799134 3.1098315416446454 0.0853460717394417 1.0386110763300196 1.3628854647610642 4.7333450518997955 1.8779839777299674 6.095517656476305
2013-03-11 1.8618661489636672 10.956461569199071 1.4881457201712824 5.780609697610376 0.5553274689591066 1.0974007780024222 1.4391636574038618 3.391790454618462 5.742814834615625 3.2474219391943864 2.877057624416799
2013-03-12 2.844284590374428 1.97564446939719 19.660060305036033 31.043460239978646 0.17231650066234705 0.31295653050662037 0.17512105489400986 11.683306152924613 3.347944447104167 4.33107567130475 1.1874965932128339
2013-03-13 4.27593429994614 6.697514915269841 13.134760073801381 11.119949885575057 2.1823368622101795 0.15892204055029074 3.317228548775243 1.3414753495545888 4.22371923584032 2.9567607558692863 2.3562664433074216
2013-03-14 2.3619791217777126 8.853687575682198 5.016646367095738 25.327579308943037 1.2734916097775688 0.13148720347470189 3.993397178781041 1.1030595840817061 2.123726983842145 6.383196547975884 0.07601205006516583
2013-03-15 2.8299784961011145 7.923018980516989 2.9031275646124444 21.875705107515778 1.5019054660093418 0.14025393550161486 1.888804545743215 1.0033040068913275 0.05557825610660631 3.358062887653087 0.13089330655888237
2013-03-16 4.001617420644266 7.57133740185724 0.6721389313141276 12.483694064929574 3.4296637191366965 3.080745740445676 3.2715719925576012 1.015897543881437 0.728700876709514 2.7984561657918907 0.5049054600670684
2013-03-17 4.412991713304637 4.7068847851476985 5.348612310361332 21.162813954962736 16.376895772892503 0.09774453518955328 5.627595192710444 0.013303940364853212 0.046941901134958754 0.8568718694983534 1.18191354845614
2013-03-18 2.1438931893716964 9.857635999203108 13.908912272927585 4.228346406500268 21.30127510284084 2.975880126563954 6.520869000649677 0.9281643314927772 2.268581724435058 0.14862165167260358 0.5714739515967069
2013-03-19 1.551626428178067 7.257825900485822 0.07319799817943232 10.451717623857444 20.38285025847465 2.6891521300633983 5.536139410781175 1.2357457784533388 12.899170758486532 0.05700025610521631 0.06516324911954366
2013-03-20 1.8488067367534111 2.9679689330701056 4.614279002523477 6.473167116379584 32.30010590210794 2.9906105293971073 10.965467721607155 0.536112500474969 4.887353965643861 0.19998047399766664 0.07630761318988426
2013-03-21 2.6980551013752305 4.87680990482191 23.991911610994883 1.5640810919580042 18.42447311204075 9.703763968487575 3.195689181065105 1.2859094607325914 0.29935474642245374 7.416198296318029 0.4177965472549171
2013-03-22 6.254666931996873 7.162992898936506 4.0782346393063085 0.6221872486422914 30.108175226974307 20.60816873272293 1.1868233080572368 1.4882983567919568 1.5508636581424333 21.92750906149552 0.1379375576487572
2013-03-23 2.976088032034958 1.575414557347204 0.9068232866420529 3.643344472580295 58.252733080427674 6.007374270856534 2.800982746476757 5.149011914310147 1.272460448598649 2.6353019065694774 1.3462664325160492
2013-03-24 2.5496909816614637 1.1289138718921226 1.5946653146354928 1.173981820440201 15.070331081279313 27.649827946851214 9.449929371355402 2.259357563764082 0.912382334074209 0.19747270676170225 0.14538986038117174
2013-03-25 2.717319415909151 1.1455239731331606 2.5026077523760697 2.3588017815153175 17.971939694689837 11.784537487835276 2.692734087959387 11.41457681451084 1.8076750815640306 4.277672339333579 0.6354543916852303
2013-03-26 6.7009576482475826 1.459718446920564 1.8014789118081658 1.102730936739233 8.641422144782577 8.907537857109215 4.8030817105446015 7.763111912503678 4.8532732142312085 8.651034671055262 3.537034228038384
2013-03-27 9.573849051930258 0.6549270151805195 0.7393958372260492 0.7478320731355745 4.058599298657382 16.942004587783657 10.138924481831515 2.70228401032088 11.913637976850982 12.014279913852457 15.748902159420684
2013-03-28 5.091519635142055 1.1831360804720332 1.1654541207029467 1.5719431854277586 1.5497514727018469 6.962541551816591 3.9887502541745676 14.298755239902295 20.02083977400285 18.71990499114367 14.752052164651568
2013-03-29 10.758480041584168 1.3239437029890055 5.0112673589469185 0.5022431593340739 2.773700722801655 8.469936191113437 15.526147493074983 12.655064776796255 3.574721183786385 35.73705481193463 11.45508595278427
2013-03-30 3.575039440420579 1.542858335305734 15.58446810403996 2.4438314126141476 1.9348054837144697 5.5260569919353415 21.51424667378857 6.53879003498404 10.450935195852672 5.134304681475578 14.464179243106418
2013-03-31 3.3088779662513117 1.0127065468547436 10.497901365782436 7.413434555132749 4.999444365127335 25.574951334554545 2.7491967605308605 9.536924820094264 1.0157483894096828 10.18475017068381 19.35941881814764
2013-04-01 6.048176762972506 7.673527728193515 6.03194734737348 3.532610954951309 2.846661367630287 18.392817570049935 5.824033239171363 5.680981705605029 0.7450760287291203 12.086048899109876 4.012764105816991
2013-04-02 15.566283450590008 1.5262062407188786 2.311307284525138 1.6348020954976596 0.11814329708657428 12.487439433719087 0.5511059423797771 22.33562757652665 1.0054936404853119 14.238070858767136 0.30829463646085875
2013-04-03 5.15598976072341 2.0953582032040448 8.126941541154926 2.513818056298066 0.9368374690516675 2.210661711887141 13.474982151326211 23.454018925416 0.9412767070290811 5.133849823511094 0.8237429634179132
2013-04-04 4.241786727900167 0.37326596047188376 8.18249136663571 0.277898688018375 0.06144371966268349 0.849215049688417 3.7365023503915165 16.746855085751122 0.06151549861294569 12.015737199414174 1.4252473202247238
2013-04-05 35.920686889218736 6.584906759501607 2.1355008689688253 0.11433932619449717 0.015177815182956033 1.9031549479502163 2.3607774443596585 10.030042445929293 0.23444718807845938 16.95390200510701 0.08394556047228068
2013-04-06 3.963135330041713 7.068528244692583 1.673320651349775 1.4673560580983505 0.8322483873514721 1.0476575437327136 1.2312405368396695 30.4424568517111 0.5769823327703343 9.455952772537898 0.10795090987842995
2013-04-07 8.259107339468597 28.407559273128953 3.124319298911706 13.112830958893813 2.9663194345315627 2.3475552294160815 0.2623992545626439 6.511144932399125 2.5528196657700573 18.17875117923225 1.5930892267058785
2013-04-08 12.199403434720384 0.15516302597353082 0.98360699959428 8.425991780347825 11.379211742688243 6.6591770035686935 0.5345898504659286 17.517136927159974 1.6383893322990741 4.429399271822222 3.6931559723299445
