2013-04-19 47.43531604439751 72.59373136341969 36.68292930037822 44.435806955205344 38.9843275935539 58.493349916702606 29.78804676737526 30.024912469893113 69.01452959714959 49.84942832700816 47.940362325544925
2013-04-20 19.623895998407853 4.434544567284583 11.970727378806187 18.018423469429266 15.480543306834031 6.104133199214797 15.43730832098063 20.18905981725372 5.5323092706252135 6.084923288524799 20.761747145722033
2013-04-21 8.069758384433193 2.130246134674984 1.0538461388245641 12.471969199316401 17.431819245264606 15.386317424087151 3.839843764390566 1.4976376044840334 8.38089717385013 14.859424683470017 2.4614486141179532
2013-04-22 0.8402923067005088 0.24977693544846702 0.8236643473731196 0.4717968177067478 11.713717397118591 29.683454137786384 3.7075796326046957 1.4934494198202755 2.4982517085885427 0.5983243926726782 0.24477178435679883
2013-04-23 0.3022317184147991 0.3181703631721824 0.1841659257378696 0.2031711400505965 1.0322665659752213 0.4332534390464561 1.453050489709102 0.13676505254211827 2.377725205920476 0.35253194416328054 0.2508902026594709
2013-04-24 0.21205605759621693 0.3364697909304236 0.05174712777467068 0.6663049609927599 0.3426736468967498 0.21099925670940645 0.40582438037419455 1.494762482588031 0.32549322704583683 1.4027357838931516 0.043797057712626694
2013-04-25 0.6490226379214126 0.23470606896150153 0.33838654382305955 0.48219377509468997 0.7383861067505431 0.6592520324085704 0.03953037460184374 13.887030733396063 0.45033317055732675 6.604443029649196 0.5278361958134006
2013-04-26 11.467027913890735 0.9098405545713055 3.3862258769853533 0.14716702055814385 0.43952062683320897 4.907326605790309 0.9244279096172554 20.368395500381908 3.6233165343566434 14.626292658829644 24.97938384920178
2013-04-27 15.394528532658596 1.1163964856822308 7.874837905187613 0.3651163332025802 6.254995353339529 3.07671662204667 1.8504603330961107 21.045095613327994 10.687948302146786 0.3179840345922473 5.370907642031563
2013-04-28 0.9907086282624789 1.4543514791671044 3.310904312539827 2.5091305714589716 0.7964471193392543 0.8532260050525897 6.75153147910471 4.707182569928123 4.830510304472422 0.48911593987695284 2.5610805830627603
2013-04-29 2.2060904467855478 0.7096811738150295 3.0826167468300287 0.4398989506244753 4.162896731655333 0.7696167865577968 3.854494938580336 4.126187474517937 8.322033718943977 0.208206883419745 9.07456578433749
2013-04-30 2.2018497067395266 2.399198570250193 1.658791852720951 3.822669858427245 4.10325163285404 2.832038293378054 1.4705667325837504 6.439302016864319 0.12823012442494383 0.482331852812973 4.084287508532246
2013-05-01 0.7897621017895107 0.7852652989155391 1.2589016191851758 15.557176937943712 2.0571847611869467 2.4382078938466956 1.0628179704525427 0.7410650507617025 0.3116466505427062 1.697996459544199 3.61752460296241
2013-05-02 0.9038980329688782 0.20536661974644857 0.9229016179499396 0.05538093288100422 1.2904624014234347 1.4195795993790958 0.3295372505468881 4.734189826973454 0.06114120360548503 10.577922415682245 4.036702161116394
2013-05-03 0.7009324409541303 0.26733741538676137 0.6275111127527263 0.5506234683241498 0.2774028871866881 0.8308055244845926 0.29169282283511955 0.6332092228139969 0.8919903060843729 0.6822040096707943 40.68546709511941
2013-05-04 0.4286508337194774 1.5672600451169716 0.21409223832432167 1.1918541919845111 2.6593930488218316 0.6068512460878819 11.681759905399822 0.0 0.1448097278785479 3.0851195361183725 0.11615081384766877
2013-05-05 0.3303594144585945 0.014651706434738516 0.31728298257906135 0.6194154810447434 1.5583900675936806 0.1258716282783981 0.30352282602395264 0.9178315513072053 0.10847336665765811 1.0515509856321192 2.550397839143282
2013-05-06 0.3690939264648179 2.3784597455949315 0.46853109705889645 1.1074650195911548 12.91666078764866 0.2401530393338558 0.4981296192055741 0.8578239784250216 0.09794875910857509 1.2603794543194349 12.296568190331952
2013-05-07 0.7687174250737581 8.457645312897679 0.44946001183369644 0.6653146927206837 1.8096062256069327 0.004879072894536907 4.663736498699567 0.6566170344745274 0.003229914767828479 1.4438298755150498 0.9968624850717935
2013-05-08 2.6033327153780896 1.1270847030778413 0.05537618720891573 1.9365127650296476 0.3188663998562796 0.008681300983778197 0.42583401336026283 0.17669453483863057 1.5666674754832917 0.4256452013767562 0.2607222733438589
2013-05-09 2.0561585437014642 4.11560278539538 0.016873177882859754 7.646933853034282 0.4065500017433507 0.03490562393912246 3.0228235247782624 0.2080865951543044 1.161574397961932 1.4895228190165377 0.3728898531832122
2013-05-10 1.0384455156757004 1.5382255614462257 0.6317857220400548 0.37590587263393366 0.14829410585005637 0.0 11.427744299298014 0.6251925320774976 0.23853813127212087 0.5061322415357783 1.3763517957455518
2013-05-11 1.0770388904638848 0.43998190852416147 1.549463611338213 0.48840339629543195 0.2722518535911605 0.008649664004949934 12.204924234341737 0.30404015776866844 0.016394235062519285 0.28435801957295387 1.6000555313984368
2013-05-12 0.5939209755561956 0.0700357845405 4.2151966323241785 0.24230741279332227 0.0 0.1803603146932503 0.6362401520766009 0.5201742859298838 0.17688242834998189 0.23077645656868073 1.4619659841784218
2013-05-13 0.42646269988403057 0.27591675577888863 0.19581511259922602 1.6172296094604635 0.004976019863320481 0.7057040121963142 1.1197317088359304 0.2682786499988698 0.022216669997060887 0.07777589527769285 0.2652471725566397
2013-05-14 1.4304167035133808 0.6907642901935777 0.0511031014453619 0.006707802666943867 0.07010415072193829 0.06605931210503826 0.029923400418785266 0.5651198576790533 0.193229050884763 0.8243487351314256 0.05949979063975026
2013-05-15 0.9586718927383767 0.8582589794778309 0.01843944677285201 0.3270920549960886 3.5525999896070646 0.17089277096399091 0.00954166385114805 0.015984233682746256 0.04231976264774913 1.136042118592119 0.1289620763281881
2013-05-16 0.838863764929845 0.07010415072193829 0.001973498316834329 0.14041282104194633 10.826126142350581 0.016693570387612777 0.06582466731097214 0.0 0.14919193916698567 0.1806627326682969 0.3540913487956546
2013-05-17 0.43720374272009377 0.09571939528474505 0.025050531181265073 0.629551609842848 0.19831805298752408 0.14946684956742426 0.3906498522365496 0.09268488980222316 0.8819531780369391 0.21502884761727442 0.24021858315192324
2013-05-18 0.07578407026670858 0.48335282472933055 0.3208195435539032 0.6862573123581266 1.5826525343338835 0.26190970339304664 0.03891798554564732 0.01969609193409893 0.01205918626802539 0.3982769181038608 0.31507052340181896
2013-05-19 0.3283276714084564 0.03019541271567515 0.5947509426927673 0.8482011042681905 0.4735197139060963 0.09097011054235843 0.0 0.033700194667599354 0.0 0.059081697086308255 1.2338126953088933
2013-05-20 0.002150982691928829 0.013736925727477459 1.270555409387723 1.789466643973177 0.04382206176475935 1.104870098351991 0.001973498316834329 0.19639870723080752 0.1257538369966715 0.2821654789269123 0.00504138483617669
2013-05-21 0.48562630541847124 0.014172763614398048 0.8934794740575744 20.065635900699117 0.8268127213964074 0.31964879656088374 0.04120453702729791 0.14335855796934127 0.1891690855801219 0.011105160788209351 0.027636418848579918
2013-05-22 0.3469187513115334 0.013632315982066266 0.4415148180629767 0.3363508038107692 0.17045095084261036 0.4380411624118111 0.17504521104212128 1.1802799669840727 0.02300866722839081 0.020715482386771178 0.23129654561087204
2013-05-23 0.40271357990698686 0.0 0.015371843946663313 1.2510882509451906 0.0 1.053774220968637 0.03568009617903488 0.4866463854673034 0.001973498316834329 0.07379357601305245 0.0052034130846628085
2013-05-24 0.3591548654151996 0.0 0.06822759982161751 0.011893956047547925 0.016055947076244654 0.24964683424258824 0.1478377327160362 0.004879072894536907 0.01094284884656957 0.2972687021734014 0.2679563872979695
2013-05-25 0.18336245661180525 0.003477887899115388 0.026483353155514852 0.05687417328187884 0.03986111737191922 0.04342538915548054 0.014654707097922237 0.01843944677285201 0.10302527291343055 0.1533003593465693 0.566004397807889
2013-05-26 0.5853641723103935 0.06228772039269379 0.0749301666183047 0.005171776105834547 0.19266623190457124 0.1505336164673588 0.07549051871735142 0.23660123587124612 0.012068819045004965 0.039172306075734784 0.0511031014453619
2013-05-27 0.5344615782952093 0.5015730730555243 0.012303957427320954 0.09972675740608541 0.0 0.10316200418551041 0.4934490815512975 0.10301534899805198 0.17558628060920994 0.0 0.07068272113072634
2013-05-28 1.463423212093642 1.471672377572957 0.9136233867410313 0.060328426529183105 0.0 1.248333934009954 1.7255157659466316 0.38168097255586353 0.0 0.06598034578686801 0.5197516775659212
2013-05-29 0.22877024388568856 0.028929161884609693 0.24048594569899567 0.0 0.23525473692099585 0.621737317411517 0.001973498316834329 0.8456017655267025 0.045834378818473756 0.0 0.19016501335686825
2013-05-30 0.030877746484963765 0.0 0.07013878884185999 0.023415750035042055 0.007946959413879268 0.1801980027274069 0.016146261931232378 0.5112275287322794 0.5951398601581362 0.11862771267097971 0.028604821988767896
2013-05-31 0.11508572068583495 0.1492398064027023 0.0 0.020660918220973247 0.01901176009426482 0.3171331177937623 0.2194463063249107 0.008770538641136553 0.02534323439256271 0.11851012315939395 0.0
2013-06-01 0.02945034216430524 0.011515162167982379 0.1318431016864081 0.04313865354628544 0.06270106921814991 0.5723544965641694 0.5163349519645002 0.5726201417197979 0.1349329378579717 0.001973498316834329 0.2765200371424641
2013-06-02 0.05211599491950268 1.8504481605270011 0.0 0.037281660815961765 0.03676808118694172 0.06604900456988066 0.5656441470329392 0.45637021257721616 0.32893666574274694 0.0 0.0
2013-06-03 0.11700191043144456 0.5963236834197903 0.9168971743286828 0.004879072894536907 0.001973498316834329 0.0 0.1790815206546173 1.1207745849094883 0.13500159738463083 0.0 0.009066297498518814
