2002-04-05 14.29888372098516 517.9341641305002 12.41585976488842 806.3080222783165 12.473218501370866 36.94828420560117 13.489034108517025 13.223754075541667 17.478767088011736 13.54215498377337 383.4867593552899
2002-04-06 15.565963773747404 434.36372144005725 12.91839802898921 671.0749636319473 10.904592403865756 31.75885684525415 17.13147940995368 10.97096407122179 35.01839575913552 11.234341444887333 318.7301905366909
2002-04-07 14.046113339262488 364.6672278921428 10.800449666634933 569.6668512957507 10.652333614741563 29.19994622894223 14.211983940375891 10.104073252191037 48.723684608298825 12.955693239032323 265.34090105727046
2002-04-08 11.672188722953187 302.5217298730541 29.582500961637525 474.8580210257274 18.969355441247696 50.41503804877174 11.790020154602283 10.466977082219614 41.04717893761869 14.99959211387625 245.91419559525482
2002-04-09 11.034683232334208 251.780562446815 55.88065620424034 423.78504121265934 15.753991006402611 41.82345808886855 9.81327049194786 51.68837125556588 34.052041502042 12.44340649942608 204.00783849081196
2002-04-10 13.818704198109272 209.99337636625003 46.40296865668777 412.96179468552936 21.552852145306606 34.76802704274316 15.978906713694274 42.87979365993359 28.24899446120314 10.322838390166739 169.31868258587707
2002-04-11 25.429462039457338 206.1934237550305 38.49511355985875 342.58608107416114 25.819941519495142 82.1577097094804 13.309343012388375 40.9811323241998 31.399449862343616 21.33748248207725 140.57848414083372
2002-04-12 25.192353627575628 233.0120496461987 50.17235413938857 284.2035860366343 21.41978433008437 123.83406748843294 11.041204593172655 34.5417748464874 26.164120479101854 19.634408566022028 116.62151943578439
2002-04-13 20.899148089179725 193.3028332370007 42.7671522305776 235.77046114315937 17.769488765143684 102.8885578584858 14.48880303756156 28.65526891420094 21.746738962829376 16.28837139756573 96.74722898481252
2002-04-14 17.337577794850326 160.36074269200932 35.49005770982813 195.59116449886295 14.86642734761957 85.38741486332104 20.627736552327796 23.814113071595564 18.706875131008026 13.512555873171173 80.25985565548837
2002-04-15 14.382959655093355 136.30375431029876 35.67678556155863 162.25910338612113 12.332935274251753 70.89123066108276 39.6135236287319 20.28275356677656 15.567492123385305 11.209786526163402 66.5822111644259
2002-04-16 12.716869858604648 113.0752762744551 41.68811362980506 134.60739241020804 10.46247332275298 62.7073006223099 34.96196276118799 18.057087230935057 12.914526688274925 9.2994482421828 60.361090179771644
2002-04-17 10.816560869781782 93.83966540941519 34.583750021440814 111.66800329444939 8.679489919194783 61.705604156536964 33.83750364915577 25.16112201424547 14.887053636609899 10.398111014826544 52.49097502786968
2002-04-18 14.248026626117385 122.93658008015319 28.72576828117757 92.63787624507573 7.2003572132009435 51.18991969801906 30.66570931688501 36.04793593270364 70.30667737249618 8.62794454038793 43.57280105293601
2002-04-19 11.819920553666671 102.07963134318264 23.93198616242294 76.85080651589449 5.973293877908799 42.46628672562891 27.187455750254912 102.2392466584326 62.6589992130878 9.186814505233945 36.577175484837746
2002-04-20 14.004999749138618 84.68352595664943 20.17616411677634 64.52560049205667 4.955343005267786 35.42534643905824 23.565533659166253 84.81594010738834 52.63706505851669 18.527673829685256 32.925926065952986
2002-04-21 14.340933837603227 70.25320535959645 16.737802588105627 53.52934069449365 4.110868274985103 29.38837376873271 19.549565912903486 72.15695043062257 43.82609347159566 15.390036488195031 28.693929756879783
2002-04-22 13.424067232838727 58.28086427552114 14.346891809915062 44.40703059462316 3.4103064018606952 24.38009503092237 16.217987375571525 59.86017880689016 37.13365199838249 12.87643833894334 32.709850855616345
2002-04-23 11.136377855188787 48.34881374188797 15.108112915291482 36.83931729117415 2.8291321873151696 20.225312172570924 13.587301003074451 53.87966088438533 30.805446115870303 11.266524868675175 65.33497757040394
2002-04-24 9.458815946285824 40.30584871433592 55.52322491993643 30.561271048916673 2.3469999437401197 18.59243844623483 11.271793814639931 48.877386623631274 30.064074530195487 9.346517406105026 54.20078615252533
2002-04-25 7.846872830229038 33.43704655760692 48.635041995445505 25.353110665520546 1.948208248607622 16.178075510934907 9.350888434061314 40.54784861947859 25.489223263165407 7.824331218408116 44.96405032642972
2002-04-26 6.509632237634038 27.738805115346 40.34680363781686 21.03250939364723 1.7320727775568507 13.421056281572513 7.757338001755996 33.63780556289521 21.145426089603305 6.495330162021158 37.32228549129076
2002-04-27 5.400280186267457 23.01164093250652 34.73054843716158 17.448212064781085 1.8533852537782842 11.171944288475496 6.867973431367462 30.044423982660614 17.541885835220043 5.401821109843251 30.961933253243245
2002-04-28 4.479980592696889 19.09006592766537 28.811872274297393 14.474739963721689 1.5375368835189689 9.268054965430485 5.789818490869406 37.56378107190776 14.552450130441981 4.481258916686807 25.685493215628522
2002-04-29 3.7165157026443394 15.836794003152423 24.415212723818335 12.007998082524153 1.2755144476100824 7.688620765040063 4.921836457224543 31.16227387948277 12.07246511511393 3.7175761784841987 21.308248303939436
2002-04-30 3.083158215131486 13.137934947349928 24.42884458947944 9.961630973081272 1.0581450913482144 6.378349015959005 4.140436386425421 25.851692391694154 10.015111726840177 3.0840379678512937 17.67696037489673
2002-05-01 2.5577356158538875 10.899007377783926 36.910673372257016 13.774723885669017 0.8778191704864986 5.29136985847618 3.6843439953465817 25.306008122836836 8.308366348105862 2.5584654437471017 14.664505671163234
2002-05-02 2.121853964062367 9.041631146525997 64.61021087291056 12.851599812093523 0.7282238535851953 4.389630437145662 5.885595025704239 20.99343392537303 6.892479410823241 2.122459416869412 12.166076766746574
2002-05-03 1.760253959361909 7.500783415971399 66.96810296857466 10.661468619662127 0.6041221230527148 25.880996769799232 8.523115549599783 17.415795720909742 5.723892428746366 1.7607562327128834 10.092770360855225
2002-05-04 1.4602767456802663 6.22252234597412 55.55559920608624 8.844573032929425 0.5494972433691481 57.12773641393839 34.337992966520545 14.447847916194283 6.646574084521882 1.460693423109396 8.37279063003979
2002-05-05 1.2114207513261015 5.162098703410507 46.08798019253489 7.337307356564155 0.4558535670614103 47.392198480715955 28.48621493257259 11.985688897284536 5.513884813291174 1.2117664198343137 8.594618801775805
2002-05-06 1.005303672789578 4.282389285591592 38.2338044874296 6.086905387547162 0.37816836592050834 39.315761796709126 23.63167940467298 9.943123652448696 4.574225059048831 1.005260811753806 7.129949577707061
2002-05-07 0.8578764804279329 3.799992315088116 31.71811390900966 5.049593181319571 0.3137220443507516 32.61568729048402 19.604439298345806 8.248646265988622 3.794699308987284 0.8339472716089644 5.914884901020077
2002-05-08 0.7398187720975823 3.1964454684295744 26.31280782627015 4.189056617997721 0.26025847210177727 27.057419437302933 16.266952335609595 6.842936646438458 3.5353989034466218 0.6918284724646945 5.072131901413782
2002-05-09 0.6976948142725162 2.651716794361057 21.828657835343776 3.4751701213692354 0.21590600189092715 22.446374963244903 13.495341686182174 5.676783854854757 3.1638821751253965 0.5739291339002525 4.207754356841518
2002-05-10 0.6478209235216571 2.199819151287385 18.22074322220492 2.882942025794534 0.17911194696613206 18.621130893804693 11.195505929421612 4.709363333286693 2.624702840083641 0.4761218478998782 3.490681447496424
2002-05-11 2.7485561932324076 1.824932552624774 15.11561867244327 2.3916396705259135 0.14858822480650874 15.447773474870516 9.287601302014588 3.99021383630336 2.1774088342814957 0.39498258697407945 2.895809958127635
2002-05-12 2.2801554695130495 1.5139330065751135 12.539660158992705 1.9840635928353392 2.0864937020340024 12.81521013368265 7.70483607341913 3.3102135316623045 1.8063413347990878 0.32767083615461656 2.4023146883271944
2002-05-13 1.8915781958368774 1.6105426594687082 10.402688789026948 1.6459454109780403 15.330389860099489 10.631280361380503 6.391800959994453 2.7460968446123095 1.4985100484727656 0.2718301525362983 1.9929194060388704
2002-05-14 1.5924854140986082 1.3360787976302184 8.629893686851103 1.3654483181401247 12.717830683369664 8.819529367311132 5.35899456642279 2.2781152357272325 1.2431384490373596 0.22550567116417355 1.6532920429889402
2002-05-15 1.326286315682559 1.1083882460252286 7.159213022397923 1.1327527007132892 10.550496025664174 7.316531557518355 5.10039920389184 1.88988565258913 1.031286513594169 0.18707566932063402 1.3715429591022932
2002-05-16 1.100264569555351 0.9195000370533211 5.9391613570126705 18.646825570463342 8.88027283000876 6.2210377554079646 4.231204430197137 1.5678169935606958 0.8555377512014316 0.17126449943027447 1.1378087111957267
2002-05-17 1.6572133236513138 0.7628015915661622 5.00685610328244 16.353067342115793 8.264753021261983 5.189053125681288 3.5101352295051678 1.3006343118857748 0.7097395671161031 0.14207811580275598 1.2025827699996579
2002-05-18 1.3747959868452502 0.632807226371327 4.211270133929957 13.56622652839819 7.137927296626094 4.304750215857082 2.911948484805317 1.078984103503653 0.5887878733848121 0.11786558835745166 0.997642212049449
2002-05-19 1.1405073676826132 0.5249661119947745 3.493598076371282 11.254310788889963 5.921503080947291 3.5711475623964786 2.415702935569238 0.8951068605331919 0.48844840545353385 0.09777928740384721 0.8276270108737923
2002-05-20 2.072230253703841 0.4355029577069218 2.8982295438350296 9.336384813256 4.982941234201697 2.9625632784530667 7.542238830692291 0.7425654272125919 0.40520848946608495 0.0811160337674707 0.6921269326354877
