2002-04-19 15.406493915307319 15.406493915307319 15.406493915307319 15.406493915307319 15.406493915307319 15.406493915307319 15.406493915307319 15.406493915307319 15.406493915307319 15.406493915307319 15.406493915307319
2002-04-20 12.780965313166885 12.780965313166885 12.780965313166885 12.780965313166885 12.876614299221 12.780965313166885 12.780965313166885 12.780965313166885 12.780965313166885 12.780965313166885 12.780965313166885
2002-04-21 10.602871440729208 10.602871440729208 10.602871440729208 10.602871440729208 10.682220212728685 10.602871440729208 10.602871440729208 10.602871440729208 10.602871440729208 10.602871440729208 10.602871440729208
2002-04-22 8.795961809928384 10.581435441235259 8.795961809928384 8.795961809928384 8.861788201587805 8.795961809928384 8.795961809928384 8.795961809928384 8.795961809928384 10.34165547101461 8.795961809928384
2002-04-23 7.296980312759604 8.860638055817903 7.479127834718721 7.296980312759604 7.351588767682235 7.301306192586519 7.29789654575213 7.296980312759604 9.953427148936727 8.579261484304636 7.296980312759604
2002-04-24 6.053450757903824 7.350634626313572 6.204557244093091 6.414712649059011 6.09875300330816 6.096628738772135 7.855734944770277 6.053450757903824 15.811649875584935 7.230101109901447 6.053450757903824
2002-04-25 6.711608013428992 10.89705290842039 5.206126137365108 145.11347338657288 5.098135951611401 5.057659508118299 45.79939592893924 5.021839789575971 81.83967361274341 10.240312261562673 5.021839789575971
2002-04-26 6.392495949536013 61.58881510301734 23.427947972297034 146.87154610386912 4.229326874600208 4.1957483055156715 63.9410385693685 4.166032876247112 70.52652687247075 8.495188881423562 4.166032876247112
2002-04-27 5.303105913956162 51.094808750387834 19.435427167181903 130.93210302380336 3.819602475571135 3.480721431520185 53.344441769848096 3.456070016809281 58.50840759277862 7.0474642069218305 3.456070016809281
2002-04-28 4.399366469161393 42.45596233197178 16.12329981343235 109.40332075381686 3.16867724861647 3.1937150235580116 44.25364159156223 2.8670969039133603 48.53757980774961 34.84430942104802 2.8670969039133603
2002-04-29 3.6496395968725066 35.22076604361207 13.461828963906738 90.76120479193696 2.6286807514961255 10.745853492833453 36.712068383128184 2.378494826913178 40.45937042095147 28.906246451643757 2.378494826913178
2002-04-30 7.027738728551829 29.218548462818507 128.11432714866515 78.61243630851165 2.18070884193215 14.34073662268595 30.455707519095363 1.9731588541468257 33.56710443273695 25.343842129410774 1.9731588541468257
2002-05-01 8.391285185008892 24.506221210713427 430.9771628762224 65.22163221081271 1.8090789650189416 12.818027924784252 25.31943690127847 2.4117045654889617 27.846698916484776 25.538304054234146 1.6368990252341746
2002-05-02 14.048888676022951 20.329944306128045 357.53132411355 54.10698002253854 1.5007811399411295 10.633617952952966 21.00457421156722 10.52110965957192 23.10114791043583 21.18614267909106 2.0006350020534223
2002-05-03 11.929722664147421 17.210401596461896 296.60190546825135 44.88623035647991 1.2450225078925328 11.785309448248045 17.42503751285893 8.728133626912639 19.164319394190116 17.57566362533744 1.659692770213615
2002-05-04 9.896695017331538 14.277456443966932 246.05589606872593 37.23685326321538 1.032849496776216 9.776892269651313 14.589094427624731 7.240711205774631 16.07551458950021 14.580471610619233 1.3768528935426219
2002-05-05 8.210129859970055 11.844335030002092 204.12378637488018 30.891060129892924 0.856834375466012 8.110743538141081 12.102864600798052 6.006770863793224 13.335973485542008 12.095711258470141 1.1422137424947356
2002-05-06 6.810984091106144 9.825858888346925 169.33762136868233 25.62669807793181 0.7108152245530704 6.728534888913748 10.040330623118946 4.9831149433693085 11.063296780760359 10.034396331990228 0.9475610936091757
2002-05-07 5.7464367419102755 8.151365412169735 140.47961053465988 21.259472857714407 0.589680220499865 5.581878102597234 8.3292875155272 4.133907402479355 9.177922840944492 8.324364528539292 0.786080566813231
2002-05-08 4.767146183707904 6.762234104696995 116.53949557377874 17.636497094298228 0.7022296320273604 4.803863748448104 6.90983525548171 3.4294192701724358 7.613848687564926 6.9057512292084064 0.6521190682999118
2002-05-09 3.954743392735528 5.609834398843058 96.67918338398253 14.63093802179231 1.20837009381276 4.551201072957776 5.732281803082662 2.844987897788272 6.316319372235081 5.72889376434886 0.5409868875967137
2002-05-10 3.280787854972321 4.653823203279167 80.20340618238261 12.137577334829043 1.0024432774524235 3.77559900172629 4.755403487208563 2.3601535714691546 5.239911121064544 4.752592827899935 1.5152196974217582
2002-05-11 2.794557082868428 4.527623921153877 66.53538164164924 10.069127716864758 0.8316098930743429 3.1321727151407623 3.94500185144347 1.9579432605846105 4.346941143817073 3.9426701762856977 1.2570004896022966
2002-05-12 2.3183170251563396 3.8329739366883198 55.196620953142954 8.353177094707688 0.6898894229875203 2.598397211406089 3.2727064380038864 1.624276427606774 3.6061484386346008 3.2707721199509363 1.0427862266767962
2002-05-13 1.9922938264645365 3.1797699853324914 45.79017793951948 6.9296536440475105 0.5723205314342152 2.1555861321460634 2.714981597647176 1.3576619216624126 4.495560329484278 2.713376920289998 0.8681826770138689
2002-05-14 2.306951212838726 2.6378830972062786 38.88888737951329 5.748722801158737 0.4747873786539204 1.7882375922758316 2.2523025560641066 1.1262932386293922 3.729440387297586 2.2509713430214986 0.7202295825011558
2002-05-15 1.913807488748827 2.1883429514162636 32.26155953440613 4.7690426595781865 0.39387553398494424 1.4834914915904163 1.8729593688576398 0.9343537143837176 3.093880313692294 1.867367540873432 1.5850865873447977
2002-05-16 1.5876621419681864 1.8154120924030417 26.76364107398812 3.956316676861444 0.3267524438241642 1.2306793096887998 1.8125087405848885 0.7751239496432625 2.566630486454754 1.5491363510774456 1.3149608731621267
2002-05-17 1.3170975094717459 1.5060349947026166 22.202661429723005 3.2820930247240696 0.2710682698794808 1.02095062350018 1.508624348281413 0.6430296450494414 2.1292329974257913 1.2851371686087565 1.0908691750676858
2002-05-18 1.0926416922094768 1.2493810164429464 18.41895029155907 2.723760085654129 0.22487362627063046 0.8469632725760736 1.2515291001312954 0.5334464566639816 1.7663754799350349 1.066127937022066 0.9049665137575821
2002-05-19 0.9064369638308074 1.0364652413382858 15.280047886005237 2.259585040407012 0.24807933881713926 0.7026263254864233 1.0382472550307902 0.4425381074081329 1.4653550550307735 0.884441603482445 0.750744827831426
2002-05-20 0.751964688202231 0.8598339356565433 12.676067837894921 1.8745133177196096 0.20580240006495826 0.5828868491135197 0.86131226390674 0.36712208706609006 1.2156336303896216 0.7337177113619214 0.6228051402428126
2002-05-21 0.623817115658606 0.7133036086692546 10.515850279375384 1.5550643660110908 0.17073017073691785 0.483553016084945 0.7145300046416998 0.3045582392920555 1.008468983855616 0.6086797340227749 0.516668551461712
2002-05-22 0.517508069054607 0.5917445416390344 8.72377053455453 1.2900549489718824 0.1416348458069564 0.6146064476515533 0.5927619388788083 0.2526563352862471 0.8366087166189063 0.5049503547113412 0.5174538266045147
2002-05-23 0.429315892132924 0.49090120714937735 7.237091658562918 1.070207643967909 0.11749785910838538 0.5098670555341624 0.5165729775875052 0.20959939848853412 0.6940363619781467 0.41889822589969716 0.42927089351890174
2002-05-24 0.3561531621617083 0.40724329203503146 6.003768148988492 0.8878260589755539 0.09747422547344556 0.42297703727734376 0.4285401561561565 0.17388009604839763 0.5757607614880456 0.34751084344189165 0.35611583207686737
2002-05-25 0.2954586057545713 0.33784210853889063 4.9806239422381156 0.7365253980749206 0.08086295957876356 0.3508945559869349 0.355509624789349 0.1442479702702852 0.47764133499373784 0.28828908513615575 0.29542763735111033
2002-05-26 0.2451074340731885 0.2802680671097933 4.131840910308332 0.611008943165679 0.06708253592266965 0.29109615551215273 0.38876438458721074 0.11966566271818328 0.3962431276231653 0.2391597217098359 0.2450817432123985
2002-05-27 0.20333695843642854 0.23250562157939494 3.4363515034465077 0.5068826270002076 0.0556505308397653 0.24148841955012174 0.3225123212157878 0.099272598477326 0.3287165592373691 0.1984028374205391 0.20331564573527622
2002-05-28 0.16868488229484352 0.19288270912754274 6.454344357559647 0.42050120612569447 0.046166733862464365 0.20033468554152464 0.2675507362808335 0.08235485923537914 0.27269766661971234 0.16459161942129755 0.1686672016404614
2002-05-29 0.13993810930225664 0.16001221487766049 5.5699712597516715 0.34884064857324737 0.038299137193775354 0.16619424776490904 0.22195554022441352 0.06832019050299963 0.226225346092777 0.13654240804199283 0.13992344173209992
2002-05-30 0.11609027536264153 6.407787514251501 4.620753421094607 1.9338528767079493 0.03177231281221751 0.13787192125777875 0.18413054107484605 0.056677268029097644 0.18767269940090622 0.11327325935238751 0.11607810739591062
2002-05-31 0.09630651793852317 5.3157915359591765 3.8332984467698124 1.604291454879905 0.026357770315745373 0.1143762009033662 0.15275156512100874 0.0470184975715817 0.15569007942205498 0.09396956936919854 0.09629642360028019
2002-06-01 0.0798942492684429 4.409890245412925 3.180039193376356 1.3308929046259272 0.02186595795306579 0.09488455092066247 6.238751774320109 0.03900574587971646 0.12915784185903953 0.07795555648296025 0.07988587517712449
2002-06-02 0.06627891032526666 3.761230105701407 2.638106427620327 1.104086117392262 0.01813962681526766 0.0787146096157157 19.22864422418181 0.032358503359779134 0.10714714884621349 0.06467060376438732 0.06627196332153835
2002-06-03 0.05498385671238263 3.120252523389232 2.188528222528925 0.9159310643114361 0.015048325882062128 0.06530030133306687 15.951756200954492 0.02684406402382142 0.08888745228823206 0.05364963294411108 0.05497809359624667
