2002-03-01 0.6741116255624381 0.6741116255624381 0.6741116255624381 0.6741116255624381 0.7031036708103753 0.6741116255624381 0.6741116255624381 0.6741116255624381 0.6741116255624381 0.6741116255624381 0.6741116255624381
2002-03-02 0.5592315390451889 0.5592315390451889 0.5592315390451889 0.5592315390451889 0.5832828466761499 0.5592315390451889 0.5592315390451889 1.2869381836909297 0.7595480904685173 7.480325739575651 2.7098598815664268
2002-03-03 0.7972430242404905 2.0819841590307586 0.4818092328593463 1.2543562948413782 22.46555815234636 0.8623903975656393 1.8424263258185811 8.446096394332008 1.3166272416033526 179.3581465990199 6.677863904053594
2002-03-04 1.8129222421644586 9.393156887632788 1.094781221364181 39.65153135425447 32.91962486454148 15.894548691842473 32.62918205843379 22.218500700637083 1.2599912161599809 149.22114684633192 14.010146672389316
2002-03-05 18.00877543930176 19.154036806350277 22.886964108211124 68.66904955872009 131.85104224963476 33.35219029963828 44.48192348896439 33.662971903216075 2.8393587214072946 127.04819535716881 15.589212320730201
2002-03-06 26.31852460090058 29.89375705526263 40.03021196973426 70.50268048678872 119.70090827019271 33.27208760701887 41.266314967119925 39.90202981495102 2.355483702486879 108.07189051356778 15.537051120288103
2002-03-07 26.921241401475573 209.01181589289467 45.37200783512242 63.95988407357476 107.10736989286345 28.223268012268168 45.65743175233682 49.8108558053892 22.62400748622728 99.26063212281227 301.2484039217904
2002-03-08 30.937800312941476 182.6608625774789 73.69418563603205 53.060031975621705 89.5608297498109 23.420287853669123 39.542810071616444 102.16389149875862 35.350495723120005 82.52794677885939 276.7054770056798
2002-03-09 25.66547293881593 151.78315544877233 61.13544298747033 44.01770006361214 84.10774901874817 20.510178608734577 33.4244926666583 84.75342674858959 29.326169998451117 68.46378098389673 229.5680737024723
2002-03-10 21.291639822807856 125.91672417992739 50.71692368965974 36.65835958046367 69.77435805228582 43.22641141027339 27.9590448119595 71.2411843606827 24.3284918410802 56.86574424665949 199.84230132868294
2002-03-11 29.53205363005749 125.27833019526673 47.37477021154301 62.72122363276191 57.92657264508334 59.55890680886744 35.272334442401636 63.36087378799866 20.18500079371696 60.73434377805087 190.5602952019586
2002-03-12 28.039451042720145 111.93670419636162 48.397074348627974 56.529603666080334 64.28951355656878 54.206508114722595 45.02529189037807 65.32083996012729 16.74513334499843 60.77423313339895 158.20755546176056
2002-03-13 46.59325527620721 92.86078594314432 79.33921334755465 48.15251001001766 58.070107414873185 48.84569214783592 85.604803372122 60.931308788889226 27.745242860655583 67.37680857405113 135.58610466198684
2002-03-14 55.76447811670113 77.18961601430091 73.52193616367695 40.051408417480275 51.126814794545076 91.65919356195258 74.9013893099374 92.97257251774012 34.242903009371396 92.9592937372133 155.19245956234136
2002-03-15 93.40268869919069 64.05028728567115 112.25817630079943 38.12483630293276 77.05807278930841 81.67379746221292 78.54751054815272 168.12313389850166 35.042408195757005 115.70341125422807 156.27241035361024
2002-03-16 108.57662189687636 66.87818371115655 93.12747373327717 31.937192499704086 64.98707510689387 69.34527171988307 65.16167878753764 155.4304474096453 29.193856918088038 122.11102755267844 176.87662096148898
2002-03-17 93.08843773200479 56.71501336383831 79.76642181596067 33.124961911048466 58.70343588104428 71.13773805912109 63.78254177147549 133.40418133999574 24.538960126600752 112.40713446060563 244.69384762942312
2002-03-18 82.02691735159364 52.640661233898385 175.4389556666074 38.09834020679492 48.69937195858605 66.63666831822079 54.099111332955694 115.5868827899154 20.35710395391327 93.33846679041528 430.47680614561966
2002-03-19 73.96439575953707 74.11373568456355 163.3746623216439 32.01611079768788 40.40017068109208 56.80110554836695 44.902641820304055 95.92203722681643 16.887907199507072 98.53239407640389 435.75254334273063
2002-03-20 69.76152453883277 73.41667414691545 154.81975630044744 32.04828819278224 34.04888752479209 47.84527474607129 37.954098843965525 79.66517248963025 14.660220542342087 82.04506086140522 399.6311108427969
2002-03-21 58.0618746417337 63.40448186194007 186.2426592535501 34.280163197817636 28.24637797532017 40.22642217751456 31.526368382412297 66.08887212460664 12.29900553233659 68.49195687365138 334.9570814923804
2002-03-22 48.16714366634924 55.906534716339195 154.78031319066972 28.748695211934113 23.43271474416645 35.03383453690082 28.1657888419737 58.34887408447216 13.34003422167278 57.12660898372442 277.874982820103
2002-03-23 39.96190282661707 46.39917557837688 129.39542397368953 23.84951833423827 19.439381600049526 29.299849413091334 105.8410140020375 49.10335778307054 12.366725311743082 47.39126318378632 231.03594690797863
2002-03-24 33.16875481830194 38.491966886605596 107.47091956723261 19.78515476923354 16.12658034368063 24.332068882988906 103.15250110068204 40.831552031037674 10.25922498108462 39.314985890284326 192.4602364502491
2002-03-25 27.52139470764133 31.932281044450892 89.90996384745087 16.41342788380608 13.378336766665905 20.690964089451985 85.6537389220163 34.86837978063835 8.510878551864481 32.62066516492252 164.212227236618
2002-03-26 25.50254874873073 26.526053848236952 97.19387284396919 13.616300607151832 11.098440638251233 17.164871889541242 71.46752062467073 28.933616685899132 7.645561194966578 29.46452908060621 159.00853537421358
2002-03-27 21.189705098715987 35.01041541477398 89.98823004681414 11.295851392947078 11.589440185748897 14.239685773490297 62.16510111613463 24.002836289669105 8.486651628186745 24.562015058064635 138.01324695523306
2002-03-28 27.871919931538425 29.044045158850256 74.65270509591484 9.37084619184516 10.711493421754762 11.813001124191048 51.57111056041785 19.9123447373741 7.040381846840669 20.376229932929242 115.28688303869463
2002-03-29 23.919986296669748 24.498558540641586 61.9562850002951 7.773894618164884 32.42794031816644 9.79986481302374 43.55390419219182 16.51894251808445 5.8405810348923275 18.718314916922807 96.0168901318808
2002-03-30 20.053705888152273 20.323587485365426 51.430126919250945 6.449090754144101 28.623281233595346 9.002403243637094 63.07964701661351 13.703833753119717 4.917246778454845 15.569073455318417 84.28579916192811
2002-03-31 19.51259041371866 16.860102507259203 42.66555855083507 5.350056001274516 28.43067420182856 8.904134873072666 52.94982547230191 11.36846740204795 6.738832944221101 12.963833440800698 77.7912547277511
2002-04-01 16.27289294342006 22.284543404720786 35.39462170320578 4.647389821856796 39.22910060464619 7.386718846098603 56.3763980452061 9.431087197916977 5.595477252648523 10.754575729129186 69.12876630261407
2002-04-02 13.506326033867408 34.280692951863124 29.48870901987614 3.918638130171503 41.052393597549965 6.247701114547759 82.40332515204416 7.823869532202125 4.641912758987254 8.929929319501468 57.34806728485824
2002-04-03 12.504401707222133 30.894638068916965 24.463331448733985 3.2508355432397416 39.55226064414487 8.67173416137603 69.82469991592652 6.490549092838705 4.206199539847889 12.141941841542584 47.57498122376739
2002-04-04 10.56711894859419 25.629666275290965 20.294363689073336 2.696837875338378 37.09133154082571 7.196704101002772 73.79304050231075 7.137102917595266 6.675077955708418 10.989443468413024 39.467395251512464
2002-04-05 8.766302150543167 21.26199451827851 16.835858942903617 2.3692086013941256 30.88086249396084 5.970263318162135 117.27250613654358 5.920819190124798 5.5375311400237335 9.116686667105546 34.55639506590972
2002-04-06 7.272375163794626 17.638589021012578 13.966742228925455 1.965455159399004 25.61823829260707 5.037096541606507 98.70058127891733 5.178260215905255 4.593841649521168 7.563048199273798 28.66739759956733
2002-04-07 6.033038744814627 14.632673448613978 11.586571801938018 19.417436292403234 25.216338091090364 4.178689618238858 81.88032349538604 4.37054792081318 3.8109728987972895 6.274176151180681 23.78198546359427
2002-04-08 5.004906330691027 12.168971652926425 13.960596501352965 25.404115428025147 40.58169297740841 3.4665698346947234 67.92652372292724 4.161615433022621 3.161518298499074 5.204949821663942 19.72913064836939
2002-04-09 4.151985166765575 10.274312902492245 11.848625560951975 21.074822077114064 50.6445559994512 2.8758073742459356 56.350688762745456 4.992363183993458 2.622741808240002 4.621476544034131 20.711796386538676
2002-04-10 3.5258204112997378 8.656666609523707 9.82941823984764 17.483313947316063 42.0824484969326 2.385720884949745 46.74757296558116 6.590476467874718 2.175781995617849 4.067156161042838 17.18215400888116
2002-04-11 2.924960644843132 10.05586782885844 8.154318189635585 14.503859888447407 34.992427872830035 1.9791534689900296 38.780991433366715 5.472793606190083 2.614574207606357 3.414957857722773 14.254022725754146
2002-04-12 2.426497602221327 30.864047038737194 6.764683678660346 20.748221002362303 29.02912299999161 1.641872055748986 32.17205089261418 4.540136492531021 2.1690062930495166 2.832990955984299 11.824894815941015
2002-04-13 3.4167061005109987 63.772351527312104 5.611866523739402 20.02516700808152 24.082066703435498 1.3620691319230667 26.689386227151136 3.7664200139940327 1.8215039343690937 9.208665607384255 9.809731617407216
2002-04-14 2.834441268466659 54.75678373907832 4.655509019529644 16.919895922409037 19.978072941056116 10.417035073467263 22.14321745513026 3.124557983037056 24.399348679644053 38.46738409945673 8.137986502495837
2002-04-15 2.351809529992098 50.43066730047335 3.8693853450625832 14.919138254810285 16.573469517930732 85.36542836408697 19.093263561970687 2.592080159166432 67.97887930925623 195.0659254644745 6.7511351887841435
