2002-01-11 55.579839885086294 55.591786365615896 56.04654606263076 55.79203401867847 55.56625448316349 55.67958921699192 55.5719449519387 55.5824189871485 55.63214338638789 55.56625448316349 57.37284005661643
2002-01-12 52.24765279985176 107.01546665706651 55.658648186868554 74.24212593243875 96.02550381551414 47.681731172952254 61.237489762976566 47.00014772335276 85.92309012928837 64.02726451586169 56.662129974226126
2002-01-13 50.721333230260775 90.80358159999909 48.11437149969264 74.92250506027065 96.50351229706274 45.76595986435237 60.514685130288676 46.62294214475008 123.56381889183328 53.93859089774924 54.93136758539283
2002-01-14 58.31281692020685 78.73346781494527 134.05191616391653 76.19531527368406 81.8287912445391 95.54230635150385 56.4388903486135 58.10254602966006 114.39141549210557 57.32426611778806 64.33097360458846
2002-01-15 60.48361430938075 66.68751994531412 112.8927516932182 70.99070803486049 80.88865298952732 82.78925788358634 64.28577969517825 68.2918459461574 97.76841186307617 132.18124377325006 53.75138353589286
2002-01-16 59.40925201321635 55.41376198820493 95.91963092333232 61.800489300245175 70.18175900914814 69.08057700792494 53.330615983394 102.6366286791336 111.53074351405654 139.39763753931345 46.54998232842964
2002-01-17 58.07784110497649 54.14848417057279 80.36193768820065 52.39951824537514 65.72014161795357 57.9090517366382 52.660635088457695 109.56782773657304 106.75263769776298 182.688386925086 38.65537957953847
2002-01-18 64.00271077895542 216.49518395003204 66.6811141955835 46.494246706451264 106.05390252374589 49.432879346557506 45.049277331155416 117.02904988309453 98.17995270031344 151.66366876344014 36.564008938058976
2002-01-19 58.347218614160184 182.16005692057675 82.6148681651018 42.043190450930055 155.78837823002937 41.02750736552856 38.35789392912933 114.6643804572567 81.68332216938425 194.24809327311573 45.076065018254475
2002-01-20 58.1497597275408 155.74699297071527 85.2829631355679 35.12998511703925 739.536147772899 34.19277367255055 39.465195354100004 95.15595349104451 68.38747553842263 170.5897196150136 39.64464590033314
2002-01-21 49.41117992332337 145.9293669994863 72.22430860188751 29.16554814721968 624.7873914721102 28.559339655661194 33.222119753479014 78.99099297173775 56.73308654885326 166.99317204812058 52.29973740749451
2002-01-22 40.9906880420036 121.06052084565711 60.43511186940069 24.195242685210513 522.8411652726877 23.77664748490875 38.71379736533467 65.8833930472903 47.064803664983074 139.64690163434454 55.51069544026023
2002-01-23 34.0051776158562 100.42974905437237 50.355091407718895 23.389848064071817 441.3009777854767 19.72550975659916 32.55184704695824 54.67806601206693 39.055515150665585 115.84869443307812 46.67660070851543
2002-01-24 28.215953559916166 86.40538267181545 41.773727375044054 19.519453267474507 411.04062264319845 16.363947395787843 27.128778066126728 45.475607433051216 32.691372417554554 96.65228312399398 38.72211405602625
2002-01-25 23.407475166616432 71.6804358519229 34.65477372834286 16.193006437090002 351.1769865494861 13.575252435873404 22.50557286802533 38.48316833437113 53.293788660133764 87.09836703524925 32.23916850743966
2002-01-26 19.418443275797653 59.464870417125624 28.749010864664 13.433442723960571 291.3304551018738 11.279948514632508 18.67024046875254 42.947635112514185 44.21162063326867 72.25532389330996 31.480774110230566
2002-01-27 17.856481477582307 49.37429606674651 23.849690440212285 14.662179034414434 241.68279050342915 12.834087190856442 15.488684484007358 36.78587350220243 38.518867229762954 70.82375627509525 30.776982570037386
2002-01-28 18.603249473734675 40.96007624187948 19.785297545422488 12.289010001216681 200.49593237720103 10.800843363550186 12.849149211034405 30.52820613123405 31.954597111604063 127.32781950272343 41.65811389548385
2002-01-29 15.662277259146027 33.97978258712915 16.41354632850418 11.257024225434396 166.3403736977372 11.00019198986527 12.39980573423317 25.343698140732553 27.816006130750278 105.78229772898591 52.07927902471586
2002-01-30 12.993158824763468 28.18904969439568 13.616398866858964 9.352387045053797 148.99291343783017 9.125572179725998 11.12280699648401 21.02470092317464 23.075685581824427 87.7629378115385 45.716255540873334
2002-01-31 10.785252968312852 23.385156177370746 11.295932907529014 7.758581223946492 123.837885899802 8.417600692903614 9.303280812770465 17.441734290486227 19.143240547302504 72.80664050606991 37.9260197504135
2002-02-01 8.968595208254913 19.399927821928376 9.370913814956035 6.438454459670837 102.73380386490585 15.35532750304001 7.801347559618677 14.469366112342948 15.880906763191138 60.39915064332777 31.794562559224147
2002-02-02 7.536726819444588 16.09385016039484 7.773950717147635 5.350268905693488 85.22621635427846 35.4592553240011 6.498313679819143 12.003540026820717 13.174530142793047 50.106108084073476 34.60957619842761
2002-02-03 6.51532197150375 13.353401001917446 6.449137292906167 6.1148555614406845 70.70221953056236 36.12502729724423 6.686911473657666 9.957932645893898 10.929366129499865 41.56717504454202 42.148599479393404
2002-02-04 5.405000292712766 11.080369924853466 5.350094609040105 5.072780170195582 58.653358794766056 30.620927467150867 5.5473480252460865 8.313954438757944 9.066816250597464 37.70797055797218 40.30316234647174
2002-02-05 6.746888390963312 9.19208643089804 4.43834749140268 4.208292149597102 49.67141672087832 26.566093842434544 5.464194016371116 7.048295035758296 7.521676549952193 39.86608842073444 33.43481799251734
2002-02-06 6.497564288585569 7.625598560891 3.683530286474026 3.4911275912196698 41.239233435489055 22.178288147285116 4.533002419082304 6.885860366656815 6.35460980176515 33.07222889763008 27.736956335651776
2002-02-07 5.390268820992589 6.326066867300334 3.055794074903912 2.901960194829072 34.211366646945415 18.39873063099785 3.7666473858374645 21.897496209889066 7.92623184205736 27.436158589573957 23.010107216316772
2002-02-08 4.471675334341514 5.249183482043488 2.535034790539807 2.412805369783732 28.38116789155731 15.641201522090599 3.1247466068514416 24.501402939257826 6.5754671240811575 22.760570522242634 19.088793582800225
2002-02-09 3.70962580157132 6.547019730778425 2.1030217454852487 2.0016222969462496 23.757578364143942 13.079352048410373 2.813849178704351 20.864296344708965 5.454895688321333 18.881782185602653 15.835738487492673
2002-02-10 3.0774424703870253 5.431296214680464 1.7446310711351745 1.6605118132640935 19.70888293378994 10.850408001221778 3.605544822394333 17.337118234803324 4.525288684281299 15.66400535329895 13.137059309511077
2002-02-11 2.552993931229143 4.505710962336819 1.447316263326811 1.377532357726378 16.35015406637966 9.001313930324958 7.71281369065388 14.382578411894237 4.839704081093722 12.994592422280457 10.898280963525862
2002-02-12 2.1179203431457894 3.73786117966644 1.2006689556019996 1.1427774144246696 14.416417668023412 13.842404023355071 7.019679188712475 19.486596177166174 11.74321867437315 10.780092857005384 9.041028525612512
2002-02-13 1.7569906943538018 3.1008660598176063 0.9960545441761475 1.00064619979532 16.391953658719117 50.09125932899014 6.126531936753435 23.382183493370118 98.09233090489352 8.942981682627277 7.500309301326854
2002-02-14 2.046683436612036 2.5724257426241897 0.8263099086098815 0.8301190680150811 14.2007177628509 46.907383540709375 5.0824666925590085 39.34769031733324 113.86184146021044 7.418945498585083 17.630687258187763
2002-02-15 3.6148527868317863 2.1340406433760974 0.6854926460195275 2.735371949862682 12.976232816485757 41.22644511690981 7.128932523126141 32.6421746481424 115.74761179822275 6.154631001637907 14.62611828057046
2002-02-16 19.678043578233638 1.77036382124517 0.5686730400432312 4.294400590413951 11.024073138807598 49.67940727867824 5.944718566219825 27.07939289871013 103.93817892750936 5.181924082466069 12.133578959486911
2002-02-17 29.58198596792656 1.4686637151464406 0.47176148183351785 3.562561689158986 9.249618631602182 41.487052964711545 4.972250106093836 22.46460377309603 86.22534542178664 5.026165427207765 10.065810732686376
2002-02-18 40.90052499789831 1.2183784385466128 0.391365301448004 2.9554405840468623 7.6733262960673665 34.646123175984876 4.127792977504169 18.874305026113642 71.53108001143428 4.315483756787672 9.300791118954168
2002-02-19 57.865446732623774 1.0107460300178803 0.38571347248001975 26.139888955675545 6.55627082210278 28.906507023536385 3.4243468472088674 15.948691132372176 59.37664445742415 4.082385861632378 8.260378298182397
2002-02-20 90.48206111535563 0.838497715386205 0.76413063841496 23.94189650020896 5.552062155611657 24.023806984920945 2.8407799019708184 13.885492362100335 49.25785434338615 3.437738462662653 10.532294136619456
2002-02-21 77.13504218248708 0.6956034432266276 3.6638087729161586 49.006341507566184 6.696036719685977 19.929741669477924 2.3566626897096468 12.116999860435854 41.20482997801779 124.68501575888062 9.637180168946614
2002-02-22 63.98991905513112 0.5770607854382015 26.90322282395812 45.79949190033184 13.440059020834214 16.533374717064493 2.0678428383527514 10.052056994096578 34.18282612377286 108.4025352717053 7.994840755667638
2002-02-23 53.08494848547471 0.47871981275140785 22.31845607544318 50.96882052360142 11.871389640926374 13.864826120924686 1.73315322681893 8.339015513443576 28.357491158960173 94.89373304854885 6.632383911887846
2002-02-24 44.67223913746252 0.3971378144276852 18.515011560172898 50.058797684498984 10.261962694907142 24.228404601968688 1.9998727907292608 6.9702693764486945 25.15616402527499 79.19881072695041 5.831851416636365
2002-02-25 38.65190355677128 1.2533334956286213 15.381902943523752 41.52792714172623 8.513149712687266 25.278183595551894 1.659060452662416 5.7824169219519685 51.33177092357365 65.72539748608708 4.86339039501164
