2002-02-01 14.559937511867671 14.63630608200986 14.559937511867671 37.84472967659968 14.559937511867671 14.559937511867671 14.672800080125045 14.559937511867671 15.223427257058024 14.791797614938686 14.559937511867671
2002-02-02 12.07922975802817 12.142030586284221 12.276754173476872 33.05311756572632 12.0786765193973 12.079222018891986 12.276565252108426 12.0786765193973 12.629096327144277 12.271023717348234 12.0786765193973
2002-02-03 10.16534020943609 10.073344495422534 10.296231196924953 27.574677772360545 10.02816798928101 10.082209051825531 10.18442972908571 10.18015038137762 10.519868551564743 14.759741313183898 10.213271173523895
2002-02-04 9.18760197046621 8.658659602145834 8.54474508193663 43.1549888813795 10.147557756897555 8.365060168534832 8.75736833842154 10.194249076691564 30.89744868599115 13.890633572496581 9.52323960632064
2002-02-05 13.342031752191316 7.26588195639944 7.866596445242274 36.50249102186516 27.96957223930977 16.521550812356395 21.969026341542857 83.91857929027142 37.61916637032593 38.15433500800733 12.60861953721364
2002-02-06 21.622517775626335 6.027652090399028 9.496043901095039 30.281845704755927 57.994794155037134 14.012006312188007 21.25652589284549 129.23820285742235 32.66736564988362 46.29818079079151 10.555719798966742
2002-02-07 19.152281179082667 5.000437653806647 12.897775230342464 31.777804445247256 48.11149483551425 11.624122115546157 17.634052342366306 107.27370375380052 27.46185845449842 39.23936522247115 8.756845609893581
2002-02-08 15.890568797896265 4.71214999346494 11.039042781709302 27.48884302819867 40.358355721199295 9.64317399997191 14.640203524186845 88.99545133278001 23.072416765747047 32.58502349035297 7.264530178512497
2002-02-09 13.192382952791776 4.170209087326378 12.387943474511312 22.80525420665507 33.532920305680605 7.9998131359418085 12.330572439625302 73.82911276027613 19.140484525225695 27.031981270255283 6.226636050426076
2002-02-10 10.944176517028389 3.8574780808176787 10.276827208031639 18.970248952108022 67.76673594343603 12.778673970928706 10.889866756271969 61.24737623485601 16.060910143456002 22.539376204589985 5.312639294772526
2002-02-11 9.20700123807299 3.2000982065275902 8.678126505519531 15.737395878118917 61.4379414167568 15.662077257607836 10.481205109200756 51.22482916897318 13.32385788550136 18.698283141827872 4.407275199739586
2002-02-12 8.159517130424216 2.7138988579318504 9.0269765212856 13.092144341424046 52.328273455846485 12.995015699952395 8.992066838792182 42.9508872011792 11.0532458850331 15.511777667598988 3.6562005452457265
2002-02-13 11.959609313272047 2.7083451333061768 12.697489702674252 15.364820537916343 43.48841762467657 20.133205245969787 7.459665709282671 37.05051870976389 10.043871724843918 12.868306923365296 3.0331217864149482
2002-02-14 13.111384576051929 3.164492860021495 16.040770867946406 12.746438147091606 36.07725159539351 22.084101715625742 6.25068219404382 41.210474127116974 8.82831272408295 11.254214743008525 8.536708878534569
2002-02-15 25.717882318739445 2.6737288609810363 13.307150685074248 28.50213662266316 29.932252189356895 28.804487729755653 5.1987730668726195 42.72594652503193 11.680760845511758 23.128757937618943 10.748018839024692
2002-02-16 21.94748011203245 2.6600157302637633 12.39647232537063 23.644887767970864 34.65181947597 27.89587778947637 4.312813713749862 35.65119428677122 12.012505954143956 22.60355230823417 8.916373622836872
2002-02-17 18.64878030716692 3.07892281402211 10.283902597642705 19.615396731885674 30.49735880378216 23.433317772976807 3.577836903102133 46.63444867173856 10.813936502462669 37.512724699854594 7.4230685699185095
2002-02-18 15.485876094101602 2.554221999130918 8.531350682835795 16.279633319045384 27.544025236549366 20.257272361067283 2.9730408423643873 38.81748309187446 8.971057795274561 40.12615014085345 42.518915893856864
2002-02-19 12.849709761414978 2.1189391273899987 7.359001679821038 14.54273932955858 23.544952646887957 16.805088608052284 5.047151727027493 32.21038331739111 7.442236964109381 33.43444990843842 35.27296944912594
2002-02-20 11.313627690940477 1.757835860435259 6.104902629136778 12.15526373563749 19.53249225516631 16.60109608653284 5.985448872087933 26.844286100593546 6.175409799303188 27.792312968699722 29.261855520139036
2002-02-21 10.162294610229937 1.9642798435013615 5.064523386839265 10.214274759717995 23.507337107709052 33.59149568822383 6.479245991902925 27.385187523354617 8.847833103171393 23.555535162157735 24.404720052307063
2002-02-22 8.469636918953704 1.6314490696086876 4.201442462559013 8.473588612747697 64.459229558758 28.126334469821618 5.375072273628719 28.428713245824902 20.39186659297111 139.96554839819493 20.4868982110073
2002-02-23 7.026266733453099 6.281462231199936 3.613570175966028 7.222883530583176 81.68504906971809 47.41243576710482 4.459068537116706 46.58379464887569 29.678289256476273 132.42809640761814 16.99599550885011
2002-02-24 5.8288713769008345 17.898016930111694 2.997756357132306 5.991981327673495 78.82560857375405 45.91054419056405 3.6991674170145115 39.478850524709344 34.99134391802618 116.4362628952284 14.099588800376859
2002-02-25 4.835532554819191 16.572775568574826 6.042441684497176 4.971129463820394 65.44906800770318 84.1304804792534 3.0687663724386405 42.54578224927601 32.24918238275091 99.23086302453989 16.798187685043075
2002-02-26 4.011475563070301 13.791352570623495 11.793471435535697 4.123964452498597 54.29543363881907 69.84099847752674 3.521443653589147 48.935711584846075 26.753373199489868 83.99278164392965 13.935490794130342
2002-02-27 8.29148992128565 11.441071524498865 9.783663315483 3.4211707679813728 45.06039953978844 58.99988249526756 2.9213297610881206 40.68826388705069 22.194143375678852 69.71954279600232 11.560646143167416
2002-02-28 13.177133820219273 9.491318343026325 8.116360682598513 2.83814508066379 37.38134105535818 48.99905742163334 2.4234854828137773 36.642385881281875 18.411883858802092 61.69251576457051 9.590515412907306
2002-03-01 19.060684377492766 7.873836265752786 9.232889328996247 2.3544768867675323 31.010924744756018 40.648784644081935 2.010482337064941 40.52731738384582 15.274185693578413 51.38677065036147 7.956128467747992
2002-03-02 15.88189019931209 6.532000645140934 7.659447951163416 1.953233979507012 25.72613572372316 34.66645872797786 1.8451835146447877 42.94503112743235 12.671204662763868 62.08061496849816 6.60026885626194
2002-03-03 14.79174537201818 8.657071769049132 6.354147745748136 1.6254081346239024 21.377302286269963 28.8691556752962 3.315793718792394 38.907356589948094 10.511815872001263 88.83941810032682 5.475470783502056
2002-03-04 12.270997087367574 7.181759497135357 5.27129289633271 1.3484109429819766 23.606427402196623 25.79954581550589 4.484975541899789 34.82785332401611 8.720423658815594 86.24672810148884 4.558145806171731
2002-03-05 10.25351034629538 7.627340428429925 4.372974930827252 1.118618784059803 33.23414698438902 21.537535192149818 19.841119456547084 148.76870745536917 7.234315147374755 89.64226646174541 3.781360234281933
2002-03-06 8.506137788039627 6.633707618682778 3.6277456255463907 0.9279871174024213 32.02961222207595 30.08988946343337 16.505102827887402 123.95863574691835 6.001464802530691 74.95474091228927 3.136952135679662
2002-03-07 7.056547233627137 5.657059012194289 3.0095160690030043 0.7841843652672879 26.571221528718926 33.67513520344143 13.692352581522375 102.83397588431812 4.978713125192874 62.18117820469282 3.1753122225415114
2002-03-08 7.639643699870105 21.826117813061305 22.079350127492056 1.093837259946347 22.163159237409232 28.573592612457567 11.358942817366435 85.3093173578223 4.130255728987472 52.12290091506346 2.7227554936748675
2002-03-09 8.639991665578352 24.98438306809314 18.318852492422174 0.9074287864905707 18.977993736759032 32.47974601736961 9.423185764462525 75.9108256111726 3.426389903952142 43.24027207482142 12.038665351168822
2002-03-10 7.892935911486948 20.80937334986597 16.33247151881164 2.900294350963329 32.45650726415865 26.951005261513995 7.825490751804129 65.46870451345241 2.842474787096077 37.40413712092595 64.54347495420063
2002-03-11 6.554159500161881 17.32240263745127 13.677336055599413 6.785877937854265 27.310929218439597 24.050596005853766 7.249781781449842 54.420068544905796 2.358068737582421 31.14913918814144 56.61204241542074
2002-03-12 5.438709670361941 14.45799059931734 11.720888906636743 5.629448920687459 22.93907376081415 20.636121394936687 12.194038041581894 45.89941463650568 1.9562137178514147 25.939103087800405 184.5048290319326
2002-03-13 6.366107009986521 12.310687574817583 11.792522348724214 25.568763075013365 20.62571653890818 17.119375322954568 37.51614498335404 52.62597567375157 3.2344430431796476 27.30048019868586 159.7059473962724
2002-03-14 28.530452061021382 17.361156232506517 9.805740773128717 21.211410964671355 17.30008752420783 14.201942595671037 90.90048056921913 48.569651057558794 169.1360591571864 319.0929500333666 166.69431738912633
2002-03-15 32.45842342970048 14.402519925942032 9.869103923295516 17.596625765282543 14.359602501819305 11.781690025820923 75.4094926134295 40.292556427937306 143.0487106502831 368.4679933759625 151.99323416726247
2002-03-16 35.03485833413458 12.260077023848854 20.053462107102536 14.60447302292825 11.950942755065011 9.773889658365592 62.55843248138449 33.42601950288997 130.86790166764035 318.0242117503359 136.8148810321432
2002-03-17 40.89352326965083 14.458372395922163 47.25355086045713 12.115622421896822 9.99432932338265 8.108252622887335 51.897411571112976 27.738612474692182 110.82551403949111 263.97757982888646 123.22891459897306
2002-03-18 37.88493301115005 65.09495751732481 45.14283020703022 10.318555487456353 8.291125619671446 8.84460528272598 44.56812202425669 24.343377979527297 93.01379969462788 218.99131040411626 103.70133934942113
