2002-01-04 29.94876550355357 29.94876550355357 31.94459896188922 29.94876550355357 45.539324747597064 31.910474022972537 29.95949416580371 29.956973961265618 29.94876550355357 30.02760955702556 30.012602559160648
2002-01-05 33.11426020924707 24.991869573222946 28.162259570299465 25.319503747271128 48.06217503929127 35.886712370735005 25.496386857303637 24.851796079699486 70.8076894506998 29.748071775561684 32.77104581320793
2002-01-06 91.59486339681422 30.775336872379462 52.16464634459199 149.3752630693274 82.46261269710223 40.756322461099565 50.482501517844504 51.312424050400566 128.52311436873103 88.37346208716444 62.1541183608581
2002-01-07 139.37301126815467 84.5663281428567 103.89376576537691 143.30732576611774 95.31672638300454 41.93409390122711 96.97104938909601 63.50379548637641 246.0285288828975 205.82270688429102 107.10468906708022
2002-01-08 132.12807303146792 90.8695169570766 87.25308797264276 161.09803117424332 88.6748238962894 71.68394242451639 80.51042175553444 54.21566773265916 243.83917119161157 220.40908371138153 101.2627764615656
2002-01-09 110.34479871025617 76.0710169336305 72.38367775142468 145.89208436654994 73.74230477158576 59.74411032602414 153.75508966224712 59.52806851537937 246.4810833296998 194.39286179121865 85.1838410509476
2002-01-10 98.57231598566277 64.63556732156863 60.04826793597122 125.6299335012357 64.99391853493823 49.67442971639161 131.10445210731527 53.12157575464424 209.9688195155159 182.20370838450825 70.82012023880544
2002-01-11 103.57241131833061 117.74404009110756 52.57875629497772 104.59484924098552 104.58719595078716 41.353663333698194 115.39639183892388 45.75384248420557 175.8196346409544 162.23724899337128 62.96818427757557
2002-01-12 105.24700985230659 103.61611697153218 56.14854139191982 89.48206685883159 106.38719810993618 34.449934458796854 107.00295401666123 42.146501220475365 145.97960931985253 195.00842153977894 55.89424412067601
2002-01-13 88.94832153629963 86.4778324273082 48.04382437997869 112.39924423456047 141.84355594506368 28.875051591093932 90.63601968938383 35.77845726377254 189.55136264968448 161.78470341435033 47.940596469089336
2002-01-14 74.22825473010016 75.77806076502861 39.85633955965943 98.1762965053431 119.52752497074628 23.95425168311446 75.4800816251828 29.681199613658592 170.46983759083915 141.51889468684578 48.50352075641243
2002-01-15 69.32989682860152 62.86419035121723 33.069369070637386 81.6054704717295 119.30850594086343 19.87203977412052 62.652995915504285 24.62301837138984 141.4789278009606 143.07171858835466 72.09145250354783
2002-01-16 65.38861691702053 52.18482322591542 27.498242126358697 69.51649125535032 114.5673648084681 19.781947129622335 59.584398571674214 27.66465091591063 136.90138647461004 119.06575646686674 73.39296569465127
2002-01-17 69.02006086141947 52.81716701438124 26.931245911552192 57.78927545599802 95.08546010469301 16.58112990847858 50.31841636884799 24.143247229456183 116.2096370410077 102.90998102625869 86.0897999544198
2002-01-18 63.159229040574395 44.21157680098001 22.390665555213427 54.75061133527136 81.57244235921773 26.978444169172356 85.26396613883621 22.16369763840388 96.40553835554377 93.80498153239932 79.86580792776026
2002-01-19 52.39582217806196 40.23194666462433 18.57491531642708 58.400395569069545 67.67111076891129 22.380858424042845 70.73353610977027 25.00530690888165 80.09135159170597 77.81901721172795 80.24481521375027
2002-01-20 45.99665118339144 33.375738674117876 19.147247839473383 48.44979076872711 56.339695790592394 18.628634822991543 59.01882479473806 23.030436736998833 67.44249651652635 71.7160135420476 67.55352820445772
2002-01-21 43.173065330003745 27.702854890825474 56.49129292152977 49.882870844258235 46.73845338285572 15.459391645228994 50.44207457121183 37.80124299208696 55.9491480248178 61.32043130137481 58.5703533440602
2002-01-22 37.913282527247965 22.98181723769823 51.86392442532051 44.77971901536316 39.732708692730355 12.84261948023089 48.08915094671377 101.78794890153611 72.31581046650352 51.783947505032216 50.536120238193064
2002-01-23 32.001939418978395 19.065324697704217 49.71472741189465 39.47274095238423 36.01029445039157 10.654025181280383 41.14036859246999 88.53802711510772 83.87723977250653 42.959082090896615 42.22199241903369
2002-01-24 26.5482646419381 15.912491233591844 77.5733184609444 40.07405946904769 29.938631389663968 8.838398083048697 34.129350054704375 81.0229836757168 71.40346444034246 35.63812383969122 40.255420903814354
2002-01-25 22.023988804891268 13.200732082237904 64.35350560138525 37.94585948521109 24.836579394275024 7.352850889727125 28.31312832160085 90.68896602683984 130.43914382574545 29.56478139187986 33.54619943061154
2002-01-26 18.270726520924576 10.951102812811698 53.48208871793694 31.47923963263751 20.604003836364342 6.10791889246638 23.488089696127926 76.76615061807597 111.93580654638711 24.5264397946833 28.341463349350555
2002-01-27 15.157083966928134 9.790989110546455 45.01865221709682 26.11464178944829 17.092806860803307 10.37088729363394 19.48531971836042 66.04947315946015 92.86004126799277 20.385866826165653 23.51159595321711
2002-01-28 12.574059062041545 8.800303741852153 37.34670818650618 21.66426266167302 14.179901851356266 8.603511707164186 16.175914222910766 54.80869640860122 77.03511084024672 16.949405197554437 19.504820109439038
2002-01-29 12.593881094924665 7.87797257366523 30.98219390580426 17.972303830857246 13.827948534349968 7.137326980763775 13.419263313787528 46.30766619085446 63.90701771327563 14.060938270550045 17.791860113274588
2002-01-30 10.897056270096959 8.422414738855291 26.296294835073663 15.113804423041774 16.088104339553595 5.921005069118628 11.317165105664701 39.723143680178744 53.01617494228641 11.666695862591142 14.864429383040129
2002-01-31 9.040012540774006 6.987646216157611 23.51453974529893 12.5381550885468 23.128737117270898 4.911965098841323 9.388527685404705 32.95464267595389 56.566821523542885 9.678492456410941 12.924683126456857
2002-02-01 7.499440648169353 6.276039519633947 19.507262229281 10.401440208183976 19.493966972587415 4.0748827015998685 7.788562884488926 27.338611060018472 64.88357162657708 8.029112726694642 40.20620507407677
2002-02-02 6.221408408643802 5.206495640440129 16.182892959153726 8.628857885420258 18.21002242262518 3.3804533822351117 6.461259298403583 22.679646750845492 53.83049344575133 6.6608153561425745 36.431293342935945
2002-02-03 5.161174599947506 4.319220229432934 13.425052754677829 7.158353739148348 15.317966653954652 2.804366629984003 5.95875002625985 30.00559948987321 44.65686179495615 5.525699130007229 33.56854403255502
2002-02-04 4.366021439646147 3.9860225317886764 11.137195427344128 5.938448510243993 12.953202008822748 3.4736021977751106 6.403237287810564 26.90864503952519 38.461430595356966 4.584026015254488 27.85198772547417
2002-02-05 3.6219771275299473 15.9634504702687 9.24119075801216 4.92643588091475 10.745756073983328 2.8816413030486925 12.796965484201928 29.483807908890494 31.90694865660266 3.862868529924022 23.318244902829203
2002-02-06 3.00473062116119 48.136067916917376 7.666334675481362 4.086887416283821 9.412974207504734 2.3905606130591615 11.794130444901057 24.459265570420083 26.46946192110663 4.976504884394805 22.670117420986212
2002-02-07 2.691451992682273 40.56452706639832 6.527589439349154 3.477240669848239 8.65116383161834 7.6114824399909 10.32631086057892 23.15895152952466 21.958615407993136 17.844075752290603 27.519588143732058
2002-02-08 2.446256130156428 33.651641718786735 6.4636456303649705 2.884659717596112 7.671879073014056 6.314356373493316 8.768024381983238 19.27955650751397 18.21649386275095 15.078728842897432 27.426090189459487
2002-02-09 2.0293724788092065 27.91682961115178 85.88734333351746 2.3930646384294074 6.390299398214608 21.024936425279602 19.960546780433432 18.45256490626228 15.11209347611483 13.865585440112941 25.032539323093218
2002-02-10 1.6835328921527837 26.662979705925096 80.70459521593816 1.9852457219717308 5.301283692338981 40.9979759265368 17.425519912065276 15.307933998633898 12.536735716076386 11.599297324319805 21.81109971363697
2002-02-11 1.3966302532218366 23.09847777869577 66.95131186092641 1.6469260852035295 5.107956627789221 34.01122352090952 21.262308471516885 12.699201682634884 10.400262720923507 9.851170391693545 18.2570168218291
2002-02-12 1.1586207037039642 19.16210429831256 55.54166958877001 1.3662618687979444 5.3031260557671684 28.215132558301203 28.52508935399978 10.535041723503097 8.627881062015895 12.531145600251426 15.145710633737517
2002-02-13 0.9611720295726128 16.502553072958225 46.07642441892892 1.1334276085018657 6.592949745268965 23.40679407764 32.61657103048771 8.73969143018804 7.157543383066052 76.74865306495836 12.564623938267879
2002-02-14 0.7973719677885301 14.778438109173063 38.2242180141905 0.9402722662858065 5.46939897350805 19.417878255966464 31.094656022889502 7.250299362792253 5.937776252620752 71.68246983185601 10.51927946705213
2002-02-15 0.6614862225005108 12.36732334748148 31.71016113386036 0.8015351148221596 4.53732036299509 16.10874153516526 25.795597767931945 6.014725035775826 4.925942218672912 91.06904241286718 8.726615330326188
2002-02-16 0.548757719401282 10.259721101361217 26.306210339269658 0.6649398984713494 3.8419543225516843 13.363537994529812 21.399589167833703 4.989713589158247 4.094763119613255 121.22225423490937 7.239451652749655
2002-02-17 0.455240070555494 8.51129012480738 21.823184672340336 0.5516228302453585 3.1872199607028535 11.29180935385843 17.75273520202607 4.3792575861743765 3.39694583888572 106.09996902916126 6.197308408794364
2002-02-18 0.3776594196535104 14.490507778724616 18.10414282790598 1.131123961788309 2.6577525791586796 9.367492984965285 14.727367178944926 8.13417038912208 2.8180484915116737 88.01872972164358 8.900783182572294
