2002-03-29 24.11938906598031 24.11938906598031 24.11938906598031 26.979165468961508 24.11938906598031 24.11938906598031 24.11938906598031 24.11938906598031 24.11938906598031 24.11938906598031 24.199922019631035
2002-03-30 21.48793280120997 21.48793280120997 21.48793280120997 24.03570393279391 21.48793280120997 21.48793280120997 21.48793280120997 21.48793280120997 21.48793280120997 21.48793280120997 21.559679506385464
2002-03-31 19.143571788083715 19.143571788083715 19.143571788083715 21.413377823326808 19.143571788083715 19.923543147635627 19.143571788083715 19.143571788083715 19.143571788083715 19.143571788083715 19.207490835755355
2002-04-01 17.054983566631343 26.47837838561447 17.054983566631343 24.057826829875683 17.191357394423342 17.749859051042318 17.054983566631343 17.054983566631343 17.054983566631343 17.054983566631343 17.11192896426676
2002-04-02 15.194262997416416 46.21417615582481 34.05455097829524 24.751552337600348 22.99278049564238 37.722772278654595 20.69740746428773 37.3799283584607 15.194262997416416 38.2259290082047 21.124863372730992
2002-04-03 14.08336735119568 41.172150297136156 122.73176912030961 22.05169025860579 20.48423867004999 37.66186109410865 45.686644187960226 41.63373677104784 13.536549427485472 48.427153380786 111.60650419763422
2002-04-04 20.574132489765983 52.33301766012366 109.3415757843799 19.645822584219705 18.249381973228306 33.778991271486476 57.535784350580066 37.09703060652333 43.88135353986375 170.4900718466529 100.40749539035907
2002-04-05 24.13045035259585 49.23660632204732 105.18438391057448 17.502438157093863 16.25835100680251 41.77774470912393 70.19960033397716 33.04969701416458 40.820037599591615 153.16158243933276 469.8063624748294
2002-04-06 21.651177026011243 44.37563680490902 96.25863575595646 15.8313233991267 14.484544071036053 37.25173873288527 63.83768153768965 29.443932704845817 38.4350518423862 136.95655991736933 424.89000845638174
2002-04-07 19.289005858702982 39.534197946154706 87.0603132748981 25.219978482684326 15.670662350397773 33.18752628562631 60.94633053449757 34.85347367588756 40.673302038612185 122.01525144602321 378.5339638844284
2002-04-08 17.203063545755057 35.22096627293566 152.58560752518727 22.66279655467959 20.369284970488508 29.5667246261133 54.42773347969142 31.476932673684487 36.235792648734446 114.93300012611513 337.2354231972187
2002-04-09 16.05774393598975 31.378313704222503 135.93832215085422 20.190256400039345 20.72098705866704 26.34095706901274 54.35974216974344 28.24635668311123 32.28242122155665 102.39366248437942 300.9279917859203
2002-04-10 14.305823488799073 27.95489945649727 121.10727695034451 19.004837617608093 21.247046438375186 24.832523926002768 81.27788361611549 30.3889501874336 28.760367684751305 91.22238265302816 278.6548822259023
2002-04-11 12.745039808113049 24.904984091535482 107.89431779252898 20.34572126065429 18.92896643621671 22.963853043388028 72.41036232675698 34.39065880955862 40.48718656391244 81.26990377129032 248.25327737860354
2002-04-12 15.040587322530516 31.566950715072714 96.12290941599046 18.175759992999485 16.863791933746974 20.607242961261164 64.51029897698531 30.638593849437544 109.60700813659149 72.41683430959674 221.16852659073604
2002-04-13 13.982165902872577 28.122955927657546 85.63577678262585 16.192761278989707 15.023930616760573 35.691845124053 57.47214266544625 28.097702205709094 97.65386639209756 64.51606485820108 197.11989113621158
2002-04-14 12.45669367969474 25.054705386267365 76.29280376259359 14.426110266604452 13.384800527901392 31.79781906908234 51.201858229424765 43.950367484025485 137.3718122084528 57.47727948163033 175.6138583332141
2002-04-15 11.097652431506912 22.95307829322405 68.44787123891223 12.949717044072278 11.924501632871484 28.991851859058908 53.73110095094669 39.33255936982049 223.92086778802917 57.36892382997357 157.22132686366209
2002-04-16 9.886884325596526 20.448868028808153 60.98012074618189 84.00120843853966 10.62352321918759 25.828803657750196 47.868968961467566 35.06190402484186 202.67330922737818 53.12141145980458 140.06827856715984
2002-04-17 8.808212572075758 18.217870314286152 54.338226299265365 75.4918074929275 9.464483218108352 23.010848069788157 43.085521826419246 44.32418724869911 180.56139139193183 47.99644296135842 127.42178118439598
2002-04-18 7.847225289569915 16.230277310244475 48.40985615603518 67.25555452554639 10.602795622421711 20.50033504869637 38.47990008091457 130.59306466918835 181.4833453386437 42.75996950957013 113.62653273675761
2002-04-19 6.991082951436288 14.459533250759037 43.128278794769955 59.91788731462697 16.00811030519222 18.991616853632028 34.28169365625512 118.048533980007 164.6277494646353 38.09480202379602 104.10553723626079
2002-04-20 6.22834683984737 33.156916890683014 38.42292829385973 53.38076900227846 14.263415123185768 16.919607110313237 33.170969574441806 105.1692876011345 155.40846099175573 33.93861029080987 92.74748967509609
2002-04-21 5.548826215753456 29.539454755395262 34.23093756419781 47.55685867747544 12.707258249549728 15.086245286358835 29.551974273342395 95.33562680399541 142.7329460641431 30.23586440354704 82.70924415128336
2002-04-22 4.943442162798263 26.39281259367484 30.496298396685813 42.36834443454415 11.320880085602106 13.44031658716782 26.327815998637032 84.93438771278528 127.16059868493929 26.937092838985176 107.52133713437316
2002-04-23 4.404106286037879 23.513322907823113 27.169113149632675 37.75757685581411 10.085757556483408 11.973960818908154 23.507770029649944 75.66947269756217 113.28721436637052 23.99822148067921 95.79062142574831
2002-04-24 3.9236126447849573 23.568105855909145 24.204928078017584 34.540544790105514 8.985388478545312 11.357973519016566 20.943042185753022 78.18315775300094 100.9274340606893 21.37998475478506 85.33974183806569
2002-04-25 3.495541475718144 29.161647219194453 21.56413939738497 35.971976676583026 8.00507107752899 44.65558083922511 18.658129437246416 69.86038928627141 89.91612162986172 19.047401011898007 76.02906660996021
2002-04-26 3.114173419923685 47.374680605784135 19.21146414692986 32.047387910142 7.131707561592882 40.767593690297346 16.622503598539364 95.2029982682881 80.10615750019464 18.533607009634444 67.73419798422002
2002-04-27 2.774413107876728 73.50529918151503 17.115468782098898 28.550976808891715 6.353988894288634 36.32510966089313 14.808967148221896 84.81622912033478 71.89634751135037 16.511566727400133 60.344310158405555
2002-04-28 2.4717210813991315 66.46757475117492 15.248149198342901 25.436028640696183 5.660760560999696 32.36199363319695 13.193289849333283 75.56266980080359 64.05236383683442 14.710133631929455 53.76066856718657
2002-04-29 2.2020531430189396 59.21587714371892 13.584556574816332 22.660925310577184 5.043164327494018 28.831258644280986 11.75388501482497 71.26860773843684 57.06416883609441 13.105239196359046 48.40606910598453
2002-04-30 1.9618063223924787 52.75534904089499 12.102464039008787 21.766896986079363 4.492948634735505 25.685731368562504 10.47152109287651 98.54694213214668 50.838394867820405 11.675440800958805 43.124904916734295
2002-05-01 1.747770737859072 46.99967283557953 10.782069698692482 19.392100622790917 4.00276217935625 22.883385150749437 9.329064718623208 87.79534579605675 123.05329002925458 10.401635243297617 38.4199225102426
2002-05-02 1.5570867099618424 41.87194828223313 9.605732073464926 17.2763975868929 3.5660556946091138 20.386778497514346 8.311251799269678 93.21316108879635 117.15228833521495 9.266803504817222 34.2282597154263
2002-05-03 1.387206553938364 37.303665050680074 8.557734391049447 16.705974549226852 3.176994447144317 18.162554830446563 7.404483574110946 83.04348572781761 104.37082350505042 8.255783363700067 30.493912704647904
2002-05-04 1.2358605406995657 33.233787375587454 7.62407459917145 23.14404526493948 2.8303802804998477 16.594673989903626 6.59664492466664 73.98333498481828 92.98383287190101 9.406468044388227 27.166987739654218
2002-05-05 1.1010265715094698 30.645837676190745 6.792336353760584 20.619000259116568 2.521582163747008 14.78417378556197 16.30222354192201 70.34667009358593 83.20576526303444 17.42475968171466 24.20303455299226
2002-05-06 0.9809031611962393 27.30233750205525 6.05128375074333 18.369440900182273 2.2464743173677526 13.17120147432117 14.692741198669122 77.93547174881341 78.20414480677032 29.84325000430779 21.562452458367144
2002-05-07 0.873885368929536 24.323617482815933 5.391080936640698 16.365311350927108 2.6806704363886626 11.734206509840876 14.809489395890148 69.43261187868049 74.94762596089822 92.19096068403765 19.209961255121296
2002-05-08 0.7785433549809212 21.66987963597666 4.8029070958440165 14.579834904508505 2.388205855535363 10.45398953801126 14.186740773562617 61.85742491985215 67.4054605907963 124.8038519027254 17.11412985771315
2002-05-09 0.693603276969182 19.30566798994705 4.278903775034573 12.989156227124404 2.1276495353517078 9.313445878866748 12.638949169756222 55.10870056855856 60.051438435999586 111.1875916791148 15.246956352323947
2002-05-10 0.6179302703497829 17.199394865086806 3.8120698882241606 11.572022632469736 1.895520243696725 8.297336994951813 11.260023613976722 49.096270694908604 53.49974952511553 99.05688290003484 13.583493869827109
2002-05-11 0.5505132857547349 15.32291883809537 3.396168176880291 10.309500129558282 1.6887165553184758 7.392086892780985 10.031540603921815 43.73980462756517 47.66285827275465 88.24964999861872 12.101517276496127
2002-05-12 0.49045158059811966 15.71582385836164 3.025641875371665 9.184720450091136 1.5044754144355994 6.585600737160585 8.937086665006708 38.96773587440669 42.46277933810178 78.621500060103 10.781226229183568
2002-05-13 0.436942684464768 14.001207329933745 2.695540468320348 8.182655675463552 1.340335218194331 5.867103254920438 8.447795926048384 34.71630593934023 37.83003568099097 70.04379362181638 9.604980627560646
