2002-02-08 15.79186468173901 15.79186468173901 15.79186468173901 15.79186468173901 15.79186468173901 15.79186468173901 15.79186468173901 15.79186468173901 15.79186468173901 15.79186468173901 15.79186468173901
2002-02-09 14.068952002006982 15.446407304039699 14.068952002006982 36.8719037044651 14.068952002006982 14.068952002006982 14.068952002006982 14.068952002006982 14.068952002006982 14.068952002006982 14.068952002006982
2002-02-10 22.778817262641983 13.761184467042542 27.730219081859477 40.35379959280057 33.01081505926262 22.156702207938793 16.968246748481135 21.948120048267665 32.24953322368693 52.68611232555642 56.648371696418025
2002-02-11 22.65663904791336 19.600473818413334 24.704816633779387 35.95114832931817 236.65482639240267 19.739377595269897 28.48946873581368 19.554593460859966 30.994390093470276 52.06243334224158 56.482732458778536
2002-02-12 32.20580547751457 18.842171546359786 22.542589312897864 32.9769581134173 213.73022857924116 19.465045900874074 26.029354248444193 27.971650943868408 50.543017193244204 58.76459989462682 50.322658826301875
2002-02-13 29.814284217178844 17.697812679682922 35.18939995061971 35.41822756568086 190.68952939236354 63.492766496532376 23.463873385296978 25.046390542460365 176.11680165257874 52.9164077161812 46.897908752466655
2002-02-14 36.98586929307462 17.837241439340776 31.350191308134814 200.9169400453675 169.90210286694335 66.49975088683608 31.72126104813852 40.62171075501301 156.9362142619334 48.2729155858568 58.70466772154686
2002-02-15 51.255740377344964 19.891503934200948 28.05961938231384 237.83103834150572 166.50970457755452 61.60726210935598 47.3596318678428 111.74048147815998 139.8142721157541 82.61593436845928 55.44210820816967
2002-02-16 80.03366081052059 23.413867825661654 64.81485306253475 277.5440584323557 217.9932824518116 54.885830841361134 64.0656023898343 113.36061897097537 124.5603558056499 137.39932807664354 53.7177198972445
2002-02-17 106.81404944986788 21.80108328510324 89.53949620854198 260.21791171285173 217.26641551668723 57.23250009180261 63.664317368316325 138.85787795481815 111.02543085834185 149.1347161792707 47.85704779787693
2002-02-18 100.19763294211505 29.46782761025768 79.83761752853803 277.58160773058495 200.69025988528125 51.72418251626148 58.37796010530738 125.9112413014275 101.1064611742224 138.09370905179827 42.66312537265337
2002-02-19 89.26594274882652 32.64227941641689 90.72176756519339 248.08032525628823 178.807065694088 46.0810079005943 61.77435119626113 112.17416347490071 90.07561665582074 123.02750837749207 38.01076637918856
2002-02-20 79.52691396851846 46.150088001632206 120.04307674084531 221.0144437666656 159.6337390239564 41.0535108692543 55.03469029470017 102.67478197649545 80.24825141437128 109.60504950950754 34.24520915087821
2002-02-21 70.85042571221014 41.11505424271798 106.94622319004147 196.90148464222253 142.2174934683922 36.574520208579145 49.196944908183845 91.4728316481986 71.49306431806704 97.64699810972867 30.509012934965213
2002-02-22 63.120553446705344 36.629349121107964 95.27825314995856 175.42642906663517 126.70138262812269 35.411153198277454 44.1953344199674 81.4930284600472 64.63959786402546 86.99358544620942 27.18044051548754
2002-02-23 56.23402015397856 32.633040178310054 171.37482877680935 156.2871807834024 112.87809937000314 31.54775099221656 40.55719815995378 72.60203459243023 57.587334878167304 77.50247376046005 24.215019613737596
2002-02-24 50.0988164710575 29.07273366387862 152.6776152787796 139.23604902170067 100.77584463099869 28.10585091917635 36.70680760021765 68.69520206769425 51.304482824077695 69.04685452589914 21.573129933621992
2002-02-25 44.632971374413245 25.90086115398495 136.02029174058862 124.04521759235855 89.78107080126672 25.03946655613769 32.702047838057965 63.759751466344824 45.707097982823875 61.513754188746034 19.21947380413882
2002-02-26 39.76345698425922 23.0750440008161 121.1803035527654 110.51172534447171 81.35181781893567 22.30762865778096 29.134212499489898 56.80348085031322 40.72039500281268 54.80252475475377 17.1226045754391
2002-02-27 35.425212856105055 20.557527121358987 107.9593770990159 98.45475444886708 83.8564575097392 19.873837775967754 25.955632569823795 50.606148275453364 36.27774771017409 48.823499054864335 24.684700468606877
2002-02-28 31.56027672335266 18.314674560553982 96.18087066874276 87.71321453331755 77.77392824453077 17.705576599138727 23.123839784977662 45.08495262862134 32.31979893201272 43.49679272310471 22.876296766555566
2002-03-01 28.11701007698927 16.316520089155023 85.68741438840468 78.14359039170118 70.6771285610057 15.773875496108278 20.600999222919178 40.16612650425667 28.79366743908364 38.751236880230024 20.38046346512234
2002-03-02 25.04940823552874 14.536366831939304 76.33880763938978 69.6180245108503 62.96616323683993 14.05292545958817 18.353403800108822 35.783950615304974 25.652241412038848 34.52342726294957 18.585238881664807
2002-03-03 22.316485687206615 12.950430576992472 68.01014587029431 62.022608796179256 56.09647411391606 12.51973327806884 16.35102391902898 32.992196833040055 22.853548991411934 30.756877094373017 19.843247250745684
2002-03-04 19.8817284921296 11.537522000408046 60.59015177638268 55.25586267223582 49.97627688028054 11.153814328890478 14.567106249744944 29.39270586718915 20.36019750140634 27.401262377376884 35.82729483622863
2002-03-05 17.71260642805252 12.877720681621426 53.979688549507934 53.34730437624814 44.52380101006861 9.936918887983875 12.977816284911896 30.156554460222264 18.139340799809414 24.411749527432168 31.918491044032084
2002-03-06 15.780138361676324 11.472744847825865 48.09043533437137 47.527045085041976 39.66619724660567 8.85278829956936 11.561919892488826 27.56842564373324 16.23439319086548 21.748396361552356 28.436142756102086
2002-03-07 14.05850503849463 10.221053678479246 42.84370719420234 42.34178354326201 35.338564280502844 7.8869377480541365 10.300499611459585 24.565949090396046 85.95574517414018 19.375618440115012 25.333723130267046
2002-03-08 12.524704117764367 9.105923620200759 38.169403819694885 37.722240682467834 31.483081618419966 7.026462729794085 9.176701900054407 42.65301657798295 76.57956163262799 21.589503419739902 31.89767988259955
2002-03-09 11.158242843603304 8.252776827766652 41.333490087733566 33.96337744988847 28.048237056958026 6.25986663903442 8.175511959514488 96.19462036884292 68.22463329425737 20.283569943882945 45.6131021277069
2002-03-10 9.941198908863532 9.308112970838666 38.349305549049106 46.280430346723705 32.97590325824179 5.576907164445239 7.28355312487247 85.76707335608192 60.781238347448614 18.07060646231523 55.934549836336686
2002-03-11 9.05653453955064 8.292585914025635 34.176327446048525 41.23117607087941 32.86908983447141 4.968459443991938 6.488908142455948 124.5629986293267 54.149927330724395 16.09908013329517 50.36547468701241
2002-03-12 10.947171250723546 10.46953509025903 30.959435115513752 42.70300050640785 29.283029999970243 4.426394149784679 5.780959946244413 110.9781040163814 48.24210084633489 14.342649853991267 44.870536837189064
2002-03-13 14.130810406756344 9.715099485478516 27.581721058760206 63.4642728325865 26.08821389023858 3.9434688740270674 8.708952481431782 102.23112986849962 48.00931634233109 22.275166396851834 39.97510375052061
2002-03-14 16.625586770840155 18.902526262784967 24.572519935353867 61.81733410802408 23.24195631338455 3.5132313648970417 15.70364716842608 113.4621107199793 42.77143838817681 72.65636658005064 35.613768688865875
2002-03-15 20.417519945282844 72.96698010464658 21.891626511884695 56.54521341055146 20.70622908666806 12.193705458759222 13.997580446816944 101.0832489979268 41.73682988266011 85.36371206287289 31.72826087305716
2002-03-16 20.9120296613217 85.02657348141007 19.503221997445138 124.54563537120916 18.44715295083278 70.76762654707834 12.470426477135492 92.72014142623289 38.888148090587784 78.65318325914726 28.266666940628905
2002-03-17 19.76283659670253 75.7500653224536 18.69155986505379 123.10014542946945 16.4345449172357 63.16902250045763 11.109886963143358 104.4073951512697 34.64540128475633 70.0720201432315 25.182737343506197
2002-03-18 17.60668579081927 67.48563609482088 21.326169698917568 127.25735548242551 14.641514999985112 59.273215078330175 9.897784054148485 136.17471727817912 30.865543594047082 62.427072923108966 22.435268418594525
2002-03-19 15.685773801740611 60.122866689761324 18.999457247609005 113.90545016093975 13.044106945119287 52.806431333340974 8.817923126270776 272.16194224129015 27.498073222641306 70.79081412162273 19.987551875260298
2002-03-20 13.974435773010027 53.56338486483086 16.92659210725704 101.47821953757952 11.620978156692269 47.04518198443932 7.8558764098546865 302.4154167669821 38.946807286453385 63.142956862378945 30.411995785453474
2002-03-21 13.499771899205436 48.682331047224245 15.079879210839678 90.40681570519354 10.353114543334025 41.91249232461597 6.998790223408471 270.1464655072451 34.83397885804935 56.25397932828414 27.0940080613499
2002-03-22 12.026929480189096 43.71603728038542 13.43464505864822 80.54331622290684 9.223576475416387 37.339785686067174 6.247370171520206 256.650367505991 31.033547112363845 52.39423058620005 24.138017051140647
2002-03-23 10.714776057064723 62.28251460674546 11.968908061420146 71.75593717775968 8.217272458617849 42.2190793568016 5.565774077555543 228.6494834213344 27.766089512124974 370.5640107824443 21.504528449310854
2002-03-24 9.54578025439976 70.14361942871298 10.788085818565497 63.92727245062481 7.320757499992555 108.75511957425304 4.958540991152963 203.70353168351755 49.84167943219392 451.9463457569721 19.158356829703497
2002-03-25 8.504323392294108 66.26900627923676 9.611091826947973 56.952725080469875 37.77587830971446 103.32118287444763 12.22126709937017 181.47921525750579 44.40388831610328 414.31181366021684 17.068155541258058
