2002-03-22 36.898715968794335 36.898715968794335 37.09596326215474 36.898715968794335 36.90173250238195 36.898715968794335 36.898715968794335 36.898715968794335 36.898715968794335 36.898715968794335 36.898715968794335
2002-03-23 30.99098710228233 30.69796048402224 30.884910310308207 30.613075988548395 42.90698924784434 30.613859148627338 32.88385567340884 30.610547181597628 31.142047494844125 30.63717389238308 34.880893746457886
2002-03-24 28.484555417569652 25.760742111663053 25.621596292202984 27.453275199723233 35.59490850310863 25.587063590812956 58.19587248842948 25.971285081180753 25.834912927015857 25.416078373478936 74.78607341164067
2002-03-25 23.630607435134436 21.501680974698537 21.31138514002732 22.776314180763475 43.80139855364908 21.226592761318056 49.59137252998817 21.54533637475526 21.432204355124803 21.084746333193433 62.85167701048365
2002-03-26 19.8231495973186 17.837428828589267 17.822212600040192 19.079821542531377 36.33689525078152 17.609220325564248 41.28078374107314 17.885444883449892 17.779792207268322 17.497549184585562 52.58731523105864
2002-03-27 18.400748895788745 14.797627571044147 14.785004446642706 18.55038368092505 31.03146988380221 15.854431714318302 39.53408234354436 24.180769143810995 23.63770231107925 14.518402928082129 43.642692134301974
2002-03-28 15.264948317650376 12.275860149775268 12.265388220470298 30.236672749819245 25.743179621637612 13.152623996034102 32.79680230286782 20.05995480682723 20.042998352319426 12.05119724346064 36.20523510462475
2002-03-29 12.663541492806967 10.183844788182602 18.016581167732966 39.70197120580939 21.356103965214658 15.844952580246465 27.38813640649418 18.636980250710085 16.627330534841747 58.268348106973 30.035247251644627
2002-03-30 11.53931631720206 8.448344425925734 14.946249304512762 36.01169226234684 17.98267529201677 22.408685628196004 22.720732135938015 127.7614107962366 13.925114437897728 116.5087924881784 24.916730270098526
2002-03-31 9.734665621487391 7.192350520462704 12.39915421205093 29.874995031578116 14.918121566701434 18.589864462481952 18.84873293790985 147.2846259633585 11.561856510967912 99.03984854238242 20.724433494548016
2002-04-01 8.188974953534018 24.42266348711917 10.301497729243879 34.367929905084154 12.375819919168919 16.07788338875059 15.636588259526492 157.20686717903848 22.252101862244633 88.94126084073783 17.192637538750056
2002-04-02 25.388074503292117 21.09602422142495 8.878996238036002 28.668087897822648 14.62956631557772 82.16602229284912 12.971847667606687 185.32164273171261 25.78631680314354 73.78415724976848 14.262719683826518
2002-04-03 47.455768639237284 33.827742952023634 12.221010068371237 70.80781619714719 12.136439390684087 80.82029655751073 18.834978400114814 153.7460164086814 22.989064667388252 62.795600491759245 13.409047460584514
2002-04-04 45.006451490514216 29.763658043401787 10.717050928496796 62.18066319304248 10.101277179150737 87.60641926306575 24.233520828264822 128.3565797865765 30.902035714773135 52.09416211868501 12.699612457194053
2002-04-05 37.35039926420122 24.69142448222324 8.890683170975882 60.80354567614066 12.909190321781148 77.32785675846348 20.103716707031026 107.58010196484823 28.108194521836072 43.21643085814571 10.535382495091316
2002-04-06 31.009009301870403 20.48358579017127 7.375559542830662 51.426042537530876 11.408098970614553 65.01192751979947 17.097679256636532 98.06413099473255 24.27860174884515 35.97313461173439 9.350993426026228
2002-04-07 25.814601032973616 16.992834379619964 6.1186387506677775 43.08752543776008 9.463964873132745 63.481417766611955 14.18394390806831 81.64674521927643 20.213834598641405 29.842700630387963 7.757425101304468
2002-04-08 21.438268892429612 14.096966381333244 5.466676313553818 35.74467825564038 7.851144292366582 56.565685066590554 11.766758620714105 67.96670288746039 16.76905337914828 24.75699686800326 6.440500652571984
2002-04-09 18.902572308517268 11.694603543878515 5.747750431814274 46.225598736817254 6.513175769972911 82.333693580797 9.761502818647973 56.38402071426148 14.02750331245219 20.537983526136493 5.345631350523141
2002-04-10 15.681252485663553 9.701644194143633 4.768235998508569 38.347970491102735 5.403219840426232 76.60956646600259 8.097976711337743 46.77522458563792 15.61422832421185 17.037961816161143 4.46306856876487
2002-04-11 14.905988344393068 8.988148704179842 3.955647484558212 31.81282408388228 4.482419279788421 67.0196720210061 6.721292573052745 38.80393074705791 12.953298245574947 14.134403335144698 3.7024857752359743
2002-04-12 36.10676650658073 20.84493463672118 3.2815378741713133 26.39137777648133 3.718538795977508 67.46260658979595 5.994875829577321 32.19108095709302 10.745835910356359 11.725660604019774 6.021694146360329
2002-04-13 51.254386518835204 17.60111399568778 2.7223080068835985 21.893838129694345 3.084836538951278 55.965830999563046 7.230084947884954 26.70517324497328 8.985924901199022 9.727408603007541 4.995495044766515
2002-04-14 90.23602113761707 14.601584804992989 4.605233363697175 18.16275573442886 2.55912792474934 47.255125891864246 10.771944920012483 22.154157513213452 21.58204724953613 8.069692729928555 30.039310728533714
2002-04-15 114.00841475442607 12.114006800344487 3.8204232711237496 15.572052349214452 2.1230089998412267 39.68453209387009 8.941894319113413 18.378712267394228 22.284867875515186 7.918350826905509 62.38884591101703
2002-04-16 116.47082516601617 11.195954016461807 3.169358166646162 14.457864213250348 1.7612121573988664 33.0469262981375 7.418043440308418 15.246667105540412 18.487147360792704 7.828106861745348 63.66839204310457
2002-04-17 98.70006760252254 9.287973027402115 39.711625929748394 15.83594144196354 1.461071650474425 27.42128267423729 6.1538826694342825 12.648375710173259 15.336623014722207 7.256619152957268 52.85172712676524
2002-04-18 85.46581550241652 7.705144450478378 54.71399589467142 28.242723249477187 1.2503435577849138 23.81597959588329 5.105156395200464 10.504918009476905 20.099420387146495 20.149643865443515 43.844893903921246
2002-04-19 70.90098690867242 6.392056784358016 45.449903082860814 29.29883334853997 28.849280731601684 19.7573316023326 4.235150915195062 10.434268500061991 18.760933350662594 16.719367484365485 36.40104707395791
2002-04-20 58.81825283094178 5.302741589993473 37.78591842950742 25.98732507323901 24.85687321407063 17.041048990286406 3.5134091663365057 8.656536442102626 16.52107671091647 13.870102896249351 30.215007923138554
2002-04-21 48.79462214737437 4.3990642321980085 33.583568121153235 26.009275689090217 20.620839244102307 14.136964402291078 2.914664487116583 7.1813153990055785 13.705604243194053 11.616232383274314 26.89101816722149
2002-04-22 40.48277811017804 3.7275886274011976 27.860356912374403 75.91494526916635 17.10669751054663 11.930525121388726 2.4179560848921926 5.957497112721704 11.369936170500491 9.68315023746189 22.308331299795714
2002-04-23 33.58382417512096 3.092344125177501 23.112478235926098 81.72662524017561 14.191425298126196 9.93571341512001 2.005895242595025 4.942238277545043 9.432305663243865 8.032976742633277 18.50661221850165
2002-04-24 27.86056933039093 2.565356090590787 19.173718839506332 77.3651791487398 18.38638564276489 8.736215085769587 1.6640565762985229 4.099996815755687 7.8248803503132125 6.66402087804467 18.436997156343928
2002-04-25 23.11265445429969 2.1449513812480547 15.921313597063541 66.97015768672165 15.301136024561714 7.248318974462224 1.3804730328491277 3.585383112798906 6.491387650351301 5.528358376456506 78.45405907518351
2002-04-26 19.17386502727184 1.7794151838101633 13.394599591054568 56.84164153250152 13.423495712736102 6.041358099323318 1.1452169484904267 2.988981256047157 5.385144786967681 4.603962776020685 65.11365241582432
2002-04-27 15.906312310901654 1.476172571581674 11.11193200076011 47.15485903307644 34.83748723826748 8.86157929907428 0.9500525022232357 2.4796080123916067 4.4674245228656355 3.819369213197689 54.04049242186935
2002-04-28 14.879588499189984 1.2246076581320744 9.218269792251256 39.664320940690835 62.72748199394399 8.578317329049792 0.7881473970243219 2.057040633051151 3.706099400670049 3.168483738118246 44.87398255794339
2002-04-29 12.429855139902735 1.0159136846372772 7.647319832133734 32.904846027916726 52.21531124804361 8.809555473031047 0.6538336754892816 1.7629762538313642 3.0745170281774237 2.62852021847748 37.22669269786378
2002-04-30 10.325705903381474 1.0962856728662012 12.449579609646724 27.29730060776523 43.31693411531482 7.308257384463056 0.5424092965579997 2.0003720991871043 2.550567034128842 2.180575666469679 30.882631097691174
2002-05-01 8.566029994271135 19.76924411094644 104.29500884730206 22.645376302278443 36.31705346260883 6.06280602478389 0.5339896453622437 2.0418145980800926 2.1162919348325873 1.8403334015346204 25.621391562412423
2002-05-02 7.11771805837677 16.622581045436164 89.48337763717917 19.111354852406272 30.12800985958219 5.02960075986129 0.4429887275132662 1.6938546626799746 1.7556397945135556 6.2695304411326775 21.255070662694106
2002-05-03 6.345899915063214 13.78981051269056 74.2338881235857 15.85445493302773 24.99444555343831 4.172471245193784 1.142752529598599 1.4051930184948835 1.4564489130011424 8.467095099960916 17.632845108182984
2002-05-04 5.808452251533399 11.439792259465236 61.5831709916976 13.152586154390947 36.72469011759323 3.461411178180683 0.9480080622261412 1.1657242281359437 1.2082452464403641 12.79208673561583 14.627908396224894
2002-05-05 4.818593195709531 9.490257086512294 51.0883512268533 10.911161769952024 30.46617829533206 2.8715278405420155 0.7864513643751541 0.9670649926221163 1.1391889272255888 11.608718169034919 12.135064008986788
2002-05-06 3.9974229588630292 7.9767726815999085 42.382027249460826 9.051714223542218 25.27422333451668 2.382170656576678 0.6524266756501224 0.8022606697047789 0.9450517583084403 12.984415129469628 10.834558351239478
