2002-02-22 5.301295396665108 5.301295396665108 5.301295396665108 5.301295396665108 5.301295396665108 5.301295396665108 5.301295396665108 5.301295396665108 5.384750211558151 5.301295396665108 5.301295396665108
2002-02-23 4.722917273372226 4.722917273372226 4.722917273372226 4.722917273372226 4.722917273372226 4.722917273372226 4.722917273372226 4.722917273372226 8.556530131006731 4.722917273372226 4.722917273372226
2002-02-24 4.207640944730183 4.207640944730183 4.207640944730183 4.207640944730183 4.207640944730183 4.207640944730183 4.207640944730183 4.207640944730183 7.623001725443086 4.207640944730183 4.207640944730183
2002-02-25 3.7485819240549256 3.7485819240549256 3.7485819240549256 3.7485819240549256 3.7485819240549256 3.7485819240549256 3.7485819240549256 3.7485819240549256 6.79132246557884 3.7485819240549256 3.7485819240549256
2002-02-26 3.3396068309845792 3.3396068309845792 3.3396068309845792 8.60888474049418 3.3396068309845792 3.3396068309845792 3.3396068309845792 3.3396068309845792 6.050380479061877 3.3396068309845792 3.394268868296707
2002-02-27 7.833515206082492 2.975251444816882 4.825791121598245 7.9549412540377515 2.975251444816882 2.975251444816882 2.975251444816882 9.845964756712462 5.390276213057558 2.975251444816882 3.0239497837891958
2002-02-28 6.978868655631747 3.4351156401536502 4.299291124244906 7.245262705821661 2.650647698332553 2.650647698332553 2.650647698332553 8.773825843184682 4.802190168635341 2.650647698332553 2.6940329860985504
2002-03-01 6.217465139372118 3.060340120476718 3.8302329515019244 6.454795257206524 2.3614586366861126 2.3614586366861126 2.3614586366861126 19.488154121994533 4.278265065503365 2.3614586366861126 2.4001105339429896
2002-03-02 5.5391317227488654 2.859490608495432 3.4389319153816835 5.750568820503633 2.2986840382201605 2.103820472365091 8.629725875994973 24.838223440599553 3.811500862721542 2.103820472365091 2.1382553980849344
2002-03-03 5.686233282078766 6.536288369063696 6.524483857007495 29.280028209258514 2.0478946630599997 3.777903129290177 8.61686095679468 35.15508441175347 3.3956612327894193 1.9216570084486868 1.953114159515131
2002-03-04 5.070422373953099 18.993121116986476 5.8126543047353145 26.089112228088112 1.8244667302065956 13.793318447304118 10.414240845891811 32.84978356249373 3.0264900908533554 6.824846740400967 1.848736437984155
2002-03-05 5.132677300235681 18.43505859474888 5.178486269081617 25.18330583798056 1.6254150712307522 12.288449723604735 9.278033820009778 29.26583006701325 82.2286643060074 6.619097430082217 1.6470369227794206
2002-03-06 4.572695627407985 17.17318326858965 4.61350677903216 22.435774889593002 1.4480802034054654 11.050133390523023 8.792690726811315 26.17612846645656 81.78653956035353 5.901860805550052 1.4673430832339946
2002-03-07 5.962434129867546 15.299566960375637 4.372358813806793 20.057781303247776 9.339306165756199 30.518956721991824 8.707556990307078 28.73774235136482 74.03686879621286 11.6883489273586 2.105862435051911
2002-03-08 5.903056334891298 13.630364593100945 24.840849846144085 17.869451651802706 9.921143167797903 27.969125102385938 9.029178705888704 38.599733514347385 65.96028727962437 101.69650792835523 1.876110143967641
2002-03-09 6.0738891911519035 12.143274343779098 22.130681285446407 16.001637971364794 11.214467097091378 65.02795209342558 8.044083734936294 34.388453108490786 58.76393538558588 90.60128855272052 1.6714241223508588
2002-03-10 5.416831763482656 10.818427546899267 27.432519525841634 24.030941727235255 15.003354621699273 86.0494362938269 7.6396830208497555 30.64562066444342 55.11448157976683 80.71657183348171 7.694834359660875
2002-03-11 5.778082199321508 11.395745279280424 24.996254212880718 39.27304668141459 13.543801132997224 81.81061954100653 14.186456745551363 27.99158021014138 50.5164347939495 76.17760962762726 10.425255465470206
2002-03-12 6.281766110912202 10.152454861564754 22.269130836565488 34.988306945937964 12.066155068134904 73.32207281575407 32.37559383549168 41.24478678937435 50.22831604076663 78.21097574524353 16.823201551035805
2002-03-13 5.76978644249635 12.587693744138194 19.839540116395693 31.17103780803686 10.749722083083944 65.32254068294792 55.4557359191532 38.299712924556594 46.948669564293624 71.03770653471125 15.039031824014057
2002-03-14 5.140295345563507 57.25796778360333 18.66885468954317 27.77023762628409 9.576913624184384 58.19576776010845 78.65010705415513 34.12116514963046 41.82650953322356 63.28740169140386 13.39825417408589
2002-03-15 4.57948253422528 66.83419596957314 16.63205871206227 24.74046910370911 8.549739053091306 51.84653489867351 90.64719815920886 30.39850229326059 37.269933541411405 56.38266504130444 11.936487469011569
2002-03-16 4.079855119487374 65.39199221704936 35.09157586543325 22.04125221068512 9.804488476698557 46.19001148124659 85.1568641381093 27.081986726452026 33.79034482394619 50.914855420036545 10.634201385240631
2002-03-17 3.6347376961496023 60.919290280430914 37.858972733007775 19.636523340707292 11.521227277870548 41.15062201953014 75.86930681788544 24.12730725928979 73.25842123038922 67.58657330309323 9.473996382557099
2002-03-18 3.238183154276051 54.272917620855125 33.72851027794668 17.49415347296898 17.95670818609268 36.6982797932443 67.59186819025025 22.585714587446727 65.26583356713876 60.324734731574516 8.44037123288633
2002-03-19 2.884893221248174 48.351672738156076 34.60688090652984 15.72724022602753 16.11815976182724 32.694450425756855 60.21813979983761 50.78298984589801 58.14524746332465 54.3514034570861 7.5195159120070265
2002-03-20 2.5701476727817525 43.076443262364435 30.831225838462817 14.011378157253104 14.359647870593086 29.12744397460965 53.64826355647108 81.12020335335599 51.80152643102875 48.421595669046404 6.699127087042943
2002-03-21 2.28974126711264 38.70408158202338 27.46749957818183 12.482718839676341 12.79299188085803 31.933900790138917 47.79516923291516 118.00727312796921 46.149913495116415 47.60985015376067 5.9682437345057835
2002-03-22 2.040054799838474 34.71875540227757 24.470760164722503 11.120838213173913 11.397260067836188 29.653589853154937 42.580655002904706 164.91668772365765 42.14727648084279 42.41555447283902 16.958857037791415
2002-03-23 1.8174822061121434 31.120089162511395 21.80096886267096 10.32897109840976 11.012481433225833 30.943348399101296 37.935050959663826 147.2220033871451 92.2373035793387 37.78796310906401 15.108623996093645
2002-03-24 3.179882743813468 27.72484754329447 50.96951772029243 9.202067111281865 9.967763174810583 39.18042710074547 33.79628827255295 131.15989409966025 82.17409552355417 95.4354751406286 13.76110831725025
2002-03-25 7.369032655842561 24.908548622173353 56.21186505785543 8.19810979368239 8.880267435165228 34.905792280245144 30.109069899918804 118.29902754782094 74.97525276343679 113.79133472363895 12.287568658409482
2002-03-26 9.468384153774394 25.223962644930385 58.98193214103728 7.303685506365402 7.9114188747320995 31.09752559814335 26.82413177823554 105.43757471129733 129.33793595857185 104.40298709791186 10.946979166838416
2002-03-27 10.628603364957412 22.47199598678828 54.307283117821534 6.506844055321111 7.048272934170114 27.704745692722298 23.89758461645758 93.94829791966282 115.22700135240893 147.82780881353693 11.182112978605618
2002-03-28 9.469009113462656 20.020272418684527 49.39495207553396 5.796939028024664 6.279297322155402 24.682122424050384 21.290327501452353 83.69841818809432 106.5903131538086 136.05094629830091 9.962130118740196
2002-03-29 8.75420208058825 17.836035034626434 44.0058994866967 5.164485549204878 6.795455309892803 22.980118914557824 18.967525479831913 77.46607898040298 94.96117335490541 135.15301530023189 8.875248952732907
2002-03-30 10.697319788629827 15.890100749054868 39.20479944331071 4.601033555640932 6.621767983937032 20.472958483692132 16.898144136276475 69.02046334857765 84.60078761498778 141.42084668078587 7.9069479151661355
2002-03-31 10.032122685319429 14.15647038845383 35.86696714835224 10.15728521458949 5.899324608712241 18.361406907066346 23.448292243995986 61.490242322700105 75.3707332398557 125.99165102623358 7.044289762023938
2002-04-01 9.019017428642663 21.542306508930693 32.789965637918115 9.049112377463599 14.46215333209757 16.35815387675858 20.890053502756086 54.78157806343236 67.1476896286849 112.24580039565645 6.275748719196241
2002-04-02 8.035031066063127 19.19201325459264 31.911797137952398 8.061842617390198 13.76283576416903 14.573458319946639 18.6109218874885 48.80483767441683 59.82179061628073 99.99963968912672 5.591056489302808
2002-04-03 7.293364684514731 17.098140007048986 28.447602661522268 7.1822852536820845 12.261292740274206 12.983475336112122 16.834136322941905 68.07598638801107 53.29515657690429 89.0895508135388 4.9821383724034005
2002-04-04 6.497649248364192 15.232711014863993 25.343932745315893 10.47648703782529 12.687497693415299 11.566961533949 14.997510471108667 60.64880900921825 47.480586677452706 79.36976661948034 4.971411478545255
2002-04-05 5.788747386293198 13.57080271694456 22.5788771954369 13.78157826644005 11.303275431472203 10.304991203373776 13.361262854007027 54.03194620305079 42.30039380749388 71.23577166428545 4.429024113584136
2002-04-06 5.157187626086849 12.317738423692703 20.11549275046287 12.568655055514293 10.070073592685777 12.34811455283237 16.563818728399898 49.37256396962944 37.710883192279304 72.65750908095868 6.540895272130446
2002-04-07 10.205790611449693 10.97385737205583 17.920866706148658 16.04851228231911 8.97141565530264 73.09785615380935 16.067274187672982 67.88621044529216 33.5965774959417 64.73048170349614 5.8757996266378205
2002-04-08 9.58562566214308 9.776595465819453 30.760681935561475 24.914244505578505 7.992622707213292 126.86036736176413 26.928372428528167 70.47181188852448 29.93114782503703 57.6683031742514 5.234742355421117
