2002-04-12 13.114751056683685 19.97027794892433 15.480728731133762 17.973958761787635 24.345384736261387 18.857152749399972 14.272705887973709 23.50951031206288 11.802314561603735 13.983555878536416 13.826968293585805
2002-04-13 19.62214131719713 19.5988392156972 13.791761382445388 16.72653648944198 68.56864705247374 22.810425179763385 12.93985881915641 36.18970996162896 10.514666914021829 45.17532739784001 12.318428328522712
2002-04-14 25.19689857690861 42.71648894241087 12.28706253651803 15.32241919466758 68.24574904643502 20.333900106337875 25.512341759331218 37.949233241711134 9.367503275374684 40.41528839940673 11.044549596473656
2002-04-15 22.447884643280023 38.05606524224982 10.946528263494098 13.650723619338278 60.80005034399624 18.11544553953012 22.72891257014643 33.8089232494492 8.345496660206734 72.32709278040282 9.839575077935782
2002-04-16 19.998791653660376 33.904099741785494 9.752247998033887 12.161412174156524 54.166686914334335 16.139027209708512 20.249159073467297 30.120326384639416 7.434992276822664 64.43611424487827 8.766064823978617
2002-04-17 17.846600139814548 37.1631796022987 8.68826524043508 10.834586516732363 64.90044497619176 14.378238653161372 18.039949861971838 26.83416016604389 13.674932093349778 59.50911145711471 7.809675914817668
2002-04-18 15.920223641116 33.96624569606963 15.760202520700808 9.733760509634543 59.85018557446652 12.809554385217343 16.071768207346697 23.90651889430106 12.182979472621502 53.01659111481407 6.957630261602542
2002-04-19 14.183306834377767 30.2606482969309 14.040744223324493 62.28883897027643 57.799754238750396 11.412015581739094 14.318317694173832 21.30891186285789 10.853800795288565 47.23241306435836 6.270196675203678
2002-04-20 12.635889877738268 32.10247057501313 12.508881030296166 55.493046793069276 51.49372696012937 10.166950053168938 12.756170879665603 18.98408226358556 9.669637215473179 42.079296253711874 5.5861101804267745
2002-04-21 11.257298094639511 28.6112688520573 11.14414607526086 49.43868425364728 45.87569534104789 9.05772276976506 11.36445628507321 16.91289455369913 8.614667400147173 37.48839109267949 5.2022761229581755
2002-04-22 10.029112442238025 25.48974274466646 9.928305453218595 44.04486042811935 40.8705981731363 8.069513604854256 10.124579536733645 15.067676077933278 7.674796143996486 33.39835956961188 4.634701129355533
2002-04-23 8.934923418875183 22.708779136950366 8.845114601578185 39.239509696081676 36.41156352207602 7.189119326580686 9.019974930985915 13.423773303184612 6.837466046674887 29.754555728557346 4.1290492951064275
2002-04-24 7.960111820557999 20.231222223641158 7.880101260350402 34.95842888869458 32.43901526730306 6.404777192608671 8.035884103673347 11.95922242841368 6.091489736310751 26.50829555740703 3.678564724148587
2002-04-25 7.091653417188883 18.023969945454255 7.020372111662246 31.144419485138204 28.899877119375198 5.974918827741504 7.444454663600623 12.177383660100688 5.42690039764428 27.847332483494476 22.94492838804047
2002-04-26 6.317944938869133 16.057531720205194 6.254440515148081 27.746523396534638 25.74686348006468 5.330561628933592 7.1599695861773665 18.10925828785982 4.834818607736588 24.809152813173057 25.670337213732715
2002-04-27 5.6286490473197555 14.305634426028645 5.572073037630429 24.71934212682364 23.812583102237 4.748990522185016 6.487223615129887 20.114390790857875 4.307333700073586 22.414165657650123 22.869670517944723
2002-04-28 5.014556221119012 12.744871372333229 4.964152726609296 22.022430214059668 21.483547643687 4.230869568675251 5.779459203008954 18.446763062021073 3.8373980719982415 19.968751452585707 20.374560148728865
2002-04-29 4.4674617094375915 11.354389568475181 4.422557300789091 19.619754848040834 79.5589093866439 3.7692762753517517 5.148912795505064 16.434197565793134 3.418733023337443 17.790135071971644 18.151669519175787
2002-04-30 3.980055910278998 10.115611111820577 3.9400506301752007 17.47921444434729 70.87893038920446 3.3580434020276684 4.587159809331852 14.641205545030186 3.045744868155375 15.849208531163029 16.171299106740776
2002-05-01 3.5458267085944404 9.011984972727124 3.5101860558311224 15.572209742569102 63.14594822690058 2.9916765623260737 4.08669479403863 13.043831252096618 2.71345019882214 14.120039563952075 14.406989644859369
2002-05-02 3.1589724694345658 8.028765860102595 3.12722025757404 13.873261698267319 56.25664433110196 2.6652808144667954 3.640831153439813 11.620732542131773 2.417409303868294 12.579525147615778 12.835168606866354
2002-05-03 2.8143245236598764 7.15281721301432 2.7860365188152136 12.35967106341182 50.11897232145572 2.374495261092508 3.2436118075649425 10.352895725636923 2.153666850036793 11.207082828825058 11.43483525897236
2002-05-04 2.507278110559505 6.403447235838327 2.482076363304647 11.011215107029834 44.650928195696046 2.1154347843376256 2.8911096142898765 9.223381531010533 1.9186990359991207 9.984375726292853 11.42129823236267
2002-05-05 8.608308033550658 5.704822934087665 2.211278650394545 9.809877424020417 39.77945469332194 1.8846381376758756 2.575685849374061 8.217098782896564 1.7093665116687216 8.895067535985822 10.665476529735926
2002-05-06 8.16633624987093 5.08241943919631 1.9710479060878516 8.739607222173644 35.43946519460223 1.6790217010138337 2.294675221539562 7.663119368430048 1.5228724340776876 7.9246042655815145 11.949631179094387
2002-05-07 7.275378496912995 4.5279209634315345 1.756004052926867 7.786104871284551 31.572974113450286 1.4958382811630364 2.044323213417995 15.655354525802355 1.3594152752651514 7.060019781976037 10.645911099705017
2002-05-08 6.481625376885577 4.033918982161924 1.5644217598017862 6.9366308491336595 28.134506204880346 1.3326404072333975 1.8212849302986314 16.40203678428441 1.21110132615412 6.289762573807889 9.484428552163209
2002-05-09 5.7744717397332535 3.59381325029004 1.393741340438265 6.17983553170591 25.064995513439325 1.1872476305462538 1.622580409771368 14.61255354600967 1.0789686190087704 5.603541414412529 8.449665239415838
2002-05-10 5.182578195818996 3.201723617919163 1.2416823736156488 5.505607553514917 22.330372373116447 1.0577173921688126 1.4455548071449382 13.783536430448178 0.9612517595885655 4.992187863146427 7.527795930510553
2002-05-11 4.617152271317216 2.852411467043832 1.1062132349916354 4.904938712010209 19.894100122805888 0.9423190688379376 1.2878429246870304 12.279734937326948 0.8563779604275987 4.447533767992911 6.706503744913914
2002-05-12 4.113415039975264 2.5412097195981547 0.9855239530439258 4.369803611086822 17.72362829796333 0.8395108505069168 5.52227739483605 10.940000114767717 0.7629460271885858 3.9623021327907573 5.974815589547192
2002-05-13 3.6646361862931554 2.263960481715767 0.8780020264634334 3.8930524356422755 15.789957731451373 0.7479191405815182 8.57728185164688 9.746432078701725 0.6797076376325755 3.5300098909880187 5.322955549852509
2002-05-14 3.265402766562131 2.0169594910809616 0.782210879900893 3.489580243003299 14.067253102440167 0.6663202036166987 7.641489406760601 8.683083845357247 0.6055506630770598 3.1448812869039444 4.742214276081604
2002-05-15 3.0068777200077275 1.7969066251450199 0.6968706702191325 3.1088625653394923 12.532497756719657 0.5936238152731269 6.807793117166002 7.73574826733386 0.5394843095043851 2.8017707072062645 4.224832619707919
2002-05-16 2.67882350635963 1.6008618089595814 0.6208411868078244 2.76968167433544 11.16518618655822 0.5288586960844063 6.065054161447815 6.891768215224087 0.48062587979428273 2.4960939315732134 3.7638979652552758
2002-05-17 2.3865604279400037 1.4262057335219156 0.5531066174958177 2.467505853322232 9.94705006140294 0.4711595344189688 5.403348977885589 6.139867468663473 0.4281889802137992 2.2237668839964555 3.3532518724569567
2002-05-18 2.126183626016209 1.270604859799077 0.4927619765219629 2.1982978017285606 8.861814148981662 0.4197554252534584 4.813836678063183 5.470000057383858 0.3814730135942928 1.9811510663953786 2.9874077947735946
2002-05-19 1.8942142669488187 1.1319802408578832 0.4390010132317167 1.9584606936507003 7.894978865725683 0.3739595702907591 4.288640925823439 4.873216039350861 0.3398538188162876 1.7650049454940093 2.6614777749262535
2002-05-20 1.6875530623078452 1.0084797455404806 0.3911054399504465 1.7447901215016488 7.033626551220081 0.3331601018083494 3.8207447033802997 4.341541922678624 0.3027753315385298 1.5724406434519722 2.3711071380408013
2002-05-21 1.503438860003863 0.8984533125725097 0.34843533510956626 1.5544312826697455 6.266248878359826 0.29681190763656345 3.403896558583 3.86787413366693 0.26974215475219243 1.4008853536031323 2.1124163098539586
2002-05-22 1.3394117531798149 0.8004309044797904 0.3104205934039122 1.3848408371677197 5.886144297128613 0.26442934804220314 3.032527080723907 3.4458841076120437 0.2403129398971413 1.2480469657866067 1.8819489826276372
2002-05-23 1.1932802139700018 0.7131028667609577 0.27655330874790884 1.2337529266611158 5.24395840910095 0.23557976720948445 2.701674488942794 3.0699337343317366 2.906999191083334 1.1118834419982278 1.6766259362284777
2002-05-24 1.0630918130081042 0.6353024298995383 0.24638098826098145 1.09914890086428 4.67183582464929 1.6627541425837264 2.406918339031591 2.735000028691929 2.5898418529711456 0.9905755331976893 1.493703897386797
2002-05-25 0.9471071334744093 0.5659901204289415 0.21950050661585838 0.97923034682535 4.162132547542166 1.481345534210381 2.144320462911719 2.4366080196754303 2.3072867869981946 0.8825024727470047 1.330738887463126
2002-05-26 0.8437765311539224 0.5042398727702401 0.19555271997522328 0.8723950607508242 3.708038551335501 1.3197288375509444 1.9103723516901496 2.170770961339312 2.0555588409188337 0.7862203217259861 1.1855535690204002
2002-05-27 0.7517194300019315 0.44922665628625463 0.17421766755478316 0.7772156413348728 3.3034867921997586 1.1757447296669765 1.7019482792914995 1.933937066833465 1.8312947364366303 0.7004426768015661 1.0562081549269786
