2002-01-25 52.47516758572891 52.46072918648634 52.74322103477416 52.461590763423494 52.49926072388307 56.382043781243375 52.46072918648634 52.46131884378635 52.46072918648634 58.99113357352767 52.46072918648634
2002-01-26 49.15033231552614 53.657963712384834 49.767470077291485 53.238057541739295 65.4762448120183 59.58728486946752 52.28347159028709 75.57105447521153 43.67409364738015 127.3939266466215 55.76380461067144
2002-01-27 41.228020030021845 45.97948169772201 44.39013744986944 45.52932322000229 60.09234257504473 58.64569268638616 56.110772995935136 112.95602303083666 36.23128526578673 198.62089872315656 46.345243031962305
2002-01-28 38.80737143731044 51.8489161831181 44.18883891104807 41.568179319299105 56.772475672414025 55.80262280581261 72.34822428446125 102.10724263587053 31.128717089054497 411.5927750234512 40.01737521755239
2002-01-29 32.905439280903316 45.15729211744731 39.09653655127789 34.48425455732949 82.75445895796001 46.3099094815968 63.06630472308104 85.25362820381324 29.865090161186608 343.9529221070326 38.462168825177194
2002-01-30 28.649032759091707 42.387859962367756 84.55229808299427 28.607551060640596 68.6612924917701 39.23264192771844 155.56766256504795 76.31503239506698 29.43898388908692 285.4684299104695 34.89109283274377
2002-01-31 47.488453017349 69.8909234191336 82.97689495607041 23.862146745039556 58.36375882055077 57.66314573638547 131.5253003141014 63.31009347319549 33.66175640770131 236.81975410799126 43.23319814418954
2002-02-01 39.484705154242015 60.34861541352863 69.98254119974382 19.79563108404631 48.41758164654576 91.38289287015287 109.25772735740966 65.12939100113972 27.92522058504184 196.4616400957501 38.829758186124714
2002-02-02 32.75583982644684 51.839147036787864 58.73255614413187 16.560939761192248 40.16798985811445 76.84922280506757 90.65067049134224 55.28082482544537 23.166288035547787 163.5373715958912 32.21250696126116
2002-02-03 27.208544902691013 43.004874683588625 48.72352963355622 13.75467518486017 40.19857651786389 63.75280816093936 75.20225442167971 45.86003203981336 19.239267477006628 135.69093722575641 26.7229478936106
2002-02-04 22.572827918493825 35.676875470134014 44.81098842144393 11.412229890334846 33.42784852576918 53.4207738780984 62.41888122603421 38.14446171680854 15.960569070814731 112.98836077097344 22.168903059405913
2002-02-05 18.726034114724158 29.596929085394308 54.81195432581427 10.205804234082148 27.73117458457695 48.01638538805223 51.78164222321108 35.74091974652006 13.245371999485823 97.35212811795819 40.26271514887219
2002-02-06 25.220106273623283 30.75343647734632 60.198929455976035 8.466561608750048 23.093459260703728 42.209615238592306 42.957169668307 36.679193223065816 12.627994635616524 93.32217544736037 115.6696579230996
2002-02-07 29.171178563191916 25.540150470553716 71.71500796622871 7.0237155084143 19.17996900252238 46.73297390067315 51.93217740990728 34.096530153995246 12.020544207700212 77.43047027351626 118.86989447098772
2002-02-08 38.43995655194991 21.187674434665254 67.54468978289152 5.8267549240009755 16.31795786922392 181.91092411305252 43.11186726624213 31.840303911134637 54.736491967583845 64.36149136384849 102.74653699553546
2002-02-09 32.19473992711462 17.576934343709144 56.03392582045598 4.833776781491039 13.537100306841722 150.9102086403101 35.76487182253491 26.507255939476718 46.532458363555435 53.39319855295696 85.23677954287948
2002-02-10 26.86211265059459 24.74473545038884 46.689872823165345 4.010019003380271 14.580828437023873 126.18630507508522 29.669929362673592 21.989968682819608 40.19625900347216 44.295275132746305 70.71098257216354
2002-02-11 22.284351774837358 23.545699920681688 38.733124376603016 3.3266435614165992 14.483612106046293 104.72006604383867 24.61366876286086 18.24250400628004 33.69112748751491 36.880673260744466 58.66062846503372
2002-02-12 19.136154453747604 23.064659614891667 32.13234119646294 2.7597269178492594 82.10887913463004 86.87398567488749 20.419080967884316 15.43696141568843 69.24716353372088 31.283298444076834 48.663859654347
2002-02-13 17.15805850420723 19.135918448285867 26.656443738620787 2.4096264841244137 86.8755941950593 72.21745648748053 16.939322276170955 12.8062406332808 61.22286390909383 25.952092312053896 40.370710277500876
2002-02-14 14.345806109034768 15.884652379500237 22.965273859491354 1.998985147471059 73.0475746621729 60.49267184643643 14.079234517206078 10.623839416403861 57.184395219990975 21.56067624916177 33.65885244498894
2002-02-15 11.901036749627524 13.210922148514413 19.76527399975337 1.6583240789132163 64.51580598035358 50.619264016751174 11.799403702637777 8.813356485917033 123.46386781681726 19.639094702708505 28.137824444672308
2002-02-16 9.928186626252897 10.95955631847852 24.513201359659128 6.657067706600634 58.17932116564137 42.19876396699698 9.788584623372921 7.654515957293393 102.68342789875616 16.33769697053644 23.34266058145694
2002-02-17 8.236254763110878 9.091861517889006 31.157500934923384 5.522590143688702 62.072327105334566 35.57916438670946 8.120443315920772 9.439996652562208 85.1844253095725 13.55347552956094 19.365728191834677
2002-02-18 6.83265686641023 7.606426792734662 28.2096940436294 4.581446853083496 57.05484048584754 29.71312208703393 6.736581659582445 7.831260664240888 70.68194379843953 11.243732777128354 16.0654787289482
2002-02-19 6.727459188141819 7.890145668362593 23.4022823783687 3.8006903864878154 48.59659574466875 24.64950071235323 5.588553566681572 6.496680650267297 58.6365383922536 9.327609474613421 13.327647906321241
2002-02-20 11.185012383325038 38.16050678592837 26.965374385883567 3.1529881011758922 55.33080669044991 20.448813230473256 4.636168986869638 5.389535769672998 48.643874939700716 10.002998281620963 11.062341047829884
2002-02-21 11.381226716252085 54.442904168898195 22.371935164499277 2.6156653016254654 45.91042207249612 16.967464227724147 4.327317649975187 34.37053588904301 40.354131298137084 18.095124691815833 9.1939517633178
2002-02-22 11.112338271422729 47.93552892971507 18.559376902863292 3.2781316111765775 38.11812116675505 14.075919734824545 3.589869121906433 104.77863382216356 33.51824111408282 52.94982720122496 7.641553825653038
2002-02-23 9.218606827483127 50.44611368517156 15.453661782992027 2.729106322260627 32.936204682541664 11.677143603903296 2.9780943658000605 109.64606766010692 35.03324822833537 53.64865886923113 6.339303083574221
2002-02-24 9.23763516368867 41.93415445919754 12.86225999502776 2.264020187365123 27.323315214283415 9.70601756864493 2.4705764334107223 97.87989002139575 29.062986872632333 48.14789304929102 5.2589780170763945
2002-02-25 7.663385014905413 34.78786130875691 11.250886744185765 23.678088607778545 22.666957577380675 8.515970425789337 2.04954818874094 166.0560176130853 24.110159596210003 44.58974296576908 4.362758716451956
2002-02-26 6.357413866865518 29.55390153469959 9.333544284006964 81.69946035944231 18.804122478746436 7.683218505612945 1.71528106105911 154.58266581248895 20.26166922857921 36.99089236664133 3.61927042786157
2002-02-27 5.274002414860334 30.597066792821387 7.742949589865958 133.57106363325823 15.599580181354112 10.88533559502328 1.422967994162786 128.24876023093097 17.235556032960712 30.68701515348268 3.2161315806483257
2002-02-28 4.375222701313303 40.13763329527475 17.37686500918755 144.81321325133004 12.941146395400555 11.076318616509711 1.1804700456272648 106.39299018833476 14.614697845227035 25.79913935146114 12.624775743059224
2002-03-01 3.6296103377107243 49.02016204681976 14.415551659896432 120.1345786801149 10.73575494213426 9.188725534401913 0.9792978720111126 88.26181509148894 12.124104760568738 34.723398431017685 19.712720865792978
2002-03-02 3.0110630024988283 48.58767820547663 14.313024320760318 99.66160318258247 9.33753980582725 13.85515981457113 0.8124088583850041 73.24836070559259 10.057951098404327 31.144954739564433 23.510962890174973
2002-03-03 2.4979266536739178 47.58424806149742 14.590498835927281 82.9091345606645 7.864384856009795 26.508380355508102 0.6739605711868 67.87156849312657 8.357910927211936 25.8373247277876 19.504294931106376
2002-03-04 2.098399300138891 40.05632844946857 12.136253981719701 68.78000788430803 7.479313829692674 29.888314394948914 0.5815056491225205 71.33674142854868 6.933580750978099 21.434205144023483 16.180431339056717
2002-03-05 1.7407963690958164 33.2300487897995 10.82313565673896 57.20009181342324 7.205611046678865 40.45227814787656 1.3048746208491357 61.95990865326725 14.787172100390963 26.726777683714204 13.42301063651327
2002-03-06 1.6540332619980325 27.567083287862168 20.051835028191416 47.46058470695248 5.977652368802521 33.5635158387587 30.75595870611997 52.21077149547962 20.193851609037342 25.080480639202808 11.135501320847695
2002-03-07 1.3721578617853094 22.87397426789021 23.86364015380047 39.46285149984561 4.958958735181962 27.84600374622281 54.20169640364324 43.31316801380136 16.75247583084985 20.908039529727567 9.237822499320703
2002-03-08 1.1383188240030628 19.099248719583173 29.556845460186917 42.29728467769495 4.113867823023791 23.100571093410167 44.964805455274835 36.46498129343433 13.957163591788499 17.34599496225826 7.663540425359278
2002-03-09 1.0629289727928994 15.844411891142963 49.75289380233846 60.07143878602095 3.412794775895718 20.732552756332343 39.0558727096105 30.617105443173763 11.635382425769519 15.119982590108357 6.35754279273457
2002-03-10 0.9061905937207398 13.14425461765886 57.98421227081096 54.153274569775924 2.8311965000909844 17.289439922545803 32.400087724110215 35.215200269892385 15.078821178892877 19.064676992058548 5.309705941367482
2002-03-11 0.7517603037490165 10.904250068784721 51.44116006316972 46.422100192638624 2.348712462507882 14.343025294974364 26.87856170403096 36.41825524149956 32.291773428275434 23.037857753724452 6.425544480221344
