2002-03-08 50.35230236230095 63.82673379923481 43.8780368714826 48.43655046365784 44.914366998238386 70.61335734433284 70.12459112265374 51.64364263706824 78.67364257356496 70.59725369663414 45.3626259642199
2002-03-09 42.00132736805289 53.00223325236033 36.40047388922442 40.182687575400145 38.24026604407193 58.613751029805954 58.36602487826939 42.8429183226365 65.33554390111638 58.82158224041181 37.632062956695684
2002-03-10 36.72297627062713 44.810092284516664 33.51211160382493 33.33487417151349 31.723474306500464 48.625779577367176 49.05942449850636 35.541756353296634 54.201255970852486 49.15060888169601 33.052585817456375
2002-03-11 30.46475651703959 54.65767119753739 27.80107780095666 27.65404464162661 26.317254720857733 40.67830441871185 71.52710481545184 29.48483656421888 44.96444007972353 40.77450915771091 27.419863024358733
2002-03-12 26.121355719072373 68.66834832748614 23.06330129333422 22.941325085144815 21.832346903460024 33.801490812748696 62.1758127225856 24.460118925385473 37.30173471940057 33.825839290292386 22.747051998501277
2002-03-13 21.6698324234968 57.17298891377032 21.827441690201457 19.262697017005433 18.11174365900935 28.084178417276735 51.579996726943385 20.293052559098957 32.61689790550753 28.06134095366107 19.011908026011472
2002-03-14 17.976924410534288 50.37846848445734 20.27148862675761 15.980005818700137 15.382187992978883 23.298156749560153 42.7898879942598 16.834861085924675 27.058423742936508 23.279211178172076 15.771955537277398
2002-03-15 14.913350733236598 41.79474069262227 16.816882180274096 13.25674103373269 12.874606788057312 19.3705808168195 35.49776329483334 37.31564771534598 22.44720811811755 19.312037652542674 13.084146058855493
2002-03-16 12.371862116870526 47.640596755496446 25.446048986071634 10.997566886352509 10.680554815611563 16.089964351730806 36.14537855779496 30.9564266672174 33.31568368669194 16.02093797073919 16.658827850728546
2002-03-17 22.837055049810974 58.125437120307126 33.994142986977195 11.550837806434448 8.860406616464925 13.435241982154048 35.44341256911737 28.764966285471296 35.18514502870708 13.4485089021911 17.307665827940422
2002-03-18 30.113777611581476 89.18818019857656 33.5435879271347 9.829099850055272 7.350442628162604 14.089773895783134 29.709748964284884 24.40110928518855 29.608447649881228 54.92822122517363 25.065403527831602
2002-03-19 26.08385850512688 81.98041000563215 45.808248646887975 8.154054058879755 7.782147413120307 17.7170523197447 31.050989214778546 21.001136601273412 37.05517146887916 56.0064211863801 22.635987385542908
2002-03-20 21.67229682299205 69.46164257961475 44.13377274462845 8.448329977376087 8.391874201917952 14.697765266711778 43.21435108008349 37.7186220205774 30.740340003418474 56.78803249738685 104.33335650208204
2002-03-21 17.978968834440003 57.65721881011412 56.710293797006194 25.41163497368299 6.9617561060156286 14.940286756531972 35.84989065141761 32.3205378842042 25.66183296349972 47.8429836352797 86.55317801633585
2002-03-22 14.915046752536329 60.053608269534436 47.211611587305626 22.209076576807227 8.533597614273278 24.029079831996718 30.167559361726642 44.43466029527146 26.51344355930459 42.15947087054103 71.80308204487584
2002-03-23 12.668898465269537 49.81945200787882 39.31226802173489 19.900617723422524 7.204499015362606 19.934115933730116 25.026494146212272 36.862238420896546 22.852771639013348 34.9747799713484 59.6704089520503
2002-03-24 10.509902689784884 41.32937003927673 32.69260488328119 16.5092139867676 6.189352857536138 16.537003532289642 20.761553884435873 30.580286028283968 18.958270663887454 29.030677349542238 49.50155637168042
2002-03-25 8.7982980683443 34.28614244037338 34.868666117270244 13.695763129005748 5.134677321293223 13.718816863316633 17.22343198284442 25.368885168990364 16.051089847481432 24.0833561653863 41.06564922636539
2002-03-26 7.298918433005189 28.44320061797283 30.017790046986317 11.361772149551227 4.259640973379721 11.380897135429654 14.299823205329778 23.521337605990393 13.31571113498764 20.057249392001545 34.18252702232332
2002-03-27 6.3269993324866975 23.59599546088361 25.56054361279748 9.444097248401711 3.53372570207134 9.441398693321496 17.87433045220899 19.85506297725922 11.046487479369468 23.22733535473681 28.367783057823015
2002-03-28 6.9434698945180955 26.672467456540232 21.284234975491298 7.933714181796678 2.9315187396117532 7.832423773408491 19.044533593857686 16.686356231712054 11.05922027999942 22.22185876812649 24.582831872906983
2002-03-29 11.510603565201185 22.71935850706382 17.761189198653124 6.594709984621121 2.431938086099445 6.501109257710249 15.799021153455302 14.067720898004175 17.392483821565794 18.434876076983812 20.393499208462995
2002-03-30 10.843635913078405 19.16536375707701 14.734380470758673 5.6190308280204375 2.0174944729860607 5.393209667084472 15.318892875726542 44.62416636796886 31.376482780253827 15.307776804341527 16.918100083658363
2002-03-31 9.958731929549879 21.597789978115433 19.88768076206817 4.661452404508629 1.6736791005474108 4.474115010240519 35.43465013635039 43.906799987925396 84.11448806082946 12.699071276923846 14.034968080510104
2002-04-01 9.363080373218725 61.74895918763215 22.097328324906513 7.088724911580539 1.3884557153029893 4.436542066767351 29.630702097568363 37.61618330660786 87.58699359975371 13.527168535204718 26.182480443242273
2002-04-02 7.975236436289251 64.84249752112949 144.70253992911358 5.88068561916503 1.1518392460821276 12.37293248417017 24.58112649092027 31.205745882114613 75.4192283616288 11.221908942048865 22.227705895238515
2002-04-03 6.87704111238872 68.28096124996819 120.04276597437446 4.878516768926983 0.955546247671181 107.5409018196483 20.392084452572433 25.88775602569067 62.56677489984885 9.357769633849106 18.43972675418587
2002-04-04 6.729907971114384 66.25615197396233 99.58543692348259 4.065265412001727 0.8693934014274177 90.51880862972773 17.992668728717003 21.47604209101114 51.904332299580595 8.324863294407882 16.817800712036647
2002-04-05 6.220968443113357 183.62613334611444 82.61438468818686 3.3724750423586993 0.7212339788821536 76.49136737545318 54.13556632804713 17.816159246756616 49.09471088351239 6.9061649968896095 13.96447826232284
2002-04-06 5.160809612026554 182.7326105731935 68.53548840330848 2.797747934920913 0.5983234418852563 64.48409733049513 46.37884121963438 14.779982687715602 46.599694331744686 5.7292370189794894 11.58469365375097
2002-04-07 4.312983569335473 189.68625414637398 56.8558755041081 2.8174190844834035 0.49635895089751103 64.45067858316179 38.47509784844647 12.261222254675614 73.21309937682862 4.75287758610312 9.610464818678988
2002-04-08 3.581706053146108 162.42842763798387 48.830362916522255 2.3372829528511305 0.41209367937447305 54.34855182535875 31.918286777308378 11.804072103004067 72.95404697039329 3.942906406847605 10.444064241645608
2002-04-09 2.9713224227967303 134.74786092962748 75.01142783477628 1.938970184370277 0.3733192796392332 46.51018115630995 26.478867833201434 11.17347292613643 70.89005817745203 4.95376460134356 51.979235400027996
2002-04-10 2.6981909688032544 111.78453358902216 62.22820471143729 1.6085366862797963 0.30969932484672236 61.85365284202134 21.966608513754874 9.269323097234192 59.00423834074806 4.126865581402044 45.795377019953506
2002-04-11 2.2383733359558273 92.78374611342572 51.62346022979305 1.5741498378186574 0.2569212924210194 65.77234950922377 18.223124807341406 7.689672785615395 48.94891256300373 4.757152545206665 39.273606949325334
2002-04-12 1.8569164484828318 76.97181767767205 43.01330980075041 1.3058879317710996 0.2131375343876572 56.23462096666402 15.117594394965689 6.779593754060354 40.60718532224376 3.946452840209847 44.74093509606505
2002-04-13 1.5404663025858194 73.72159468739116 36.06435907903163 1.083342417205258 0.17681527341245318 47.720296674761435 12.544558404780409 17.925711523334293 33.68703028228973 3.2816539134828853 39.542813536774204
2002-04-14 1.2779446438431115 145.1987862024309 29.918378896880046 1.249348334172567 0.14668294348897618 40.10611968441745 10.40675229042139 98.4344575815361 27.94618736153293 2.9569240070241487 32.80404555226744
2002-04-15 1.060161140809263 158.3590028368229 25.39686739373695 5.361411086694976 0.8375340336471001 36.96308526745308 8.633264698494514 260.94806426211835 23.18368171671395 2.453013863842855 27.21367824761593
2002-04-16 0.8794916508294676 131.50734775261958 110.81358243945849 4.447735448790325 0.6948039892465333 33.899058293615205 7.194054460137551 281.5840170289247 19.23278803611441 2.1551766663201453 22.57600461457661
2002-04-17 0.7296113148313506 109.09625897314457 91.92906323605997 3.7023740881463474 0.5763975720137391 28.543190083287175 9.54827650005701 233.59731124889797 24.38793926054302 1.8280003665754814 18.72866944776347
2002-04-18 0.6052731373038608 90.5044008972371 76.40745523293552 3.071426572269112 0.47816962217467096 24.144409159774348 10.457450277864549 216.38266233885471 20.25216226310291 3.2641729077901527 15.53698563018173
2002-04-19 0.6313001604487172 75.0809116542132 63.72322711028227 2.5480032444707965 0.3966813856830889 20.029791182492808 9.059848192698592 194.59896861104 16.80084935769487 2.765217903846037 12.889495592366336
2002-04-20 0.6077898458260048 62.285847306237166 55.58356449018549 2.1138063969085166 0.3290801306697509 16.61637409138492 7.515895967634086 207.07432991634423 13.937698872491284 2.467330047073157 10.692906314431646
2002-04-21 0.5042121185986315 51.67127954603366 46.11117971658016 1.772338153795813 0.2729992792961827 13.784661329179633 6.236398864781157 171.78534210681593 11.562477927419556 2.0468550418507228 8.870653209806763
2002-04-22 0.41925896184513417 42.865614668406494 38.25305041799178 1.4703015878501866 0.2264755588391602 11.435520584403632 6.704057847991533 142.5101980273346 9.592035029966931 19.18099623981277 7.3589430277206604
