2004-01-04 2.356794879183641 1.4877782679089506 2.102467336702981 0.5556227014983002 10.276866546025113 2.6185430057943893 0.8633358845628707 4.189297442654852 0.7876445876108804 1.0096921441546731 3.077392442082443
2004-01-05 0.4765681108214661 0.0950118295023576 0.011632648709492613 0.020139929430985852 0.0823688616367847 0.5582812445340122 0.16433287862825943 0.7549372627536799 2.171491021826143 0.8831334614299502 0.0069992141279937884
2004-01-06 0.1532379329097071 0.024985633300406988 0.41906813769373025 0.0 0.11990369338787886 0.20791192876351391 0.23786155679180526 0.8027429140177855 0.5239992130085529 0.457830409982657 0.03089867531156089
2004-01-07 0.31264594300255905 0.26479302568120344 0.05271294013055476 0.0 0.05428288129234406 0.14699745483831975 0.7078292228350165 0.029974794693409194 0.1409173173889958 0.046147516433505995 0.19721025555462793
2004-01-08 0.07291910199192408 0.016617426662913586 0.0 0.14042230718954377 0.4579286425586305 0.028838644787335187 0.09475417577481568 0.1308453039388961 0.27436564929652935 0.019907086827560247 0.01446370649430766
2004-01-09 0.347832806848693 1.721661907876474 0.18589888519937314 2.4067453382790096 2.0252419979940477 0.4605124457496069 0.0 7.408583242311089 3.292549455537632 0.6701184145903218 0.17807365848768064
2004-01-10 0.4029768565359947 0.9384423010020756 3.8597426532872343 5.219936439253444 9.819142779463757 0.23734131256137642 0.11630598561741881 9.933286381990582 3.37978415955467 1.1645828090951822 1.5546579830494056
2004-01-11 3.2082227935451018 1.5434959732397924 3.6634661290370305 6.74270654257682 0.8795614753743816 0.1786689404639335 0.04082242754728488 6.013040579287201 0.19989942728124876 3.444911769465503 1.65219952055656
2004-01-12 1.9240409457654952 1.9101593117262161 1.1889252887735449 3.1240438788696703 2.8261644982314094 2.73161657167564 5.536112292073937 1.7754032018491872 3.7825715059125606 1.308290253791763 3.465870825917473
2004-01-13 8.941149705070032 4.422024427826051 7.532637019911865 17.152457572996337 6.840768452303219 23.51164216408059 18.234856390763326 15.554764241679795 23.20351760613509 2.423769589883539 4.541891975414796
2004-01-14 7.568656281112748 15.191137542064114 22.22658399480906 36.46705448281941 7.856551768502342 18.618641042669182 33.307052629314576 14.529143609509015 17.351904201741583 5.880735276049641 15.738461292019053
2004-01-15 11.503714441525501 4.722102222433165 10.013067313993854 6.286090789436015 3.7225349655479594 10.777518457074772 8.876497696317358 7.180465298265281 7.025967379219465 16.66499676686887 10.08786706639372
2004-01-16 4.168427097716079 3.3562803894955135 6.353961123658682 3.7334475783412167 1.630353163723334 24.789323309844395 3.6900994041489463 8.313450713667306 15.928339800497497 15.188911110390585 15.081199940656655
2004-01-17 18.149297598737558 6.790322081705398 11.076370517239965 1.614865543218551 2.599647999956916 39.1308202037758 7.322911876054862 13.009763915276766 16.446953253356202 1.8225802056578846 9.027150307289816
2004-01-18 15.939256956051725 13.030635218360226 13.921030030562129 8.654049073017681 20.84475489327246 29.175035992668445 2.045915943618536 7.786489229821553 2.130686622549745 0.7147372061242775 25.396227279595706
2004-01-19 10.362488934463295 11.093847578771115 11.639369054831683 7.528850346473443 3.7644085475897704 4.56543828982621 0.0 2.3738142533973043 0.0 9.120801091856542 0.0
2004-01-20 13.597458006397886 24.994999663415605 53.70245335038292 9.347474269910697 12.64282963060635 27.278014785515463 1.087264972585129 2.839322507091101 2.5541444364904766 9.319839122586682 6.385891408690517
2004-01-21 12.809814936685775 12.030339579013539 2.760969709708218 10.302605201947003 10.536812515308675 7.935154487805845 1.5603651162158036 7.689785265100354 1.3353956892067345 0.810674630244849 7.526118856687214
2004-01-22 12.669745789749376 6.67283326959426 16.955313569045977 5.646462401051891 16.008524178181034 10.602303790554855 4.630937966209036 7.787648781114252 0.5674589909097176 5.5535006960119 9.974877379705656
2004-01-23 9.061241921664072 8.856580590412422 25.311154528870546 6.31210328457307 14.18710363664116 18.5281352757822 1.480267341994404 6.547078449530506 13.629088891727278 11.237857589710924 29.66782415453269
2004-01-24 6.437075113119512 15.2822986737369 24.404480846194936 2.3457008959737373 4.100498703387898 19.954388996519437 2.257836756390959 4.787985270691399 7.643926831173272 0.424212464776784 16.91330100927568
2004-01-25 3.3721685726663106 7.547141661003675 7.468279027915784 2.395726160508783 1.5322390715009244 0.8825778318827897 4.65974715113582 0.04600844234950615 1.027052329470922 1.1551038815823593 7.861744145121594
2004-01-26 8.340309055158492 1.8834569389533284 3.5131709958679798 0.49501623709031156 5.031510533777242 6.217096061094688 12.680195902220648 0.06909793122926355 13.29095282087303 3.743771251120482 11.823591101964208
2004-01-27 4.3660253409205065 4.126172542033172 10.625571779238758 3.2855398897128576 7.2593423903275385 1.8439929781821607 14.811640209130573 0.01446370649430766 10.16582507233054 2.044150242011767 16.183886404537027
2004-01-28 4.1846229797675045 3.143309725050303 15.853625792152634 0.7226212865020767 4.955695389893186 0.05280670864998052 6.874842020549818 0.05686066796442814 15.684115306411655 9.062548747538099 14.784640014258894
2004-01-29 7.146425102243232 4.191041891401434 13.428939321997355 2.8633384417151544 2.1213301615449365 1.1057555254551876 1.762444374939303 0.1037381348293716 15.524099063753262 1.9979097257401284 6.951871418823697
2004-01-30 6.1915489044038665 4.282979682729952 10.122285624722446 0.9579337131484279 5.132434284739851 0.9114670914667049 3.8790552394823674 3.0624752000643274 1.0936187173634937 1.0360920191413276 12.471417630149976
2004-01-31 11.801628856239278 5.165190422998883 21.493700005570556 0.13594866153585916 6.324999721463474 2.62448073555737 0.5126567371545248 6.033988051190956 6.123332693757559 1.3530351323602063 9.234283979264863
2004-02-01 13.529983343209217 11.690459164515003 15.0798604100847 1.1653304505660085 0.8491191644977371 4.702748806400795 10.180213126618352 3.588768695935145 17.67934886409092 0.8699505179013791 7.201935422683931
2004-02-02 4.441618872438113 22.32377773054802 6.568217437450704 13.255315833683019 1.8084557231906426 10.472122556149172 14.793927660082153 8.209187285268333 0.5126904578670977 2.536649962278968 14.441279469297259
2004-02-03 3.711223972836887 15.68096467245357 7.0175353078916025 6.009599497449813 2.4977258518157104 8.022884375388417 17.762155128213337 0.5751759277605534 0.023710409310333143 1.7430909492057238 1.3846764823313609
2004-02-04 4.2620116521989635 9.542826910086308 2.0546972613725125 12.728706243022028 5.738520578009272 14.66386541571081 15.023400661873772 0.6016907417057431 0.8993847812854715 0.6501930239948098 0.9857597919876222
2004-02-05 3.972450782715695 16.470525147885027 3.134372328099893 30.557895574437133 1.255811412591275 17.020810249901217 7.540425454323926 8.499929728849251 4.043926805717977 1.7266510275200868 1.7680390275284619
2004-02-06 1.5280102629300298 21.88267237382285 2.051233879384256 24.34772177293611 5.083073603963552 1.9789591345407094 3.827920361674903 15.477931376180406 2.1930103529141145 5.0903034151786954 0.4218555926474546
2004-02-07 1.1499556416414765 5.749285346841683 0.6338921613493171 16.55619199245926 10.02913773707563 4.205060271051636 2.9905564830763014 13.381818235209941 0.06933036782743482 26.836038588962737 0.051344353764816004
2004-02-08 1.1298308210387924 7.159416163115984 0.2386845910817656 16.158178202027486 16.257878480568536 9.621064962045795 6.528451017787592 3.583660222439147 0.8645557865428269 5.878851616614232 0.18322733085637463
2004-02-09 0.976588395368301 5.3804251547781 0.2010680656390758 17.599384208980574 3.009533900915268 6.813348289961476 14.843767543126177 3.1639960970273475 0.0 0.4252113118290628 0.04331645864869094
2004-02-10 1.3585949456715598 1.1408278862517203 1.0479964057445206 34.95424762026485 7.282718999218797 4.888506350054729 5.765552343293631 0.023162421850656995 1.1248831863196436 1.8013386082306488 0.5542654637993939
2004-02-11 1.3110827356163577 1.816588621126968 5.212536478410126 33.00125961723106 16.64566329936774 13.168489390447615 1.5824079734859464 0.35584926081301316 12.694322372590358 0.039805066606218034 1.6247978386214719
2004-02-12 2.5221320622540246 1.0889435646928864 2.582699262886953 72.55187540239078 4.996933080520677 11.77226629564915 5.107223247777865 1.0834442063614742 21.651301232812596 0.03016163597865078 6.479830741069922
2004-02-13 0.8755310914486776 1.2835636625789566 1.5899511470217882 28.049967990356464 3.7927164449404516 6.67517137371136 7.477326992428216 7.193630755352119 1.843665045677966 0.11605300237878374 10.289771391967328
2004-02-14 0.9706264516993874 1.3992921957194127 0.4475815404745384 9.051880252846264 1.267502686774817 13.698593307212233 1.8443532867944774 9.044857644121832 10.379363920899085 0.8118204862538048 0.6906178171695269
2004-02-15 1.1213983085684163 1.008575074444916 1.2156942010762637 1.8443569476239328 2.2019784416788646 11.031462279505924 1.1537097944226948 12.106155774265806 15.539066054573254 0.7689560508030295 0.5363946172701767
2004-02-16 2.202571225246601 0.2566393132647262 2.462054606533391 3.0082075721255563 4.29953784399158 9.447274798996972 1.0784242870705127 5.2994208566171705 6.200659334711742 0.17632618823440274 0.023972367602410758
2004-02-17 1.0903930243166517 0.5969694564766111 2.955606960392204 1.6898003878124523 1.1158627657287457 9.884528451155916 0.2420357622530214 5.362851904447983 3.192350647560365 0.2897128468574557 0.12345366774487683
2004-02-18 3.2479366466555035 1.327646066118759 12.288221344508727 3.7840709195243716 1.241391739291368 24.44213057564709 0.5303940109844472 10.332949494692066 2.925309590430543 0.21457542330772936 0.0788097047696853
