2004-03-29 0.13482184469919736 0.13025341193508458 0.9434585315292977 0.14690754473933548 0.21687954935791343 0.024658495494931633 0.0 0.04192946174014186 0.05357215232707643 0.0 0.07768983466508733
2004-03-30 0.08840595333197823 0.29833169197682524 0.45697871108857496 1.1317868934987085 0.002793990642279051 0.4980818427433619 0.5631743660856119 0.0 0.7918674743468 0.7997023990812308 0.9812274931155047
2004-03-31 3.4694259743978995 2.786081554725359 1.0512557209440336 0.9133491011480565 3.874996416506463 7.473491555899326 0.7311698620212774 1.310507144717429 4.161777453475608 2.09589068684193 1.0788268907466265
2004-04-01 1.9704164242787878 6.223290909982965 4.822699477289192 1.5261843102597654 21.47529315493451 8.173790846188814 1.1927970040309492 2.734778907106098 5.507238361386809 0.6551255272677015 9.602935195292053
2004-04-02 0.6596609702372185 0.8753778858436254 1.040132917569704 0.5133152222335061 0.2867815824847382 0.8463378063429394 0.7076956422613156 0.1734370734617709 19.326787736211376 0.3423078341591771 1.595731043169568
2004-04-03 0.7355053870303621 0.2986852928939302 1.5000858241351303 0.3067277877468835 1.4895506105368554 0.04575258819929951 2.6262261082212963 1.3984198739305373 0.8849690657966914 1.12183935478612 4.187869404089383
2004-04-04 0.40985949659758725 0.47087454436135534 4.465402653322994 0.7943058273105127 0.7639743086068005 0.26575230511830006 4.687981858245006 1.1792099599793995 0.44099517822646317 0.2805517502772011 1.699515924893032
2004-04-05 0.6386089419998087 0.8851897665458432 0.9243429960981161 3.7623331453985243 3.0586964279848994 0.5279411148109237 0.13771695989548705 1.5036544910355352 3.023676950592333 0.5795294625319012 3.123642969519114
2004-04-06 0.6895718681939074 0.17257461494524184 3.107333659083934 5.062001986398567 1.7913475875612126 0.45245335531961584 2.325529927501379 6.826116472067991 13.909583177534127 2.6237431221440164 6.774990451258587
2004-04-07 3.04989154718312 0.41129822456892523 9.045804132504651 5.400474203016582 1.3131064404006452 2.5293998694659994 11.650091088378966 33.96566514385835 6.797914297368737 0.3717755361368368 8.350705243501933
2004-04-08 1.6816999815924163 1.654625654075795 0.03671970076599106 11.72214541530073 1.4305532205163378 3.3364405399524886 7.87059237736277 0.3778478868402009 21.743939895283425 0.05134976359539606 6.72770890521476
2004-04-09 6.2709435894105505 0.41087011309317284 1.1395948661868749 6.055297168611433 0.8936756643624892 1.7125049686614766 5.332595892138606 0.1822650056075178 4.867115742004417 0.5858360387679138 7.2969530922849675
2004-04-10 3.4639337021897516 7.056895382180716 0.37133179983199166 7.787721991561485 0.7089270649664035 4.082544627706728 1.2417853633545264 0.710998394924789 2.758237448113137 2.523193971609823 5.932202308188124
2004-04-11 0.6955411529230409 8.126330697903315 0.2518923719500104 14.292169141365882 2.9998247322744707 6.783414711818062 7.500974460442238 1.8226388654189547 0.41773955018328324 2.5658766873461394 0.6227461425338862
2004-04-12 0.607497291597831 9.501446978751112 5.098990910715058 12.127390000260455 2.5977691634569835 2.3611030544285 1.5434505133159555 0.6899263999161834 0.13219160568388874 1.4620285918346068 3.0799458731975053
2004-04-13 0.13717296232924026 1.8314658806481061 0.0 1.9474397929293907 0.0 3.2334149690152185 1.555863810078623 0.03263712626114157 1.9026076695778487 3.0225090085054083 1.5444975100789824
2004-04-14 1.0643662452820957 1.8460505887937346 7.375844526552186 1.2355780386348052 1.075737265757597 1.615709894016287 2.3459389351878523 0.3697804891553586 0.8731554570394786 1.2290579921758829 5.8318331804321595
2004-04-15 1.7820541019857958 2.5103776127920563 6.409628490224274 3.0620409724539632 1.618959190580454 5.006102087684392 0.6188791672438548 1.6069747316672474 2.544162005807136 0.04627283824748355 8.380124343357974
2004-04-16 0.2743159314541064 2.7412683436483762 0.00757624953471015 1.3083163585665565 25.854436603059995 1.2054736751941948 5.174326597715991 3.9000170696317324 1.5435174210862317 0.5436789572323983 2.6369463614276905
2004-04-17 3.3209896464619066 0.8053695927345239 0.9037800376354392 13.91422131374565 12.800109159136312 0.9758040100495498 0.8013590543873552 2.198960531284945 5.73823743065601 4.588526435675254 0.6991871506115028
2004-04-18 11.103640129735126 2.8315766176453963 1.8245048874482395 5.977049930477917 19.896449058175918 0.7819092987624516 1.3515250045868834 0.5378389710162353 1.309084607503192 3.1365052334111994 0.6865704331661313
2004-04-19 8.665344125167223 2.0353977077390324 9.45046052073629 2.470647934613396 21.96325905507516 0.32788226290989053 1.1093431274981178 2.3052884631561894 2.092082405820997 0.2998735188052996 0.3121396811175272
2004-04-20 1.2364993116226248 1.0888166850367902 0.0603579582547647 0.44254648771935445 8.764720900801391 0.07459210853062359 2.623699629993062 0.38248567594472344 2.3615575555172175 3.43218094761796 1.9996335363556088
2004-04-21 0.10893796486350883 4.28881287707198 0.627495164539547 0.46607018262862804 1.6808551608752906 0.342701371179273 0.7708521187326536 0.0042508357025509294 2.132081658350221 4.104261670524971 3.551971019414115
2004-04-22 0.034534319927875555 0.2720637159098617 0.299167037520015 0.5266774258082922 0.48892446516685234 2.2846933940343463 0.6497322479099938 0.010568557801266391 0.1271351659623859 4.959196952856841 0.3772399075655024
2004-04-23 0.6339383911721967 0.4532725404389423 0.44283453336535983 3.832435335188073 0.007717828763717733 0.10167965302291448 1.1589824369502508 4.991556155454019 1.6891127346031194 4.158561838104845 1.5476371151110913
2004-04-24 0.5099445884078584 1.741269453048017 0.8976754139183134 0.3948687399503533 0.3213073801929046 0.02356170751206309 0.38942268693311155 10.797249111627245 0.5866665746458125 0.1393809715656189 0.12380036274130791
2004-04-25 0.1653207307961853 0.0 0.12591003497026582 0.0574874176357751 0.9465718719268404 0.5562223258147311 1.0875737796465017 1.8633510681532415 0.5092251954992673 0.33157189897265266 0.0541482878587812
2004-04-26 0.3539290331448546 0.07354003665839692 0.7502331152236857 1.4425805932778706 1.3178795241144738 0.012500087656148831 0.10958248501110507 1.9447444097423352 5.066831754894958 1.3229614685430227 0.43424970714853994
2004-04-27 1.5164283963130085 0.12032912287881549 0.0364696683271874 1.3058699342705735 3.5134806370802814 0.04038967321436766 0.0 0.5127049270416539 0.040706866374965324 0.7088934591312426 0.11579154601745646
2004-04-28 1.6176766742689477 0.25192825140708697 0.3839584365531375 0.5850795904137913 0.35633687030332245 0.7362280869352835 0.0042508357025509294 0.15806595332492862 2.428748178847409 0.15211984105384352 0.3236902051360099
2004-04-29 1.3987017342110795 0.2356696417222084 0.09688367870525333 0.5093999585743479 2.262040162307046 0.5643748981140819 0.0 2.159943281853585 8.455325582517743 0.08825839208075131 1.3809118487501892
2004-04-30 0.4776757096567745 0.31436872994542514 0.0723791129727259 3.0607497743974657 10.82341272353857 1.0746843023716495 0.03928389742151914 2.432915565056388 2.9668571635292715 0.15030298588916682 0.7034018433223541
2004-05-01 0.43021993449203194 0.12640510016447665 0.17777531008051434 0.06172433026716261 1.7361445893744818 0.6008398988616068 0.5930494960440774 0.07710937259351329 1.1691968802160688 0.05380154419211167 0.6787863192046366
2004-05-02 0.46002444600154546 0.10220159607282327 0.1752111127801126 0.26355363867288834 1.5417775396398652 0.48806221152942064 0.12279611579326011 0.2412065138588662 0.651995558785079 0.2092830029890137 0.07183830027164981
2004-05-03 0.2662237199274221 0.019973025612006978 0.1046672225089767 0.056534832970894566 2.9998585585324946 2.216021609560367 0.0071373671496207484 0.34453206265031744 0.0 0.0085848227598353 2.4827422314951226
2004-05-04 0.13482184469919736 0.01539560691319863 0.3431227047607942 0.3198911947361711 0.19766891915705498 2.8060747886320785 0.04531351133580634 1.0645700891096184 0.32959778851217336 0.21073984641181154 3.285853343800961
2004-05-05 0.6860751875718711 0.12497809281832724 0.7165616759258644 0.7163072825761819 0.2453581132754598 1.9273599882045898 0.019290633743061898 0.37967300438983087 0.9664164807408668 0.0 5.973012243314743
2004-05-06 1.0386796792277433 0.3337451166092367 0.26065326257915944 0.9902106857195411 0.2874591941908813 2.8551885963121033 0.012928199267176997 0.0940354954739588 0.17475385456616285 0.25302018737423854 1.43986464540101
2004-05-07 0.0587836297949924 1.3555378628911325 0.09972026648960478 0.1174352562080715 0.08860492757246774 0.4451375810993938 0.10289106631028329 0.26601935077790334 0.1883295185423204 0.1839242795574277 8.942463026064932
2004-05-08 0.27609495705409415 0.5738623974988655 0.0 0.0 0.029231264348946955 0.42590652501657345 0.3451827050312728 0.3477235637310428 0.10658037368087014 2.5463808654242355 0.15424515646020115
2004-05-09 0.27461746039271895 1.8332839796450506 3.1644597715668374 0.004923838121438682 0.052022766462013786 0.178688166528442 0.0 0.8597265182779961 1.7646058140921939 1.1506925085032838 1.7133137561176874
2004-05-10 0.8894884145242672 0.5854572774190445 1.0746965119813958 0.027065200516446807 0.3073082491775647 0.021411699808784896 0.0 0.5618729993210432 7.952463891908634 0.34176496989242566 1.3257891560395514
2004-05-11 2.2524814324640183 1.0427601557432116 0.09268256576619634 0.0 0.4434621494490002 0.01283565846238623 0.09617029039396674 0.7957548572914712 0.007911820340947546 0.09923008282869396 0.24036018921790664
2004-05-12 1.0542828840249543 0.3130176638046284 0.5491296817134845 0.013518050331331308 0.07565677587908498 0.022629763072325823 1.2991477070120836 0.5955889864658844 0.1475961904443862 0.028913657244529937 1.0410934927165167
2004-05-13 1.062725395183531 0.2661376348357276 2.0592739512302454 0.4278125838020634 0.00757624953471015 0.0 0.09299330116667004 0.9861053522139389 0.006454975280675668 0.02244043325802861 5.813339466645945
