2004-01-25 34.04889317259868 34.13616743564263 18.38815637107772 10.402951251108053 39.47071684552652 47.18175507386158 8.601757418086882 36.87725258299684 19.48496417488314 53.96874581226565 13.07776204731454
2004-01-26 20.624661711398467 13.193155461055238 17.144914424141625 16.81294690025592 6.8005194834623275 11.857601521659644 22.761413915459933 24.26064760934006 13.489324639361378 11.520274758044435 9.208858798875898
2004-01-27 16.12699368584204 6.413440151672791 9.270447833169737 11.398275494417419 13.155170447932875 29.38205784617408 7.769571265440614 13.996881797111131 5.99618009450084 23.677107277884637 20.126226154644407
2004-01-28 17.729800727644758 7.929029162640645 8.347372038100623 10.178091488214644 10.286643707719376 5.909027864416159 9.1403020612101 16.00463457284231 22.392043430979044 21.292579841457066 9.734609775164703
2004-01-29 19.303825143348774 37.021796478618555 27.158551723982146 22.355784232067247 7.741093939766088 20.385957116549363 18.987887517780543 29.6850770113483 34.384145924109745 12.949283873451147 7.2546016767902595
2004-01-30 8.71303439906758 7.44546954154338 27.666762102335596 6.809306989614373 16.399607115670236 20.216224840060775 10.697444423601755 41.223538269333865 42.58156766647646 8.608065848777803 9.814330536849988
2004-01-31 10.058152403816349 19.973953948314957 6.326706559213283 6.571501342205333 20.901895005087514 3.281597260085168 11.785263702170496 4.630575570863904 12.809074553664589 8.46925873788968 29.047111768227275
2004-02-01 19.736761219828608 12.695113720402794 0.7480095272670758 8.53767301728623 21.469586243049964 9.526424411543369 10.278245283311183 2.1716888056334502 7.068392978453118 2.3971766300309536 25.212336517749115
2004-02-02 6.54992058863086 4.781806682925437 8.141876196984057 23.79472575118985 13.540640918649839 6.546764192593604 3.7766133304470695 15.14794750717239 12.258703953478857 6.70673134445863 7.9164686248107765
2004-02-03 4.306568617578622 3.9545354397769485 8.384080869266437 4.534932609219065 2.6386086910527276 0.7503651896428654 2.050771096778618 4.10088146998016 14.651107203385397 8.03791831647087 3.5591759644736127
2004-02-04 7.02994886352762 5.162830439246401 14.143357349186262 8.797494883151073 7.026288611599476 1.9807677757719095 3.9077576079757703 14.628114774736122 14.055550841892629 9.45253281934777 2.5106913353097204
2004-02-05 8.104448215557744 6.670933016073763 12.395956948883661 6.327320615233427 7.295079248583276 6.290198293196507 3.678560683307781 9.811969408181094 21.774442173122427 2.3522610781748523 6.995717167465454
2004-02-06 11.977670548342505 6.3971842763424185 19.38179010111744 1.2314262105920886 20.227794649739387 5.986491089373082 5.4421055259312965 12.368896597178177 17.87451737554237 4.622951783107108 5.891902413898066
2004-02-07 11.26652208572127 4.333157602678236 16.527008335137058 7.029648975584571 4.661208732247592 8.711546120208716 18.831936665400754 4.863505665941417 1.8662210728854198 2.5799153691027503 6.29984138680052
2004-02-08 7.553470788977773 1.207223256563613 5.652556345018145 6.34190672867662 2.0512254942396204 1.917221657096933 21.870884405830694 3.128122438720814 3.951526772725968 9.054990641621476 15.447048704059087
2004-02-09 1.1665227231600144 0.8029617276585093 33.49117301337358 2.9791043535048987 2.974093961031203 4.410989291074778 10.213349844458863 4.381196470362097 1.7935532716708245 0.10392752289049038 13.181718260804171
2004-02-10 0.15961598103749808 1.9898902379863717 5.3602178657317765 1.500222620364024 0.8730440121558843 1.5913010225187143 5.727252115632513 2.9504306705223247 0.11208382596603561 0.9274125774262059 15.949695634072333
2004-02-11 0.47434777587992855 1.4550317058742972 6.994333576420573 0.03967523357087408 1.560979645227764 4.780644600034975 6.784326981970255 0.9365292162579074 0.0375582035190754 1.4319776507724264 2.214750617206198
2004-02-12 0.3055078538015442 0.04011374252267903 1.2966675328262736 0.08996830470611958 1.8636344189808434 4.513681201007729 4.026365158115944 5.2882708789158315 0.4852462346239517 0.5360071573024648 2.4954465246818702
2004-02-13 0.0030770164915483933 0.09346922110283755 5.582462933624077 0.024046977893186453 0.6609736419776928 0.20454598329521215 10.025819007253018 2.2842645949523037 0.7122422134639025 0.37453396903572866 0.3846759629455391
2004-02-14 0.05675130799845183 0.47415280798543596 8.630693558772153 1.3170051156085925 0.40668366666287276 0.010640273496597803 13.334071491864732 0.6649402565683127 0.06619751362145104 5.337078864176982 0.508205643880135
2004-02-15 0.02410119752636121 0.33126734593641094 40.409584216480084 1.8903126993662513 5.188801217344223 0.16619470626275618 5.600809012703266 1.883896994092318 0.04323395654411233 5.835373586969929 0.17164591341036317
2004-02-16 0.7701663175026863 0.2740122465753993 14.31566814272855 2.2428633701115754 11.323769645231895 0.4863273442007846 1.6992254530405462 1.4470472503196024 3.26882921423213 7.3530601710140875 0.7699109269251007
2004-02-17 1.794898159211301 0.8825233622489947 2.3674258495510476 3.0760996495679143 5.9096239513687845 2.7389127841303176 1.4478827020353058 4.715736885302284 5.571215898336231 7.785485232629698 4.63002060370032
2004-02-18 0.5076166701497268 1.6903942870968904 3.7272029619430365 2.1053273010722986 4.194843773716369 2.1244148410685364 4.846839339898695 2.306869912096589 8.266123515549712 6.988934501174612 10.113380688451844
2004-02-19 0.1432563836610376 0.6572827638271452 1.9591604181735511 1.7960893272890843 8.168684916579572 13.402208573376598 11.362210909926628 4.123515379784241 1.3362181917312106 9.574079757119465 10.635470034585651
2004-02-20 1.1735168824992863 0.828923237505985 1.396705625498924 0.33041459762670544 14.869891063821159 7.769756245733333 6.234519166195696 2.2074034854542037 1.9802018747361203 1.6841602503678925 0.37280844155502846
2004-02-21 4.031351198053892 0.664311557277899 0.7701813552261998 1.2828190810221873 1.6642430188442439 1.9703857552058177 2.35814184939795 7.801323359858272 4.983366825284538 3.0352473467667727 1.4702256361220178
2004-02-22 4.8044332047866565 0.8929090704671004 0.9724259270037512 1.5530962670361736 2.5015826079779435 1.0907367576033784 25.277287498087674 3.6507918590296193 1.0058607489037885 10.88248665578573 5.869475340159454
2004-02-23 2.6855288401035615 4.066875352737393 0.16476576329070985 2.6347014374176894 2.804889962127625 1.628809563267997 25.78763631586156 1.6502504970247158 0.26245674884719866 5.417068954549223 0.7748656612340814
2004-02-24 3.0245210613734606 2.428417792941853 0.6344353456012313 2.5731446441628814 11.615967368426775 5.044740477339021 10.73977226234825 5.328153269515175 2.582866112653145 1.5643510729811878 0.9674055108243647
2004-02-25 6.753753537142446 5.878362212101311 1.3945152852649323 9.285643070099074 1.807965472301773 2.3181517648209216 12.318587346108174 5.887672437099521 7.001124138067303 2.2186001797381034 2.64839316671806
2004-02-26 7.115681117619875 3.4451521217289 4.220162527643461 4.288769681998799 8.23408762326897 4.415242211247994 17.9984698423733 7.437739101039273 10.279132874585937 1.5647654259954686 8.929014824219255
2004-02-27 3.526519254441256 3.127299900512286 7.014475867359021 9.672601292189444 1.8200072700987127 1.488444168890693 1.3333973595457864 12.756177588007624 0.22956656827122338 1.416019936019619 2.4064104733952845
2004-02-28 0.9567834333134644 2.932248549538552 5.081404212582752 4.102348859993597 0.6423820004697087 2.1625321174891 0.0989942730826717 9.648831697077792 0.02766906422080192 1.676133210092495 6.18993992020597
2004-02-29 3.1166907048509316 20.650866837612316 0.8900563634442198 1.2674501910655114 1.3893799633339277 1.0298016675495627 0.10250154579533792 22.51963194322549 0.27665140377462344 0.8772132494809226 11.929105312012542
2004-03-01 3.085433537832615 3.7136141090809276 0.8505195582914421 1.7979018105431948 2.6027707136344738 5.282733157679457 0.19451088880809714 12.378628070404325 1.1459328597838656 0.8186365117233281 8.587571353403407
2004-03-02 0.15425756073176672 0.945725049315569 0.4063284553130825 5.614481592415886 4.879231375149294 9.530807646760724 0.08164852055353719 2.984803546499835 6.423966305392163 2.0150528721258603 8.580826002549173
2004-03-03 1.9767323164122605 10.360997469983094 0.51823891700049 4.7608056032594295 3.748943198218252 6.294729123231859 0.4207348605475494 1.9381814652181413 18.439433296551215 2.1632649362456973 12.647717641565912
2004-03-04 0.3506105380640885 24.261414040438925 1.411762981271539 0.938668471943731 9.7145177075986 2.801722758960709 2.6574183292005893 0.21384587334060434 5.768516317853744 10.042145952064534 9.727794868929909
2004-03-05 0.9146733376374624 9.683711693144584 13.26172614171847 12.87333039964018 13.022141791701378 0.8441429212413771 1.4613157343494865 0.14061381693755448 0.9566496124714292 2.3688312425282265 3.3993959369974855
2004-03-06 5.727841466288342 5.277634268932657 14.437029342316954 12.790964825866446 7.958632627160225 2.6437933495306005 0.40660625363060965 2.1323472776519994 0.09003234623577597 5.7348727835350175 0.44604068093362703
2004-03-07 1.9099116265183627 11.524532866965705 13.016420699734997 2.1800812906382196 3.5949201798120303 1.0675261087379833 12.212332795642293 2.2560033983905323 0.6168663838628331 10.513876017230189 0.6595271914294558
2004-03-08 4.1835585274116305 15.893986237221938 10.481797996538749 1.0850816591425212 6.003362631225719 0.029613184161850676 9.768590627481913 1.640281194597856 1.5003132452796806 5.265297635723295 0.3556620794499895
2004-03-09 4.139251291769683 15.23146981640511 5.824242669884358 0.25018894980849815 4.991458450864581 0.9218855587337885 0.9738806862472851 21.886575401232783 18.72642511817446 4.868377231567799 0.8606767445645598
2004-03-10 5.93078667578126 9.625988605879424 20.76550084758646 5.294225583004112 10.273280449980051 5.975691261583023 0.9734719267775742 5.54424472448596 6.189214832534391 3.2706782124977956 0.6456413922558676
