2004-03-15 0.20647433559442963 0.29116875712219137 0.6152186882016482 0.6493401796719211 0.4608947830948893 0.16907491734412075 1.7899397961856627 0.9622173228673149 0.1547777267673605 0.351663995648356 0.34890130938234704
2004-03-16 12.592625970960608 5.150520768753451 9.15523012614458 3.865538609065581 8.10204878963991 15.463837015833967 18.296608628973967 4.210837496976355 20.26014796073916 6.019024026158391 4.387616354772946
2004-03-17 21.590369387342285 24.61367645092085 17.411097135143827 8.450881988689542 11.57298302524591 31.804843655160493 9.265097554958116 5.514191517647776 25.704214871980746 5.902265569826925 23.56726520547188
2004-03-18 6.374937821064968 15.670777987216205 4.349389648192927 7.354598744022964 13.209099365284237 6.182514581302996 14.140932228774343 4.963568986611088 4.1268256329440955 2.5097382874896654 4.835463808072825
2004-03-19 8.134570062087462 13.986413122733442 0.7296680565003657 3.656876976028739 7.8632662391858155 7.484476169431973 6.575010864101059 4.985898871667077 1.1322526329163294 4.52993293968312 1.1638793718802167
2004-03-20 0.2249930451970777 0.9531007996827262 0.785297034334876 2.3861548572035307 0.7651867669207078 3.4614578649266776 1.2246472408532139 1.6109254138620916 0.13257335813423057 1.5653942502087155 3.2194935329799304
2004-03-21 1.9048823994702198 2.4922039210974622 0.6782305792060099 0.67028219561943 0.2796674316281509 7.373549613745525 1.0627114453261917 3.020526052570318 0.46386709941658116 0.09532319324234514 1.9590302029561482
2004-03-22 0.28412409988440224 0.44235262216891524 1.1068694490260362 1.042319985375754 0.208011783459299 0.42859362155113195 0.4245939293300046 4.002663571156214 0.39144471295682826 0.48148439828589845 0.0055852025635795
2004-03-23 0.3417598727397691 2.123386363777886 0.04487671258079648 0.2293733687538991 1.6953050220500185 0.9759434428472299 0.47846914353164643 0.6850488551427907 4.085356237433274 0.04369991666585507 0.03942778017877699
2004-03-24 0.572023401323424 0.40494497576351496 0.400380650939943 0.239014399331957 1.0012963528185423 0.41032221118549805 1.016187915086436 0.19494397909423133 0.9272358950922602 0.5328022337772031 0.03155557973976435
2004-03-25 0.7496524478609397 2.5481782563914486 0.026426271605758368 0.6071974512516043 7.722655621071753 2.038552835139731 2.6426807463285504 0.29480979478868297 2.783545101720548 0.44346638381113895 0.5310943691921279
2004-03-26 2.1632279194246014 1.3412933515370173 0.0 3.0777162237881988 5.932870243902767 1.4210728725009065 17.55498350544591 0.2335671676797294 0.9985428823905085 0.7139474700997379 2.0539612919126258
2004-03-27 1.2663022906487145 0.05589541306356814 1.4233408971382904 1.5020402953363665 0.9556696056496483 0.7680348142490454 10.1631602300675 1.60379549886489 1.213906113703995 0.25451547441628986 2.587209765608475
2004-03-28 0.6715424273864293 3.4055759778151167 2.673348793940395 0.25812528450863864 3.437538559297476 0.4512186841859726 3.821908902294727 2.075383199061058 2.9984415436669885 0.013101115461161309 0.3716176158391228
2004-03-29 0.4952068480642724 0.8397469400768216 0.9837745157861721 0.24132280542966353 2.4942208055780832 0.8068757032314708 3.547751943810114 0.930852653298001 0.018031940616225046 0.7872014675051938 0.3645710303810472
2004-03-30 1.0229290481657816 2.3671333669058114 6.2328777072858905 2.1730488373271615 0.39710362558873996 1.1611521194221786 2.3303184699616706 0.0 5.43009634855294 0.05420326885265891 0.18991215320192062
2004-03-31 2.6824300074753253 6.323952569823252 0.9472610684673403 1.3732868614798601 4.736429621535889 12.832879088267786 3.0900989670041348 3.696907104349816 3.68763677915915 0.005976815349374177 0.8527035316422347
2004-04-01 2.1433645189830886 17.76491497039696 0.9701853669512075 0.6306982727098104 1.679730669286396 10.55125244818907 3.923843300389283 8.703812428832707 15.612585864712258 0.017577767491780874 0.381411758495763
2004-04-02 0.9991301892716911 8.581244093133161 1.382629967158841 5.390012759037322 1.668430195435072 11.103873106174587 2.0475081543598628 8.936126404615173 1.5430233557140653 2.2421188531451737 0.036977031002521886
2004-04-03 10.41714129460161 5.757515484112044 7.392723660780547 7.073359508667379 4.052991949044863 3.8656190157721673 2.5186538932405615 9.954300245559246 0.6368141537034957 5.114715892652342 0.2857009462156338
2004-04-04 8.448943028703356 13.216712910496328 2.2547829747109613 6.622385360197693 7.4264982624281535 2.5409296309700835 2.5986397739859197 5.337273708510711 2.4344169552643717 2.938273866599271 0.03385433631572715
2004-04-05 1.3652844346066546 0.7438839307186281 1.5611716536727571 12.33752990579861 7.178563628264051 0.08571306475491537 3.413095792720032 8.729118755207427 1.6079981641518633 0.7448050626493017 0.2027421564175947
2004-04-06 1.1334699251866203 0.06159367399798693 0.5844412554740182 10.21722413238801 25.08539194249515 0.24688217453466035 1.8850580167832058 3.9413974288376172 4.008453727868368 2.7724739397559635 0.3698614995660977
2004-04-07 2.4935546381552958 1.1084582911401784 3.159488519989092 5.763601762178597 1.7574331389483078 0.5073071692012927 5.364900807497381 2.817227196929533 4.254165614193123 6.49658268402051 4.807034967662872
2004-04-08 2.5001177058027135 4.237478969040205 4.477937156354091 1.4517474484508872 2.02349987338281 0.045096729960667305 3.012763792765845 1.5840205892505863 0.28468527993365234 8.76111436671405 32.15647848706213
2004-04-09 2.627191616550652 1.9362505325071908 3.265451137097119 1.2430893609116498 1.8262891042695886 0.030382884794125143 0.1481441543452977 1.3740467022218228 0.5727807224163497 7.670305941977192 2.4293135240379904
2004-04-10 2.0408177553695133 0.3657953242586628 1.9791124689605208 3.999733843242975 2.3564482872860757 0.6938889721455064 0.31366232162158914 1.832880014275409 0.07581845855236163 7.266714662618812 7.4173048757639295
2004-04-11 1.3184021347723915 1.7271880635881915 0.6984857179273557 1.9715833904768603 4.322314790161851 2.0932573093497195 0.07643229232056083 1.6265450569512678 0.1697060161647073 16.332266006407163 3.901944946102157
2004-04-12 2.2462312817616583 0.37502249264893184 1.0939858661057746 0.5100983192063705 5.645942040532398 0.2350341942629223 1.8219883727595783 0.6145797868969167 1.1234075050665813 1.3377723136748663 5.428893558518438
2004-04-13 2.258791626724091 0.1631626715944304 0.2683133844386334 0.30859924630944924 10.123357921086033 0.8839049852545444 1.0462119813353308 0.697999848040357 3.227610361320182 3.0159645737589393 22.900750543347055
2004-04-14 0.7885482207393895 0.1534550827109918 1.9235566187879636 1.6628535798369342 1.3081827272877333 0.8648958831178335 2.094627345018246 0.8112888539176129 3.4356637508200363 0.20058502254985516 0.6942967474629584
2004-04-15 0.710310610662797 0.27900528778027056 6.0432504028368825 2.6381298626166445 0.9484962496452812 0.8818033217428622 1.463926847050924 4.729944589156337 1.4971055578158592 1.9753661555037207 0.11304726829108633
2004-04-16 2.3269889683197733 0.00742806470996878 3.5079563148953423 0.8337449366566969 1.012313736821537 1.2632425199258726 2.103919194983971 5.454118729995014 2.2640532177039483 1.876774464472737 1.2569313078452173
2004-04-17 4.210241212331523 0.24044003976714 2.987078009406221 0.18868872122416755 2.697696290554216 1.1787368098684738 4.793150341113481 3.6365530236531143 3.785426738794017 1.9467771104448486 3.559047323908359
2004-04-18 0.9050924382825813 0.28369022871430094 2.245016470063401 0.07364067499197066 0.7668144916928394 0.9841468572907961 21.07133602828136 12.651321437080252 5.771949691027524 0.8102730314820582 0.0276868147390106
2004-04-19 1.0695961830846157 1.5373069575463691 4.245165306923926 0.7968649011983948 1.4059022537776003 3.6871590135945658 11.103207294172265 0.7039811676197977 0.7220958215228445 0.006677893426707568 0.35492710432862984
2004-04-20 1.678627226863084 0.9358808037874287 5.314813381811874 0.2170395929335917 2.5029016753848428 23.703538940924307 1.0388052986198297 0.12955744320869958 4.968381281801938 2.32954353180918 0.0
2004-04-21 2.162154318771283 0.92525101621978 1.8750449905306679 0.06621261028200189 0.14175679463647814 0.07081586548191969 5.499954636278002 0.8148004303806986 18.90063793378431 1.9522080825316774 0.0
2004-04-22 1.2731453640418415 0.221510555139383 4.1018988926161235 0.40356563063191353 0.02884378724591751 0.379987293068735 10.324490763337764 0.49222646183943475 3.660462169626416 0.8241670923564564 0.07222818061306127
2004-04-23 2.8643531628517254 0.10527441304521498 0.8909008242829939 0.8020507813628124 0.6872830877880903 0.3010870798467482 4.60764286683038 0.7649978798772503 0.49775301583439935 0.9855699407527485 0.25804545967389536
2004-04-24 2.8937966382785216 0.00706576307670256 1.2214040894404286 1.3228006502796839 0.9015803808795622 0.181486687985905 7.00298245705478 0.18919103615479346 0.22707612555603832 1.2493806009534492 1.0587906916059837
2004-04-25 2.0453741577178635 0.038983644449733124 1.5602069350945316 0.9956468908117232 0.34529879522660895 0.25826548035284724 8.894469694802185 2.5377995438202907 0.6835957240397852 0.6292447990007538 1.6263310456961868
2004-04-26 1.441274535900535 0.1433033706681454 0.045096729960667305 0.03833508931564892 0.05289522057676943 0.5904680029650077 0.3442021309429 4.865339981021803 1.0523427539422703 0.8132174642046708 2.636348602737932
2004-04-27 2.4078401209464078 1.1133337344276362 0.14726181386977868 0.4666175993148949 1.1142026218074168 13.201724202415534 1.01070240664358 0.5074295658459425 2.408353620113086 0.7907265877686651 2.9519855435369324
2004-04-28 0.5042921499459547 0.21779108248568285 0.9723843697694554 0.20304260306698121 1.504190205025202 2.7045914545411174 1.846561636125456 1.0156825852664513 3.05862509844309 0.7744222478045601 2.836814969574333
2004-04-29 0.8182798094331138 0.12903323604364259 1.20214273873128 0.004260377786548424 0.6472614056379834 1.0389185672671903 1.409213653865394 2.8495516154117264 5.784962645509779 1.4900495039331823 1.3891910336931796
