2004-02-22 3.7737216976520793 1.2593872390162149 9.705944577540922 1.4975244057606067 1.502785815803394 1.9637150815475641 2.1327434139914945 9.8807013660023 2.6078688283192095 1.6594070189946466 0.9489149380429225
2004-02-23 2.400817049883974 1.2152181452555173 1.2809808094047894 1.8989620306582755 1.6828717406643117 0.8538975361756185 1.8106643792900747 3.1777089919943156 2.7282542811761967 2.3411952831818628 1.5793399452936216
2004-02-24 7.680490381289694 4.925453596251368 4.659293795797214 4.180650391596843 4.707398889494384 6.133722375051444 5.5064805893217565 20.325890113536502 4.654492563007125 7.4690670259543825 1.7387099350030188
2004-02-25 13.276459002083964 12.113416259295509 13.733439262113023 4.562429645897896 9.937174085923052 6.523147450602884 13.054568671390552 16.859215859602237 4.431530252198218 7.858831464235187 17.168993943159595
2004-02-26 6.566996120452103 4.321496698939513 8.017818667400771 3.0412087040962295 17.017575745875895 13.178218113038557 7.3911905528330095 20.30714468394242 11.53065413163042 26.133342630708405 13.754725772413426
2004-02-27 16.958905437678695 7.114263821149267 13.42545972446512 6.620663035519383 22.73221918897856 16.66863592155535 13.179082418477705 15.861548362912544 4.664497147584775 15.498065500161966 7.9227723970701724
2004-02-28 21.59155460874933 5.290398091825602 14.597050284248935 11.905048794338068 3.8735356928838707 27.255146760658533 5.8941230980484995 7.9332400506784015 4.82060509765805 7.800945208843589 10.08225942615923
2004-02-29 4.8071492426370295 2.2693352605307693 23.71720999705679 12.478937476500999 8.260382013759688 3.2888808457898078 5.033340022282918 8.107729695517644 14.594150497641492 10.038913064109508 11.617472490515313
2004-03-01 5.760449664964034 0.6915718984172807 13.853665046443112 1.6094653827294017 5.27489171737688 9.745835892360708 7.928943254622519 11.925528912714682 3.8368770448913896 2.0399086278592353 7.788146872412895
2004-03-02 1.685973593280917 0.7503204493582037 6.730884537215599 2.1237485077045175 17.74797356613404 4.214731458491753 7.264750144498626 10.189558098971807 0.9353212831346831 1.9516272361699376 0.3389969299206909
2004-03-03 2.294600749373756 1.8601799966380215 7.472565394658254 7.950258730783908 44.32668248114015 1.6643605737911522 1.168337958023701 1.3231950227240483 1.9297770000910484 3.1067711234508035 0.31851693285673066
2004-03-04 4.734735484127402 1.5644344834003348 9.802299344831951 33.37164628606966 1.168983511700447 1.179033490755614 1.3186046019954674 9.177922432227998 13.10315060152583 1.9175509460046105 15.347946459311174
2004-03-05 3.162378850340607 4.41862965342017 12.395278256599777 12.954330144185464 2.208418935179022 2.4343441192171538 1.7021266530905539 6.659957514396615 10.588800046718696 3.506016833285374 4.336903357407692
2004-03-06 11.994878270436804 13.815676878448185 5.206916429937802 10.825131506880496 4.911479951029701 5.790260831862405 2.1670470391761603 28.250443309639813 15.410886855910991 6.531405941593004 11.283179199558294
2004-03-07 5.282220849537451 21.25339132112672 10.201580978523836 35.58448328782895 5.382291442546131 1.1677922222352366 2.694594400719703 6.461827491348972 0.8208965841923754 11.4598677474014 28.945503062509662
2004-03-08 3.019304091309838 3.7987727485140272 14.144829388196628 10.35971189818681 5.962449900225249 3.184856737306012 3.5202137979680783 6.9566805871943975 1.9813551832356875 9.993409818290107 10.236871573001542
2004-03-09 1.412586169971798 15.830165024314697 17.46833449371801 17.274758606748733 12.751815844018747 0.7046964182369974 3.400164025759505 23.489630340256383 2.7351835095776496 2.9875548992186207 27.892731919025508
2004-03-10 5.073916567356579 4.4950311225041375 21.31858178018444 7.221425246364729 37.93489074694935 1.2801172477743903 3.8412677008247478 3.3290224713178755 17.657538173915853 12.937696518288666 10.02421570563126
2004-03-11 7.7873614302305505 12.153775675267113 3.8450610639496565 5.028941268506188 12.460923115746906 0.2060853761925261 6.576142826872703 0.6807723433017867 11.38960088466593 2.102617059658706 10.188682911297146
2004-03-12 6.430841898087182 16.353224428398264 3.186384427868301 11.962809644858933 1.933865291163753 4.9625391633685485 4.324360357150396 6.32395203029319 3.284752856150289 3.7424400152634463 12.282121088221633
2004-03-13 10.449408321275428 9.472183182087733 1.34145748201265 20.380433046422056 2.9500275268452563 1.9053614981787688 1.0783835178381405 3.0862259189701065 0.29262169347841605 0.6953118524423192 6.555494075167191
2004-03-14 8.20217680164833 1.3613466580943863 2.6030318410784608 5.183792734967273 5.29443792727945 1.4861051051643903 0.6388785259684753 1.342562025431583 2.2262424811151464 1.7469822315132784 9.5840874914437
2004-03-15 1.1681606401111095 0.7641732422876272 0.8384488823961936 2.491946883344949 0.3344816880281549 6.91697392349116 3.154135184736706 1.085662313930231 11.191435038922826 4.918077262092099 14.889363513763065
2004-03-16 0.5540516674754732 0.6762962687359857 0.7645376632234724 1.0569069521183747 0.4958400594304163 3.7125202967559034 1.6111599912251306 1.5896612059167192 2.451787552001231 7.24191620459677 5.856300353319213
2004-03-17 3.138314917316956 0.9627400160764046 1.5702965689970028 10.49969373991436 2.143590354389115 7.031824611209949 3.5725578074906004 4.155509501049082 0.5342174441898349 13.473372451176092 0.5212276870923003
2004-03-18 1.0494686868918863 4.993409683775817 12.106464662858876 21.64243691486186 0.9686264514891814 4.883471071043282 9.389579765465061 5.493366341553553 1.9882472103542772 3.463547479562763 2.1463973319894962
2004-03-19 2.9411848933245253 3.575006580401586 0.37729413646390375 8.428796537428516 0.5575793428256905 1.1218651022568011 13.660275531401698 1.1022925559040113 4.169263235428823 8.395864787029794 5.531919952124804
2004-03-20 5.640028501194855 9.332903093850483 1.3512945752674188 5.817105227640651 0.9823485145559578 2.7098573966401496 13.019375631515466 0.9593821173468671 7.421420198171622 5.339574908954462 10.557525613702236
2004-03-21 1.8170915097615699 2.660726076035983 0.9008510385592201 11.633971754772915 1.0898047120957615 3.130759548690855 9.82827780806696 0.42266055075839526 0.9369046009517383 7.255214726924874 1.3191514585724762
2004-03-22 0.9709723145897458 5.1509251855164 0.19253971744610124 6.886606522794616 0.736591102084589 0.864348154125103 7.501298405319196 1.409816133603936 0.2653379308256285 8.178737758744804 3.5715720280869347
2004-03-23 1.779738310547251 0.21802588512563376 0.8170205525035756 7.601178034630715 0.8216207580677681 4.274943244731709 19.008392671667192 1.0431863423742156 1.8296181917506467 17.529243971087904 0.32123908116848454
2004-03-24 1.2049102943833274 0.5240550177228518 0.24004608263804192 0.9165830470532613 2.3114219036197285 5.940511802236993 4.517952736122114 0.8600626710649764 1.693570801667649 6.945533364876049 0.015063364825591424
2004-03-25 1.604205967638613 0.7601370405550378 0.4360251754592893 0.09551385339653141 7.497751026136581 1.259177253241841 2.524100790678481 0.25172483707532856 0.32063187397749054 7.420358040967756 0.1915356156528945
2004-03-26 3.033680272305932 0.622563804659877 2.0277081236409793 0.9575138446304999 3.361613008252958 0.3951959763136358 1.528836101228593 0.23922337291303242 0.8194854926159139 12.336849564647661 1.1354929568278176
2004-03-27 1.0351233681026029 0.012497030637584346 0.6591904779673554 6.32242888036682 8.520389679122818 0.4153684721522838 4.470211275524118 1.21276085635616 3.7582498965759035 3.2030258408777854 2.369300978456283
2004-03-28 1.3892004648596616 1.014307588464705 12.644431004206286 1.963611938841254 7.10622604374325 1.0548766682945114 10.007853627507833 5.965941264045323 1.7285605147410676 1.3654441874298242 3.019805651464326
2004-03-29 2.1352176805497534 4.260892150477298 11.99689088820891 4.077006030475568 2.0502179740827273 5.4383070087316305 2.55663810415139 2.8395570586073995 1.0096045637711406 1.6898511221828327 0.8462222754251777
2004-03-30 5.5909721610375644 8.844026342292583 3.7325350527634784 3.827594945618267 5.87692661997988 11.118173427481446 0.2344792255620377 6.58203503707122 2.5472970405693456 2.6202475333820523 1.8348062801727623
2004-03-31 4.549039388557903 28.748000241188777 7.177083583094588 2.4984182136683764 9.927422068255957 6.051773759174639 2.5308736277305597 0.033787689582486284 1.5510477345706228 1.3844261508540079 1.0029565310150623
2004-04-01 3.8165792802410907 4.5971142212006955 9.38080985495821 0.4810641656154044 1.6537522340630102 5.532021119074225 1.6305012079432206 1.0250078651405865 0.5135920115455965 8.75970682002042 0.2742638589939896
2004-04-02 2.478970796871824 0.41633771762384875 1.0242449652126226 4.472369633945529 0.5667050731126934 0.8685546034327842 5.187756571713112 5.214515708468772 1.7585660905995946 1.372402854909664 0.7501420304636447
2004-04-03 4.465903228081519 0.6763471073574407 3.4372358011136095 4.2868046988589805 1.7363097938033403 6.5418819797823105 5.057070906012722 10.308729225827248 1.9076066717604625 0.7165215379452103 0.01687900808483725
2004-04-04 2.299805508300487 0.5171357371206949 1.0169077031715612 8.950635383635836 2.119498815125219 3.984359627512407 3.3771095376533973 0.22680396513831574 0.581202019037143 1.1124988224433485 0.021623152132066115
2004-04-05 5.263368972856786 0.5702215753654567 0.2773959406089035 11.778077803958416 0.857732097446698 8.112110757492651 2.24322415507328 0.6053408223303495 0.06293247426235578 1.5694655432632958 0.29719834977626586
2004-04-06 5.224649507793858 1.6944601932849563 0.033654424522009806 19.135345015340505 0.2573590358866199 8.769911120793747 8.227274792591903 0.13402151228019402 2.184453235000805 4.732526347947968 0.10919277376090167
2004-04-07 7.540135658051577 6.151197597871821 2.1124347637167444 12.827924738105693 0.14516037569039267 2.447265004737142 11.620734917466258 0.15211721171415218 1.0969294761847128 12.3877642593758 0.04114108432032522
