2004-04-05 1.1766586717515568 2.256610307238799 0.7391512916542973 1.9965272992488692 0.4281960450354778 1.1506116131152966 1.1531239970250113 1.7594300461187076 0.7927379577216304 0.7676417329234182 2.3353074892598755
2004-04-06 1.0173400871203804 0.7727575435669645 0.007227389887804967 5.7207716745349515 0.6181986323281632 1.1080121395712372 0.7283735342509103 2.9431766383118165 0.0 0.03602752506889199 2.282378556950089
2004-04-07 3.6511598393584075 3.3766602487820094 3.0204031390759303 8.369296438253684 1.8688950840566811 1.3785583648833777 2.505752388561226 5.667359070211097 1.1092045506455288 0.42047506054226047 4.793891138061256
2004-04-08 0.5860159898450683 1.21195587371965 0.386033503931947 1.6815255382935037 0.37522526294157615 1.5745762371103948 4.50091937145323 2.558533643952117 2.468306197536762 1.572872444494601 1.0559778693269135
2004-04-09 0.47984707946111693 0.31377714543406854 0.16989978564170544 1.5438475430248426 0.4876362495723233 9.592014699214143 1.1335631267385995 4.789946853539612 0.5799568398730081 4.629570017372561 0.3952257256126495
2004-04-10 2.2332885184239704 0.07019990018983704 0.37990206013468875 6.8201432536681175 2.1271732518347797 1.0852604063447697 3.4332248509312193 0.7628251501914753 5.681875854251863 0.42757454392113114 1.5565149471351793
2004-04-11 6.690643311448115 2.5022605570328 0.009578729700827978 3.029109232273096 2.8543104157106356 1.2807252857568943 0.3645846282386257 0.38134667917703263 2.3032832238689354 0.0932315065417727 0.8106671040587814
2004-04-12 7.469099123310762 5.870884409259343 0.4109140631989712 0.29708414843933684 2.514833369081174 8.75408383697432 1.6740413604891504 4.436864916676008 0.915437808227658 0.6174654073992016 2.2500015747336715
2004-04-13 7.887045361835967 1.483614803218884 5.266535642290016 1.713757529622632 0.40404746122485946 15.165302704087132 8.745672967842545 2.35846046456425 2.500518783442175 1.4920576138312365 1.255062749639885
2004-04-14 1.556933425467295 0.5141112676052597 10.52250047590756 16.534319052555468 0.3504601066061289 19.73342522118415 12.622019313512384 0.009985131584154358 2.50926026058893 0.7569304927176324 3.5462695752967806
2004-04-15 0.7517983543704432 0.4328480664291599 0.06094589783110044 5.959009379478862 0.22343501068864335 4.828231774517731 3.4367792808381195 0.3987372151046694 0.24676536556263212 1.2703240682579644 4.725170756406226
2004-04-16 0.9568406294797489 6.169978569178193 1.6123450675659925 1.7404008898071668 0.7855922487325833 4.32726876329862 3.2846027536469626 1.6625371568572884 0.30687449626818664 0.4480835473303458 1.0222107656327613
2004-04-17 2.092866895161098 3.3058493961852244 0.5305405169027639 2.602337204380489 3.088246951501934 0.11904447042148306 0.020917230277055148 1.549595922532589 0.1305862219829395 0.62631659540475 3.0912764545481455
2004-04-18 1.026798272426165 1.335454236748208 0.011442075139769345 0.552593936938282 2.697035317939831 2.376238880261182 0.6598453186031792 0.5761688480209342 0.7026638808915124 1.990234531264369 0.3362584137474076
2004-04-19 1.8117626480253297 0.06525000626602695 2.5241011012557424 5.716852174867639 1.191155844937344 0.9831159014382739 0.8563693313912741 0.014514655824500856 6.817700210644437 1.6410658955921815 0.4977172000585025
2004-04-20 0.40968791045132086 3.0953450401428615 0.9862726188763538 4.629218304057876 10.679295137176167 0.9804225479405888 0.1942984427379115 0.26325563588403855 0.4779313096184621 1.6523730208679708 0.4400266796528788
2004-04-21 0.6353124616768568 1.0905533794896325 1.012868207780497 0.30451484662326783 16.84973848057084 1.3112863794520435 0.9293846967240444 0.5290481665174398 1.3110212673174684 0.28007298012947945 0.5918228363202538
2004-04-22 0.23361378745626943 2.6152683632832736 1.43468628877365 0.6483636387024176 10.484494248176805 1.6088177489216133 0.7861968373064749 3.0469016851727133 0.23475016405684368 0.3827038660310692 0.11054371506274202
2004-04-23 1.8656700234277037 5.539920209093735 1.4835428902316519 1.287478673563887 11.061443081778911 0.6702891580346317 0.916482322875775 2.638228169863141 0.007597979041754564 4.6489354494955455 20.113390660259675
2004-04-24 1.438992386070161 14.403461066902269 4.826893251454437 0.7742728447375177 0.2191048490660844 0.7423301757246121 0.07006062655229031 2.965985249036351 0.5647527218407404 6.540526775022882 14.43065987638747
2004-04-25 0.4295990898270785 7.496543584565929 7.898448970525665 0.5074948262629521 1.1869911605874073 1.9079599735496817 0.37724583819625535 3.885101751396296 0.16955488384549833 0.8207759519445936 5.5773629696466855
2004-04-26 1.5735566914104229 0.15059673317078337 1.2502844761117495 1.6411038539682878 0.4015804360207268 0.6693036407815969 0.05350122990356047 3.1301685530629175 0.6585640066169758 1.3619500366537665 1.4337761329131888
2004-04-27 0.6259824558649716 0.8915968696924065 6.302474741079296 3.3929304913481717 0.6747270422621257 0.37964804352415893 0.20060288145457114 39.93897742426665 0.5710199546774931 1.023417501463236 0.17263584454613545
2004-04-28 0.4452054340585525 0.010471365278865552 0.12723230200196317 8.408655097138357 0.014596558866063574 1.3047229971309249 0.11332768008611194 0.6376229950527619 0.5530299059333634 1.4903438002353089 0.07164846465582422
2004-04-29 0.487231938892694 0.370864941859932 0.156479474068914 0.36147580696502163 0.10205693093919688 0.5745150331178606 2.767190013193351 0.09227106280067485 0.8778142117634941 2.0647576052866117 0.06493929264235263
2004-04-30 0.6561440296111334 1.5166339309354766 2.951384133709244 0.17881697848836567 0.005712962080833738 0.268531024636232 0.0 1.2014212313085215 0.05312688099133425 2.9886566308875238 0.0
2004-05-01 0.46401403688632603 0.976547339254602 0.42677909998655666 0.6315784371590175 3.8435586768838856 0.2802395162828867 0.011360172098206627 0.2152722317495424 0.5279918690092151 1.5385566465418214 0.02131780106569648
2004-05-02 0.5112852630746709 1.7808583428262015 0.006830647857860129 1.285851490599263 10.39568314945058 0.11299812679362319 0.0 0.5296956536543189 0.0 0.025586141810320605 0.017073134179040366
2004-05-03 0.3236743131030516 0.0914640912855144 0.0 0.0 0.0032401466323640866 0.13093822207599104 0.04501061541678156 2.0831089930476905 0.01127450919213677 0.2655461871623704 0.07834821712268591
2004-05-04 0.11321493141499864 0.033094079526211816 0.49537375577341547 0.05921024856294859 0.08071102019504531 0.37118584486444695 1.1264228277313724 11.133131241492691 0.5970282642932543 0.04604263826095538 0.03839093485913442
2004-05-05 0.09494950115376195 0.7297774234809427 0.08246690526375625 0.006113532869475075 0.043819039971880205 0.01083812567411865 1.1168521771436293 2.6355395454950834 0.8676562647404971 0.0 0.0
2004-05-06 0.8510747467838762 0.2107892214578844 0.1134990056322252 0.006316911546484433 0.03027090939329188 0.05606801792308228 0.31566216424512045 1.6817043204587863 0.2977641445675611 0.0 0.0
2004-05-07 0.20501618724990986 1.0469565467518729 1.0223453095549206 0.03489343387534688 0.016991300031667007 0.02071385160004579 0.6996800946898063 3.4708040085529666 0.018872488233891333 0.011071485985819748 0.0024728154484696518
2004-05-08 1.6537913351826306 2.2854880265614006 0.014600318730570713 0.18062225455467812 0.12111971858106241 0.521864311933772 0.010471365278865552 0.24105858583160159 0.0032401466323640866 0.32015555257952266 0.10304931261636423
2004-05-09 6.971134513838157 0.05110630552297367 0.01618432735969929 0.408491033544375 0.03881524878553555 0.2837752014055528 0.0024728154484696518 1.260121958513191 0.0073092929293676855 0.8513743767291831 0.0422625335738137
2004-05-10 1.9676468238032143 0.021142280476043964 0.021733907428005187 0.012944180727335204 0.008586348317944727 0.18400178890254082 0.0 1.0410297471450607 0.07499423102852995 1.992186548429726 0.43333784341468795
2004-05-11 2.209243706465478 0.3846370837877502 0.42002065754862217 0.6436146684702513 0.045614565268034674 0.4526986268235945 0.006113532869475075 0.42615457140535196 3.060786055736614 11.41987504678062 0.546685273699197
2004-05-12 0.30938353752446557 0.21021149659269608 1.1565256593283437 0.15148936823020528 0.011360172098206627 0.42078371879727106 0.10678152245401995 0.7684036186561787 0.1522183250448922 1.5853064094208187 0.04055310648233718
2004-05-13 1.541409096764446 0.8615310546293934 8.534318914139114 0.02703076314653022 0.059818141450044895 0.0 0.01895037916876096 1.6210586968945622 0.3104910525960953 1.553712770818589 0.007227389887804967
2004-05-14 0.8122703787078012 0.2227251046444777 1.1980260770502476 0.0 0.059308164169843934 0.020917230277055148 0.004357832409390477 1.2771089529890745 0.0032401466323640866 1.2573032423213522 0.19039027797724575
2004-05-15 0.6624205732061017 0.0 0.020835396129681785 0.012944180727335204 0.9415503571444457 0.12551861249085206 0.0 1.812924969942807 0.07737750810486163 1.358558165524368 1.172656762435126
2004-05-16 0.97449196228972 0.035535460665098176 0.030792956202982284 0.010364030850816235 0.04257744184198761 0.011645098346086367 0.22783476732915292 9.95660686894174 0.0024728154484696518 0.06366599709785006 0.0712779441475288
2004-05-17 0.08824908658821273 0.0 0.14895771704064284 0.06690614334461173 0.007084242730378868 0.12546488834639763 0.14341663128772214 2.1719190325568816 0.011360172098206627 0.06704553089011989 0.0024728154484696518
2004-05-18 0.8248880262157465 0.09420597523158475 0.45913111362252756 0.0 0.07037134017596462 0.5990281312733425 0.0 3.737065321490073 2.6205657901312716 0.34258298502665585 0.0
2004-05-19 0.0056926966074499425 1.5703431915492418 0.03710155725115201 0.0 0.2363076622623944 1.3730993205436333 0.0 16.03493814993452 0.1972657699617486 1.163691877986265 0.06183853382152314
2004-05-20 0.0 1.4712433185030545 0.10609002312705941 0.0 0.17752149640901752 0.06607106171866944 0.22341277821156086 0.3318410098661486 0.0 0.226443956820683 0.3969971907855538
