2004-04-12 1.0261371172159734 0.7174278982081311 4.7511490818118896 2.5320355922682056 1.5838926952331205 2.1161581198990653 14.992071301913171 1.25795352592431 0.9540020247247847 0.8644407337947355 5.925724734328705
2004-04-13 0.4401249350794747 1.2167904381248345 0.061271502305793424 0.9747697800009155 0.5508296683216735 0.39388836246213665 0.8395620118683002 1.1789595346989024 0.013086098253618212 0.8162326921582934 0.4686633855449143
2004-04-14 0.3020553916151983 0.1240131745951558 1.722061943970495 0.4725645709262525 1.1525042665882412 0.5367597142065264 1.2363317927900597 1.4597614536431456 1.2002698187409613 0.5070081372367096 0.3789776859141932
2004-04-15 1.3424210270324397 0.8456120973345365 0.9273073941601111 2.4139437862007824 1.9527519348081555 1.5184416516048151 0.8863174435224226 2.655050068402218 2.1354828339505456 12.613907577510247 0.4227877982673095
2004-04-16 2.860796343982929 1.113289880840195 0.5826405371257403 0.9887635038571329 4.413072125967121 4.298327780460619 1.5742514250648256 1.870391083186658 1.1344075047091957 0.981123692131909 1.5298020394156566
2004-04-17 4.189085459500127 0.2537115994961012 0.4182838308687067 0.33525157052402654 2.3851242116606075 12.746548236525829 0.21802618831814874 3.910209679145473 1.0096349962669082 0.23579772376682684 2.0173384394107585
2004-04-18 0.6273488189077191 1.3855266962335828 0.7874605958690681 0.9604292888060824 0.36208154954032123 3.8426570464005545 0.8594823024537459 0.019162944233207295 0.7224167018634187 0.3124438480207673 0.8642394064697632
2004-04-19 0.9175452904367385 0.05028632603473112 0.06269744056448681 1.5893170564397172 0.19714473696565532 6.941427458752964 2.8657330801230625 0.6468731264862997 2.061824902072317 0.7910176903478674 0.9833479800591176
2004-04-20 0.8827206923504283 0.42155908613514215 0.4143696111595283 0.9791478668037548 3.046360174866889 0.3214546414537114 9.962686033512895 0.7835464367741332 4.086143251419839 2.0306441954990584 0.9190543696081293
2004-04-21 0.4941525720385319 1.1258527493321646 0.03600360573955913 0.09310388590424465 0.8614608295069875 0.7811740593996702 1.171444955117438 0.472285261856769 0.03899581487149961 1.0258983126420103 1.323736906431782
2004-04-22 1.5428245499759998 1.7009823084276707 0.8537968533432945 0.37250439919751527 0.980939751660689 0.690907640111964 0.7748377827021695 2.6254929298338783 0.15598992892687938 0.7474253788238066 2.962816438756463
2004-04-23 1.702752062851987 11.503166245366568 1.0848234901328546 9.614943356869485 15.013325836743874 4.554381383922938 1.3718389522860908 20.318588178538782 2.6949430043218077 1.4858137185023887 2.613707721474439
2004-04-24 14.468172145257167 4.315553216144428 6.116777842959564 2.1290584981127045 18.85579353691146 4.886626922732175 3.3335223926814486 6.797820259691184 8.851636564996884 9.488872736753255 9.404016315357234
2004-04-25 11.878718709001623 2.6045795098109235 19.108634042688387 0.6331793288831754 19.233311040147125 15.794991736030882 11.3072510414774 0.22143441652190088 6.724471217962272 14.147608884313975 5.588881502283773
2004-04-26 3.512659813681621 2.5692638827222094 18.965610583001503 2.866438055344103 20.321318883593683 0.7784844122450074 0.2747129474523966 0.7084408862589278 9.743088343414337 12.383682029286112 7.796166181247811
2004-04-27 3.2305681666065285 0.0 5.10930247854239 16.121764136894374 0.0 2.156304597278764 4.66103555894564 0.0 5.208385188471231 3.0935487447827237 33.199468981699155
2004-04-28 9.231267026633827 0.0 1.1507895137454434 0.7401952133597094 1.0670264031293943 8.975597897485997 1.0402053404788396 4.957297810322084 0.9320750156015062 0.003826479817224195 2.5951050141501826
2004-04-29 0.9994274755325748 0.0 2.3517596378961656 8.143188601477071 0.07160315104012888 11.043896659026457 0.12542260229778457 3.4716442539081744 0.05654889959977394 1.115111504401203 2.3725261631878203
2004-04-30 2.0729351461991934 0.03972006020599034 0.5326905839109208 1.474696288294305 0.47672633637775425 37.945240293246414 0.10454169288719245 0.9726707294809203 0.06085851525225684 0.20461990513813835 5.904170167300295
2004-05-01 0.8655309819742449 0.0 2.4558135027100687 0.9718871880617509 1.03533063143405 0.6230541739360536 0.25935756087627726 0.0 0.11404589365310011 4.41283108991109 0.1293684952340181
2004-05-02 1.0833124048470788 0.7746544303936795 0.0 0.0315592934884069 0.5196247740005182 1.0521259417642685 0.7769167767971634 0.21967618837286118 0.867414371017231 3.613892626119435 0.38762524056752395
2004-05-03 0.596115460713773 0.3216489432598576 0.030406443651753757 0.1018104882207406 0.11633809363341313 0.6384105636103083 0.34964442352484865 0.169721917000812 0.18031969201449868 2.2480049284117456 0.28985142722865737
2004-05-04 0.6332907179967528 2.180104516432551 0.11587964874685414 0.01740440566223235 0.039992727835279865 0.7236680474580568 0.28244681598928867 0.670726725425455 0.0 2.2812768319441132 2.2856593819399675
2004-05-05 0.7919883851904497 8.797615237377078 0.4241390385928482 0.0 0.4594188317616295 2.106772967947952 0.5403176410522945 0.14086579427050056 0.1947339207830059 0.6471686680286675 8.834413083662263
2004-05-06 0.3290973134804531 1.9493510763998074 0.5849156816576845 0.015771893426327704 0.0283418038279321 3.0021820093840432 0.33362580515879775 1.968392192964977 0.04163271805708385 1.1817924012295744 0.0453978427982082
2004-05-07 0.29508841278903536 1.12138101354004 0.42180606024504497 0.11888917278252353 0.039930367751520986 0.2870855089301735 0.22357617969124677 0.19396589537767933 0.006148541057904203 1.1508418715797957 0.022910362206369647
2004-05-08 0.13211249981915535 1.2767416319265865 0.0 0.11013033446764786 0.2215262654368493 0.34605912577463094 0.012816793454828905 0.02531484720742696 0.3860015648677156 0.48702436777794106 0.005546687497143561
2004-05-09 0.028723786974903326 2.211964678229654 0.016195478497523168 0.35108255199102595 0.4870679286101039 0.1943629953363219 0.4194070627540944 0.2110971539967234 0.2187207932737025 6.938579491591612 0.056370318982228135
2004-05-10 0.03323600357896521 1.5210479078873158 0.0021713038768768943 0.04368163016023066 0.47021294499474486 0.04057907502527982 0.04255276860327889 0.023659671267079657 0.2746974807552024 8.828159145422854 0.0021713038768768943
2004-05-11 0.4887586155781402 0.3862432779039056 0.11194980993305984 0.07294198861698814 0.336306371648597 0.3850128528123403 0.036551683287230366 0.08848092151304005 0.08717747494648632 0.15681599598250986 0.6047322972161219
2004-05-12 0.12505880960728305 0.3099430486873468 0.012143023329577698 0.5632822110707648 0.35753927750193626 0.08993512686749128 1.9735840646561318 0.6933483059810175 0.02973267294809891 0.0 0.31414642399506654
2004-05-13 0.13179428190002915 0.06476528153913765 0.05902475878607162 0.040306246539963994 0.5678531759636953 0.018643293388074657 8.746689040009679 0.048293290500277364 0.005997783694101089 0.0 1.26820951106479
2004-05-14 0.07054742528986377 0.1760779858639817 0.10545683387511928 0.07357534870869453 1.3269935915704894 0.022193262191624256 0.03651793604310415 0.4574106679366117 0.15259727593206257 0.014919542683530693 3.894541192609416
2004-05-15 0.06707532176879025 0.009971719452700803 0.05999572527021041 0.027909736155499312 0.481019744856783 0.03754875632911345 0.009373167314367756 0.02748615108430385 0.17624474847428656 0.10326936952074597 7.628623350394429
2004-05-16 0.0 0.6193439236968841 0.04652670358395512 0.1951345397698387 0.09852785845252598 0.9640867109037926 0.008213180881725861 0.04368163016023066 0.40122591793942936 0.14323907159680016 8.344615769487135
2004-05-17 0.0025246329865082928 0.0110930628663065 0.0 0.4180317742163369 1.7782914709108477 0.059619627997006215 0.07848105851282441 0.25945994635985126 0.0030426837226022892 0.5948860423810112 0.09909782710556542
2004-05-18 0.010377993603239093 0.0021713038768768943 0.2554244192607212 0.2781020610308323 0.10452932693656669 0.0 0.04646337051173038 0.7534566089219545 0.10052787969766627 0.02141282801331781 0.07612066703609893
2004-05-19 0.0935154539488716 0.0 1.6400316473040368 0.16414753311208946 0.0 0.015521708372271958 0.0 2.856854431121289 0.7198813224286393 0.0 0.015415044319216722
2004-05-20 0.1532701533556097 0.19917794209384815 0.3655683018562189 0.011766832991557707 0.01649613872064437 0.09912971278638974 0.0 0.037564534590059886 0.39663467866207447 0.0 0.23634344696894535
2004-05-21 0.15671849982934952 0.005016377879004998 0.0 0.9265038780974713 0.10270638907129295 0.005474770932652993 0.02212134562713369 0.7585140420667451 1.8252001281558217 0.034938139660366234 1.5539248251124747
2004-05-22 0.0 0.0 0.06204841428476234 0.31301025398830734 0.13961784009545583 0.13373403700209616 0.24146363293661802 0.7170303414261323 3.5884815104542698 0.07935375333922459 1.8846394886605635
2004-05-23 0.32001621516375023 0.022193262191624256 0.009899802888210235 0.11204751765934944 0.0 0.08713722644593663 0.11636927988557702 0.5567997616857286 0.10179383655976501 0.20469818130620543 0.0811899761803053
2004-05-24 1.4530945771906865 0.0561882071107265 0.041560802164188254 0.17518643127335834 0.12087188015156684 2.1261487442441367 1.2996202583892908 0.986561123841128 0.06257472822781285 0.034290695587925205 0.14046239205174282
2004-05-25 0.2357807366508242 0.2700063497117573 0.012816793454828905 0.0 0.029137965108335693 1.4594627279763521 0.7291811993304462 1.1644138800036083 0.0 0.0 0.04266801476297953
2004-05-26 0.6684702468518473 0.0880611811040064 0.010172630595602583 0.023447817104079484 0.461294497689266 2.612124178854131 0.10744955782066598 5.632427184409536 0.0 0.12166080382245627 0.0
2004-05-27 2.2710825733812356 0.015708498768878785 0.0 0.15170935604686098 0.03370991070752986 0.8779824451165306 0.13729130435485762 0.12236497432131015 0.025834498052559593 0.28798824045738847 0.014919542683530693
