2004-02-15 3.722749633689701 4.172627330979928 5.147995659580724 4.8035002773513495 8.491922248438371 7.225017828323642 13.237467487776833 5.38302842248535 3.0489752798465144 7.49515969816907 3.013678729167374
2004-02-16 32.771391128177676 14.543193859083853 19.57044397814505 17.201397906185456 27.939612179579836 15.941406417899032 28.142590996709515 7.191007081205054 15.093190928236456 14.780779362442983 38.98249928766958
2004-02-17 8.12944623688114 11.622910525304711 18.503107186108608 14.233926647988376 11.038253340486827 12.508005296031138 18.304350130049535 5.208247963364881 23.478101488786898 14.103681182962195 12.12143205716782
2004-02-18 8.183233039478228 10.295860303979378 2.505161459570965 6.44926318520462 5.748645033647316 4.735378729002852 6.652519578466606 11.44347534506804 5.123699431718329 10.975130306342079 5.769049876394219
2004-02-19 6.189996672749821 9.800209433438228 1.492465834089426 0.791233646904494 1.0956128849596458 0.47865716616801285 1.662917064043316 2.4005480113956867 1.0135828740186827 2.128661555469744 1.2190607456536742
2004-02-20 2.123819704903875 14.843624324334222 0.9948605689608688 1.785930704299537 1.2912619517510158 0.8830317337799365 2.4181240357627263 1.2125604289763152 0.8884634206400308 0.9191305024578468 1.053603481112309
2004-02-21 1.6313885620275943 7.095584545578497 0.16524241766103875 0.9990408294942261 1.717664531140384 1.799259366408497 0.2416020467804238 12.497399037471379 0.8639247660463121 1.1355513049366421 1.1290990854934924
2004-02-22 0.7601079667667798 3.2478805009083844 1.1269068838500718 4.842357260293647 0.9145300986726564 1.5258391370849198 4.249550235684221 2.434008612016769 0.1501176763156724 0.687864654710082 0.25733422619313384
2004-02-23 0.706515744206434 5.212632294518434 1.1180021914721832 15.101604101346563 2.1985286899357117 1.71572429479623 0.1789938630546099 3.9046100603504867 3.5956662040294938 8.123617563588153 0.30933697546766653
2004-02-24 1.6060319759878987 20.67649312906837 3.2297660071331693 5.472742397566539 13.373627362769975 7.18597094940719 1.518736125610573 0.5769073972478624 21.364618724503334 7.758422074819807 2.438846955935341
2004-02-25 0.949511050704348 9.902967617850376 4.054060966996022 1.6430026776495574 15.781925913646747 0.44114350671464 11.809993815898938 0.31639569416597324 16.27315363986495 0.965773090807969 0.5131942997521799
2004-02-26 2.511956783632865 8.078536944901384 18.155479999063783 5.763254115338622 11.257563562540994 0.23351163059690055 7.09784250339589 7.1276582956139976 12.558834607000247 1.7116433563196116 3.3847632342137635
2004-02-27 6.119910236713196 20.876611518317297 8.958086752237048 4.371949291139609 4.086933763921802 0.42390294042167764 8.431316287770816 10.189626556169063 5.32887440874961 1.3092712838899743 5.805362440278129
2004-02-28 14.44502261335381 7.578105399831598 8.855148537451669 6.549499118136595 9.745697110501332 6.464481315493919 5.348838933682835 16.577153230829296 11.851262392693194 1.74320004367715 3.122549459084285
2004-02-29 16.140287530787756 9.076745837558832 11.119255657845475 8.627884866923285 6.6667988774493825 17.935201206441846 18.86592640408854 1.9150132587958777 13.649380732741777 1.3044084287282702 5.374353218633921
2004-03-01 1.7067425590638108 7.840285962884573 9.240508402959993 0.9411119427236978 2.815939845294783 16.788868013698625 2.4291061804354404 0.8187396006163463 2.555615801128427 0.43930709536852713 18.225543911148044
2004-03-02 5.3733154121228335 4.7314032169153215 17.71548202266953 1.1072840525064978 1.8252564116042764 12.560175852610122 1.2723921517886918 18.43812905888423 3.650353264863643 6.069503563365703 13.36267152839131
2004-03-03 4.630779092551385 2.8266995427381385 15.949748137900682 0.1581070480988696 7.152715113393367 15.659046938202007 2.1258611615834697 3.7594661881881173 4.20451296446897 7.687586977177663 5.191493961992354
2004-03-04 6.6777992291388095 5.809338567348095 5.481085588274816 3.4827750839550626 1.3489000033848006 10.086646991200361 3.9629983079128817 1.5756771420283715 5.269135811384302 6.939210744336799 0.6508870696483445
2004-03-05 6.976224399534932 10.718425667704498 2.3151922425918228 3.9883261648740316 2.0405593245471625 2.999104874279786 8.071082300850085 0.21435455022309363 1.183912316972337 1.405154082534298 10.454317758911724
2004-03-06 3.526267477214879 9.780825156364065 1.9612368776438083 11.840148082393199 1.597599297920651 0.5381256967062169 7.1739255594486515 0.2806489611890319 1.5204409732353459 3.5293250192698054 10.424124337373623
2004-03-07 2.028424419612763 18.708054094956587 2.808935649430343 6.4584416304683465 1.994308041365566 0.16056330301862112 6.899207820788304 1.8686845286260143 1.899546056427246 5.724822171042447 9.527522439327289
2004-03-08 4.1677790838446604 7.5295599318570865 2.5325218566488377 0.9391302037154898 3.559786826297943 0.7161400088125482 7.4860430592082805 1.244352675057038 0.04027815413095252 0.4105234665717954 1.6795763390773328
2004-03-09 1.5796672047286813 8.362890514901828 1.1179502955858098 2.4920980189944566 1.8024454993293082 0.5855894699705012 6.095931864206872 0.2072821997497741 0.09285683888841081 2.3033473569255403 5.982232874248655
2004-03-10 3.1658747732106276 5.3596532440712945 0.6092341468394249 1.9861702605310891 5.078384842623532 1.3101400815073485 3.8551975332494197 7.527172752672678 0.3472366973718186 4.09993630800272 1.641738409829789
2004-03-11 1.264710726305407 3.5319473099949317 0.16623313738232967 10.01893107382084 0.2748288952752762 0.5177374629955912 4.7136807911242835 4.442358124197744 5.040090355782358 2.3949108903813325 2.1091361017590238
2004-03-12 3.066533130799172 0.6486957458472025 2.8532358514668417 1.6618867695510602 5.428450811080338 4.737747555001284 0.9460595183504033 1.3322933468376372 11.782069412016625 2.0052481753926177 2.846687331189487
2004-03-13 5.1005534385449565 0.9320292518636953 2.529508907454123 1.557093982150991 3.9765881746787435 12.094948698203805 1.175862317082132 2.4601109165880857 0.5305250531182751 4.015691724414836 1.8637097908615425
2004-03-14 6.009593347887879 1.4156348793628433 5.047581023875142 0.8006453202450925 0.0 2.6128158162615787 2.0845556087544495 12.846385823744905 0.027350404884233813 2.6808332111626116 1.22475033371967
2004-03-15 12.85624604071188 2.2381121282607914 0.7367305154506314 1.1714407547655517 0.2543796791650976 2.9864763824093608 2.026564512484449 4.129637928626309 0.09329882900010372 9.995805763725425 4.243921471496223
2004-03-16 23.96746262702985 0.4540899785777231 0.8535643024248969 0.8817219199870452 0.7778266821704296 0.8726412821072616 3.3911301322128153 2.407180015825512 3.57794642900041 10.479885000750551 0.4553551264906183
2004-03-17 10.611565798521738 1.9650637043324246 0.1620066911835709 1.0568598335804298 1.078147784255905 1.4570395182478388 9.817220529583341 5.865544612628799 3.3592690959231226 7.048756431193746 0.003821994859977878
2004-03-18 5.1167689344408895 3.2986912614109563 0.03948904222865427 3.5443239849619506 1.958760859371003 1.9385880708097871 5.944344806603954 1.0902514276949455 0.7899698785018943 8.17320177112313 1.4652495821063993
2004-03-19 6.49500743248383 2.792942570356427 0.018185498011623218 0.9758580893738121 1.2426020219188567 4.177229066249442 6.544964442622334 1.454645268403698 4.019461910543672 9.963306960663875 3.4050603569817115
2004-03-20 3.167880089506278 8.646767113615564 0.5080867200809003 2.701674498992986 0.6224743808639347 3.5602948358571274 4.4784919755710835 0.5008677482741251 1.2903403978758918 7.902645269277939 0.14155919147048196
2004-03-21 4.185866035228332 19.189332740273542 14.94282928583521 3.828091249761088 0.008356393205139746 0.3222575977710235 1.4878109344701969 0.14982598751866047 0.10029873619711098 6.125177729719482 0.003821994859977878
2004-03-22 0.19929055542139867 24.722243809895964 0.5775467106187013 1.7089983205710468 0.08110663705067636 0.13423304036815514 2.7456054219957635 0.194098074483103 2.2634474761636088 19.16756798381533 0.033102151255801994
2004-03-23 0.7570436307138213 9.24405924910044 0.07596624837104951 7.144698398166735 0.688211402421987 3.7836561406322846 2.3591123684206536 0.16616925269227042 2.540964655450408 13.737610716597384 0.37360661224273245
2004-03-24 4.888693682149649 9.832191148485533 0.16146105228952506 3.7374709224799787 2.628244521423049 14.04233300398399 2.1762763530124722 15.597969129576878 6.141282264360399 5.1001030487682595 0.7426069633577463
2004-03-25 4.9272610882000025 5.916561311265499 1.5081296834587303 3.89157826519406 1.854400940416429 0.40250719014154657 1.1601632302322287 14.960443536377607 2.5173693748333728 5.895269638197196 1.3329798459298148
2004-03-26 4.475189294320168 3.627320998122228 0.8853156096144965 4.4507920257601565 1.6644565540146161 0.0 1.3613350697155977 0.6603249026832358 2.0316950103335607 5.308081742983861 1.8601025363653965
2004-03-27 6.985364798063493 5.111978407333222 0.16177613315656875 2.0572385786824468 2.579804901181546 2.024897986150323 5.654600845982419 0.8011675430116804 1.850949005616473 18.989465289908203 1.5680900101573045
2004-03-28 12.368042354225059 5.686905372550895 1.4704651189269562 0.5424296977007628 0.8783983365103687 16.13398037928416 10.808837669040239 4.150891775555522 0.9934188002108819 2.6731831989308183 3.0276583486687247
2004-03-29 8.30460767307904 2.1728137156205474 9.01109037499501 0.22773389229722546 2.109138191960966 10.275654336246527 6.098473818316322 3.0343791753073237 2.229047326200544 1.903104137771818 0.28894822287803373
2004-03-30 5.72802474889024 0.08886147496224618 13.507377466298696 1.5164339788678183 0.8534876522215382 3.5374181928297683 9.019368567769064 1.4436638366703467 3.60453448633023 16.3669853619641 1.140858539371822
2004-03-31 0.6904206037811457 1.4539702803813634 3.06964037176851 0.446038294666914 0.4667858778725164 11.897440807688778 5.84562747198799 0.3060833396090886 1.5777948928885368 6.393859618102363 4.820093006479995
