2004-03-22 0.690023919433575 0.5918978125657998 0.4845691949129265 0.3544152331979056 0.8679440853893544 0.5088423007074309 0.897622640280993 1.401118609739549 0.7893353327417008 0.7414427072662626 1.6020030348221592
2004-03-23 3.776988494752188 3.490049873950075 6.767976828655319 0.18168548917852806 1.0443855425561381 2.5913250108598564 9.297021724171186 9.580660358793278 7.063255174607207 3.066665897363793 6.24421999534901
2004-03-24 4.903653609487179 15.146667005597813 2.352450733439066 4.966951108412513 1.504727270358959 3.0113002529909543 1.6224296371295956 5.767037026109305 0.45248330267178066 2.730500964980088 7.976216562558237
2004-03-25 1.672572455357081 4.226209277022387 4.953470689498451 5.283464223599468 0.8563489993129424 0.8719554063945247 12.3788099311936 4.516734683394576 3.7758130824056604 3.6347409519760925 4.837593659334634
2004-03-26 0.9471572358450959 0.24896629544692792 3.2378996450195676 10.19392886770585 1.01234528113413 0.9862386499179072 3.8657869743129383 1.648233741418569 1.2570389835933538 2.6544451556973296 0.6986800179649366
2004-03-27 1.009496195185323 1.5469487905983565 1.5530833485903335 1.9991935508900016 1.19351789350381 1.8058324175569556 0.800728389993532 0.4036355413960673 1.4706177560680156 0.5751463219648595 2.8929808337892284
2004-03-28 1.4893942817082841 2.236281746600394 1.604469171886548 0.4167876447297735 5.974407501298626 2.6799859331005513 1.568988244744716 0.5821270722077609 2.2068262140960178 0.7616181648256575 2.955682380573764
2004-03-29 0.6455485863667041 0.04241950750330166 3.484705380413061 0.27901379178085817 0.3192284928702613 0.053596799860738 0.0458923998429684 0.8181464831934289 0.9622231339235334 0.13917166883760446 4.310128360561169
2004-03-30 1.9175945692287057 0.6690016039834765 0.18598088809696678 1.4874489003554514 0.3955317049505782 0.7688646540829707 0.8465977507897182 0.06063042464102979 0.7005639637576522 1.4638079480257842 3.6760582151859253
2004-03-31 0.9903778438370405 0.3952530643621561 0.7121562706208522 0.4363674863855194 0.21389273612306123 0.053601141271039286 1.7157807826355582 1.9951112370651338 0.23491153653635327 0.38630003673915 2.568165658889577
2004-04-01 0.7134446592835286 1.648288744395302 0.3687979641516874 0.7320873491933991 0.45433273830178716 0.8872721485877908 0.35664637650228564 1.0342984624385823 0.20512807903523844 1.2250398110684633 2.449722604504732
2004-04-02 1.5596686093477943 2.1257551728623993 1.5974313556678021 3.073334876854319 5.166301678828699 1.544426536198472 0.4464540104548311 0.9583132253842845 0.8206720877801622 6.758603054997852 4.876511626954201
2004-04-03 1.7360971682209887 0.5449415728152163 0.9823943417353392 1.9768213904549232 2.345145152160333 12.841310318987741 1.3733898740602053 2.048209942566753 2.9752379196325673 6.076256693036935 8.79407677979019
2004-04-04 1.0109082585879312 0.1674056740626756 1.1368392143395782 9.60602022555198 0.4166034459437601 6.901723091031748 2.064744373352824 1.2640438153563842 0.6462387806896042 9.251827774782523 1.9257180396692541
2004-04-05 1.9645688733861415 4.093834151810954 7.837057819456885 26.19388462599552 1.2069366007509645 12.724424252868046 3.609412518873849 0.7907981668010042 11.069879972611892 5.541526121972929 0.2333013391044089
2004-04-06 5.71836261222415 3.1843087821473812 14.776185045675996 8.901070721284054 1.351322728891066 2.7784676020749197 7.610796212183947 0.0 3.0381731487921178 18.30758331220711 0.7867205981590761
2004-04-07 11.980595653384356 10.460570878812543 11.378428179479913 7.264995418961423 2.7627573404931947 1.1731084435363555 6.214350327733373 0.5785116663202122 5.237721939707814 2.881514849168656 1.2016904722754405
2004-04-08 7.223010706667274 6.066524264685179 6.160405835327631 5.323867840970166 3.2015550974466773 4.7788295539208505 6.2096121635699495 0.46548147338452783 5.999624652472112 11.59854293023138 0.18472573232025766
2004-04-09 2.572467353081367 3.8243265095362204 4.586592136756044 1.0194574965515653 6.498820376049197 5.44586393335602 12.77317072572124 8.110406403990343 0.2604115025678063 3.417891181788555 3.5784298689385627
2004-04-10 1.3957431438182248 4.745745374486183 8.760276588332177 1.0248128412450184 3.599361431010123 3.318276425352529 5.27169386165416 11.689397384009002 0.7482620103947617 1.3059869452234545 0.014911440093897898
2004-04-11 1.5064586639003728 11.642714871005104 2.031394237011569 0.5300192186321275 0.3797429972852365 6.135949939918877 2.0391393932223805 5.681243879291579 0.39877642822347625 1.922849131434504 0.3830600138873306
2004-04-12 1.7413386695375594 1.4077189173066456 1.7196037801734332 0.13895417063997925 3.405167079561903 9.978677166616723 0.30151140974131274 1.2449795553025718 2.508522598080705 3.2926886610072126 6.961910887372399
2004-04-13 2.7920621144678153 4.705680595131443 5.248220881382264 0.28010407831120965 6.7459091199410715 1.9339422880324444 0.8338255589278389 0.8208292446495006 0.25395406413387095 0.6746506590189896 9.86702789481103
2004-04-14 1.981178125799064 11.943279636889212 5.2396762417175164 0.7758073867368289 5.493764634862594 0.8114870465427719 0.810588293361181 1.2442815323105103 0.09153663118825377 0.2716687245044413 5.340272876316447
2004-04-15 1.9188225056084534 7.089858626640326 19.68015144502624 2.552009881201122 0.052186233375919676 0.5505909464815335 0.48735174901401673 4.701226569067451 0.8355694615384336 0.01161428197771153 20.12393830762578
2004-04-16 2.238437854450656 12.108389299226298 0.29006220363503765 1.2362263881975155 0.06040683194708866 1.2198050888511067 2.091701744347267 0.29214397886591786 1.1839484050666806 0.12614200191835706 5.511985068070443
2004-04-17 1.538169252016762 3.448113805518733 0.056084625348291464 0.16361456391211016 1.3380758899255119 1.227951091828646 0.5765828233547676 0.797029607510652 0.04239525714360111 0.019461378283808277 7.888428521681995
2004-04-18 0.9688363741225855 3.114987208361268 0.7861335571090555 1.595422548352262 3.409890205646078 4.4978193017283115 0.016069910594084507 1.0031996484772083 0.14482056615567587 0.9232408204654422 1.5161388800148135
2004-04-19 0.5323545980701286 5.683467908692716 3.780493375487736 3.5459723980799414 7.510936082314986 7.027235004549339 0.8897609631810395 1.0122088612980333 0.09671197702064943 1.3735107390051946 0.40991420261072087
2004-04-20 1.1032086954218447 25.507869473129066 4.872081143120999 1.3061074597227145 11.573650381844779 2.9013868432936984 0.024915247991804057 4.439777860984737 2.1739498888474005 5.633133098207267 4.482103890340312
2004-04-21 0.5580877241301485 0.2635206350331306 2.8306318683418885 0.00272241721745578 4.022928165847674 0.931466343901052 0.21571122181457947 2.4753284784561567 3.3210301631865935 17.570198562957554 0.27081298373034324
2004-04-22 1.1969734863738326 0.006954529811732326 18.564160931273896 0.08756820633758225 0.029342057511305565 1.261680713480116 0.5520274610711625 4.970288761438419 1.9376018968748214 6.802659690510195 0.9076774019146681
2004-04-23 0.22732483792194313 2.436444517542111 5.2111231700252905 0.0 0.022938485438151517 3.4214630917556725 0.8372626290615535 4.246525057475429 0.025009557565341456 5.892152451889454 1.8833604924745988
2004-04-24 0.8894187054003632 2.583143316177625 7.742574431226471 0.07873643549184982 0.36013878056792753 5.3202502713941335 2.0359689572168613 2.2593320723092094 2.1032298606863566 1.2993494734713011 1.7627843053971735
2004-04-25 0.6297225424732702 3.7899342736974493 5.704802721668522 0.30757924557322697 0.5452354285347321 3.152184420892739 6.882396691415598 2.1105261482052877 4.2649101734417245 2.7322293711411225 0.616772337450096
2004-04-26 0.05415894093509577 0.6983669179541274 4.902064566023808 0.17448959887255971 1.6757895936131728 0.6045298994668227 19.472391938538664 0.6184057913346115 4.289062778770046 1.3100986364281737 0.43576106962664896
2004-04-27 0.272908731350605 0.3560977640456637 5.814570801735966 2.826458998211346 0.4790460670561739 4.4071322841530876 10.39566767362519 1.9332758060857158 0.02659578167104871 1.3310159353478817 0.12918945665301115
2004-04-28 0.30214910790690314 0.42560251766644164 6.392856873127816 19.774098729175975 0.4007697575863496 1.6780096555988453 2.951898349117564 0.46786602615227635 0.2541138449832253 0.5436489990375643 0.8593899195554762
2004-04-29 0.21964581445915893 0.013068301070696321 10.946196148569854 13.751435282398013 0.05834017742040631 1.772861940520494 2.560867810434642 1.8362481954131138 0.0303206548215865 1.0416494438105004 0.8268280701801768
2004-04-30 0.2680599134885414 0.0 2.0640969786580188 1.7517888911212938 0.010679327499621352 0.7037514349504173 1.3730521499112383 1.3910822382378252 0.09577288216821242 0.28529679893059023 0.8928710317644214
2004-05-01 0.17525773692081842 0.03271870146571005 2.6258999204865834 0.5367074776562963 0.5774637070782057 0.0814588527093056 0.10304993220551234 0.48513057754443895 1.0977606509763316 0.6761411845362204 0.7896693534197261
2004-05-02 0.04116073385947747 0.2447881337279511 3.6769646965652 1.044354150381806 0.48994831194910626 1.4971753474461007 0.03139348624275607 0.04251381707683906 6.06971575778422 1.713150408911586 1.0019036821431109
2004-05-03 0.9687274144472099 0.11755357875160559 2.155091793332495 0.8629943700976741 0.17154882267855634 1.9381988791936209 0.026192000722147127 0.011410158428105305 5.929882365859431 0.9514202593342407 0.9769562392991102
2004-05-04 0.5443888427145294 0.6753681148525946 6.040481601878312 4.6835629837000585 0.12872152028521905 7.549041005540589 0.07447317264489756 0.04654334207533411 0.11330121752472308 0.4148591587069719 1.3886422672481984
2004-05-05 0.1359961104851782 0.23706995505817463 4.724761618366864 4.924959507849488 0.0 0.4455051369723408 0.12077830083638182 0.0 1.7307426875684655 0.10224924482391588 0.31484972442442655
2004-05-06 0.8573379378393918 1.451208327142068 5.451581773661265 5.42451999246286 0.03630080255009953 6.0080351063864414 0.16115120312273 1.7530582078350165 0.43992086590858825 3.522124559726961 0.0776128598046705
