2004-03-01 1.5031565792868253 1.3202208087691367 1.3835213440655214 1.156096644730527 5.253286627115312 1.2087720057729563 1.4262420922257684 1.1342548437800262 1.7632525138696198 2.9074276275003714 1.3925109560378037
2004-03-02 0.6546746402598285 0.016414444683251102 0.2917704529896593 1.357278875667804 1.2116291048040542 0.030198628919254625 1.3173010365618905 0.8123391649098282 0.8101515556282881 0.2691027623406542 0.09426308264631086
2004-03-03 1.607293343937399 0.8823841315220867 0.18041884809400713 2.8204326827643103 1.0279857816972804 0.25467938407978086 1.2392982514315645 2.400875478711394 1.8002675714931762 1.950518555377813 0.2115265851480046
2004-03-04 3.4583608427504156 1.3578369749976917 5.194772825151157 1.55645333685323 2.421145642189942 0.9274203836255667 0.3611353465127274 2.0042818908877864 2.973407191603954 4.3742818920066995 1.3639549010373486
2004-03-05 2.458694687587599 0.40577266784096344 15.45528096634206 0.9206608712698761 1.8039368755372989 2.0492391862982133 3.39763085735185 2.3300797516266343 10.839553920855053 6.159944071855083 0.6664683302200354
2004-03-06 3.3994775944324376 3.9589149276468243 2.2689772427225705 6.742327794696498 5.517343619922279 0.5041992219198494 2.178588865999573 13.78449707779922 1.6387594705608914 4.937619680834182 4.386434144971945
2004-03-07 3.2492848050216407 32.53777769393976 3.720447830091831 7.861819378706086 0.3210448344029206 0.02831386289429385 0.3603353700332786 16.0797426466591 2.5884425277570218 3.013984700510748 2.624949622772797
2004-03-08 1.7335083549769967 21.868887516128968 3.1004487671688157 5.110253365033724 1.6625114124398266 0.10829559789263868 12.534368358728953 3.2670795627925022 4.264159545100612 0.8996978496675376 4.771941829412322
2004-03-09 1.607852241187698 2.990809519408474 6.180425995563768 11.734746993122402 11.605657983920732 0.3698468735836941 0.46314394926344393 15.584589593654826 0.7826015864806803 1.0126853798801099 5.672690201058135
2004-03-10 1.0198639794263673 19.05900998975948 27.178425474149606 10.283846189663656 8.726114937445438 3.8402326193314114 8.537380823190997 0.06124869051884418 4.315814334282273 0.8932374980486035 1.79454680944052
2004-03-11 8.781693000181718 5.535485778785166 8.814758464179931 4.494777610359916 4.383791640218549 4.586155441119262 5.476840040358353 2.4031738357047985 4.222349620999095 6.537756279033448 9.545353737574423
2004-03-12 1.4630660561623725 15.044016494810613 13.700804741550442 0.0 8.694175702515045 4.324228478904152 8.331690351456835 3.495382419471315 3.368042908981514 5.90898662891785 3.0268123619658436
2004-03-13 2.7896435798958814 0.7123006426310527 7.727922610914044 0.37082149464689423 5.419842647248782 3.7512446644691124 6.647198894519949 3.1857284905460395 2.897667054501729 11.859128340642368 0.7071845218734976
2004-03-14 2.211703623748543 0.026385093454628028 9.79200327365172 0.4156557338496847 3.9461650079488777 4.185389243575514 8.109113359674133 8.67429784962469 4.277263874219479 4.9939791956516 1.8817194556814756
2004-03-15 2.6604369509507078 0.73506452175693 2.1048625264127216 0.3924509882018218 21.077594285875037 1.3155899115055 5.049122166311891 17.56950012066965 1.1386929748365704 1.8078718355647898 1.0393840721396148
2004-03-16 1.0488551459807418 0.0 0.0 1.300518057195522 7.342756089544511 7.127214414041333 22.467179970556078 1.1988977056017829 1.94290223725997 6.640098838921616 6.6371977274045335
2004-03-17 0.7120062852647313 4.051209298644051 0.49681451536939425 6.354444001535267 0.014489613581825274 0.871938244039653 9.683679907718327 3.7068597969106003 3.6323524959468747 0.7206780315529336 4.000080002314954
2004-03-18 1.4959246820849752 0.7499232161841929 0.13311275428731173 2.8964892000384164 0.5655118278786461 6.761735862969207 0.9496901759055115 5.3675140097759915 5.8696314630379325 0.2623214665543498 4.381995836729105
2004-03-19 3.1586894125608644 0.6598226005397763 7.130849696209955 10.283031165842257 0.06618719334233879 5.507458099920502 0.8043386546050699 5.171882181034378 0.9912103616739472 0.6111610927589131 0.5829040746819996
2004-03-20 13.684223582000552 1.167367955314055 8.627384191435977 8.164238585729812 0.17893922770807758 8.947528337267116 0.31186057302948306 0.9702299847528957 2.0402492140817783 7.53003057187282 7.214199749113943
2004-03-21 8.374964315513953 4.248359977370956 2.3712556535145857 4.239433660436443 1.4208282281597162 12.546100254466886 5.548379689216235 0.33339104006006137 5.517637347498678 3.8302905464245134 10.04909934535872
2004-03-22 6.7669238292137965 33.696776432619714 1.1502208753154965 2.2144986242937925 7.299298518661548 0.23481045998382333 7.280196475044263 0.888892237153565 1.7373907019186432 1.2746591769398723 0.2881658250981854
2004-03-23 1.9357768977872594 4.929074541260818 1.132818288328588 1.8189853430188105 3.431477257862441 1.4587331551848117 0.5903924393390314 2.3264360523053353 2.093834573765591 0.33151215389978506 0.630993181072103
2004-03-24 3.1189925878434157 5.371754071036857 0.5974924749993661 1.0948708465007801 15.70611905399306 12.30023401772663 0.2432438100861464 11.649163113575582 1.6955015891459677 0.2521295107402779 1.8371788968488851
2004-03-25 8.171976179537882 1.7711155573879895 0.2976463629122101 0.8068767369042208 5.503169954709213 0.7649419557071879 0.059887942646106175 15.175932433259128 0.37621919100885004 1.1881405203566429 1.411917898217807
2004-03-26 7.9101371025575595 0.6704825945981617 0.6240571380563937 0.30680314549921434 8.329889621692724 3.253179381739943 1.2267817733527684 10.338408864158804 2.2023131140912393 0.17969477847503892 0.9131696309346023
2004-03-27 10.341382472641072 9.975812462104312 4.924589979383514 1.4971764648023682 16.406414971416428 6.544987734645619 1.6115535250474604 1.3754108279009878 0.7455467002079189 0.09023651495690777 0.28525000313093796
2004-03-28 7.565131197303164 8.751048318397507 1.9169169751953081 5.66988385841371 6.56626976548025 6.924191788939604 2.0395796923062837 2.661825498275111 5.181494661542183 0.09294194397617647 0.3280030477223563
2004-03-29 3.508441571496631 20.7301239722634 5.640730271387157 0.5672460097939032 17.49467028951903 2.442486511743069 5.0372449408774065 0.29067469272266877 2.386487301773207 0.46597131552826276 2.3417410361110678
2004-03-30 1.9845236746325279 5.751480916812181 3.060326385978565 10.509593915210015 4.0815875690631325 1.5846653506145345 4.534704239054088 0.22631814815763696 0.16135392951040944 0.4711360132627017 2.1778560334484816
2004-03-31 7.713998058056099 6.632833071094424 5.2823185614209756 3.7925408508014677 1.5738103396042944 1.4887668848278082 4.166363596504421 3.079099234871636 6.857536661151179 1.1237216408895847 2.0547194087086744
2004-04-01 11.637932386389664 2.607152222516037 4.651794999677019 4.35569822809203 16.453409744226942 0.9318761774249353 12.47324037072032 1.5384158355377282 2.2532308583625875 2.518498289424451 3.7324258303184497
2004-04-02 3.8788245690547107 0.40758069594337404 4.47288316053188 0.998152654780102 23.793816276114953 16.143662012872483 5.234465086805365 0.3959272326980015 0.10355545932257823 1.2077771782008886 4.695760963293253
2004-04-03 0.29536254941482887 0.19366503129172274 0.6631005628848867 0.9836526070136766 18.717865847027262 4.412806990272545 1.0476994396748878 2.017112489623539 0.5963446037326221 0.2901068657123812 8.848191521824283
2004-04-04 0.3647623771887133 0.26906546408625454 4.592971180659187 1.8446993900826187 9.666579922522292 2.443629268677788 6.182482337158939 3.9091695138718796 0.858453340260298 0.22608241408999913 17.80848098535479
2004-04-05 0.6807907210314178 0.20844850851835822 1.4783042496650824 0.940864146734127 6.524054758762887 0.39433913892729167 1.9600209766548031 3.016286845561238 0.015836257193990656 0.3134426164908256 16.86466258368686
2004-04-06 1.0758807086225763 0.21486973356205805 4.262969490500069 2.411814382616008 6.1334550400113415 0.47058629871621915 1.2951707727436275 6.196863690685796 1.2245288812061605 2.888457721305393 6.678011505005066
2004-04-07 4.815064459284688 2.7958294736688636 26.793387356256158 0.8224121290292707 19.53701481198786 1.3496409728126537 0.0 2.638358146982113 0.20768494707240154 14.501566948982084 1.7651424442226942
2004-04-08 5.197706598339588 8.124355053782818 17.745113617666505 3.1822413458643792 15.492068451549944 0.09765703259088773 1.1718937205260838 1.548330118079856 0.2309561079616151 2.027265822553044 2.7717762974214373
2004-04-09 5.136004561395328 2.1798085129517424 11.403075824662098 3.651029483144502 12.201628868985672 0.021584669984121924 0.44603225780913747 0.6698767604611483 1.363934330650642 1.5088917390138148 1.3892943885331714
2004-04-10 0.41932649363155283 0.2396244842028184 17.808301535245775 10.416509794956866 18.436328635526195 1.0647269891695643 0.5848920508535443 2.4228093893898457 4.276773290140473 0.3245581232385143 2.499662431108753
2004-04-11 0.19402228985112802 0.6305319102719049 7.6524511164650075 3.4712346275078594 18.42156501667964 0.7109252103448771 0.1300636637017462 10.7184326906152 6.286593600560249 1.5986168186190026 7.942580315817093
2004-04-12 5.048239769891196 0.8845981460233754 13.960983701662315 0.33200485104452787 4.473868460428333 0.31937918970855456 0.5654217280566747 1.7301793706624344 6.9168368100839075 1.7577582916713368 8.876563388801719
2004-04-13 18.97207925230675 5.869297992306848 2.175897311041457 1.2490683611920885 4.510284269240261 0.6904488383456407 1.6388260306554785 3.596633037324205 20.286437012254318 0.30706605429304845 11.628503672726879
2004-04-14 1.5989830869355823 19.02453726062917 0.6828326607997852 1.1061357041417748 4.938614270613336 1.2691739915985396 1.0792465160322666 0.9914198117262312 10.342529986118542 2.4156755996533246 1.094033549603416
2004-04-15 0.7582393319455364 6.622497242979 0.46909353623549843 0.003940777321187902 5.263237043786154 13.670531925106221 0.0 1.544005801389843 11.918354432418509 7.040124417473128 1.619180346410534
