2004-02-08 3.844465039136716 4.111911609605052 9.805372953053835 5.8439632734108615 4.751278566655403 2.627978894882664 13.485362995629359 1.896140831382514 7.015768677587014 7.3822056774643965 4.606321335180649
2004-02-09 6.9563099775933805 3.1541875800352024 8.542416978987138 0.811954448420706 4.396662337847098 2.348822104535959 4.410199780268478 15.097324606646467 4.264662738445564 1.9752718698165794 5.721155648560462
2004-02-10 6.0885029790274965 10.722621823738553 1.7616796874311729 0.27825087344116906 3.4436367570950064 1.3296835826545124 0.8823778427605025 5.284599889314756 0.4710439299206768 0.2150594815733912 5.8430437480307615
2004-02-11 0.9581942015457952 0.7438264061045705 1.9965126549820518 2.0518923972700267 0.05424058806921801 3.9796029483867112 0.19843216560511065 3.97795554182699 0.2804622846387804 0.0750650988528902 6.799179937129228
2004-02-12 2.2149660303909036 2.5972923882617187 2.4310975492732583 0.44516375841093836 2.17125748079191 8.974384241934441 0.08945283319932328 7.801582251538009 3.8524912747066082 3.0428896030533927 30.20256722547311
2004-02-13 5.030780034778109 0.942288580169123 1.7026054510990072 0.5772584619338887 8.438041963082597 1.4800026679200462 9.23896315742254 23.46566136715542 2.1070137721927886 17.951053199666536 5.824768756590844
2004-02-14 6.911186927896743 5.014385511822289 15.564359306602485 1.2899582171255797 12.608790837929 5.581646523570505 11.407263992118207 6.68059023768172 7.5663947278954575 13.046074909139637 5.636255807240653
2004-02-15 5.03584503406352 8.348542666272207 4.804260460860595 2.0610057827711468 18.9720812815227 1.6890898127183875 9.066282818048943 6.619425596332059 7.51530096635829 9.1891274245545 4.030668311637124
2004-02-16 5.116150184140001 5.572715714794316 8.402309018805164 10.481845217098163 12.168017711192705 4.39068220737931 9.217901789777521 5.817182731131352 8.909427498183016 6.282179871856609 3.0794569925352664
2004-02-17 16.636489605542828 9.027939878367496 7.282493553657753 10.77917768439604 48.11970507218624 19.5864682948299 8.100627846369955 3.709444777970421 7.9137884513753605 10.682390611341269 4.319799597758877
2004-02-18 5.763807001797724 6.8927523400586015 0.7394687566543382 1.0272390301215675 5.770353261708663 9.08269171428186 4.170793291722946 0.5182645232244383 7.786953924910261 6.696507041086163 6.122759839492639
2004-02-19 1.1496783577937557 6.743736329682195 1.2239776009227321 4.574155469963754 9.929519211738427 2.131411328225394 7.597548935284324 5.513761301137597 6.879338087472581 1.3129174695387706 2.702648846284377
2004-02-20 3.380967265956559 10.066902908061572 1.7474544554492346 0.9104196825384742 11.614202210629614 2.3528996000161935 8.156524171676157 3.088653557498389 3.12411377379574 12.505966679512301 0.9143773364184138
2004-02-21 2.889908685143097 11.405767509996817 4.934672685420152 0.9360721076371527 3.870644889614744 11.86235356239175 3.1764512433248044 1.3934175594627096 1.9096135186209113 15.965097220989847 2.5849683960419605
2004-02-22 0.3866907536154392 11.696398390610074 12.63553691970257 0.7763381883632146 0.28020427405802084 12.117761856428025 0.5154894037780897 1.6245202492657915 10.045635938721421 1.0834098142220983 2.014406232078982
2004-02-23 0.08093475122353 32.63606087942327 2.530651580240462 0.5384038964990919 0.0 5.539537808786996 2.4036143165050436 2.3403967425343337 13.304538735297935 1.1700352886981167 0.7647553551027253
2004-02-24 3.184677994683196 10.737804247843167 10.212494381828678 11.366339018563696 4.4152661408101626 8.311400553827923 6.673942752430885 1.6179812720572264 16.326105868203108 0.6186977287313367 7.367002615048703
2004-02-25 7.787813465676687 12.785413287964097 23.97356053873135 14.20677910201245 5.708638780548501 15.599428655295227 11.070312271232176 5.412415590803873 2.953112556790311 11.186079487960773 8.41296505133362
2004-02-26 5.783485565361376 5.519169113176275 10.97472476438104 10.161989993844793 5.158449480372999 14.939918205025343 21.23139954383663 14.551560204140525 1.8157929133586217 4.763152910724136 2.072715572789831
2004-02-27 7.515275322933482 7.670636821263738 11.45853959593179 5.937842788375726 11.083125020678082 13.814149976117877 16.30623686860459 25.832853009317994 4.997530297813674 4.71321987850769 3.4856989298168797
2004-02-28 6.699202170353912 1.3957684160991386 5.630811487531667 3.019583299191959 7.583845649026265 6.934237349230715 6.321619418186907 31.32579053022355 1.7177882828213193 8.515223055967002 14.853376064206174
2004-02-29 9.462823498225909 4.645241357961589 5.705140177441843 3.8169155656708993 3.1627502673867713 3.2727720379167566 8.07851902311901 19.507832868172287 5.584557044109227 6.79184861007162 2.4225619200479924
2004-03-01 15.474576219757601 5.085582260591455 1.8660263077011199 8.832365258044264 2.945944765599524 3.6331645281447003 2.4955607105738205 2.9036920898543412 3.3572326798175047 3.9473139445004755 1.1589719637237152
2004-03-02 16.82425134205338 11.205278551110666 9.349016815491536 4.131570826571804 3.828607451403781 6.639406644578784 0.02223275819649415 1.510947935295341 6.252705839392023 5.145748526592832 1.7447780378791884
2004-03-03 18.177011947964875 11.54587821162386 14.907925145104112 7.328014256683202 11.770093115595039 9.135721036846672 0.7125727047812538 3.552443558461289 3.923417706487086 3.3513597989301482 1.3355782156363198
2004-03-04 16.233128808203013 4.324104845729165 7.094881971942031 1.5466780009242298 8.581460683084515 18.662887230130906 3.3279335148540143 3.795056981413164 1.7342217788286969 2.573964642338816 0.9683707343076825
2004-03-05 13.512212907366518 5.893213785379123 2.499314923443227 1.6072751632835538 1.4235832095371586 1.1928047183834516 0.4604338490489729 4.6375026699838475 3.366310593835713 3.3675464155078387 1.9038720608483257
2004-03-06 15.869324317723255 8.554572602445305 1.4740764369074844 2.2424971591623626 0.2800325208618045 0.11400294202974699 11.068685456789918 2.220978815113779 4.3877699606506795 4.928031786247094 5.5434445322692305
2004-03-07 15.062796937307638 1.6448800657199207 21.423162264728607 0.2602186508959028 1.4344285852721672 3.0884396824309888 11.438417359022054 1.9590120989837767 2.3706631323658236 15.683867272384834 5.360104468741461
2004-03-08 4.800481628614607 2.052016900243361 11.001866150424558 0.8278799608526313 8.751079871617563 6.4812883590344885 14.574029445726818 2.128704710954732 6.774989251567041 3.064927249076751 5.6295276602877
2004-03-09 9.848662521529578 1.6214349358729117 10.461079045725292 1.2050274703541681 5.260407875027562 9.43947163314924 4.776378288321026 5.765946487235679 8.947753327097626 3.263106977531591 3.15360977874231
2004-03-10 13.593264238492342 1.6436058173743295 9.128221554010251 0.024179128321122543 2.553697071490538 2.6979927752373998 13.13518179692515 16.48184857659998 15.778897383576949 14.328331149417185 11.98821023953154
2004-03-11 8.67863783288984 0.8064982457292572 0.9308241672582624 2.837196205540293 4.582106329365322 5.617344222964979 4.618748638901499 7.611010193493502 7.223090825672366 1.2804432525653078 16.074064551255972
2004-03-12 3.061501029857552 2.312838363761607 1.4175578854994282 0.5843839183894457 2.0078869145398563 10.208972658618666 1.0705470319896717 10.573842460626032 4.967427340700429 0.3806214726733935 5.0623358664948235
2004-03-13 1.0593507336472823 1.8894157637805655 3.0564885378544924 1.8775310531916398 6.103268294980774 35.91306042076185 4.121603856378243 5.952722192182781 11.02533108687334 0.8592937372555908 14.44463671151801
2004-03-14 0.6065290914528664 8.495908286161448 7.609870569035124 5.264429069811787 2.406895608237944 36.17105605278074 3.8916037410571596 0.23568889448573613 3.16333721435691 0.2558960999872635 5.882831281350642
2004-03-15 0.059522943464854663 4.228282391339756 6.630767202704952 7.1686207474082275 1.9505111792682606 13.236190896049708 2.5272091041914297 1.627171979641509 0.32415352382875473 0.03714157934101606 2.1954237255052087
2004-03-16 0.24697589038422252 5.250003194533828 2.93357026747967 4.66562934673915 7.26292589687964 15.490442726958717 1.3051658596983329 4.312679965675011 0.3764081947977017 0.03228513876264924 5.427568428834453
2004-03-17 0.062165645638315156 11.594615160827638 2.7042970963986788 3.5028817717789025 8.503371474702712 68.34551347999687 5.550813456799398 2.971583580062932 2.077451338199677 0.2115614078621728 2.790106959756241
2004-03-18 0.5525912683920519 9.018672481925957 1.0280186858134308 1.1910813215904046 2.1266339090643753 9.99335009680814 5.128125115175552 6.999336144550096 1.3031055607893645 1.1777807624212993 3.3560433968118764
2004-03-19 7.211784737287204 5.422982792325415 0.36035140384349656 0.15653064249313772 1.220438023221977 2.386300342447192 2.001465588817422 9.548292712122956 0.3227098308513545 3.0765493063176907 0.4519970514438455
2004-03-20 7.32756312414469 7.251261438577409 0.8852138665153948 2.097279356073273 1.0851444249228632 5.8542876166075715 0.35360471758581336 12.55993448641046 1.5292343091288814 11.471013681219901 1.7010886211532543
2004-03-21 1.3008778315595335 7.748429194575543 0.8928466214983097 4.529255504806108 1.7259677497871397 5.489789731296613 0.06823402155660231 6.567772602615086 0.8541500275941153 12.257130023648397 1.5433486300024528
2004-03-22 0.7677246534769584 6.652612213464566 1.8368247274258 2.2565537809114793 2.220934096784293 15.44869531895315 0.6684858832572975 8.9939181639063 0.9035354437036093 15.432240661583048 0.8630637515661272
2004-03-23 0.2164513778505449 2.750529295275812 0.8390348776511168 2.365796389845624 0.9761372555121317 13.931924786287002 6.683137981332983 7.7750688410972 0.46829996943142294 1.838123904969288 2.221150322608547
2004-03-24 0.4666420384322121 3.937194107747879 7.789301496536284 8.517983397207146 8.138637020509433 20.291961212581118 17.675262538458227 7.887419716886097 0.06690754025290073 2.887124277036244 6.622597501105769
