2009-03-01 12.55330221171623 6.082484166764814 9.698130498159772 2.593287104575788 29.579151345909295 31.342832866600236 5.589313071236052 12.152421858165305 14.137254116092372 15.463123522287486 8.798850767788512
2009-03-02 19.79667138783633 8.747143895321596 7.701844903542442 2.3407503222445274 23.483832265161425 24.19902433180916 6.779495893712156 3.7293719995325323 16.345208485309932 10.835618101887235 5.18673089028985
2009-03-03 17.12071800662478 10.426683458432406 3.943890431257111 6.91290048474284 28.334905094714983 16.43164559907335 7.591572437865558 13.513201232556266 17.944356077733197 13.204560130085309 8.122205839668235
2009-03-04 12.776567850891 13.013858511663393 3.7040781188699476 7.723808742529949 6.244080951280158 5.930218784237832 17.36805691773733 9.65963508412312 7.41245630446895 9.336987741749411 19.86378629593692
2009-03-05 6.464554577555608 4.775140566486877 12.102489047287037 21.996782684800745 29.229552939416138 1.7308002050117293 2.8251637889561065 15.053553980253529 5.131053545848587 10.018896787163412 7.3389504495340665
2009-03-06 13.4267481373219 4.313729407942144 1.8804881171529195 35.8787008233087 5.879567204495768 4.715772208102027 1.6163939759125554 34.092905338387844 7.580271411148926 13.084839317036298 6.46701023298473
2009-03-07 5.544261918062876 6.6835643045476205 8.263194698805783 26.844330474481296 2.7783238901780116 11.27799501132798 3.457384079796477 21.453198574706065 10.308630095817094 6.4739738418413975 6.632168801659123
2009-03-08 1.2865576610748741 0.19994861926805318 18.69656306157183 6.872865324688005 0.14746938812698865 3.7129098438685486 2.6508297016689513 2.167808641455422 2.1257927477607907 0.7694331196093586 2.882152495924484
2009-03-09 15.170724581735982 6.075820207545286 4.498222198037092 4.27062982089439 1.9745995389228561 3.7391962834872112 5.854548709415029 4.633742820863625 2.016681643382252 2.105849504419201 9.357932654465927
2009-03-10 10.131552051124181 2.2414567069743896 19.43727459299766 1.674579795373609 2.6532931892772837 1.3381361887487575 4.891858864468023 1.177393194807667 1.5057974164710917 0.9015177446312256 9.081987900498111
2009-03-11 1.2278267944927035 1.6805527064271568 21.472999527605168 1.4321860440902472 2.1069891985674722 1.2856193791348798 5.167610278104793 2.7589412540700797 1.815659758878285 1.3667835729892595 27.07422424286527
2009-03-12 1.2156243619850085 8.19700185626746 2.9007648244308686 1.6656845237597486 0.9590941612856643 9.80077299686704 2.5983585555252438 7.597770303474768 1.7406041257637899 9.25069692497508 8.054235253951354
2009-03-13 0.9115664681146575 1.072227564163764 6.8378416430777635 5.794550884591236 1.303265257077276 1.8445531503937225 0.5781011003864327 5.771290296163453 5.196713997589908 6.636708725807681 12.494501391388548
2009-03-14 8.143753969930458 4.115737108352048 16.086040040750518 7.73912050398499 1.6646474946472145 5.383434898720193 1.2922040424112426 4.535359834145419 2.87027644879186 13.470867074518088 4.108390731426751
2009-03-15 7.571267145678194 2.322240563336062 16.270919433865746 10.888734117402933 5.912288815081654 6.125350130733477 3.707150112124182 5.097797142702586 1.833548453671972 4.1187934111946 3.3832545008876633
2009-03-16 0.8398369841042908 2.106976158017464 6.733056428248607 21.392259266575685 4.641430212818594 1.9077494147227505 9.487440565462155 16.06307947262121 5.501095157023333 1.180432824589438 1.30566948229338
2009-03-17 12.408224806822467 5.553007581087085 7.8178675447186246 24.79813567822955 7.807167541565162 24.10365187876001 8.786544899604229 5.986861148206285 4.503509617407248 7.852348615981972 7.4136356810356645
2009-03-18 1.900830456756397 9.82297658078506 2.0354187984499097 11.352900627526218 4.497908003693436 3.6721197030968216 2.0743201114945933 13.86815028489433 10.5916797543417 15.107132529119577 13.619809548202841
2009-03-19 14.917569252565741 21.708872535119617 5.584749263067716 12.990828763290121 8.090933307630397 2.3251009522742057 11.13130204757002 14.347470392736685 1.5057127251089448 3.2134272187661237 1.6588423068697273
2009-03-20 12.378181308622217 13.485753626673251 6.284400033168326 20.381859360919034 3.1051258826903854 2.9576840869979417 25.01952653936406 8.351266247996818 2.356034146949894 7.36713600099684 1.0726212161894697
2009-03-21 13.417554352845423 8.038545650543501 13.994974030498541 5.813394561114582 1.0097986827076315 3.021866149374362 8.153292375685973 9.968318174555675 22.105730726010336 2.2207989684919744 0.4512043253726109
2009-03-22 13.359754749215782 4.3106555524428245 12.438236212483323 3.350756986909342 0.6942143252492416 3.4696112130607135 15.193949008104774 5.193360111522283 17.509880290184125 6.120657668637155 2.3107932085682266
2009-03-23 14.73611651577639 3.1192302494356285 28.96939968674581 2.77172088946682 6.543598469442058 33.937457452863995 8.343303937157607 3.6745376324067154 3.4534095160489775 5.451839092905124 2.0354551110103496
2009-03-24 16.28324252908924 10.079743338386661 14.269424026322064 6.203535774338954 5.119536034462219 5.904572698054416 15.58404365008298 12.030752301522105 14.100352456044533 5.9724848518007985 1.4309064246866692
2009-03-25 8.569761070832909 7.731311479559146 24.2970734993484 5.91816092677415 6.3281608356944865 7.988725883660557 16.1424324852132 9.427401756626786 7.835611790079236 2.4443729358522974 6.462446988147045
2009-03-26 19.240843666950305 4.704212613329403 12.011016454697824 3.573333266319617 10.124785322791222 8.400949660886909 12.412065239095796 10.011756900086933 16.151984521463778 0.25706991094743903 11.237742188252987
2009-03-27 12.275762651604477 12.538376413137822 4.2050479156366 9.772941814478228 10.324842683194097 3.9226640002023743 12.270594519027867 20.948126116121095 6.889781986208291 0.8924340996349013 9.11167483013832
2009-03-28 7.834501121256487 19.2492800715063 1.4687753257755358 13.726572194921618 8.489972070193561 14.75790765594807 10.095751020135477 2.8737029932751534 6.277960226583495 1.0741521859596332 9.13032421876894
2009-03-29 4.9495000690384785 1.3246796764626283 0.8433458562221308 10.579160125740538 10.904986433359788 2.4866177748697527 17.736602437049825 2.511162683212201 12.399416992569833 0.9140888243719476 4.738165078756153
2009-03-30 6.999477162594083 4.18368593738748 2.3586335364866113 18.313999944612224 2.297099907761755 5.014960455314023 11.873242689928933 6.22088294546862 6.908944230557264 4.713028093316404 6.976780675661692
2009-03-31 5.816460569436783 3.280214096231907 1.1023718107622162 6.944206273481381 5.291038223707274 4.57358499977598 7.884330701565482 6.532188199439421 5.215002698778026 1.5378836957209092 7.191150157290446
2009-04-01 14.46735116506531 8.352136148129242 0.4406992249191901 7.749833154697198 3.0404547658594554 3.500216243690457 2.1501158369686943 4.7891878317505485 24.414243157584536 1.3135202344397086 2.220433767394728
2009-04-02 5.947483705035985 15.077003959413272 0.581467670632098 4.057989570735969 5.705682446954668 0.4574598239548884 10.48333621268733 9.371575719110062 6.049274972815746 1.3661025759181853 5.30443224898959
2009-04-03 1.5864718372170277 16.848675363687924 0.9620632272786355 10.676363226938127 6.872579716018422 3.5390967650217227 11.708589314129117 6.73299119827158 5.8325168014771025 2.8118867577351967 1.7571482752428036
2009-04-04 0.4497348198855961 7.733821873867576 1.3185249564336758 6.992952319229031 8.096048318969457 10.76066228989917 10.939314693017625 6.659423480014746 3.783508212986517 5.308101589848746 5.251800284981299
2009-04-05 0.8009525175615498 11.544017464026975 2.1180759283978836 8.018541182200881 1.9951048684182404 4.183834350870869 7.006975228068025 21.02058746150557 0.768460069935647 19.55985551082801 1.1474761633209378
2009-04-06 1.9934914645710686 13.791681786441387 9.244676081175655 18.492603809019396 4.165212061531928 5.694902849855003 5.492690492499408 11.735371784784792 0.5284280133204602 4.017236246302266 4.578159579143377
2009-04-07 4.349082275018721 3.3831469443221516 10.175547379926623 7.538465127940254 3.2496190179329485 0.7688332471316466 8.756691610937509 6.635090951467 5.71156989504044 4.183654132879614 0.7564443329213731
2009-04-08 4.8570771034438005 2.6828814559643535 15.730810246068868 16.17696689975266 3.4750171812723876 3.7773233587962216 20.82953342703248 3.845648861584391 9.794414280448413 1.4012258177481365 0.3629956756768964
2009-04-09 1.1970969897001087 11.874575753806038 12.481128996609687 8.933288930747528 3.943023405444869 0.9334024064661147 14.481951081331466 4.355454189884028 2.7141787688624777 3.7529527685269555 1.5986223100666983
2009-04-10 3.63995849566505 3.761717354493192 14.225131987296361 19.58814064613123 5.759272810242905 2.1549034380382768 10.505713845389913 5.451987386252864 1.6698762036670272 5.302834696257495 3.752061410677905
2009-04-11 1.471698975833754 0.8744844549169395 13.97188919309779 10.478830964155026 12.651806068490188 3.1871428164538185 35.3074236666383 8.601367784341747 0.27416460945064547 1.4604208430249295 6.095993563887075
2009-04-12 1.4875533542285801 5.162090498397653 5.532826632094954 9.086500098352868 18.119470523449806 7.378678990129407 5.8792898132049665 15.925546611421687 1.448521692891168 1.8286992080830067 0.07669881560104284
2009-04-13 0.8518552484237258 7.720482377194457 4.042535158122911 5.8618570530192216 2.350686495474527 3.4025756345731137 14.34029247972864 17.74218438345339 2.6945593852183842 2.7657792474316722 0.747448516669866
2009-04-14 0.9737839713736389 7.0483096035944 1.6966899339367043 8.257358904775568 2.0863021945781965 10.448621998251928 39.46745686587407 7.937109448947317 4.4008523037789615 1.0634733177809204 10.603155097508287
2009-04-15 3.021864053183487 1.6930455303529102 1.3697138338108732 10.094931779275583 4.713258958436256 6.801629497646466 21.424150173710714 2.097433681053986 5.359377927989076 2.744068734598252 10.175964151567793
