2009-02-15 5.898094899617895 5.446435323000204 8.935559651593802 7.110484638591982 14.626588367157993 3.2965536654905674 7.961792800775492 13.68202042215438 5.902581494413065 15.161173963059674 3.083404779335675
2009-02-16 8.480943909866227 1.1627390724061808 11.486167948463565 11.767795245338927 9.576553584550455 3.7129067277836088 7.926650018028655 18.262202144966484 12.67637472144689 17.3490725626179 1.4379468480251887
2009-02-17 2.7382989169048635 0.4751258501087487 7.870226409089357 5.309424587222174 5.441287246617123 1.6564906829790655 3.2285737986957725 8.067361120752008 3.569949076362604 4.622784193760491 4.375062619873201
2009-02-18 2.588618176648856 5.029772057639253 2.7278262651282685 12.337750365800384 1.1982529823972894 30.957010410672183 2.4618893577367307 2.6959094132432786 1.9068823790153777 1.0613931031962391 5.971622199202189
2009-02-19 1.4543889712910156 0.7983788603945888 3.2536531770282284 3.49387328540731 2.341774274792292 2.2825024717308064 5.268929114632527 8.159379208265939 0.7081707473419965 2.0420972755291875 0.5744495697358507
2009-02-20 2.873777320413798 1.3575152474742707 0.33685635529271757 3.6842127197213292 7.187171751926452 6.947219119120787 6.013046035132643 6.614174262673398 1.5885524562430742 1.5305443213390366 0.9691546125602368
2009-02-21 14.105625635040168 1.8501099333208215 1.257229484915151 9.19973639834332 8.77332026633529 10.142542882953633 12.903048449209425 5.384754549297606 5.693621057000772 2.9067460428565655 9.883830119807275
2009-02-22 10.440143838579438 7.087069209712723 3.7567257694686496 10.751578947272002 19.945086675836603 10.677647837501954 16.432352319415166 8.879914013592648 7.881774885980715 3.6356441004537063 6.570319346979341
2009-02-23 13.089993487609423 11.01763463176825 0.38379306219156195 3.1921826930625112 7.963916295311725 6.868560513481751 17.66557341439952 10.392371584179688 5.243468707217142 2.4868547794183566 3.900590270493233
2009-02-24 5.062862549497872 3.968149070709696 13.171469574731649 9.764791156344256 1.3730647236767415 15.47828708538474 6.442620187621268 7.55030313040819 8.02981398898785 2.392830828202953 14.540304404509323
2009-02-25 12.760769816805716 2.909421490312468 20.607455796659416 3.852518583636179 5.277588249734615 7.233791701032987 2.7222685979833177 1.5710704424157997 2.638909664838586 4.998606739562456 1.426443657478879
2009-02-26 1.657372489071192 1.2529667004550304 5.018860430867076 6.900316037196754 6.731669228041699 2.336893180890355 3.693838105995147 11.737586247048261 6.2124108240199565 0.922204717459388 2.0969578031097464
2009-02-27 4.504316057943638 3.620113384043014 3.488456575148364 6.557318454094499 1.9284746708436729 0.9694065047768201 13.095922179334195 2.225128515955468 4.275424488315536 9.67385079601586 1.2413065089186515
2009-02-28 3.7838351176270315 0.659194096419921 11.013685211588143 1.277184136704493 4.796970298768782 4.806085115639014 20.664857912460352 0.37813099988531496 7.538893525783518 14.151003809078844 3.246825670849311
2009-03-01 5.614120341037432 0.9327405812704811 28.068062165372545 25.72314846917368 13.558958009931521 10.25529636281604 10.911039054282751 0.8026364236013657 7.598878471831399 14.69526291566254 7.586766415385151
2009-03-02 3.415647614431289 24.84169412317791 4.645107000006412 6.109303549601054 0.8202967504801598 6.28094347917243 18.17833567325522 4.485893530182114 18.095859752654714 1.9532126843218518 5.90641756826922
2009-03-03 10.64554762544271 10.001503415173818 3.1429148171458126 5.9381110671640105 2.8564469185629306 5.781596393301454 6.786888737840481 18.963286157802052 17.113649456812272 8.825440113377454 12.038507629407485
2009-03-04 12.694263939493236 5.520408558761656 1.472958065234966 1.830104605593648 1.9174444243974178 11.834735586331847 11.704186487636452 4.401323265381991 7.2222939656101675 9.079857476909106 6.26734669398734
2009-03-05 10.31381270592092 5.307061069642772 1.987365456617824 6.253388302292694 1.5618509466413955 7.017713675847504 13.774341258739561 5.504703616115665 3.9711971908821493 3.316102763049556 3.2400369005326946
2009-03-06 12.417467957943586 3.4508792022295953 4.886289413976948 9.982427118197329 18.175886878067196 8.641861919542844 7.226391417139511 10.72056463132899 8.601586230646829 5.133828813380092 12.199554089939038
2009-03-07 9.120425062568216 3.2926900941988495 7.891672264494122 5.019148850036733 12.018195139294043 14.83124539385178 10.551394318886132 6.489139239239366 15.15964106951928 1.5278170711140895 9.455921336240639
2009-03-08 4.988033915476388 10.48596280780907 16.355477451107838 1.6245211358190081 0.5016721840460905 0.9171155399129909 2.391888121238428 3.1855083367380272 14.65840100530216 0.5312299974900698 2.0837626687970507
2009-03-09 6.4522689631326 20.30181185942017 1.9988354099011882 1.156957670663255 5.911024983655074 0.6679731074103916 2.106175446329736 6.742535936902964 4.059003856392417 0.14725966156478174 0.41620250915104046
2009-03-10 3.4623868152776662 2.88176407476716 2.973749949287858 1.1342513275734092 4.815047628380772 0.8580272276352365 4.985502991038064 0.866198360296849 5.193630184800332 2.6057671890587164 2.7202919787348145
2009-03-11 6.639349499810082 0.205025227189909 10.0159530964474 2.5066661483681822 8.027373036748045 11.022180338309944 7.327707724823896 4.433274445545983 1.4409416147437453 1.5133519241066005 1.7104531828616294
2009-03-12 7.638938965753799 2.528856316195297 26.98996593900821 1.8187353080633284 2.0076777034937234 25.597054486024952 8.82343661860757 4.4461566594223845 1.074826464952771 8.736569705453462 2.291605488872258
2009-03-13 8.910257354896839 7.646102615373606 6.722531638762525 1.0679183170911637 4.418518084684296 14.022022929665432 1.3650839729157358 13.516133866457347 3.5447630318146013 26.149780277145716 0.9517413397381863
2009-03-14 14.563586453831224 9.842879075176011 9.763891316774405 1.468017221059276 1.9545646904446592 1.832142484872609 3.4029216575550705 11.633961789113302 8.381106420952312 18.72298035165305 5.043463749578055
2009-03-15 3.714053124554476 8.717258649780145 7.324597775191646 1.56191862466731 5.849942057907124 3.427087653976857 7.0695604640134615 6.70292240778375 18.603963542407357 9.880899544128193 11.62645967801513
2009-03-16 8.285390743988938 13.357732774045893 0.704722610458623 9.264799591794922 3.8208300960011403 14.761908718937145 5.0078996203895 4.979289147422498 18.86628763468888 3.827565776219525 7.806390461056893
2009-03-17 12.146581361739319 26.41968268632303 0.019533046098091304 7.662316990637442 0.2562317405200702 13.494807806337613 11.293868586154627 11.739708286371435 35.86793515899041 12.921856975721616 7.638857379902915
2009-03-18 4.4220077535502815 19.38601085423141 0.1193258525211982 20.547450412149857 6.721143227764564 4.9190566403151355 6.003118384762979 7.93938044587592 18.895222777820393 26.10857850638693 16.487335522328827
2009-03-19 2.261129651402605 2.1053504773824194 0.882867853266915 12.547617429433288 21.17111199208787 8.425155946223107 4.0351054122939285 2.2304484868958863 31.65607627533454 13.464269864565352 15.15863540572408
2009-03-20 0.016101766552444725 3.574590050837197 4.596643554858748 2.2718190198946107 12.428602901673683 1.4875411861019676 3.3937893653354285 3.395117593386126 10.671148313917044 8.81014412123041 16.304117547718278
2009-03-21 0.06827145643317223 8.428261450281866 7.206774211845981 6.6832622098258305 9.192272616152742 2.6103964713364887 3.7728618101532136 4.416825435088505 12.249034245493656 15.046778378372604 7.1873129502388515
2009-03-22 0.5754966132531195 11.160735311688306 7.10680479315595 9.488401267157263 0.18348077386158468 19.531461896694324 11.12250814261073 4.05902845147347 14.393248071541997 17.20095156470722 20.728765731946666
2009-03-23 0.937054201786524 8.898645815488267 14.279172593087434 22.25315776628511 0.41576746808398735 3.665351868614266 3.6167539997484184 1.8568989762861254 16.92678163546992 3.4199417634151423 14.148696406764298
2009-03-24 6.414451290645665 4.274538757372977 4.861678022072741 13.370640194560707 1.9770020923776026 10.414258829215536 2.5437928287767955 0.8678172018236676 5.963768439470597 6.304126261888273 14.853379458075167
2009-03-25 9.058044164179584 1.2801423333111939 0.4987887296348177 14.803658622037034 1.635958655815316 6.164073414023725 2.6530805274446854 4.38605372089222 6.18044392001938 6.882660448625605 10.823439048986172
2009-03-26 15.82557015952128 20.696301880212836 1.5730393050554323 2.448059256166836 1.0168899062189183 9.713248691334886 15.257022251438435 4.094198166707691 2.302672065309913 7.741130264888136 5.277282669075446
2009-03-27 11.32736920192291 30.16282175177542 2.14400516298086 2.8067295308731683 1.1854591062102586 2.5601506372396665 13.603408564408838 2.6632638113701175 10.594442766610218 11.087574609901846 3.8669464361071824
2009-03-28 3.0781687458851104 14.130357297998836 1.3759393797957515 3.858267732362396 1.2401752605808936 1.5236660804914652 3.0729828318717116 6.795853763019542 4.535229665727857 5.251000113425849 2.5446120030687327
2009-03-29 3.069456958452311 24.41754429466357 0.7035573909403419 2.1950724582200283 3.8281196716221713 5.882212058445582 2.949118944402743 8.153319994906797 0.7943958798985684 13.52998667447568 5.090048152138447
2009-03-30 4.261851384434167 34.46648888646996 2.8331783193209072 2.2874349213164225 15.221572344309223 0.9283508859240057 3.383094478176622 5.696513232716384 0.6114171054183644 15.438708870162207 5.647995037905723
2009-03-31 12.313695130704943 8.64832199764749 0.838512796848183 6.3558925133066735 3.1879683421290737 4.595487072230308 9.47049831695444 17.288954240887165 0.6310367613594235 9.706741826069672 4.99117898450009
2009-04-01 3.7346242487189834 4.970070182422258 3.64373826830899 4.808044833285362 5.273927455519992 0.10995898906891297 10.578334991462857 21.33517535747493 1.432544429406686 19.5239734076391 1.4091609297650853
