2009-03-08 3.5834531073365135 7.114451202806787 2.234716260887596 2.4606074921735965 1.929413776429578 5.44739164623142 2.5124242269370844 2.4755814042110043 10.425363947259164 2.596959190271185 3.9685864997608498
2009-03-09 2.5105021199507567 2.2130409283907237 0.16065087144418694 1.4856095835712966 0.130096137474473 16.497055744969185 2.593556990317559 3.262167736988051 1.5827234190436599 1.550003746517296 2.674657554562015
2009-03-10 6.8377787959048515 7.143193170121061 2.617926014155384 8.338947165353744 18.015485212135516 5.186062873129535 7.352394531933946 2.3265150620601736 4.562344939539982 4.258404342856752 1.399203915527458
2009-03-11 2.9344150629772945 3.440072271694377 6.17850467868972 6.7209356623000005 2.595670228656053 2.0760830870611775 3.6575907885509364 2.7866577567849475 3.03061189918622 0.3355205381755604 2.806425292003386
2009-03-12 12.6919399989352 14.077153500266146 20.560112441929242 17.145912705713847 10.281632747100602 4.4475151773182455 7.5895494200420615 7.727053592448962 2.6104804700661735 4.333386049123952 9.478355142772518
2009-03-13 6.560997004088821 8.5523033601953 18.632078169530608 5.9331002563318815 7.268251536664568 5.14568306197919 4.395901522472204 5.55007151977007 1.2923493873459146 10.0623941060995 10.374238052134267
2009-03-14 5.394025694814017 16.60176912211901 1.3344234039384046 5.82238883457104 5.297520297230894 2.686185004424428 4.7888959818775465 8.672684089597794 1.3198524860109875 3.5751614004741072 5.916109598323018
2009-03-15 7.442938459536615 10.178386742016572 1.4973635238113088 2.403980020626081 1.7101765520365266 10.744817075247639 5.340591923243705 1.5317586528413485 3.018531700242672 1.2561437036875347 4.380438688026095
2009-03-16 14.286416417752017 6.147915142219524 0.8816814511186877 16.184299668646688 7.8608708846591 5.930823643474003 4.047263009019084 2.123996427046199 3.1411232921417866 2.2469595212301083 6.19125252447789
2009-03-17 8.624493334185146 4.034906236876946 2.510060323069613 16.17117785579316 4.320280741306605 4.247281780899829 6.459899380352409 12.89295266396954 17.468505372126767 2.775755099481958 3.7648917857792443
2009-03-18 9.271001318398302 2.793608180273693 5.303912423783919 1.3686350442668944 6.289411239396746 13.883585260961283 12.058376325341222 18.70782043013024 2.809616469331407 1.5088087579311455 8.678706266387245
2009-03-19 6.868614827343474 6.8929876814154944 3.991551007103648 3.0957917139960953 5.2568099488757305 4.680516328155276 3.458040136042002 8.869194996913143 0.9353401614876697 2.6767728237729136 8.53363806717506
2009-03-20 6.911312505369887 2.259213074039706 4.751392125300456 4.460692433245719 9.672041374337743 8.819953320331344 2.460616012983646 5.2595463188186375 6.6754973303876515 0.5369301355239212 16.787645147482003
2009-03-21 10.155957799336731 1.1918825193456999 1.315718443777321 17.404488128264514 6.570402380555823 10.431600051105091 16.114649914926026 10.457833387745275 8.930240877691027 0.40808676228310997 9.486157443481737
2009-03-22 12.865344740055061 13.836601436282965 7.3967578305746455 9.093840709234454 0.6083016466345057 20.048269429791674 12.295309056126008 7.260481001373423 6.21926639345064 2.0241785753465487 0.6219546000103123
2009-03-23 5.563813918048217 4.832225363129513 2.9651158130703053 3.8882267962569568 2.1368837075673017 6.873350600505599 7.926238298733954 0.0 13.301654254214311 11.524191878298696 2.567161013215827
2009-03-24 13.716395413807875 1.7695920775416596 2.4321883240662348 11.910807211294825 11.016025945577727 1.0899173641072502 8.531566344253378 2.3911430568725325 17.070051332399 5.726325320106225 5.152488371423315
2009-03-25 18.743527733072334 4.6216378933257385 3.9086455643665095 2.766341163151294 2.3494343499850636 10.608426127324822 9.853568702535636 3.893367814250802 9.745701930223392 14.86408596588677 3.471782696066553
2009-03-26 4.469329962334294 1.7733918879731019 13.107535777269868 5.069550313823417 1.7421921809821574 10.190079916848413 7.776168108559483 5.420764392656697 28.9658192087415 8.460728360460333 1.5635879609141772
2009-03-27 9.149217617369185 5.068297153407192 7.0701186573277734 3.5747554116780913 1.232787739540905 5.414220197062964 8.38440274541543 1.4066887604227385 46.541295238312 25.781727056543673 19.15044749875143
2009-03-28 8.172292070278376 7.88019870820597 15.369037443228432 5.480141423306458 1.0110567577346845 1.6524531370324371 3.6163918252233653 1.6215756102019583 17.96931498317408 5.849076667943227 11.455076450821299
2009-03-29 2.047922794077965 13.830392078764802 2.003946355662398 2.37261643187586 8.514629626735925 1.3616533534171738 4.665405173912298 2.786779885737514 41.42719830105732 7.228114005916495 6.574682197434799
2009-03-30 2.6986752685082442 18.96838076387651 6.826353547139853 3.421183417275051 7.472498479634204 1.1066163345468778 5.050238648589411 5.010963607619242 9.679680826492536 6.978275248555741 8.70169969594311
2009-03-31 16.04004048405581 32.416200789718104 5.9504749538853385 4.701856560817481 11.754951907413528 11.289091080554126 13.252431452660126 18.404212722917343 7.245782040820321 10.084828815123043 3.3068231371705354
2009-04-01 10.096595955083512 19.49611569620241 5.177516519332842 17.186316602229468 4.53570956797134 8.489360378155805 11.31606849718753 16.282291283806906 8.032679390752143 14.764740934069234 3.786321184495181
2009-04-02 13.277392979665025 8.35319523209784 18.29888396795078 1.8632190460777762 1.4716670258120033 7.211964221794812 20.141291382009065 20.463091466851907 14.639129663791724 4.20438963642913 11.826231213252225
2009-04-03 4.339246101922307 2.5677672478138502 5.2756902726764325 1.5731098202111042 7.531409996576743 9.178836216142713 11.00042830807152 14.491126759168278 9.49257033658819 4.272235871269432 22.282669172706914
2009-04-04 12.17511034336854 15.832131042386877 4.729439728020415 4.585599581937466 0.7575867715847695 0.3728426443437241 9.102725309395794 19.649260343082968 6.635445233494446 6.936876752869216 39.60056551619115
2009-04-05 17.9451494564146 15.664051596186635 11.544629109108921 2.1811213315836637 2.3490026557496595 12.386475426322534 1.6949046260806873 12.733379916572101 8.690586631001464 13.099056225100842 11.888983515368034
2009-04-06 18.42532930817634 24.595615829953676 10.26316691878385 1.087281207071397 11.906350370449985 11.315346076241116 0.13395610239875155 3.6790281850556297 17.851251730395667 6.442288851817644 1.552494732526857
2009-04-07 6.067714766952712 12.659027473041892 5.776588658702902 1.585171226450741 1.8004021309051097 2.7619779729764984 0.19884135835331665 5.79622213239884 17.90562709919059 1.824842314230874 0.9756095373577521
2009-04-08 3.0481078665363 11.535839828911005 9.14819240498369 2.769560631555393 11.13359066505372 16.720229268840722 0.17415040351635724 4.335219095221655 5.645779354454424 3.0878916359734996 3.047423839317945
2009-04-09 9.07850636947981 13.137029680891835 8.214075842606288 1.3361186878196278 8.079640801341817 14.173029613001578 0.4883510829367815 10.213837797294278 7.866911080234225 26.936310138439747 4.239534384646987
2009-04-10 5.526869668083346 1.563117976671779 7.967138925423653 1.547132650862465 5.6484998451991695 7.538059403106304 2.090996312753747 0.8620052848370139 11.880450410974134 14.19737039500749 4.876763569880523
2009-04-11 1.6626902408096396 2.4033588701563886 13.388649110647346 3.806149201050692 10.377259244153954 2.3506599117031683 3.988273955370653 2.2589215204302655 1.584905783536486 13.66926550340333 16.096614156882517
2009-04-12 0.927609168020668 9.165932248277585 8.302754469576023 8.745261233336622 7.391683152151527 24.220800817102546 16.028904839462403 15.081792222633492 0.7184847744230884 5.6887434496647185 4.206634590468073
2009-04-13 5.870576762531423 2.20692179565272 7.822802214303219 1.8108085571703856 3.8359633955511576 5.503463088090762 1.218730821331762 15.378201585514613 6.2444247821982675 12.904513186230663 0.3114651441810924
2009-04-14 3.648554470041443 8.623866175602842 2.014402445779977 1.7090040159526192 11.817548342758053 15.157803196028503 0.7559105231122846 1.6553478227996221 3.453305579995516 18.32511932518694 4.171632943144703
2009-04-15 2.4068209419537885 11.605664684296068 1.624848655717597 7.527644267476784 2.58678822839264 7.969349812357683 0.2734808053449605 0.4892134035973026 16.209171219539257 1.2058061385488452 5.048102044225879
2009-04-16 4.170664885728412 2.140622430586861 1.1594551045644217 18.79132642420558 2.5149190544827285 3.0402440423068624 0.24797367943814846 0.04213205052885309 15.548620815277733 3.4494711235080326 7.134887957006697
2009-04-17 18.690884459078603 2.0466413770438057 4.899153029619605 11.9831446633847 4.2297358969642485 2.4480797424897807 2.216220147091584 6.262596427000383 17.969473010843195 2.7916336483481214 1.903069889894494
2009-04-18 7.916774496397293 20.996976559789044 6.812444314274508 2.4999185908770643 7.587626542780354 7.6935944350191345 1.8762998746401012 9.497211588142497 12.647110506825182 0.7179798964039867 1.4370992894676204
2009-04-19 11.6528570276405 7.064712288383042 1.3893968337390659 0.5612534976579691 16.192629558825978 7.870444269066384 3.9606326467666797 9.880065069358327 4.14986297640789 0.3054214450463446 10.05708408162328
2009-04-20 8.19068272952211 9.417954169846919 2.050114947935392 1.4583695302994912 12.880333242018116 10.814894204004654 3.233309797816089 5.793010116982507 9.035517262886787 0.5391137639074052 7.263484243547527
2009-04-21 11.472983313270293 18.537738756485275 1.9749938616937168 1.07742841011442 2.6227180062282898 2.416990848917657 7.016969801107267 8.758122490973932 13.305959488945613 0.07772621675272376 11.68636005361923
2009-04-22 6.752742817725776 7.859500389375488 4.670098624228836 1.1376146138494612 4.443899312964966 0.7345563995325484 3.4690067688088524 6.595193584706086 5.797070082474075 6.536781675287533 7.646772999170047
