2009-04-19 0.8206990348651801 3.060977824449604 1.4821175888182028 2.76754119979049 2.818253569458065 5.1910464593876 2.2391430868109987 0.4065695429567816 16.54709471261647 1.2613783208674758 3.1355107223137537
2009-04-20 4.860581239808965 6.4308828843134265 0.9803858057332657 3.9549486463430217 3.785326956480584 11.545891171458054 2.0536323170738804 4.303803965999617 4.8463632367101965 5.557203586799007 9.476745153060993
2009-04-21 11.473161918660352 18.205183313049876 8.35953734109993 14.895062023750512 13.072136779543266 5.6011228792002985 9.668069072840233 9.20765201455346 6.196838380480268 12.162240347483378 10.90963422130283
2009-04-22 13.358368376448873 16.25320211627313 30.04783432437258 9.004175831386895 11.140541575037211 10.35948270784886 42.80268132696891 23.312730377453647 11.360207678516733 9.189693782027847 7.836055298935368
2009-04-23 13.728717008169966 2.536318424050637 7.381545317399573 13.44722030583089 7.5112876019614285 8.343958555871293 42.85130142274787 9.129845344722828 12.7944754245541 10.645644589758128 15.826910408957346
2009-04-24 14.0770882763702 28.77608731461373 6.573093684158994 8.233623908837641 6.701692282208537 9.04385301836776 3.2701083490455938 10.336261851933088 6.294171513573078 5.913705724649462 8.594272925877032
2009-04-25 5.513289787150494 7.475332186830893 6.047623958105444 5.998609539665276 7.1984041271555945 4.049966109338367 7.385627703599425 0.6714540975900753 3.2601663031406884 2.194370588222521 9.435620369429436
2009-04-26 3.787894169069461 9.070914334691858 2.4841517304638807 6.29139959252293 3.9262330324285895 5.564666810679416 1.8265075955949377 1.53072993087182 4.172877615961751 4.511748158492194 6.570807364471811
2009-04-27 7.338126456517003 17.841297272562844 4.303370592914504 5.996203134517105 3.0907350980910158 7.493409881290654 2.56653736041103 9.98264245931178 2.711207465406438 9.368327608104533 3.0698162465606034
2009-04-28 14.880756926940244 57.587615981668904 8.037844458851675 4.1749093083615705 16.233445368622192 11.62773890836155 1.8064000953238508 11.1132246270346 3.287820441515973 4.924015517926501 3.3483443235043806
2009-04-29 8.104665576700254 3.9382134182986057 17.827337270641433 12.062307654453916 14.142981261270801 6.394684603199333 11.360109943097978 16.96177989408369 4.318775717821013 2.238487541721647 15.494344071647737
2009-04-30 13.218232509282185 5.250306066454149 9.033659983975166 2.8237232944955184 8.02662167543723 5.22541448795107 14.73657405750376 8.612635869406347 3.4062879105288473 1.1676800289848435 11.369454831166104
2009-05-01 6.828817847025091 8.82330932936286 10.446630950976942 6.322854667778227 31.117612433522464 4.4688050766421865 5.479326147616978 18.626684870438503 2.158691478628337 1.0723923330288643 9.623603977873612
2009-05-02 4.93245900338603 19.753877366300557 22.79585064419996 5.2600249666015415 3.39199497928849 6.94852166181136 4.617040351984233 26.041868978627537 14.280789861308605 6.866437813712318 7.871335536086849
2009-05-03 6.826715331962882 17.33318969429021 18.630984078768794 1.3211891003986735 5.231657614109238 5.092815473017785 6.113305410951858 13.42423471490143 6.7157311881021755 3.949946589945226 8.85878831348276
2009-05-04 2.8066712092284227 13.043051324870863 2.9262166886040983 4.831606750500441 16.281036860881567 4.557434291673902 9.889383332784195 27.96659489504109 5.284446038389904 8.390762148443397 26.452674912000838
2009-05-05 0.6444136376923086 28.92620336407515 2.8626969031510354 0.7007427294602946 4.970858050113797 13.015116073433356 4.5933458201732185 9.324592986899301 2.045617568147552 0.7284090320795871 13.336536513232478
2009-05-06 5.483488101757684 14.648489637025214 2.5505330115206943 2.5965394935884767 4.647242880049957 6.373187114417412 4.596522955283132 13.757998727364615 0.5464693394375041 5.01048640664351 8.314417020941935
2009-05-07 6.329651584467102 39.545098673939215 1.9912427310879304 11.258317837835103 1.4970717948308427 5.560384027311601 6.109121477926983 1.6199928350703483 1.3133992968633696 3.4850419955521725 6.926167300439364
2009-05-08 4.696260173360505 7.275095830772707 6.062745053661333 7.034357964387485 0.850578008893037 0.21396247262235382 2.6359785194163345 6.525748010900656 0.6793033900180065 13.968813118907425 8.65308980165577
2009-05-09 3.4115485762760063 11.416787392741046 2.3787558631222905 21.965121827150917 1.1208912943055953 0.9582560977034646 1.8555373964604933 2.912499304378513 4.226635785892865 7.825041944260174 1.313673710487351
2009-05-10 1.2931188309242247 16.435186434572778 3.175913108052513 1.3478122837773872 6.813431960923833 2.7365197489428477 5.134288641227108 3.0923733454114375 4.167664715014048 2.0831851663456353 3.114796938812907
2009-05-11 3.1051120598033455 8.294345615558168 0.5195881414530917 1.0383145458587175 12.37627780163195 5.039870405661483 10.626165365460173 0.5158636346993822 3.022623435649283 0.16778876173153615 0.3559061203540774
2009-05-12 0.8563449208129876 1.7827235002165147 2.356339236254845 0.1560249855056042 6.283010141369409 1.6067752371303698 12.52569643991766 1.0053229986626184 0.9170489419668941 0.5448238921608681 0.1863262038403018
2009-05-13 1.643974077503243 0.41280995202979454 1.4486117571547785 1.7907624712248564 1.3370218495807702 0.25786885312231334 5.683435717212728 0.7632635226788711 0.9199024047163715 0.1969759687781497 0.5993719107704867
2009-05-14 0.7488778309939732 1.7881693444384876 1.3896090902979572 2.400553262452196 2.183939468251814 0.018986755229232412 8.34529302707554 0.6299966131203699 0.1373836430273713 0.019214148450574738 1.328419343134445
2009-05-15 0.17888340948438286 1.8016516142651384 3.4932371328357146 0.11595891629136196 1.958343030205464 0.5808866749508692 1.487581263208977 0.3545554496795705 0.3225341712582425 0.36562983161178353 0.804541089331309
2009-05-16 0.4160084008121695 1.2444183483308024 0.09573459410431939 0.4018870355436374 0.27992907889662844 0.5106525633263479 0.454140105493172 0.06123911742175539 3.5410454451906848 1.414584234129827 0.7632356256981814
2009-05-17 0.0 0.48576063173207834 0.32798322669153784 0.7667036373746063 3.9575535483183213 3.2490349791067112 0.14257756252045745 0.05772833411426051 0.490971444788439 0.4480721632188793 2.29562062664664
2009-05-18 0.010938688395605418 0.13791724838683606 0.6081937025799287 0.15085804288835797 7.168586806233275 2.9363096001184115 0.351941717171121 0.0068525712113712365 0.29332759588301066 0.22807030628587632 1.653804556015663
2009-05-19 0.037511616432478356 0.2146436664673413 0.5767010338375327 0.15383940275133035 6.294290333951707 2.7057338091782968 1.4784718211641121 0.015781845326436342 0.035377989628567974 0.013150372498542074 1.18453358588362
2009-05-20 0.23147846783681708 0.8426226920487716 0.2880172174833235 0.6574467625139225 8.031290582882301 0.03207176275491828 1.2103387396131302 0.1380486893131601 0.19812099536551658 0.22844097941271582 5.5772358363026315
2009-05-21 0.015446921762665131 0.11737749776949094 1.3628953152305296 1.8300137341796883 3.660794928315127 0.0 0.5339529648448135 0.045705246472779154 0.05278389625661449 0.551808211100316 4.918899539346528
2009-05-22 0.2573672483580047 0.03381128969767368 0.7952948870325857 1.7224178834983177 0.8074126210942774 0.09201542803863438 0.07826326609861516 0.3160557607070147 0.30832298533016667 0.11891555963227268 0.6235627472269001
2009-05-23 0.38942122339076307 0.03519838213332099 1.964103407542472 0.4971090708568323 0.9896672113689895 0.2610528345824321 0.823308659215238 1.2353338942876975 0.07660336172724953 0.42375386439386775 1.0376371621148226
2009-05-24 0.5817472853036862 0.046824583311245505 3.206279018237966 10.53854506759127 0.6678099207454912 0.05422292108943776 0.5466890481407058 0.6836983320715009 1.1205126620467005 0.07151119066306465 0.9152772448668249
2009-05-25 0.2838192637157563 0.10401698596631383 3.0530522677399676 8.507896450469449 0.49676832387335146 0.3613541222301885 0.7609709319016258 0.13305584763391082 0.4045545201526194 0.13508076305184508 0.4803519255333861
2009-05-26 0.16369239912790357 0.08466805760200101 0.09347639390295051 8.318746585739929 0.44388855144142014 0.8073534416985455 0.5131971813405698 0.06540788719721242 0.39280678687898296 0.5796761304127114 0.04185534342808489
2009-05-27 0.07922363532865151 0.04155489460808362 0.04162117052086679 7.187517650366984 0.5050520687549744 0.04733250981633322 1.488515940544016 0.10682076005903954 0.22896048518084958 0.7615554380865301 1.211655268416679
2009-05-28 0.3295133562953391 0.025454329631578926 0.0030678865193423614 1.3671924203901389 0.7585963345116224 0.5217727931876931 2.4402750833824403 0.8192612727668326 0.6380323646094953 0.5124111538548863 0.30238317614045407
2009-05-29 0.014428130626838762 0.2777595508896895 0.25607666784559446 0.38877708237257425 0.015371843946663313 0.024252477640666806 3.8216396734780296 1.6910401263571226 0.19408915681851074 0.4445412167045055 0.111631914368851
2009-05-30 0.0 0.19436073794982198 0.9669539968373815 0.024730844270877343 0.1263988870667045 0.22031285045173893 0.1962890439255936 1.0001621371683918 0.12354331211568427 0.47372193141987795 0.025292017256665706
2009-05-31 0.02971221894820488 0.672709164463329 0.6337887262946315 0.007881594441023059 0.6089981060924998 0.9761864643742542 0.22922726161347567 0.16117068596911416 0.0 2.2906611679481372 1.1340617432434605
2009-06-01 0.014236371016576052 0.34690317835752293 0.515765049311345 0.0 0.016466232149171346 0.4215951725150803 0.038103901728122676 0.43845650733871006 0.16243737810367193 0.08115355108784103 1.0050337130741258
2009-06-02 0.016329195745053676 0.007464960947454181 0.20487809131489854 0.07279004057682399 0.10994025273604059 0.18065917629456807 0.2696816084519431 0.1453891330533768 0.8727086700316455 0.44588710131512466 0.17877607515420468
2009-06-03 0.002150982691928829 0.03619507329637659 0.18773438786225788 0.1293690773964714 0.020413228488555903 0.03853919098619525 0.07072344440241338 0.09937471242773296 2.168983691327521 0.5175754875335261 0.036406957041986494
