2009-01-04 0.06511086342498239 0.2663425791197981 0.22392731542044395 0.09518447329114309 0.5088164778873769 0.19876790595131869 0.06555479201487141 0.47280502540877256 0.09367050610461981 0.6573542083150338 0.2536084812332098
2009-01-05 0.1752564345194044 0.0 1.0891466536530512 1.1809567492914075 2.499830796050455 1.2434888620883724 0.4781066547972302 0.5186597948632082 0.6011238787841611 0.6718869882970104 0.21953344815156223
2009-01-06 1.5433516955858821 2.3687731390698437 1.017249648824033 2.7773980930476077 3.1770390510719717 0.4390918155062896 4.915369754837249 1.4770818776584047 2.749151139723081 2.6116646446833056 4.3269896936295655
2009-01-07 0.32048866454192865 0.19989942728124876 0.4083088390571339 2.214638019287009 0.5823816306660057 0.19399790803379396 0.011632648709492613 0.4432237443978204 0.15880792451142606 0.7242612377513513 0.6399808260390978
2009-01-08 2.5018377487608827 0.0 0.8518500384423624 1.4577355646655321 0.31043398063698546 0.5012375827063847 0.0 1.1388909583133078 1.8566482065299512 0.5940982120599041 0.8954642419502472
2009-01-09 9.853205565417158 0.48286839765190576 0.32094783987996695 3.952499993902677 0.7372922181968888 4.796049608423576 5.773310851010481 0.3957933676979227 22.35505847969988 2.089069814278786 1.5783375209373558
2009-01-10 3.197133185494739 4.09900197805147 0.40977174738092664 3.383337910688262 5.5618304875564055 15.848652052891106 3.0705197054854847 0.07936658943356117 0.5627598132261017 0.8969154717473063 0.2492161233530592
2009-01-11 0.46792857510848584 0.002831057784815047 0.01595558321188505 0.0 0.3808505360424862 13.434897282711304 2.063427800959205 0.5680315405311456 0.17716604581764928 2.097335999210704 4.322861855739347
2009-01-12 1.7699637079158377 4.38133622914143 1.639757563445034 1.1334524954172631 0.0900226681093554 0.9670575445818925 1.9758377789898862 1.813839582939849 3.0018586626662387 0.0069992141279937884 17.447005450985124
2009-01-13 3.269846394793479 0.7593363714210495 0.1245032476098772 6.311947777931472 2.63537637681371 0.6563864615727515 3.8992176341217926 0.35502266151601053 0.768593173069305 0.004989161393002205 2.122867946053981
2009-01-14 3.450745666609606 2.6855135107078314 0.1686269100945236 0.702567682005485 32.651580139730676 1.3153781730396057 0.47537578690779864 0.46118775800828377 1.3611179006977174 0.28581145613221215 4.024291359412651
2009-01-15 1.977561952920616 0.6132870608205552 1.0579012070444171 3.4563598985529165 1.4644370903233954 4.542656114647116 1.047711388484204 1.259528634443544 0.10767336898575966 0.4210591430261812 0.22820481934788098
2009-01-16 0.9892763868735197 0.931224361940471 3.616196408724739 6.328704657536781 1.3512442401745075 0.434729580189657 0.35166897631217875 2.7557622678387386 1.7979412668815953 6.68578005427265 0.5528413868545463
2009-01-17 2.659510820912925 1.1319568854449997 3.4456404081232286 0.12801424615408105 0.159389889300578 0.39567839979125563 0.4029958127908109 1.2336661757264142 4.891350299843564 7.698305354498998 7.7395453254818
2009-01-18 0.5105571463607768 0.6931205592990928 2.6083274634119307 0.48820828934381966 0.007676761654236184 1.3784605992196541 3.210827677748961 3.552992771666433 4.925039904057896 0.8970750454969066 1.4177400587498612
2009-01-19 1.5251290058602387 0.04097190990004716 3.584439282979155 0.0 0.011128662661246241 1.6390152692003908 0.051555066020817775 1.4883074084465426 19.872348847278005 0.0 2.877451362683629
2009-01-20 3.509198419377377 3.168301947632698 10.20215512485533 0.0 0.22777594525871084 5.192449018734755 4.4596332469196405 1.6728224507044591 6.83895714516381 0.5205590638948637 0.6970607429291151
2009-01-21 2.260138815792702 0.5485810123458363 19.113302404350375 0.05428288129234406 1.1398382755778722 2.1123767611312307 3.175671866988786 0.23418166214862635 10.465056184792868 1.9257421234784062 1.531775002475941
2009-01-22 5.0534497713852105 0.712313040235145 16.934211874935222 0.29235644860944265 1.4804327220982445 7.857400262127726 4.133420915854124 11.186680988022365 9.646871624393093 0.8404642402756415 0.7562125226215106
2009-01-23 0.5616526117252949 0.8219138122410987 19.136312388737196 6.439039423057014 15.460380623941777 6.385777742156902 22.46989543955553 13.550101792354724 2.085914618734345 2.14938804670013 0.6198751391950297
2009-01-24 1.175208841788677 1.5883324365357818 6.637267600972592 6.398868160715473 6.64602926085268 2.1631973796012125 11.49931898854647 6.053006505718715 3.4637869573096567 1.9534529545169508 3.015711482160044
2009-01-25 0.06676046453272264 1.0805909504785531 9.138996659902315 0.6062950980700211 10.084095633551604 0.34820203497178925 8.593141236167607 8.562155460500271 5.895717485804537 3.0081941035199153 14.283045010273064
2009-01-26 3.6213452252317087 4.27466797294014 24.375552133419323 1.593833075622706 1.0394977811679602 1.765454669552652 1.1942146749801705 11.705868111389153 3.458450789041014 0.3311556208781248 22.94604066379283
2009-01-27 10.601500492330663 6.8523728435468865 5.403589839705112 0.5368761148455918 2.0194261819529062 3.338962308734386 3.7023829353237083 16.531803047199123 1.6181107586450716 0.3469765712346865 3.4807137523012415
2009-01-28 6.129765825852967 3.203170287281184 1.1673983019034238 1.9071025666175012 1.7062875746885646 0.6161251441234266 5.717867860124411 2.3491802410655978 1.6289014352889195 2.068850738896952 12.494809541849364
2009-01-29 2.514029105240538 8.464779109628008 1.9473969662757311 2.788865960390685 19.016006797482525 0.37967227501689027 0.3201275432140339 7.598438786509504 6.090447387333525 2.128797519856264 3.650754242893882
2009-01-30 0.40263040747264 20.03300196345429 2.5146794225341713 0.2468959884900002 1.3007528204177463 1.2512768060195953 2.4350203876186693 3.2544470766474527 9.599454371092179 1.0708576792432614 1.898483641264955
2009-01-31 0.857348491099406 23.740979854684674 3.9262680193145445 0.2479862884349644 1.741191666961244 1.2881959961968161 9.19902037621289 0.9038279638065128 7.78815169799454 0.7917534372096755 0.6337904459005469
2009-02-01 1.2189594093481622 4.756566616267142 13.862408622089522 0.3909341625813131 11.957760273561611 1.63168775048296 13.896180954876877 0.4877775011134536 9.846326988244765 2.0183562897721163 1.3201518892516753
2009-02-02 4.234362058390749 4.392503467183571 1.2598928043997575 2.4918251934398596 1.7216126688901348 32.76096578167027 3.416453580748519 2.9696671227417344 11.976808195573533 12.01915568724294 2.38202029780423
2009-02-03 6.0535494874737354 11.118074489837564 0.7160013049461871 2.7425511818222432 1.397437072641514 10.060419771032123 9.39512804658062 0.9226069865818236 11.403219387698753 7.13687830078687 0.0
2009-02-04 10.497392721219883 4.532730343336237 1.819842706764141 2.954320631808942 2.07157711733419 4.049504269768894 19.07862285338861 8.90691856712147 7.9776182684319625 9.885071082007425 0.7816512186474657
2009-02-05 4.902992884846645 2.006320540236591 11.269422404356895 10.913648767063496 1.1779610302742838 0.4937264446921833 13.005340560566438 7.351665666143209 4.339510674598574 7.267303295741144 1.0777537989653174
2009-02-06 1.9499350369986013 7.96827968816931 5.176417900733457 30.42102221728285 2.766147113918995 0.1444992659683098 7.509874243634873 0.9278589823233737 9.507106381555534 14.34628386914069 3.12958309098177
2009-02-07 0.2604195889811688 3.020969491335256 0.04524844776424089 0.8110801668103697 14.787703167690406 0.19280925477811528 5.28309346066958 1.1181810462395463 9.28008376715431 12.216841272839694 1.148361758964845
2009-02-08 0.8222770877808084 11.324473510492197 1.1907909177576599 3.4434070793333813 14.641972458617136 0.7767054990882649 10.595537974423172 0.07797716938129783 7.305663468684082 9.121961211654593 1.1796594772018218
2009-02-09 3.590086136903368 2.8796827853922404 5.769084934067067 5.0286878706915505 7.992673567225328 0.7676371034854712 4.760836948913587 1.0588170390478604 2.0308614221478316 1.3035224631647044 4.690281615397477
2009-02-10 1.3314421988804996 1.7849969704922113 2.804512753998211 1.7961276519032872 7.159709537555855 0.9815423503563956 2.834913363645464 0.517405851201341 2.928372505890719 0.3861980633857923 12.18389941280556
2009-02-11 0.29381781460586265 2.8376200315195956 0.25767934795502034 7.9305741589381284 3.3459881642150875 0.3991883115407687 3.341080191045795 0.4259288702160926 5.130190803168754 0.20485177032762658 15.741472430219366
2009-02-12 1.0385968998200514 3.1320215728580436 0.05374600432206519 6.001458584765198 5.161385253780955 0.07701622612424869 3.2790570096559075 0.27394798301561546 4.198123515231847 1.3344062543031376 4.617812910944703
2009-02-13 1.1127319876395547 1.1196819919161327 0.05255335943340887 6.6810615102014435 4.89467748465789 0.12241559321598974 6.243272830453524 5.006799526612532 12.556952687383083 0.32806189764662264 2.5815943426912744
2009-02-14 0.15383326640921674 3.5299722225458083 1.0087544434234963 0.1748641248030533 4.59120343978663 0.0 5.644937696436289 10.428234156894696 13.27984576188915 0.04325696761322809 1.3606375537225532
2009-02-15 0.08774640975652173 1.3731816013054137 1.0184926042586637 0.4501857152261468 3.5738122845860367 0.3629598137729899 3.190474159107122 11.933174175376093 26.570659088176697 0.596701604380153 8.020144580668678
2009-02-16 0.19834465580576152 5.375347863740766 1.5671917636142636 1.5832401449753677 6.018945792502497 0.34697804242723823 2.9975719206305564 16.75475587503542 15.919412183043175 0.02758384848179643 2.5841869018605745
2009-02-17 0.8746849739086775 2.8005581681145593 2.2570035613839106 12.236593077925356 16.658926547992913 1.5727823868635664 0.3535717781982053 7.511185961887398 15.434538374557954 0.4508675554596608 4.522564855420918
2009-02-18 0.5319753956717892 10.622630779607292 7.27977671216544 11.361072477166893 4.084205248514838 1.4390068171905006 0.02283621769633675 2.741190549549076 0.5204217311378089 2.17380923100737 6.732572983930972
