2009-01-25 12.25321802201193 14.75352823313421 13.853649986184934 15.429037833739626 26.42459739421924 34.84261506696748 5.339912917365014 6.960488749272635 17.3461401938417 33.46915421867691 8.084978686076212
2009-01-26 0.9553854856107482 1.2515422817946615 0.7452396603681812 4.130766582070207 0.32055464519954346 0.33723930690353765 0.21551169791163372 0.2788858358444869 1.5136296491563532 8.760347420198327 1.3200563999253756
2009-01-27 0.22498365700143622 0.007763627044640252 0.01702879072420412 0.9213607740147096 0.06378168926177857 0.0 0.38524470854525883 0.2204625284142876 0.2740754585351881 9.095247053616369 0.6364759117798746
2009-01-28 1.5483981649630163 1.162748830146605 1.6795458196021227 1.9996530598752043 4.2479202287515285 1.0950743323095633 12.200521290778273 8.235482228835593 0.2831943312720935 8.63513377939298 0.35723783816589105
2009-01-29 2.867146598557574 6.026607699007919 4.4098758128586155 3.1131356509332706 1.8560734641800196 5.717473008300699 9.872680722341395 4.337083748465165 1.3686099019572877 5.791668274029632 6.797432867232818
2009-01-30 5.542051553035726 7.474432920111627 4.77727546777243 1.8598454981791765 4.712841958813664 8.18534317508915 8.099944613662075 7.063137961229053 2.20783870716325 3.084559119105418 5.828666914889131
2009-01-31 3.5251816905067224 18.940770721443624 23.985258318453482 1.3463487074485134 0.9288765072854128 3.202238252380781 10.568917599212703 3.0166368830653223 2.4510552545467945 4.272518810166793 2.0893681778744764
2009-02-01 5.126322277088786 17.294333066870983 7.022856496091221 18.690987455400872 5.938260196612219 14.885077486747486 4.808279608040063 21.36885347677517 11.22932139037598 17.266953644076814 1.6178767959308213
2009-02-02 11.734327407350044 8.724159221648108 12.32451390527477 17.6773061133067 4.337201488670669 13.244705800721249 19.711630175831864 4.9514467323679545 17.274716109962288 6.9331660713561645 10.351078737230392
2009-02-03 8.615101033018824 10.725121437802597 16.02776919338614 20.769566229608145 8.744964515489237 14.150900993534876 7.253186414973301 0.5202342173354869 2.8422934433599307 5.484344866111214 5.143841459975787
2009-02-04 6.31964280959046 2.047246541908872 7.720645613289999 9.579450802998524 9.746078955839787 9.326651582052197 3.3349701987921243 0.7090570448232358 0.8278780982275622 6.0841224646416565 5.044769264317022
2009-02-05 1.1993963962018674 3.2521911809052684 11.699283416269814 12.392177394842069 4.6869159980081125 5.34101864693382 4.097966493531791 0.4446215888001931 0.9343013346609207 4.4901025362353355 9.647991023267103
2009-02-06 1.87022382913852 8.172142060157213 11.516857762660578 1.897809846686146 1.2690287093966126 1.3350757517738323 2.5655305028749096 1.2424941670188976 1.5587324128990592 0.026032065456382206 5.524657732640012
2009-02-07 2.664580625291228 6.956488328328968 3.437752581817393 0.4379699063420265 1.7349331941296695 0.4831576236273401 2.7574331490348807 5.477011844993309 0.6558003726511903 0.4653172157911231 4.859423329860926
2009-02-08 6.980800135609084 2.0440833986122366 5.310607718511488 0.47451096946518534 8.482435653071903 0.3994192565295678 0.4678720983335605 3.2963083577751857 6.92492788446172 0.023346840745860693 0.9585420565009898
2009-02-09 6.984354619801887 3.6358978184917943 1.6780559219690794 0.7362712195883487 2.8669615249667166 1.5749718487608637 2.0421024191509813 4.373949630766356 11.127443365888741 1.2001361002202628 0.006318050021656577
2009-02-10 4.5059367589899235 0.2547834289739489 3.4857899130096084 6.730734556329752 15.466432800144965 1.3839432988708582 2.0850242181228804 5.115338736879328 6.582644034858891 1.1491764812794583 2.079683065818684
2009-02-11 3.5462443940999218 1.533973322487652 0.7050293811230297 1.8436008630626246 26.70790225618125 1.5374388214758716 10.526562010979026 7.836477887354296 10.38100121999615 2.995051703691728 1.2770197423647103
2009-02-12 7.467947120868548 0.7629153237527752 1.5273464368676106 0.08819130796550945 4.234183970584667 0.5109850576059232 6.992560791638365 0.43672158583106035 19.037428004614455 12.33032754863802 0.8348458815291386
2009-02-13 10.504574547843443 3.0301261961982466 2.2096551014591492 0.8585771845874525 2.779123234650311 0.9566345333568944 0.0 3.778787578506554 20.33941927531403 20.34584433439013 2.4401981402667667
2009-02-14 3.624475875717228 15.783881451576807 6.400970126576567 4.510514599671264 2.7484384530806247 1.5588224640756838 2.71191916373437 3.155174451778225 6.044056472403957 6.946552745133732 3.722977952853191
2009-02-15 3.1157054644251345 11.252151698624022 9.649843234095162 11.604021688152063 0.5584605198918029 4.721883771533718 0.9344005673079243 4.737179310760772 3.1947028180081523 5.207413284088384 3.7270704433690733
2009-02-16 10.813668235331347 10.884080687921937 5.659318166688765 4.918336614559924 7.134269664177106 0.4858661332777443 1.2499994806730377 10.4380551369979 4.266890532251701 0.0575525457737015 1.4161899226277346
2009-02-17 10.676185127678313 11.041206567362057 5.75205546919282 5.352878105881784 14.948152332113796 0.17980475218122544 0.7007596488482899 8.908543754539995 18.18473237433405 0.05458699328000273 0.23928799692033934
2009-02-18 17.1229720137163 2.5054699450063813 3.3159425844293393 1.4465766238065214 8.13673793783941 3.5948673158796343 4.459008157557567 6.953556593176509 12.940716832260815 3.4373498344544595 0.6489525071461038
2009-02-19 16.013279286761858 1.7787815678785328 4.415680562059623 3.866842375919264 1.21088906501011 1.947131582194828 4.802811550753945 4.01916151049242 12.824867137406578 10.05881694059913 7.354039518841201
2009-02-20 13.858702568968317 1.407794142700263 9.27341277045107 1.3961609281301073 12.565523988808314 6.42829973317437 5.233463518515226 1.7983976724645439 7.484973425457089 0.8225825932580136 6.010879274682523
2009-02-21 11.099881671240034 0.5849302170682407 0.46851003698229293 1.238615952084399 15.506126478718961 4.410228595518671 5.53524123024353 1.1159038948752853 1.3837906449292463 0.2261294272392725 3.087570625504294
2009-02-22 0.9200079681431051 0.9067954260669222 1.7814230835079212 0.6095982564446614 4.56220382695359 4.302440112740037 10.416917886057577 0.16278665403743695 3.0377133294033074 2.009916592636723 11.64828888870648
2009-02-23 0.589068624914275 4.125060222815791 6.376046490636677 0.452325731903809 2.465174581664024 27.7136989130865 20.888283708385863 1.03768884594034 3.210791711026572 1.2001745110397304 13.664659898819458
2009-02-24 6.423796623450079 1.9753326626256333 7.617994069234908 1.1953877915850892 1.2082375160852281 6.692798688782175 17.902344833715773 1.2738762243427586 1.5682186781862155 1.4903480756281577 21.743035994731386
2009-02-25 1.9737553825624867 6.843998195149414 17.128490048295777 0.9764919217723953 3.5215601111086583 5.524829711577859 8.681837522271074 1.5775594891011822 8.372507232447967 2.7395655477624308 12.317735285311851
2009-02-26 1.3632394973958262 9.913386743143567 5.231718698162171 1.4079085380683463 4.278823067881254 18.355366471784624 1.988368198097695 13.65586355943807 12.684213035965126 17.439748303230992 10.351093802798887
2009-02-27 4.318760116063465 10.026122020964099 0.051555604163675633 9.68249509713685 3.59047128098441 19.387148750041494 2.3853953556199645 3.56057274355344 7.8326399026040345 5.549490469254585 8.775571293751785
2009-02-28 8.508155115080623 8.07821657857557 0.3941946406633786 9.154861148554955 10.258231827613306 42.10954566885175 1.5968915717933063 7.091262074115717 3.4005572429335578 1.0834717760264017 16.27949809691759
2009-03-01 8.110511954235337 1.65200339537657 2.0456721867298033 7.728200081989447 2.280277689554855 18.005204758660597 2.0911209469463405 16.30000713916531 14.580055941737239 0.0861029484275435 20.988446273899307
2009-03-02 2.9030021043352376 1.7223751441389374 11.969677335875254 3.8268726025994506 4.981361734954624 22.286989731279128 6.341514364481131 0.8801853659810639 7.4117559399987964 1.8852410533504889 24.075002115949474
2009-03-03 10.335077867699486 0.4993421902664109 7.340876725213203 11.616092411017254 9.842992400713403 5.601511822087062 2.495740317575298 1.3641718058281649 3.971913070368438 1.0455836014378064 17.444575151328465
2009-03-04 4.477775875400512 3.6687903847546997 1.6260227223218147 10.998345421223187 14.476236215660403 10.648572160461509 1.4699079747189419 4.814465431694352 1.2336539982516925 2.93788431264141 33.825267240533016
2009-03-05 3.5356196197657637 8.24175760560404 0.8388489236964363 9.810751809159152 12.516408345664455 9.688752518066568 0.6852487971840606 9.621932015493096 2.4905540730158404 2.6741065352635207 20.991150780046578
2009-03-06 1.7492882114840798 6.250546769716216 1.5724962499294066 5.923300492239665 7.650477836341327 10.197934760824293 0.3701910282564035 7.671542634702838 13.926871040332287 0.26949347257112566 4.252407031595368
2009-03-07 3.4791998386347265 3.856549515504873 5.419159295009564 24.189810740808092 1.3376484985438695 14.863408505416546 1.8174237871214194 11.48040073365321 1.8511363709725803 3.218685405531539 3.2169917860818305
2009-03-08 2.315192883290366 6.524343899540633 0.529621846529789 14.216304983505323 12.664515068626853 9.022560154824463 11.916063337897555 7.112349615378503 5.4824559818956455 16.249870117825303 12.385529453153863
2009-03-09 2.9280355973228147 0.40374292832320136 5.273198567342322 18.918325562195104 8.30633074044708 10.43820473474102 4.399698441670623 11.425306063642529 0.29431026920641223 19.20480641763119 8.114052029964265
2009-03-10 3.006280691157512 0.04743497574276537 8.504927993366362 36.89970101987319 15.53197886633838 7.20550681196524 7.789303601022683 3.4976934665732 0.4547393481870877 14.74562403766508 5.823880096287658
2009-03-11 1.416288401461164 0.782390479768442 1.9015383532038261 19.821108213989014 28.436434931703168 2.4771495585037266 10.077543213117764 4.6845649187942495 0.268760262828581 12.823611515560563 4.253820011195591
