2009-03-15 4.296725999087805 9.328688375014272 5.060222852715751 14.420143324699739 2.876905685829759 5.898009817179302 7.928669640592717 5.01459454723952 5.004763061805672 2.71547065650205 15.016327381458808
2009-03-16 22.06279710195253 10.496586480300572 9.107085755568711 14.651296866814873 14.15053741732688 7.439553284804055 12.685452582543554 10.541229525557167 11.62970095137453 8.589437945866633 5.686837295562901
2009-03-17 20.781773103574977 22.88624538186201 13.870996142364518 11.30931777817753 7.2647765198146 4.825032494755493 20.45289604214819 8.250041725919806 10.25785481108546 13.377933339317778 10.844872260681239
2009-03-18 18.186957162361036 7.930948147879227 7.2612379035335 1.3927027505863605 17.763175002900226 10.093459529967891 13.84099348725897 1.5086349832484145 7.332944564096291 4.380753723456678 4.69749719602332
2009-03-19 5.069777944890923 7.402025347443874 12.08693872742288 4.815653361479225 4.496864856593756 4.169938724890264 2.3475900579226145 13.414173571336704 6.824917059658937 1.8811018054642863 2.387903207201324
2009-03-20 3.6821547123350142 5.7550769931004355 4.974692539157031 2.250715275984564 5.147654246128876 0.6507978594118873 3.0852864681327548 3.025213162693964 7.523263709659806 1.0300134161557666 0.28655990652119306
2009-03-21 9.429428333434288 12.688418438102866 5.337544915083875 21.461503103170745 7.5246507174751835 2.050477028131165 9.872153994060861 7.911108402102268 5.555414594614124 0.8864183246954342 3.0350940275758944
2009-03-22 5.97308565006532 9.329932091972374 9.599679438887758 7.1129182812761 15.668780640707578 6.992029909146615 4.195701755407608 19.31345357930264 5.779225911389869 2.3572868991562106 12.766373401279125
2009-03-23 7.382987025312684 8.555212139858991 3.707040066528351 6.165105770770534 18.59347001429275 7.480751120726186 7.805372219262591 14.343188372357195 5.169533493546568 6.16244493283612 9.323351510291236
2009-03-24 1.0407983008083321 11.691309899875975 4.158067233125589 3.7221246443708136 5.427088892541733 3.59910956632205 4.591675657439609 18.072711310913554 2.3539963751045736 6.822549801084266 2.800366067004674
2009-03-25 9.17389569903582 2.985140404023483 7.024292175489125 4.359323970011686 5.474532636496176 5.048916257269739 2.841198528736055 3.6990364113509866 1.1749544941575012 1.103313476485848 12.425042750152056
2009-03-26 9.449075922015282 8.993616357770406 8.756347157636775 4.837861147894964 8.396353851085248 10.519649295084903 2.029149381430124 9.536673488377875 5.539387064500913 10.576452738723393 9.804353252258421
2009-03-27 6.062660807584137 4.027132365581769 21.179369237064947 20.78992588196803 10.865342103104762 6.694642156920436 3.851575557097896 10.473499008595722 10.68147446581651 0.8570109145686758 10.221822812268545
2009-03-28 10.333680971789743 3.3161946226056545 4.985868329856256 2.5604295142690465 1.376300216994158 5.5398778534743585 1.86756763529366 7.949498760310811 8.842644250847083 2.9777567697219025 4.1949877004161475
2009-03-29 5.847611928895711 6.860827847018426 2.0035024031014346 9.15785445377207 1.407210552286891 9.259416810144153 13.038185463644684 9.457996699302653 1.2409477397733657 4.47754990576116 11.005874095877768
2009-03-30 0.42230211402427065 5.062957997916122 4.257908544716837 1.5395662049097338 0.0 10.808140278931841 1.960545491331061 11.55826383466567 6.7162040945559625 11.526507066940773 12.8204015230002
2009-03-31 5.010058252926919 11.089128758309792 16.68307431526883 2.9866469702157508 1.7550932800930783 8.125580684626051 7.634985599311871 29.940245978706805 3.8775200882456806 3.3020105569379137 1.409220151650013
2009-04-01 6.387072062451819 1.7569346987802423 4.595210717981123 1.1137880851951232 4.1646333163579445 10.899200101410687 9.572652156305514 22.057685545060146 2.863066852016658 2.516214946385976 2.1316784410693934
2009-04-02 6.468780214724163 3.3004238835014887 0.8771268982302881 2.217341488630526 4.449159269003731 4.076855345690093 13.13370072196097 4.427404931429555 2.667405653087534 16.99804495209805 11.43628615788159
2009-04-03 5.346965437390138 11.038378314546174 3.26084935759098 1.3914264613821956 11.358701487523492 4.334043673874234 9.261146328732426 7.032692952358077 2.491242551261028 1.6542473700534461 5.949992218550066
2009-04-04 5.277636205116654 34.66573725195754 8.87528935792988 4.887833249529258 18.553048604443497 5.289954622276484 18.575913382106656 7.640679620966535 11.05045228950151 3.0109216107046812 4.894044421449032
2009-04-05 4.499602006362906 0.47229066620445304 14.056565598673478 13.140534366120722 2.2121447730530326 5.5876634792505335 18.206651959983816 6.613967666527712 22.79203281673526 7.053763386980007 13.256975712669309
2009-04-06 7.373007314866607 1.2033092589458547 2.6798717645430674 9.822788386059482 1.9967310731412033 0.972467842798874 12.483586598697942 3.1449516707938985 21.750267207346923 4.486245694595521 10.138740487737174
2009-04-07 3.8437935411689326 2.367536704252846 6.1919633170693835 5.581555690098675 11.25591713740402 2.8651272912670906 0.33884532386074406 13.898784685898459 21.99555393773943 4.90429022174731 1.753716973116421
2009-04-08 9.6692221504181 4.8718855726035715 2.623604212111226 1.4709011755166839 7.307087550331358 0.30792066369379845 0.7551187962840386 10.159273813491655 14.883115351779763 2.8155894708242633 1.475290691672865
2009-04-09 1.1118597054163435 8.525323933403557 3.5935781767218264 1.5637185283598602 6.666124954242691 1.3612994185404599 2.03576941994519 5.090752596572662 6.2096441071822355 3.625826666659795 0.1906883836481023
2009-04-10 1.4054401530697858 1.2309479084455728 3.1701713953534414 5.794685864946137 4.427069141958843 7.135519687414668 6.4677655913234755 1.5652660226184567 8.137478866197222 2.685759399066698 0.7464712327355396
2009-04-11 2.1321341904790634 0.4651283148351282 3.1451001542763146 9.066083736426126 7.128522483581463 5.328754348462466 9.4872607952639 14.280337887150802 13.290071600908885 7.897550314617037 0.024347532409666396
2009-04-12 4.269797188071862 3.9026261123857475 8.057888479251655 4.348625614111608 6.759539048601861 4.490777099422436 25.378961014988263 7.739253358295895 8.78402137093899 5.585457761467774 0.23962922776401216
2009-04-13 2.2397019086063765 6.28334058119415 5.161493461455438 6.45231331041551 11.166904527877005 1.4678935222329523 9.127484278720942 7.053688842130067 6.553513069019618 9.820034725090236 0.944083803500936
2009-04-14 7.4113247947255605 15.431276162385204 1.434303319181553 11.905166067861988 4.0511837981979335 4.056364692033084 5.6704655225833385 2.140409737668511 7.778745980719295 6.808324861922646 2.711253914861211
2009-04-15 1.9889777803129447 1.6970917585715255 4.12700711616784 11.253872880087878 11.519116436069723 11.19863817476199 7.607349780155788 2.9552473281098655 2.943497997898448 4.646563161724615 3.8296273882052416
2009-04-16 1.7872680135779904 18.172049031648612 4.413117411100196 18.644871330897914 11.129146064427186 15.89646920193394 1.9387830649321205 11.466172940374896 10.021111174087723 13.034652454182536 6.28869866061372
2009-04-17 4.952198268636261 13.541172744184552 4.479716363736833 6.920007280545905 10.94208118800681 8.878304644603501 3.9785663059848044 11.97262633360667 15.669191556844217 1.7590787051183716 9.212149843329271
2009-04-18 7.6018312753252895 6.523667936960059 8.193896539768673 16.616575262286908 8.327430228000464 11.089643205632298 8.203296176791376 5.381356496248509 1.0890629865522932 0.4802348247595371 12.068283417011205
2009-04-19 21.800839310082203 9.833985321159878 8.71466553842362 19.300019603102385 14.497706618530325 4.955748130407688 25.417939805881755 11.16399576322841 1.24211618124693 2.461489767412674 1.2818885998238252
2009-04-20 11.327864694380718 12.577771142690073 13.181729291730294 1.4014563104077475 10.30555469791883 1.144738425081675 25.048687936090243 16.329605603013874 1.7313651092013689 0.3559041621532133 3.105421273010516
2009-04-21 4.40673379539615 11.022146492939434 12.71684128488201 2.1322328235526973 18.48157554698051 2.116055165746575 15.892548127944291 24.176732963032578 3.847220876435145 0.3670271531732082 6.27927839234682
2009-04-22 2.504030506733204 6.219203278895505 3.5076493439740846 12.864974608272577 13.464116110849712 5.643344467818766 7.50172842324017 19.659405181646406 0.6961560335674974 0.5885472491265136 7.7589991293620315
2009-04-23 3.193146374681608 4.341435676698198 8.53925364543595 8.40308718518327 7.701495516497456 0.7347450547573584 26.421991389080425 6.844278587423153 0.6516717473348917 0.24137900415521035 9.547787821628841
2009-04-24 12.048316067905589 6.856857239898874 2.2736122416364926 13.157650000643102 13.634703307785268 1.1457976917176658 4.069065919157365 9.070441049228997 0.08636161988899957 2.2702543055985447 12.02825924563231
2009-04-25 3.37359960082374 6.827043355435258 2.1757992173349283 35.15223657731903 16.250751015939734 1.2521177022976038 0.7113331451540882 14.893492192837705 0.2480614206534053 0.009845580350127923 12.872943443572975
2009-04-26 1.1870667325684616 7.626844117223156 7.147804345046234 10.86033780755722 8.038405382927232 1.4371481654976526 1.2530937682377727 2.8461956034827773 0.8611667410855799 1.2657092772845357 10.848382505802036
2009-04-27 0.7175593483337521 0.41669054241387804 15.2369466112865 7.363874301483512 9.162600288516138 11.334071260442247 2.7139499714559787 20.60471838414405 3.462840217473493 3.378419948340543 4.236365083245019
2009-04-28 5.932916370157681 3.8521912422247357 10.256365559671913 26.24842834937484 12.19340071789956 18.94522968012358 3.5650409409157335 20.93449099758302 0.8664085338151292 0.3767207786958392 1.3896916248889601
2009-04-29 8.649857471592252 7.286784991880361 9.708910860126649 2.559540722268311 1.900307017591797 1.692495406966813 1.6013821308088014 4.936644791608529 0.045675126590236856 0.8052583852744752 0.4422962907300494
