2009-04-05 3.173359044695728 8.846578651080787 1.979974113901884 7.769986933111087 2.187537146804866 1.6271494112461284 1.9417535708645337 2.869613327820064 3.7898850644257935 2.803121379823362 16.51314544715542
2009-04-06 2.8533705781900873 1.8459820783956093 5.91595021679754 1.8875818344376254 1.471444492067778 1.4944121200278615 0.972137977756537 3.4019672844310236 1.0119657516478209 2.0976056475941363 3.282638527153768
2009-04-07 2.4234487353769154 0.4973972002477293 4.332804324422752 18.179792020047316 0.26809204583963003 0.6320570671792565 2.0495277145364943 0.9302153805742589 18.12276971199692 4.262774088576207 2.384498931368879
2009-04-08 5.0644024618027625 3.2558395893732066 1.744871708809622 8.11494516210172 6.613229451546309 1.8203336137903425 3.9683700299892695 1.9825202919615927 14.972873549426957 4.317846081510523 1.164813775884587
2009-04-09 7.668393732774673 2.2284702200015714 0.9132303599486606 11.25532957770889 3.7912564660550476 2.9970696573930935 9.988130339432963 4.580432707171833 6.171787371096309 10.760733662419378 8.256260586565526
2009-04-10 12.623577007747429 12.829524405249806 7.120383879434865 8.189930839045575 19.916763973707646 3.409269433421118 7.797802001897265 12.57242773677848 13.725523225391827 8.197618953811329 6.394027253859673
2009-04-11 5.19095862367499 8.349798519644818 9.01291884628072 7.462092956935736 10.67888403533833 4.699037927893206 8.806704868834832 2.261635349383795 5.896041428598875 4.158725089992664 5.749441819026079
2009-04-12 9.180545067769724 4.0471322617987955 5.368956183707942 6.237178276114311 16.904826398565177 5.225614796724919 7.4076571649213045 8.943577808386344 3.765014202361674 1.9984750836489145 4.497237929903928
2009-04-13 6.491415144160047 1.5180319727491893 6.6426559654186725 3.938772412806407 3.532059382432886 7.32971368708345 3.377906962985165 15.472595167010654 1.1893875582199087 3.065614167839275 5.263494868118949
2009-04-14 6.258590034435521 1.1427986698998331 9.983761098596899 6.24684369342457 4.478983962325907 8.797472212760782 1.3362780286203337 9.058090554659952 0.9941464377884527 8.387336647494257 3.480494385173907
2009-04-15 8.462220221894146 4.266236088224979 6.2415097134370665 6.019657884684324 2.4839824895560145 15.659730717343457 1.4971748821932231 4.1014157815165815 1.584330454409679 11.89719490728951 1.241263726868199
2009-04-16 7.876838748790457 0.7691456375022836 5.798802778664847 9.461513052853082 5.247988830264333 18.88379343197914 22.032234072677568 1.1922238053417984 0.3543318730555415 3.7721433994223816 1.0142811068238147
2009-04-17 3.5498037440475256 2.6712566733717757 6.670010212790364 24.153621076278334 1.6957366862778147 15.148245372898817 10.118414516323433 0.16944316702217255 0.11724508250055778 7.19141858863801 6.9369761404577925
2009-04-18 5.418242844318913 0.8253840115605272 11.98830022020785 7.573035865517301 0.23072227623973682 9.539717987420737 14.31073085874965 4.5488983588411855 0.44362094192014434 4.15791384886176 5.740809221372351
2009-04-19 12.196097658335953 2.166538748535474 0.8426040934988349 4.716939630603412 0.5165694312367406 10.809202363005998 37.1997976961576 4.86522548479787 18.608808126371017 15.207251993550948 3.9415954667568758
2009-04-20 2.989706258879717 14.142564926237519 3.683962695851709 14.799512163920157 1.2260823951913675 5.062655012813028 11.969693756671875 11.402938102509296 4.915137841085873 16.112222148525884 18.681493249441456
2009-04-21 14.50032621924721 8.572321273328198 10.296739841655066 19.77273423533373 2.0157626588602597 1.9010994300477495 9.643900634884998 4.3043943483312805 6.355004439259705 15.254632367240555 8.66391948537726
2009-04-22 9.354604591946968 9.375679663499154 3.5456061512000585 17.79874243613963 0.49404051731732107 13.183043525944358 11.179954385745017 12.603432731681064 6.436406234111557 26.962819841505528 1.587643599056648
2009-04-23 10.566591167450992 0.3396475921050016 0.8538786045817479 10.76390888036034 5.30787285002435 13.155032178562749 8.242848650934462 22.791238356992128 17.75774605670266 6.0732780106687585 2.5679855762485784
2009-04-24 3.6977259711023063 0.245840207750039 13.165837214837474 1.087486212765862 10.338553136816286 1.6720477355742749 21.866825898673195 0.615478471020452 11.229925719210506 13.390130945129732 15.693472540966159
2009-04-25 1.9240426100063952 4.446644464029929 5.211028144627564 0.2109988506008979 3.9226780927008944 3.70032401064 14.370410169985163 0.11649964032520226 2.728466446703063 7.673572275544099 11.750669659727148
2009-04-26 1.9193775437345855 12.889222311177418 8.009579943923718 4.3225519741268394 3.0681396520223743 4.814850423915098 4.872947083831642 0.772546692383255 6.018499982734287 2.375051825451534 0.32530732134614027
2009-04-27 1.980324815475031 18.972967984716163 3.0037275957503002 10.284176203315717 2.2436108308924623 5.9540057502174815 6.683420614628359 0.07734557039382298 11.21244482554227 5.22545479518637 0.1518441566323302
2009-04-28 5.360535382245844 8.760164418796627 11.178302646471307 5.174663029702893 0.9543979339429773 1.536869388420604 8.889220714797274 2.1630406780915696 9.064255212808646 1.254624896386027 0.04394872249153274
2009-04-29 1.7644002903563474 10.31178244680884 8.062161408472845 0.4151320892599714 3.5477344044484664 1.4656378929585865 3.078049405399012 6.113528303341344 0.2954582205277163 7.470133588360797 0.0024728154484696518
2009-04-30 4.849638030371193 7.4740118209092605 6.38615194086962 0.18097127030993299 11.525430451216826 1.2956707143476702 2.3457406469865227 8.938883201084478 0.6641358673738824 1.3814511268823342 0.0
2009-05-01 7.70667089866172 1.3723047299749704 2.594422378753523 0.03130293264985084 2.0513565947148034 6.875151796656182 1.5603731866772808 0.5025156681956228 0.11833900135808904 2.6725080833264125 0.026651863879868343
2009-05-02 11.86146538634546 2.5848749231177957 0.4294812333784648 0.06807755334869128 2.8376353271754353 4.977493263291181 2.076913904891553 0.20480181792739363 2.2976427318534274 1.3100059697961255 0.22844050376410574
2009-05-03 3.9927187980209635 9.868756348612298 1.599536250311369 0.03185491840802289 0.632637266063533 4.478880298182236 6.360121302702063 0.017073134179040366 5.563788775559093 1.131728616233197 1.897126140496038
2009-05-04 1.1703729672314878 11.375208077687365 5.265057891893162 0.5806682067431339 0.29361473548761285 1.0040141335804127 1.7972393227031453 0.028515208933207283 8.213304825315493 0.7576363680175451 5.038184485500067
2009-05-05 2.8925654579608917 3.059364323027663 4.654049606293654 0.5604385444335603 0.7842278909359086 0.33040933550497414 4.9869308434578485 0.06977952996732514 8.978096520605039 1.7770820340742501 2.0746538897242477
2009-05-06 2.537608385291723 2.248561604604924 1.1962581179997636 0.637786166105563 2.0702758696032384 1.3807313539056558 9.73496256029644 0.010846435786830932 0.5563813976204632 1.7748585074141192 0.9101144715083751
2009-05-07 8.216349327709896 0.9783800614150062 3.0289366705031933 1.4900425834339996 1.0674509249342037 0.8039698315516671 9.405253074003603 0.08727697739288011 0.626272689532801 3.4656682310533133 0.419892420872122
2009-05-08 0.9677042830723546 0.7581195801692503 4.433062402377312 2.337457543868171 1.3582114292105387 1.6422194399175987 10.964828036979739 0.1856956819909693 0.19671095082682458 12.5924096408086 1.5634010104063345
2009-05-09 0.17459585777459727 12.443746780971924 6.9267292153717746 2.908585433279159 1.0626496478451495 6.046595121429893 13.352306789426793 0.20944245961792377 1.4076085730625278 9.535323220548161 1.2894637940644889
2009-05-10 0.3135886682882084 13.023908534566766 4.789739793372783 1.5024155169440352 18.167017255626693 1.1129640055363503 3.661783606270725 0.8754190732904 3.111991159488334 8.15319662305233 0.16588254760038362
2009-05-11 0.5876271556415371 3.1426033556820525 2.4219152365026764 0.8497074042176695 28.207935636926955 4.615147624922675 1.2555015921277985 0.5805977010786127 6.617285397924821 3.039358915294194 0.07839756469427879
2009-05-12 1.5046788778317226 0.7624001220283707 0.25336290461897537 1.2916561016105452 1.9407310400564426 1.452333137606806 2.1891172901746727 5.417978569467355 6.736516559896042 7.273606504778317 0.4613332922130996
2009-05-13 4.123838856917958 2.272887877090208 0.04980483086967746 1.2102002409946966 0.8886947755608394 0.6744777211931934 1.9200182602048725 2.100870201438472 0.9083435581005623 7.1054542423930425 0.37541126152205617
2009-05-14 2.267145138295512 3.707947205379445 0.08158836491185728 0.43854124015604684 1.066142596828901 0.01618432735969929 0.5271030097573973 0.7719270746114324 1.6948086438799086 7.685065864241207 1.1848559322873164
2009-05-15 1.4161362000476745 1.156330498139579 0.7522642337619129 0.46505080243691466 10.274886036797717 0.1384730596778044 0.0 9.559634138976884 0.8685910557249346 0.9173420738993472 0.19129699724017618
2009-05-16 1.7572756340684257 5.707833765937388 2.028041858945534 0.3058999577645639 0.3439416763860399 0.6963571016985011 0.020917230277055148 0.15969305774708742 2.8671084750206512 0.26072341516066083 0.33512671706851904
2009-05-17 1.3159811933214902 2.993028008612666 1.417402643800466 0.2168550311410724 0.04265934488355033 1.11522404794618 1.6390187622956172 0.09825842073478866 1.4058539881064085 2.346026232175163 0.3143569276941319
2009-05-18 0.1330041787657687 2.5633403545161384 1.5598861417376442 2.9785337259516185 0.04086375030760407 0.25920322479670477 0.2835902349778861 1.137705299101104 0.015416996175804856 0.8721225426372031 0.6750808248398453
2009-05-19 2.5345487755035387 0.44626962211845944 0.071399419349702 22.87158723694649 0.029421744447626512 0.5068563758430038 0.6959275150269834 0.05009508279068796 0.01746994510317456 3.0886129058846534 1.0577104046434949
2009-05-20 0.7894978718255354 0.23601898131335275 0.008586348317944727 1.8740310068600565 0.19308195749925672 0.29806412611732264 0.04710853184374236 0.0350651257063029 0.24453490366822211 1.1196314253638917 7.874034576283195
