2009-04-26 3.942910553663248 9.071101667020375 2.551200325554303 5.124273410051022 2.1614315117039697 2.2875864928866747 2.183949643623603 2.99900825382426 2.7112303987556867 7.25784827576423 4.934270893871167
2009-04-27 8.652305628797459 8.449798108367503 5.991440416401957 6.167598588689119 5.0109618335977935 18.277925312452975 8.073552814739315 7.601794880553065 9.102134406988084 4.506251503232546 6.87719088571409
2009-04-28 8.004966279873852 16.773973129717778 11.04646062642082 9.117460655739354 14.412732857550353 12.227227032958556 9.70443581891874 18.12313403096113 7.657979241559639 12.570347871900243 15.572989700675919
2009-04-29 8.301697324931407 12.455182309673603 15.502223134332562 16.164788728080183 9.68301885807973 15.251721904538645 3.26643731072543 8.76390655118717 10.668498056635148 12.041183605464006 7.038929026831697
2009-04-30 15.907222282926133 18.20134769683175 20.19327106450734 47.47322922731204 4.686651506735172 6.542943088362192 8.105605003948355 2.0084902051414684 33.857760835824095 13.196949762326517 2.9673933709699876
2009-05-01 5.876238080956493 4.147447057382177 9.257044931102271 4.959751299506505 3.438992987628935 3.4786017409450745 5.608230716631111 5.264516023096524 18.30947883271854 18.104984075270508 6.31304847921049
2009-05-02 4.9271389829477545 10.455832282458605 3.812543632294707 3.6146573320779796 0.36742479248537113 5.581465062798046 0.5518562764300623 0.6061911216310708 15.231896087277075 4.31364873238685 10.35507363106515
2009-05-03 5.75828329456327 1.7291645892309377 1.2623235140872366 0.396751176779896 2.1976984787903686 0.17128294051571608 1.5985310551713745 1.05650813858029 7.928325491207298 11.488723701541046 8.104579233228428
2009-05-04 6.431501198613904 7.316668800334789 19.14027579622205 6.757684026902873 5.0786436281950165 3.916373921174322 4.257721210007721 1.7883537002673386 3.8450008990986397 8.583566633080444 28.935483097279075
2009-05-05 11.42698759543202 7.1922250917175745 13.014707284919645 7.7149433820388165 14.33545913093341 2.9277394596605664 9.120767436839142 12.198167832317436 4.386977382156839 10.711116308302788 11.281031737725252
2009-05-06 12.56464308128234 2.804190495553179 7.903845153580051 14.878601999373181 7.594996953145461 0.5669796108770568 2.5210758236944892 2.5643683150686316 12.85335287131727 5.878689979814137 18.040579678383835
2009-05-07 6.484509151611871 1.2512592529143252 12.178574617909117 18.355081126087853 10.929287395949732 4.61285462865557 5.042458778015149 9.75745096516283 2.1371737462158023 4.7838181795019 3.416095654633444
2009-05-08 5.039026732131437 1.4073074520667241 11.276042334229379 3.5622092736433046 7.451011059082634 3.2506622004980334 12.872768043165902 5.578264183571484 5.558024012954005 4.458727772671492 2.2822728947500854
2009-05-09 5.218276935206948 6.3634564565041885 1.979420770184188 14.603207736964777 5.245033992444634 1.9013413453567842 1.3257064895698671 17.68649999648631 0.5738939437364545 4.74344054762502 2.066090208121962
2009-05-10 1.3439266268110726 0.3520956095936111 1.4521369295762994 1.494237342462553 3.4037878749998964 9.84752851016416 1.7702236726029186 5.074469626421257 0.7478327501869237 9.306838958789747 2.184524204216425
2009-05-11 9.162081847692786 6.607399489679546 6.712829299501475 8.579016999102326 10.883021383326653 12.367219970834402 7.099271122162831 2.52117863512209 2.3613577501440486 3.2442390967626533 5.704199390669901
2009-05-12 1.464854260978185 1.8770390054173318 3.316788985943553 1.0794778752948058 5.638363130942439 0.4588211276730518 0.456098459320811 0.8712028445117059 1.154382086642362 0.1447864257169131 9.807471910095419
2009-05-13 1.1011650349590565 2.390009179486896 0.43131565141805894 3.4450042210472995 0.7602762404040067 0.16705196681462522 1.1259878894456972 2.6043156772146587 0.5103235057362024 1.1707505854940559 1.764538349382367
2009-05-14 1.1110302406916168 1.4359157080790432 2.278893569311537 6.515780858625235 0.6310655253227099 1.1458252792617758 2.809113830706153 4.53613854059972 0.6498826479595959 2.3489536697335707 3.0605040001110595
2009-05-15 0.5660960271874418 0.06101900767851398 4.312537665426427 14.948502395101551 0.3166642345443541 0.4106729742874432 1.473408821309715 2.3837935244268826 5.714637771887186 2.3724511868025906 1.8698442848375267
2009-05-16 0.30547773499358966 0.32826334191341927 0.3797601833901181 21.94090306915098 0.3236902420795108 1.6194733289831267 6.25639538062823 7.199806203825852 4.366254980656162 6.117207135488835 0.04633514638698965
2009-05-17 0.05519464554096955 0.012302072988824853 1.5698230127945654 5.334952995473131 1.4962404033600114 2.4524523482661142 2.0936245539757037 1.2861491688309672 5.916319203575403 5.147971456829166 0.13005424888139938
2009-05-18 0.0 0.3686149035831121 0.3996858747467994 16.813873103527797 19.698296647511604 3.706512699204061 2.8691325684412203 1.1590119432531945 13.853421800119914 2.331571117639818 0.2735167137156878
2009-05-19 0.0 0.7147820123794937 2.046681791130424 0.4707319827581672 2.612002843050754 8.194212283020667 3.8372935096431458 13.514544413660413 1.45829594606145 1.557036312864577 0.5929454388210005
2009-05-20 0.025842672365395475 1.497019933468727 0.8152579691542953 1.0227789012831086 3.4169379175260763 13.233861112280458 0.06612453604146766 10.281773464100702 1.097840997888887 7.2607625215650256 0.3688592662237923
2009-05-21 0.006625699974640988 2.088385918616901 0.012984195910578424 1.1139718308804074 4.209574072621882 9.615176619729883 0.10770954792299223 2.539578773771927 2.7540166385263047 1.5358147933226363 0.9201190525411653
2009-05-22 0.3414912796060442 0.3783928288554951 0.010240452274592573 1.225098384610487 6.138587992484197 0.09873112594791476 0.2109938315468178 2.9731314294212936 2.0701282857054406 5.224079279988857 0.7593907703716796
2009-05-23 1.385889923944419 0.7306591342115083 2.159217274675587 0.7258723392708931 2.121854252916918 0.9984719061369844 1.413318183072893 2.8444659062771858 2.078368333240964 0.6414900350493756 1.5930800451886409
2009-05-24 1.796338879645926 4.09112439767759 1.451905991878526 0.5171633270624933 13.224885680237868 2.064890896019671 0.38056487046092663 0.14078940586862582 3.5550274630952834 0.07159005680339274 3.6687675682424317
2009-05-25 5.128655645014078 2.2970763480527676 0.0991345204417727 0.5661405579522211 9.348352524395006 1.9809100723631061 0.5892755062392321 1.419700241047824 0.9881787444335371 0.0522754006310374 4.911297972255454
2009-05-26 1.7196315934824598 0.08615325093196738 0.1323636307329971 0.2077852223066899 2.4032994046899026 6.5037382654831495 0.07291787782266705 1.544150220767336 1.3293628949470084 0.03495091264810786 6.464914252171154
2009-05-27 0.6050172986789759 0.004764589630054553 0.08591918574042842 0.33820762202697596 2.6500526115003797 13.668998437619798 0.17610010945101512 0.19223168464227672 0.5441972264394948 0.6661162824617258 13.497309879993116
2009-05-28 0.07189799356034138 0.011781164379783441 0.012367533780677595 0.004365658822397561 1.2875065628208855 7.298967831310382 0.5230924195955897 0.5907409775038559 0.0695691581626372 0.7205222789659123 0.1621443414424959
2009-05-29 0.08603859574272013 0.017025800954335122 0.0 1.1591585860236098 2.0934592331035975 1.1318909488993412 4.568453513557221 1.8150490170134583 0.027141349615338383 0.2934073625486551 0.37702696499685673
2009-05-30 0.08474057862573708 1.9187359891904614 0.5860918169219012 0.7319234961783798 0.2397125003830308 3.063774072385786 0.8791740731522052 1.8965326292109705 0.09256200247556819 0.09614515303349057 0.01915302205148769
2009-05-31 0.09621489987101225 1.333319262116448 2.7219125937654223 0.10637066049727217 0.1808851088148547 0.7738931883098903 1.567919677473611 0.20777020587613004 0.4475839008184519 0.1395667871340528 0.3723750616793379
2009-06-01 0.09127843906984486 0.05623636199279628 3.996496722388356 0.19010501512962563 0.6468751197133351 0.034389422074133674 0.26361816464164467 0.10719591710563857 0.014883256858493513 0.057992124575118376 0.09090443327613656
2009-06-02 0.9662240084350457 0.0 7.65849642002402 0.0018896447107517032 4.080315353332823 0.013670809090535144 1.1399760741419893 0.0347745864949681 0.16652819408950584 0.28784787665303524 0.02806860510244483
2009-06-03 0.6683520949956304 0.11902787565551844 13.091075870407213 0.3441174677469404 2.770722920708595 0.019390458846821012 0.11300204425416444 1.735818636870496 0.04709335168282042 1.9292371618859874 0.02461021659445272
2009-06-04 0.046392638343437625 0.292162062420114 4.174570403145139 0.5422754350571117 0.6301013752824471 0.12528610634499565 0.12442393327922723 5.594382132346665 0.4263068011556168 3.683021800629903 0.30909802994056135
2009-06-05 0.07236979279409374 0.8168539535070432 0.01932787122048632 0.05331415192837137 0.8612947065126737 0.0 0.07056192708828324 3.3152806641406496 0.2718497413147601 0.1018623944904907 0.5368059986945253
2009-06-06 0.4444996303482198 0.08001608913974045 0.12884614258371896 0.0 0.007303191368035101 0.8228361400095773 0.0 4.591587882363918 0.0835775597771429 0.20018534497227564 0.07731540067885323
2009-06-07 0.037876140668920796 5.509932301596978 0.15491278780041745 0.15792994043312147 0.05485778984576713 0.1520407143283804 0.03911630290477351 1.663339159290028 0.019670725148712695 0.20605544585859173 0.01915302205148769
2009-06-08 0.05883079385851982 1.2196708161027372 0.0 0.3500392370556231 0.006561406632151733 0.9579364552590186 0.7515869661037721 0.5552573678126975 0.09737521896410456 0.1356774644221532 0.0
2009-06-09 0.24225358855654056 1.069269990785147 0.0208553682775462 0.0018896447107517032 0.14182512402525674 0.016608341636172683 0.976861158493615 0.0029375325456375396 0.27613209510560893 0.19528983398367672 0.0052197577476317085
2009-06-10 0.6660915268055281 0.07642010722530004 0.005806127148525863 0.5547291566346051 0.28383188161748774 0.03024757325131441 0.10461375527867328 0.003330113036880005 1.1237348151654643 0.05473637196108215 0.36254686267191216
