2009-02-01 1.6625042351754349 4.287407756084852 2.4121303835374377 11.315406333257549 1.640390932470135 1.1905614410443588 3.8387750405382546 2.882163822416235 1.8279423700123867 2.660814865197078 1.163271341937882
2009-02-02 9.84468786998114 12.804062210744224 4.4366457801636745 26.399903273469686 6.239489280462841 8.569612068545648 10.45646170792914 4.656382590755554 5.821390133012031 15.885709502464962 10.409117716416464
2009-02-03 10.593375932491714 8.965833706823533 9.571247946567343 9.222033987324366 40.47500290017159 17.682757688211662 16.372388034084704 17.80563437008557 18.165724506086352 10.905275989170473 23.128630296938113
2009-02-04 2.926173877440826 5.733434266735067 2.1183432206699746 8.445138320847601 5.720470764011535 2.4157292123461884 8.736027220116597 8.671448219316282 6.8969094547174805 7.034724015679215 1.9641312616660804
2009-02-05 3.497046470283003 8.240404639351059 1.3775907433596601 5.193645417785371 7.428199167952263 0.9276033851468766 17.335435120282156 3.072712984835926 12.936403210065599 11.328610748541497 6.494676805736692
2009-02-06 4.127014546661663 1.5987619180843762 4.724575954867801 5.156479652596222 8.943869936327848 3.3983149533451558 15.70231202273375 7.106957975677762 15.006011994497728 10.089965513719559 10.29858109891678
2009-02-07 3.876410639278601 0.6625415340596718 3.075530125627889 2.60434666356955 1.8464506608958122 2.15743598033075 5.021496954447348 7.102290824991094 13.021088924661974 4.521932513089936 2.4971921208338594
2009-02-08 5.853078804210502 2.0329609599332006 2.3470891841288006 1.3179068724675336 1.8646542114126534 3.7376936999158312 0.31810032218893036 1.257528069280621 5.07482834896432 7.082556608922258 0.7885495149993009
2009-02-09 4.253357986727098 1.2331670880300543 0.10902425167358815 1.6820008520702956 5.467682878762007 8.557831298269637 1.4314475102501054 3.962232586447893 0.82861486499598 3.528001458278097 0.5371574523549927
2009-02-10 1.308471363526821 8.254613550655261 0.14120768645179468 1.3921825064100861 4.7498416624979365 5.9029629632488945 0.7789345432459714 5.498991918246244 3.699423806556727 0.5076851398937006 1.2318532882129183
2009-02-11 4.92356506984627 2.1136523681878283 0.4975612664993656 10.105314506813322 5.826249632847917 12.01214026532569 5.228233560887555 3.445574059978439 5.4033634066773 0.48431290414527584 4.001167578319038
2009-02-12 6.040199007470533 3.6375701438408243 1.3001442483132555 1.159372964685585 19.073356479559465 7.818785741318111 1.399556593570037 2.6054502796030876 11.064048141526621 5.614652821438984 3.926985240064122
2009-02-13 3.9759560224815016 13.962357979707232 1.8205985773127964 7.932533030173647 6.2723384753326545 7.754471322936171 2.3832147922481646 1.8211524296772883 15.482366434709844 1.6183205514405317 1.5276437330889738
2009-02-14 5.80432394098278 0.6305641256093135 16.200810472432714 11.473560224456008 13.38337973069319 16.960690801301546 7.006285800093664 4.595624807657072 19.914780482835337 6.621066874342576 7.973442517412026
2009-02-15 2.887767089913451 0.7341456403951504 9.77267417862771 6.805074371622933 4.320871215438291 8.004739398152982 7.311147860887161 1.2764141876527169 8.391995344601415 0.7597558868706227 8.39241388738033
2009-02-16 0.29737583009814095 0.0 0.8305193098233622 16.264857814783596 2.9099249125826545 10.72202627163761 7.562975926002618 1.897825426953208 8.827654782724188 0.7831513195040175 9.740737569428084
2009-02-17 6.125548893317248 2.225620699524083 1.6744062378441034 3.3212580579201187 6.501132897508782 3.0620850955661143 9.1683276227777 2.172675460436527 3.3627528651443512 4.334436757911176 0.5383108659952953
2009-02-18 5.219083164850832 2.8948179197081627 0.6144218335748792 4.969528723496635 5.244653616475258 3.24384118085573 8.335433460975189 3.497426727327122 2.583701194297138 7.145325128575721 0.616680270791082
2009-02-19 1.2641964344988565 4.495485008916877 0.22077118380644703 0.3865263712183397 6.388635221135622 5.253294661370119 18.134422839393128 12.03069299887405 6.61502190007436 8.627920850463092 0.9278606295713132
2009-02-20 6.075067877887648 4.605091209023589 1.2925147990385273 0.4074881200161692 13.427522963946657 0.14740206777339823 23.024898338770246 5.047647149793127 11.9769399077644 5.63193039116448 1.2667626749119136
2009-02-21 5.197097060317912 10.038644122126179 1.1807960512674864 2.856164972188208 21.217838806553385 0.8261691038933272 14.420968918353516 1.9802031662781152 5.357168102840941 8.787671952782356 1.8313663807830138
2009-02-22 10.583124452513578 45.73703425030337 0.3849759876262841 2.907928927006078 18.41586870046804 1.249438612174647 2.0346543967737 3.840724047547802 6.269912733060268 11.42975651740018 4.164370570880606
2009-02-23 2.1364548914127623 20.599220188951612 0.916792259493628 1.9035470696626833 12.861379850551781 0.8060040621500904 10.569199893364955 1.9346299590440936 1.781355891010082 3.8118920100151668 10.430288790161065
2009-02-24 7.1899611554959275 15.150085062191906 1.1290168637892557 3.3046326128173678 4.1549157118947875 0.0708926965907873 17.863549675213953 9.979546696596795 6.553244050593082 4.80552268934275 8.178499486704077
2009-02-25 6.464040661902816 5.1765252793266345 0.48802594302309243 2.283860514449361 3.968457903948683 0.40818169927044257 18.483015411659608 0.05367797964424054 2.375755139020805 8.518281955057738 11.10093029675122
2009-02-26 15.52591913420479 3.7951326632321116 3.5378349263877813 2.900549036686553 6.042538893832038 3.7702314791274687 16.037194466892164 0.3249889111867365 0.581812634164449 5.072977234682965 6.849251884307798
2009-02-27 9.83589200728986 5.673108558323279 4.222838582058873 0.45663617301204634 24.07035385543262 14.11509781081076 10.738475373939334 4.544047048854807 6.936672348878762 4.074251369539379 5.428901107639691
2009-02-28 15.85820468379778 5.424916213587888 12.757108207680435 1.4213581099819055 9.135072886008642 9.853153270842467 10.639567952795014 2.441593062277699 8.80658283281073 4.960672678683322 9.231222666328083
2009-03-01 7.312305528795465 3.3252377992881317 9.162459165649603 2.2467861460347773 2.0486924853415376 3.9812617491254225 5.71784507113788 0.859586597296316 24.037745156198053 6.215292386129384 14.30246211213078
2009-03-02 6.496289784263514 8.820720297950347 9.421172847373187 16.377230223475095 13.576952639852054 0.5630318504536092 3.764912409867182 3.6146793622497793 25.213586790232604 2.46879754149291 2.9340462100619256
2009-03-03 9.085710179778346 3.891115164754284 4.769138675203886 2.6222534326921707 15.777723679727178 0.17388474795145314 3.0669085093545623 3.836583855815315 0.5618363886009569 0.25969697827090044 8.815471604890362
2009-03-04 9.452210662219368 4.736713195943743 0.5566398424608419 2.6971233969885335 1.3284184120512075 4.670999451293188 10.9972762386731 4.40550931904613 0.646325906259167 0.20790680738867184 23.658521685108433
2009-03-05 7.490997839590415 5.520275966234731 0.5524405168304423 9.244318313421557 2.941556599247585 1.7734129490031014 2.173161170392776 2.24363196089557 1.289890858512451 1.6911441955062636 1.3581409591731861
2009-03-06 10.899952651191878 4.962777413935406 2.727444579694891 12.916589645020448 0.648284504800595 5.268487905814768 1.3901388184765782 6.17878075483416 3.728442006132547 2.872964910485232 4.880072573650857
2009-03-07 13.249380101010269 1.6622975615900732 10.78326183023156 1.9496281415948347 5.538846105803426 1.5221190078021483 9.020581010689245 13.677936252764553 6.8635469650225645 2.076197672327916 6.230880525981918
2009-03-08 11.935361757357617 8.488236383848992 10.668133540841698 2.5318539897488104 20.74839350085086 6.756083137109685 3.6267663091791245 16.824756990548394 0.7842865840060026 9.341924443133339 19.376934732412376
2009-03-09 14.057203439873946 10.013676890821426 5.368020898144821 1.1830784417197042 6.1206794358337735 8.514144676672089 2.3121471204269146 20.140563355814574 10.806432953752354 8.038068014448976 14.447412441662431
2009-03-10 1.3019111994079995 12.820064830146773 5.53590151856544 6.071776438666744 6.423614586157663 7.393083855378981 13.559015790050811 16.933811232263842 10.039247393876224 14.569377543350718 4.71567438451018
2009-03-11 1.254591856705786 4.4452014325998315 11.1331015690943 6.448823309996124 12.17593759483601 9.129681378442847 27.294869279060798 8.354589152814341 0.5376877570361629 2.273434616365304 9.259319603029608
2009-03-12 2.291829312229828 9.063776160053438 10.031846429187997 23.850294399956198 11.089390040027633 6.3430590412063745 13.089921380142279 18.49147166015 3.7033022631454644 6.8888005361144575 8.931273248093696
2009-03-13 11.361471244653606 3.0716982500480836 12.704105383326876 2.1972180823242327 1.5390841592334226 9.851536126101754 1.92836768824768 1.3586084231211841 3.3799409093241364 2.0340630576537597 2.2411805284812027
2009-03-14 19.51716359350751 3.5203814954357884 8.909356962475904 2.3427641474437118 8.134425103143542 9.971467440980788 5.435667211878221 7.152455522022077 0.62951233802339 3.392080233622993 8.974400692061282
2009-03-15 11.719979562261516 2.9398479758326643 7.169388675017806 13.29891391938273 13.430895636026985 15.067035308728695 13.576997147276455 8.728674944452163 3.1768810778841767 6.687558415722247 6.894287391444812
2009-03-16 5.517120949452347 1.1727272328494158 12.178415412107793 32.53971130687703 6.974292734730955 5.3173391043065426 6.288651298017893 5.047380153330167 15.749656526410371 6.011324025775303 2.521051841340764
2009-03-17 8.9502281024488 0.46533176611233507 14.07649185202334 24.108042525084606 9.840559458494269 6.580110246166332 3.6313194740161743 1.3052190788054678 12.103205187169731 11.425291313909497 4.820198110781563
2009-03-18 5.870906639525651 0.31525606708965637 7.856153682639031 1.466103168999775 7.156570157275539 2.778409383658685 7.009529686216432 5.052623567374072 8.238904384939907 2.542086788952362 9.99736390938436
