2009-01-11 0.2583933578058081 0.5888769260680745 0.730855150671854 0.43373049711536144 0.09873422263456781 0.2906095443305099 0.2051876020808996 0.33497049740575247 0.27699597708663026 0.05183855732402336 1.0182450624229618
2009-01-12 0.25028859013850413 0.013414199487090585 0.301145556068815 0.3796684017179611 0.6800953835903625 0.301145556068815 1.141064938521441 0.5167295255592288 0.876930439563445 0.02890783415461445 0.3829539835879792
2009-01-13 0.20723340637541285 0.404310646330083 0.0 0.23444879477084923 0.0 0.009291373316509184 0.862812227253343 0.1505727780344075 0.2203991673865425 0.42266658193941364 0.29702272742392277
2009-01-14 1.2489047089706826 0.807246309894984 0.19929413857778544 0.3442142689878506 3.236053067292671 0.13715858123082392 0.609645489894873 1.4172094047418677 13.762775738264875 0.06726827074046798 5.819273364114977
2009-01-15 5.433143459830663 2.284426476132074 5.157087583352348 0.1528107624565163 6.619241741417948 2.2592533191178155 0.9063148417549864 4.232786465631134 8.058488617210514 6.65222275223929 4.330483027250566
2009-01-16 4.8460605950170486 1.2253459923840162 8.766192455780104 0.3508703675458299 4.35111764934486 1.6292315451549428 0.5938293567189803 7.468677792646075 2.926404705466861 1.6253559435422327 0.6868376908898906
2009-01-17 1.0793684221133026 1.1054348180587028 5.158837356954575 1.9932424912119593 0.4560486718468604 2.7963590616118577 3.450200840561748 9.407982721357977 0.3739682541672471 0.6501447486867425 12.074510505895605
2009-01-18 0.3617390806866155 4.443418414730181 6.236272598197624 2.1251406063346527 1.3103547810580332 0.9076080523800399 1.0987706586110626 9.342713976563438 0.6999341843530702 1.275217934351025 20.883519518595538
2009-01-19 2.859181554982901 3.096169390716146 5.762472714115555 0.271320204307159 4.594254599851746 1.1895080197727526 0.8143039848485185 3.684061475689864 2.623472294590991 1.2952111090022416 2.0682888833002746
2009-01-20 2.7528092677698273 0.5219672086893375 4.8769965126877715 3.8450411051996163 24.60389126643142 4.738433972413507 2.14754428509378 2.5814059122321225 1.0950880319124776 6.339961717703371 3.3206064976499947
2009-01-21 11.015040247727503 1.6353562630093479 3.5808810964419076 17.77338960562509 15.33411209645448 6.5287350921902 5.055594044668588 6.838154356421503 3.596231781504096 13.359832769021091 6.482500915110094
2009-01-22 14.39250037197171 10.383825110544992 28.079037093600494 15.677745060619792 15.001701589060477 25.486974666176923 2.695165872981547 48.07307349318171 11.972552312575846 15.099050133310241 11.004045558594889
2009-01-23 4.461523794651599 6.567475872479839 14.021736104813598 13.514730324255618 13.552632414017259 1.8652181849136475 4.049841681881613 0.4757670710524219 1.7633344343148547 3.096392619847533 8.616234454497222
2009-01-24 0.7830068276326131 2.028009878704501 0.37107771462216355 15.07129007653115 14.316144246816584 3.563581677276836 3.3425166415205894 1.0591558890380597 1.1990719540833727 1.935290178502849 0.7466706133529254
2009-01-25 4.529580112352067 10.784795097086583 0.5226137444028598 1.5687007941099518 30.599553998681955 7.11248660792735 2.9854094493815717 9.808132506403592 3.544924443079573 19.504403563435154 0.037243641912937164
2009-01-26 1.280150978966354 6.3207232020458335 0.7126146884273334 0.13842384109338068 2.834708043481655 3.4427049456411405 24.548416719549273 5.434201664753313 3.233696282631957 8.533351714810033 0.0147105465205094
2009-01-27 1.384095801639704 5.950252758551033 2.582055919639252 1.78474983239935 3.0220289221732077 0.3009797188010949 13.583597738836591 2.200120913468579 4.245995781979107 20.83034331319803 33.82008382266635
2009-01-28 5.456705833197088 13.869433580896917 15.550405793155354 6.805943650961617 2.839267212555731 2.7494469073965355 0.44830635813263187 5.0242814506736275 5.9102562761145805 1.6967697532912591 1.5964904435558547
2009-01-29 10.573022247976489 3.3892989862885687 0.8673799275019474 4.810833142936217 5.9886792810451555 4.25327477601838 0.46131301829434757 1.4410645490941718 5.308283585431438 2.148356782402582 3.857133605254554
2009-01-30 11.755636564426947 0.5937940250002929 1.337493781562502 13.287692343494712 1.0252456433797545 4.513814083281312 0.18401813593899805 3.1511043736218456 6.307205762755321 3.4434060428858198 0.9143029090852169
2009-01-31 5.078509963622068 4.810477987782011 0.10797777556524862 13.180054854554347 1.2010330235764493 1.501077313273485 1.2742478859997717 5.594556550604544 5.108783512693204 8.021212928378716 4.327031170401778
2009-02-01 0.9309471907771742 11.060256385275288 0.039112163715871215 1.8627677595746839 1.656834899676088 1.376877189314223 1.3591458810645665 1.7249744071453605 1.129447184931284 5.6853260031193615 4.581230547272571
2009-02-02 5.552726601884024 1.8976722092075875 9.671084808823416 1.0597013616455078 3.4588385376674076 1.1651323183168927 2.741591862400594 8.30593434681791 0.3578538372785055 2.4230782429739355 1.3541364864353156
2009-02-03 8.986867261291842 1.2164670632501184 9.126026898338598 0.3192873985087657 4.91183098831509 6.623804205789952 8.769375822610492 2.6694753383463774 2.814218396166977 12.273015632999716 6.9020581375163665
2009-02-04 0.637990398895557 1.391943205808455 5.680723072094169 0.4269333233867558 3.1701544723953203 7.71246719379859 32.89310544602238 6.117712888632185 2.4834895941765223 19.68953855844383 12.749970292157766
2009-02-05 4.255984838035209 4.381612904457171 0.5404538272244812 0.8938459179584014 4.493907192688579 11.1144786559878 4.997449172236645 12.951313088085175 5.143601181616674 6.218416541105151 8.045694892450141
2009-02-06 8.191043889385764 6.762179656926433 0.2162330683606916 6.492233521252999 0.28390014432372124 5.853954894838267 1.0862555813578427 4.509926832358805 0.7093463483801455 4.359798108118186 5.233195191666894
2009-02-07 4.262306530163482 7.201578228787877 9.226970595782861 4.728159496725203 6.786423097287227 9.029506476191692 6.391814956011229 6.622199113222152 1.544159686044007 12.57687159860755 2.0430776391843475
2009-02-08 6.914493974019699 10.59653727695928 16.435346616848115 3.619210465835029 5.80626679400375 6.404640835214742 36.15535575024904 5.522554996937795 3.512588988961867 3.0108077465628487 7.649142506640107
2009-02-09 7.5343589579333585 7.273348718853018 13.695715348403615 1.3427071516346536 3.7293634151210213 0.8512849422973197 5.898818597983771 4.340680938788756 9.38692434435765 6.672620756695755 3.748259225714104
2009-02-10 5.582073271404009 4.3688789949450255 6.79069155450574 0.4353595739680775 17.5112132776791 0.8912737372542988 6.383087977432985 2.8486031345433256 4.067775389300513 4.074332466182683 1.3763215255114176
2009-02-11 13.598656755937817 4.5525065978564125 7.397172147430939 2.177862411795245 12.123034860278818 0.6409679185664219 18.213591784346196 1.0209006339369981 3.330957272618564 3.010630534347674 4.604170669646394
2009-02-12 14.298027091193289 4.239311420777279 0.6070808007137287 1.042643016415644 14.277522397702317 0.2993878440185222 2.600455766216712 0.3266871257801169 14.466120330776219 3.210841855556282 7.469766947611516
2009-02-13 16.033896037633262 2.2345565705543757 0.2861686124473896 2.0832566238466237 8.839119753038531 7.467949076647974 0.038305682974682134 1.1497982446151847 7.659074411768856 8.60237695736476 6.044531739405382
2009-02-14 5.945776319777796 2.131309237471492 0.13724873333086718 0.8402609838454047 4.2135040131904455 4.679777121703683 0.40386477794656606 1.7385285113788573 14.80181131149487 9.616374196202704 4.962920428938883
2009-02-15 5.159096509588623 4.674539992485626 0.4748696611248874 1.0397126357802822 30.82406234248509 3.188761737543886 1.0940564338786143 6.056032732871731 7.952578660053383 19.256716181433642 6.372782283637127
2009-02-16 4.3333728559074185 4.597525310697596 2.022873569431597 4.560698136842667 2.3959682220548104 1.3467103715694937 2.1334619865244826 9.991836909757204 6.406857880341803 2.3112722996697848 7.569559181261734
2009-02-17 11.463902561045794 2.723284225986731 2.3485441826753948 3.4464332275283107 5.902190047911161 1.1786363797217647 2.027230615493108 3.6775341904039305 14.815091889218156 3.2272113242313334 4.300998501836373
2009-02-18 3.437002699511751 5.8183609680363215 1.8116602992833344 2.0390820033269432 7.904512683438194 5.578448395545298 12.257238752995953 2.1772109064739382 12.060592080081666 13.821750296378625 1.4658072373221218
2009-02-19 5.654176139027799 2.7136530530331555 1.8022094297488862 8.855003281972056 0.5725226304608635 17.44087224523288 8.246811441055232 2.5118410137284046 14.690833602296637 2.2693354516507727 1.5188519670121885
2009-02-20 1.845234850374942 2.5627599082485366 0.16800112539574574 0.8925747460490308 1.1885521086099124 6.167234181429853 9.189227439491512 7.573176130926003 7.7498633870764255 0.0607079576466039 0.9857143208700296
2009-02-21 4.275615257214961 2.187835091415093 0.020215929960725236 0.8530938746568882 3.32190264984887 6.939203020342137 4.093498521785952 4.218814046741212 10.429047916386532 3.1199507773289255 1.6589631545614307
2009-02-22 12.067713452410723 1.1562667503050457 0.029116665258795263 0.14825130143685467 2.7829602752134743 7.570266301114833 4.4149838760423865 0.7376900918786634 7.2027387238736615 5.779968038567208 13.70178412190718
2009-02-23 3.7769230365563997 6.425569480351849 0.5640524594293432 0.03044646682455853 9.811793517060462 3.9322438776767967 1.283308166367954 0.10285183951041657 1.973859771322056 2.006039774248422 1.7331939776191763
2009-02-24 1.3092589156872725 1.6530547713247465 0.3668912610231723 0.14677002273523254 9.856506246317169 3.2888293802855784 0.6301128706363162 4.421722331830575 1.7234800443263525 0.955540657873906 7.332835716248205
2009-02-25 3.0637546691018516 3.592397269202398 0.06392750966732991 2.3951422420690776 23.812190507492264 1.1789251349839112 0.19729249828531586 11.803600463033844 5.250421890677936 7.359021214870017 2.987738740539674
