2009-02-22 55.90509963840121 16.93480487884639 86.49911788999735 53.670548747044016 55.46683306717469 34.14895410804638 37.12115831906842 42.84122416298432 48.75386653344563 55.89636650152745 64.50678584342396
2009-02-23 19.918854822288345 11.029776215822457 14.244111413225173 20.29516753570055 16.674796444564087 18.816919866372068 23.409838833443892 15.319026981431563 17.89638992232092 14.290893703935588 22.357171025273164
2009-02-24 16.107268976217227 2.8572906625830754 15.7901577030669 10.578705515218301 13.160171986540076 19.507901381351225 6.97818237666719 9.988781833906977 4.290777854448667 5.654280625383877 8.857966630107182
2009-02-25 3.9946691878838707 2.776354765001112 3.339301304457661 2.4439252398400892 8.277509136456032 4.50616613797218 1.470597419008853 7.983540343026875 2.385378324210887 6.647358470503662 6.810251486375928
2009-02-26 1.4814933196089266 1.9005689132594483 9.878069298192774 1.9587190489651802 1.7406084205644068 3.0723629631643297 1.9008695926584132 8.644403322602312 0.1310720727015301 0.6407874214069122 3.1945702916714227
2009-02-27 6.716098430487399 2.268800279750261 15.349236400114133 3.0429490038857274 1.8742945984495747 7.924216609893101 0.9029645244735985 0.7700962801584863 5.624678150041337 2.5085847840875255 2.8628084943097387
2009-02-28 12.736031742760748 10.355440807387339 33.73159348958063 20.618360445652804 2.4865271261744475 14.527598589645663 16.4869048578214 0.05871791217043358 16.58851729644706 46.64373228380172 5.64828725538405
2009-03-01 12.036810011504558 27.794335172083592 13.960910036615022 63.687447300161566 9.019862131715485 7.998106611945325 36.22804797237234 2.880537166613572 56.96130310692887 12.368401516861907 10.32792883247588
2009-03-02 14.758103630132318 5.905479784904323 18.78657124480837 1.0884200682280065 21.26169003238749 7.563317589039215 3.276575785834793 18.215824710469235 8.15033835502776 5.527503300770112 20.795278916056333
2009-03-03 17.163608748920424 12.165883649038632 1.2275268814687585 0.6834132261426863 11.566337298891955 3.857199485899269 11.758490688682045 8.943931727813183 2.015164264096838 11.32149675834379 5.756365561044968
2009-03-04 18.034273971370325 14.979385024439164 6.67686094735348 2.9477811380740864 5.937135299400892 6.755062148648081 3.301626695160854 17.272499855087933 23.119475441081683 11.943824620264063 17.63764899924399
2009-03-05 5.641710121174693 11.82375919663429 4.97599335886227 6.261694371207794 0.887967676124427 5.10132248102848 7.701361486328756 14.020977293585034 18.14241436358345 10.396980260166204 6.100250090201795
2009-03-06 4.185656332171181 11.165262773883242 1.5865814932960567 11.962428049880728 10.004089952949133 6.7931249698297975 5.022886805049809 7.145573450611367 2.023559921643588 19.102806010871465 6.388691223848333
2009-03-07 8.896639724206514 6.675033546008606 2.742108586354102 7.654475688730703 5.940571707256439 12.898702437232178 3.4196102312942145 8.58016609262145 14.016348245970384 6.087187820960825 11.488183972011786
2009-03-08 9.752403096153557 10.925539950107883 2.7441792445414293 10.705659969454002 3.0023663623225074 1.3429064561586679 6.064244747333435 5.166166958096648 10.481608678654382 4.9635399273855985 22.766281478673292
2009-03-09 16.878357870279707 10.596817493643709 6.341549343861562 3.507259911669491 9.740682806306204 5.825021116013924 6.726329276464769 9.223921379151903 13.915438995166785 2.681096118091066 3.587454441651313
2009-03-10 5.780266894607538 11.20382478133612 6.674184626345593 2.768359344052917 4.743845894848311 7.189475325819157 0.30870465143696824 1.658298978503967 7.199318287570812 0.203784781435356 9.105463541382573
2009-03-11 11.46441137826677 11.399683520952962 10.772793629900573 14.510332222052833 0.9738339046169125 12.032670183328534 1.5524288365126149 4.482879859844193 1.15167727960631 2.7785670447456914 6.21472274084579
2009-03-12 9.932098714115881 15.252469837475026 8.237560776593543 4.155830677252928 1.7648031282013075 4.397013518915719 8.274975742755533 10.752792209009892 1.2853755944572949 4.430505229143899 0.9565695786026487
2009-03-13 8.931440459148883 7.448692252902684 9.28321136358886 5.328332066575377 2.1968077563777944 0.7866461135575011 3.188970723871714 10.587598341209953 2.2519748265713018 19.08379193480396 1.4444253623755399
2009-03-14 10.055612569761191 13.779565375827532 5.401811683628909 4.38435276336018 5.211252212257342 1.4707385764024918 3.7529563236985046 29.175496908355885 14.110330147510778 17.895186446897306 0.9930908165652963
2009-03-15 12.411866092049287 25.508315176583395 11.713276465266741 14.499816994514973 8.827478701399041 4.735588154990024 7.128999918700548 8.449387453022318 4.105558202752886 10.338448013731007 6.28180146475804
2009-03-16 13.397157627738428 3.066208945319612 2.997903567937506 13.638258625360406 5.468970210228636 4.529249261985292 16.21936125802821 8.410117130739035 8.621561820744667 2.13074018863841 7.2010710286532245
2009-03-17 9.765115757070541 6.258182186893366 9.03724464015106 46.50952362025686 2.715612866261677 5.74919007297022 8.0934752687916 3.1011680570555518 10.25388297263426 3.0586688106160733 2.6250783487007103
2009-03-18 6.459842837391381 18.069827470802018 10.492064069650024 5.188332531462803 8.011373844068533 5.537110069910115 8.67648317015766 2.494328283334768 6.339730048417691 6.482986499005344 2.0957180395705812
2009-03-19 4.276375410906299 4.452449155856643 4.813507165626336 5.4615559009466015 14.164708601104238 11.229711254188771 10.547209888152082 4.709844414455819 3.590922500480632 13.194639846658752 4.7034959808474746
2009-03-20 8.10872718322569 15.978782110709076 10.413829088355945 2.640828519059652 12.29522643363777 11.96479956639137 7.317273134745299 0.5928735171693578 6.995770286371904 5.895641681713104 0.2395721403060065
2009-03-21 8.185866023636937 45.04389786186697 11.662856499590996 1.4931580832696776 4.883953248131864 19.575886704266345 4.630898768303483 0.330621382772862 4.899122129663567 5.977830539337717 0.6243194192414216
2009-03-22 7.2291588670367 6.874419094647751 4.634132048710949 11.321445995059065 7.23903375209354 12.924392922341223 7.307325615739668 0.4364988722033547 11.392758324459832 24.53773130170988 1.2958100297155104
2009-03-23 16.64545275265808 5.767546191346632 10.310150609259923 13.206571034212969 8.030401050593195 9.64371962531926 6.61450872417668 0.6809674044584074 7.483326699227648 12.788027756962675 0.7835854968567091
2009-03-24 2.371599564286588 6.032863087468183 17.359662496063105 3.3295107922518463 2.515990290776385 6.693425217814982 11.592210568480368 1.5514098178255256 16.22016607634268 24.812892185507618 2.451992308408157
2009-03-25 6.668395570955665 14.484406048761414 9.487785434349746 6.414882523839852 2.6640492577278785 3.4353702452044224 12.72088609370855 1.4701404640879154 9.090219380318125 26.382833306701258 6.100538526465915
2009-03-26 9.706690197486598 11.413723207764694 5.083163945755135 17.33469546059511 4.483583914217993 5.7939949616259 0.7871375983284471 6.973240124409955 15.727701648200222 8.509176321991301 8.722362829827635
2009-03-27 2.7104741918996225 15.796861390160606 10.954469668551747 12.030218506002036 5.729014045147794 13.040272819677698 1.1945706011530715 6.991153946179248 10.222896371555375 8.324003104302887 8.118926563235632
2009-03-28 0.26392496159214623 2.674474752471158 15.593013046441566 8.445611525467312 2.48811835678705 1.1465321975294789 7.0378834060591595 7.5299858435216365 6.349029734346752 7.798081029488841 12.276975751658961
2009-03-29 1.161921215373541 1.7079572796595306 26.675716537259568 7.646835157621555 5.569057738995999 4.802844056502448 17.965646118874727 3.69113024141939 1.0257515564880246 8.671857244980501 7.480188780884469
2009-03-30 5.21888675767131 2.694418098708053 11.721332261466609 9.036412763444488 4.532657950752302 5.600385647650487 6.159710947079505 3.6498026299920148 1.2950562523563443 9.536602311304414 8.606473559205796
2009-03-31 8.809879709396954 3.8505246164825833 8.906936836216858 9.689382306836468 8.874456461770123 12.573522211983779 9.822875010614492 1.4074169622617667 4.205381844434691 7.9676575558282785 6.843909019532063
2009-04-01 10.386152734157921 12.200304017502125 6.629307325644059 8.685582916531265 2.4210285400534994 8.171323135881687 9.461530161431762 1.8616580496443054 7.283542759194432 9.369822007598403 1.825059965630342
2009-04-02 14.62641421460416 11.45701171866593 1.8284824589293147 11.462442296990485 1.0984378812566495 4.214186496041335 2.0480839336735315 8.644056708457118 11.498811557643995 5.18637958063916 2.3636595263395552
2009-04-03 21.044816253097643 16.871048593652908 2.2190193485812633 4.48851580053217 0.871895675439663 10.488858324921218 12.569230012132511 6.042963612270407 4.389398735000198 6.871709435695336 9.863901581681272
2009-04-04 21.535578459107246 13.0170046363228 1.175635858592083 1.968096868608197 0.3447497369002773 8.654007357598555 17.588783565315033 6.2395333320818 0.7051117046633966 2.574250083702213 13.858389279833574
2009-04-05 10.411083542298655 12.625031673918496 1.3273352600637516 5.188588815833199 0.24642675577248885 8.8861484295409 8.115450164407509 10.876466870839119 3.2507335147892014 15.650752734257406 9.98079578060552
2009-04-06 3.6166026746914026 10.422792631612161 4.360323340105107 24.3298149852156 0.8595628322046116 3.7017929326347336 18.61580759505425 13.688766511790005 1.754508805189777 5.52134390247692 11.010245691541833
2009-04-07 3.4577645926342324 14.389174749557677 2.8260086182240993 27.94439814530516 1.0133930743144441 1.965843163559585 6.061446897867825 9.116386919059316 3.8901347974287894 3.449167106049127 11.180435746874306
2009-04-08 2.3113923011347453 9.215443501524778 1.7667745743577876 2.585773775212438 2.4438197815992933 3.269901519175195 17.166862738629675 8.162636172411242 2.473399783569363 7.405198282831682 3.159948267877951
