2009-03-22 2.3450377109542075 1.8428660400137948 8.664249788735574 5.016467716128659 2.802741760355276 2.5310468594858353 4.377038584771917 2.4438683889688133 1.8964425418530553 3.940516027410564 1.2868015590210937
2009-03-23 4.921975216945212 1.8615186359531073 6.29110958731261 2.0383237615007315 6.408473607155463 3.717198489961205 9.748967167976293 2.4891123771172676 1.8867541262922534 2.2710699091813864 1.973159442154867
2009-03-24 4.074383325549242 3.0711800453830884 1.2487663371671598 2.575790443451254 1.635335463340608 3.885654023217967 1.2469120780843932 2.9784263608665746 2.0224231867974685 2.1383862868248613 1.9014516812266513
2009-03-25 4.63807824995491 3.454615715325354 16.90686356369452 13.22254830143376 24.471745321338453 16.53937699837251 6.988418625484246 8.789708867419906 4.397102981441013 1.3045146185207885 2.272959459677544
2009-03-26 15.182167814536268 5.463634515648156 18.19296340530702 9.41598656751724 6.340053381549346 6.898614087432745 7.685959152864285 10.516376637263157 17.86818476549334 8.54812160475749 8.534216555614481
2009-03-27 11.381807398716097 8.526498596433402 17.935670050455244 17.39468590600218 31.427037089398024 3.6540016048182027 1.1815208308838303 5.694000583004264 4.5429439588207625 8.738328732773024 3.602457071771197
2009-03-28 2.4420682203430504 2.0158290862030666 16.069999468513846 6.536338148101908 3.8158595933971884 2.239737012796085 4.849434520439963 4.931842649262329 5.996280292968093 5.319541405261612 0.7849892845151456
2009-03-29 8.30523476409891 2.1775678633616655 0.9389485285759522 8.15595440103861 11.08273841764331 1.9371159506685047 3.37029953255401 5.342446874711456 2.580264317767278 7.459430016038508 0.8969157512924342
2009-03-30 4.9187007135928695 13.911221024500776 13.114734704215497 5.430290184650026 8.154663121268648 0.3551608867651752 2.5924803165027925 5.722805449729258 3.929684994672156 3.9048500958387553 2.290616490700625
2009-03-31 6.610007292325829 1.4475760901481554 7.146276357915141 3.74987522078767 7.68328620657058 3.4213312691772395 17.86543703669628 6.6559357185345025 12.368630714847125 5.782779529130053 0.5784495091531254
2009-04-01 3.601447155813494 1.3775456130687498 3.698056455163531 16.660596389079068 6.654124849663786 6.104036976022382 3.047367619900203 15.281931951957281 17.192678943317702 7.005768175186863 7.425336134997828
2009-04-02 16.26172052936425 4.180041762925617 0.9523570776882837 2.132061676757808 12.032975795691405 3.142297524946028 18.55691972921742 14.437181636888242 15.183407929728649 10.165982500954161 10.79635710387449
2009-04-03 3.1867033249964596 10.38575145638718 5.49799380734983 4.104479764889888 13.137285970156704 6.394664236437929 6.296852954592183 13.39577910074267 4.173906796273523 6.337868986853996 5.33646174263312
2009-04-04 6.376439164131019 3.817766684119081 2.5077323552527173 14.820879306739101 8.870530939712019 3.3678239769405165 1.4105282803122925 19.360225153976657 13.63492467655582 10.598485619143855 1.512410674204962
2009-04-05 7.854844277798942 20.526369652192813 9.485263131146901 6.325143407102628 3.0755826528598087 4.4484807994499045 7.597679504324983 6.759140122547189 14.938427654505443 6.443584652128619 0.08202444474787499
2009-04-06 6.100066795803009 19.498436694392776 6.337894826278198 1.5998197011637154 1.9365912612279763 11.942534185860257 2.022731014125216 23.201527718140447 5.008270386774274 4.915992963329516 4.999102762984009
2009-04-07 8.30156411795156 19.04617648962661 11.356644490418823 1.3868069863572572 11.446390709044696 3.6684429172995805 8.554720696171028 16.974571471676843 9.62210909320757 3.1070519590077392 5.059886843189304
2009-04-08 8.718387259519329 22.081033510081546 17.98675872000513 3.254391302580979 4.3573152458717495 1.42325956216971 9.059070903137822 26.221172954508262 1.0916787983513958 5.493082974187272 5.40504829721313
2009-04-09 24.083549304652834 48.394225489443215 3.167567025668463 5.207258609133364 16.11008639851953 2.0730253640558463 2.1227456230138366 14.983885372991683 2.5298383717478 14.225230984306357 1.5139874669800437
2009-04-10 6.90559718652397 5.427784083067685 5.067450463679197 4.545784999968661 12.264300198776906 14.861552928826942 15.949969121302793 10.08339930331314 7.465706140574575 18.998519075216564 1.4462786895278588
2009-04-11 5.169980621784234 10.867550758797694 11.547472517568194 4.842785122894602 1.5511723718721742 38.54853505198979 8.509269968614097 6.334288045856351 11.353328153082877 14.739158743778045 4.827549768962892
2009-04-12 3.064279478458161 3.0461010510178017 14.882292347499469 8.909309842870224 1.8361922534419761 19.832442000939963 0.6688374515568573 11.774605281504757 4.989763423971927 9.046879761258056 10.097768235378231
2009-04-13 7.621272074876316 6.765034412325642 12.002628247964859 16.694219029103227 15.832929364547713 3.6552679282135014 2.3527921602967177 8.955762048836053 5.68993341742228 2.0337062458110826 1.7529820502044877
2009-04-14 4.741197958821373 4.746470789259339 18.572094040385814 3.1969186699004277 4.569381088394461 6.655075526891533 7.591393860079661 4.536187237165655 8.838004386481638 5.9392030836693745 1.4301614301215004
2009-04-15 10.437360877374775 1.288545560368687 14.747077965047515 1.4943319900446317 5.704750496512408 5.4320736458551835 18.368798651791263 12.257041470397077 4.607400777411977 6.735599464912869 0.4449275394116884
2009-04-16 2.7973132632628435 1.4565273026781944 25.69954614588886 8.906244315516707 6.007533730050622 6.219866139674773 18.558833030800518 4.3093982110164095 7.620207396112202 6.591591221862376 5.9126722368349345
2009-04-17 1.2219634852730628 12.94630226398932 3.6182359987877803 6.384277152903211 5.488037803847032 6.5266655049654965 17.023054529089524 0.40875319950688976 16.34342325531062 11.347929067964046 14.349158574077961
2009-04-18 2.1565544099420757 3.800569856079291 8.294380799088078 3.9256485397884555 7.7583442961050295 1.867504971253032 9.521803681048063 3.5069475639451566 12.475404203659783 12.59929921779159 4.0819146856215855
2009-04-19 7.368605048786299 4.582431261170301 12.818227768613156 2.1316213300137266 16.519999502980916 13.95062939618757 12.269499977256453 2.79022105608722 4.478665854272736 2.469213581294861 3.396992508366947
2009-04-20 7.277803097514686 5.277409612595174 20.79681644013101 3.93392969559234 5.073256797130174 22.376508929055817 0.9780577650368236 10.333077086048224 9.42199656779469 2.658793554049682 8.155649067208255
2009-04-21 11.575786356469958 2.333786050830499 13.915722902336928 5.765421449646654 4.173929465223557 6.299461315413963 0.7787606919335948 8.492697013950032 7.404337011410499 0.9498550062580953 9.332510280725813
2009-04-22 8.632344011304085 3.2732122984848466 5.1867783992266645 2.430418414978597 9.428724371354788 1.496014710617508 1.6139959081068096 0.7431947832141632 9.015259554996963 5.122436783742048 17.969965972313098
2009-04-23 16.5313471336532 1.157643692689361 13.897201515725465 4.420633489234328 20.992243391464186 6.098444333358673 7.323237633066524 0.6091762794541105 10.923607882179546 5.983454065014028 12.98241927131891
2009-04-24 10.905324647021267 2.2991439727162835 9.383362887480796 0.11555256659046934 39.756274182923335 4.211520013134715 13.63320149223514 0.6433518871311527 6.114170335617949 2.860868562297047 6.890634434121655
2009-04-25 8.42016995479959 17.095817865673276 5.335789259090056 1.9493741647005998 14.540443187367789 3.940332081961812 14.471700932449613 2.3535580838622225 11.404011752579478 2.0560227774623603 3.757778269662551
2009-04-26 3.4257472888327554 21.188106616949867 4.564764930154453 4.082161636121201 6.511189193640036 17.979453932306583 3.654008999170774 3.2424605633095442 4.992050066216619 1.8133975675369947 4.724905657552904
2009-04-27 3.518965981191304 5.450085663371696 26.96755720655802 9.625703715752582 48.10823195502146 5.707178632273084 3.1999568610986735 1.6805159120592799 1.8212024124488486 0.891180400965727 0.5004616817929785
2009-04-28 2.5866210315908247 2.730818790570719 10.767276816009042 8.52163738244405 7.52310748479799 5.70410533085752 1.7760526303377928 4.99978042592338 2.7263196748210587 1.805194622234735 1.0871676182135008
2009-04-29 4.37671144752058 4.523408470880571 3.3565389612754113 10.218850109630583 7.451692234511239 1.1278977007184914 1.181855615591722 5.057504680802403 0.625276264259504 2.05119069202659 0.9014782229332254
2009-04-30 4.98067233368562 5.398475560228123 4.0376037848799875 4.351421130587511 3.8267669625705594 0.7370013595097697 0.5385982952706833 11.228372096972274 1.1834482844210195 0.5684632218975718 0.5844764858341306
2009-05-01 3.005883908773025 4.398087581418198 10.069228860443047 3.8323287136545967 0.15049403636889297 0.42249150686060144 2.7960431864925925 3.2368072579204923 1.121726185752044 1.3138154134566793 3.0597260672794144
2009-05-02 1.0679676334836503 1.5739552596807274 5.1707924349723315 0.41128987574173104 0.4597637853438819 0.595242569498779 6.20471651028813 5.028802144794129 3.366929427173119 2.136397645251539 2.695556301954532
2009-05-03 1.3147714716158967 7.6214704097720265 6.125947274973658 0.6694742784110325 0.22209032865603234 10.28042026255656 10.189134189219466 4.443206233693493 1.3748026382047582 5.539039400843291 2.088078977287828
2009-05-04 3.2004554362248663 16.585620842546366 5.752891847412764 0.19392156495097473 0.17646581889076618 0.8074800467558276 20.918696805702044 5.428607810386046 0.7058515072410891 2.333207881135762 0.2673469054407677
2009-05-05 1.2479156199757497 1.2806638812759885 7.52055519505346 0.4788890448103832 1.5738640565430804 0.035535428642305654 19.462448656581678 11.033748723404665 10.519706071009832 5.610956956010705 0.6249848462829268
2009-05-06 1.131390081370385 0.5772904762377813 1.8171205524562193 0.2188770764463261 3.7885741695259054 0.5958751165312769 10.931924630527147 7.364641128899026 14.650456219533716 4.776007262182239 0.6690040340680699
