2014-03-15 4.779178960086362 1.0285374167069015 9.011014819270596 10.855191935851607 1.8500901252907995 6.104636797727847 2.0182184787484383 4.56591053914306 2.8217068036237514 1.025351771370185 21.233164584841507
2014-03-16 8.802827718896074 5.296810752455354 7.350123087990598 16.277291007255005 7.545898807662086 5.025747910262517 11.585623864278539 8.042856298047363 2.6183179529167067 11.69520181361902 33.883993690102535
2014-03-17 6.923074117925843 2.195299234510178 5.139837784114923 7.922913573141611 10.671626084647567 3.5545804717072116 7.8288314930770895 1.8343285745142235 19.216547549182888 14.906826656494836 15.614910508110142
2014-03-18 3.9983861019148677 1.083160784332237 14.574441034638536 8.6857812064286 9.512883542230032 4.172025798170496 5.453890892078369 4.137403262956733 25.835209093606615 2.6804626098632625 5.135347459403651
2014-03-19 8.239497832421343 1.3771921601394599 31.916719206571372 8.890486490474114 6.284885251967298 1.8973939465258105 8.350986971874503 5.708310781688192 7.287022524220975 4.766784015911368 6.4557981541157785
2014-03-20 5.3350509036325615 0.9755458996033601 5.469469765763698 5.403752457185802 6.75658598032882 3.4894097171926792 13.642389013836393 11.500653288551131 1.586500375461736 8.741371077872985 12.488898202814525
2014-03-21 2.0668891863695444 3.608868407941471 2.4949394916700967 4.75313495701872 2.0770132588199512 1.1611453785962493 2.6466104309480274 1.569570466872313 3.5429543117698774 10.04934115559901 7.886191464854908
2014-03-22 1.1689315601967945 4.259061731592634 0.5728597539572022 1.4617687181821384 0.24693487672567732 0.4066629007078433 4.348200458427826 4.655010170614661 2.012772296170716 1.3752520070031633 4.544747841538385
2014-03-23 0.9537620466248411 2.1669896763915286 0.2748658479456334 4.747369497721196 1.8339129370205614 1.7844252048100717 1.3708587607886937 3.6832411699212306 0.43843984702575584 5.920385878298964 4.9590997266753645
2014-03-24 1.0719164293018362 1.0583103396103573 4.334584143408317 5.11606495648457 0.9393578964122364 2.502144701642454 1.934490776996458 2.220229013530375 3.1716990627243624 1.5549925327081429 2.328228757725731
2014-03-25 5.2003303287279365 0.8416951143137288 1.8663542447998873 2.7793315606880227 1.4309962518690313 2.1890416092884752 8.746565009280232 0.5646080293598096 2.8730729442340666 0.5015543719639421 6.464898873262926
2014-03-26 7.9715947375207 0.17956173004873666 6.734756896096657 11.113736822678732 3.8982591549221945 11.055157749473299 1.7875516314807194 0.0584940118541451 0.8831701335435224 3.025242469661336 12.968283959922209
2014-03-27 2.0850786970357893 1.2502736918130293 4.82903259641086 1.715372187217654 3.675819538731462 9.245050730450032 7.183026800367601 1.226467446985974 0.6679834111857799 3.6525113029253586 0.08517923506922731
2014-03-28 7.624621289763402 3.444777005464139 2.05601528845306 3.527480756485523 10.044232862297363 6.506252605253624 5.890355542055113 21.476935906965366 0.9700722310525292 1.9233464817194337 1.429530711652819
2014-03-29 4.7505219562433005 27.21879748030574 1.9107274906260463 6.037416865656136 11.217196446663086 1.692842285232409 5.078861909825612 16.103691825005058 4.0363212726235025 1.0592450840371754 2.93503669397791
2014-03-30 1.1931234156277397 3.755547406752803 0.24900410858211902 2.596998514059998 13.476385310894766 1.4925520664707488 9.413978129015522 5.2830602508924756 4.214286427266728 0.6345984868235198 0.3474066551404468
2014-03-31 4.9768352627191685 2.207547118463296 0.667906271564698 7.025499300601535 10.517490181649066 0.7203309796542365 23.405282554708187 6.113021907842582 18.988639448099057 1.6408956861793698 5.717623461382306
2014-04-01 2.5253828625509533 1.2154018451236448 7.067495549569894 3.8559870616734875 21.60504764131008 7.4844121671246295 7.501778709813026 1.0267796379475693 19.473536258256264 5.722334997351856 23.85776719934494
2014-04-02 4.2587535627470885 1.6936039106804486 3.838186039614589 0.8634725470679752 8.75292969733718 4.055735436269355 3.6604427335826086 1.6131104296248264 9.03539217668455 6.674061459904445 6.134132934406839
2014-04-03 4.394411390778062 1.935039128085217 8.774476554913663 1.1290983965245036 3.8519940271532525 10.306968537124291 0.3417090033315655 1.4570304314779596 7.877608596454604 4.183956971346282 4.963908862156625
2014-04-04 5.403402464327378 9.716073894062372 10.602261823292206 0.7991541861617535 11.045070788751682 6.152794277874805 0.9938600320574954 7.513697996640685 5.061356343227976 17.426505508466843 1.3453673469414316
2014-04-05 7.899211181289857 16.51081242924947 4.30637543601545 0.9969299123241827 3.342258557151503 6.85658477794002 5.914869353988365 14.946260922333167 0.7189442167627853 11.605403581301353 0.12110246434101685
2014-04-06 10.14923699052747 6.646962498607748 6.606077434717495 8.415409306198084 6.468398417654059 11.113947118847197 9.88318653819853 13.30447356960006 9.098692817799382 9.858615058804814 1.0361832156331416
2014-04-07 9.336876220572874 3.5215941321133455 2.093823539928055 2.9757828057218045 2.0861346019362004 7.534113836555855 25.138218013160415 15.792093554385488 20.027270901474214 7.4018094555829075 5.9027166632966015
2014-04-08 7.856357905732913 3.661597431074779 2.2945364275778353 0.6873672651491386 4.375322076127199 14.498098935975502 9.088234753249303 5.806123325838136 11.056822826188096 2.717509426672437 6.840400590566428
2014-04-09 6.728565371140453 2.4522863630221527 2.2994379927913786 0.5249116962752625 3.2696060146394297 0.5666817957530688 0.8467719105343317 2.6407437604631196 8.1386327473463 0.9148932087917782 4.658305424209201
2014-04-10 5.805833516769971 3.4591938119597763 6.122506667168448 1.4335297297272214 6.370588950290404 9.255358884957312 1.7053513146225294 5.488742362213223 2.5510974235578567 0.19842129968842942 1.4715945567272346
2014-04-11 2.311948933050973 8.385226988186124 5.5921471343831834 4.029973191608525 7.017189035868965 2.85407319305142 2.3445216476140094 2.0833390862365793 0.9519058037613164 0.8044429469887857 1.4381685260028556
2014-04-12 0.6365141369169143 2.1955901168729355 5.450798358163969 1.5398555939553396 2.248032649944893 0.9172583170156035 3.4735333714975485 0.09416384107126537 1.9170194762828032 2.400879521923944 7.385890529319512
2014-04-13 0.6945623949454554 6.255914743067894 1.4926164726509592 0.6523284785643004 0.6944368776749525 0.3089615512417966 3.8939897262884466 0.06128580843050307 5.963932489256811 7.670817709484633 11.074810520373617
2014-04-14 0.4099464423435968 1.6409689583869624 0.5268831337498517 3.285564624881004 1.1182123301911306 4.979556011115725 1.9510778959930875 1.2025171650722475 1.6811689501519345 1.7888268157397766 10.216380229890182
2014-04-15 1.28167810838372 2.112347409162978 0.12063890505410925 1.8095773812729106 1.375676090778016 3.797621884969139 2.417705276018509 0.27061257417365603 0.8256368367819777 0.6206561836269429 2.187335426546147
2014-04-16 2.9415735104866383 7.7314603148551235 3.6638647283337855 0.9710843730134939 3.2259209713812487 11.509966513050324 1.8366588241280601 2.613080272293367 0.4424128835410043 4.095780937147301 2.2916505430445593
2014-04-17 2.252726013885832 0.8327952419288053 0.8754046463810436 0.426487302130795 0.5244465180752464 0.0 0.7959836766971782 1.254337385613395 0.2552853220367068 1.866003415718531 2.32777248456156
2014-04-18 0.6057450553417948 0.26342251226627084 2.3021189353433797 4.421757533135089 1.7547673274487279 0.07355692777365984 10.287062061745418 1.2194754481596037 1.9989143887847327 5.841780063919433 13.130609104120687
2014-04-19 0.6069387600084016 1.2623419456536542 15.377627139189759 2.5037592170295526 4.349202390237236 0.3909050781898648 3.9134366507162293 0.6140420654402975 0.42329985804252257 10.299830807244648 8.424672541432507
2014-04-20 3.451559038114093 3.0530387395485734 5.224174814983407 0.7032967694846455 8.559943271280991 2.6312471993047786 3.9185787157024574 3.010318654288539 0.37873689455217463 5.408355843971449 2.4878306999668043
2014-04-21 2.863879808854877 9.445205840892486 22.97840801653841 0.9019329267236849 1.5722428931902164 1.380635175514272 15.238277681203034 4.282668740507926 0.0037581302094245317 1.7701123109870378 1.1144383881278719
2014-04-22 1.2885055554047355 2.6638091398488557 5.51122660919779 0.9504161381751889 3.7815767262108197 1.526978088076799 1.723825598878336 4.101714718655632 0.3894885536264696 0.26128294660629475 3.2611586646497104
2014-04-23 1.7601001312693247 1.8093691165810526 7.445271119979454 1.3399433197631008 2.5674676803557723 4.4443049806206245 0.5047843560738325 0.10606701509245907 0.572091257337479 0.4163747840623952 0.9896078511549199
2014-04-24 0.25418220336640046 0.2173726795528306 7.324898132106633 2.2146628702879294 2.22947285706152 0.2641685825802298 0.7138899908300855 0.0 1.4714877312263357 0.6567255815884033 0.7557679755335489
2014-04-25 0.011692541298462509 0.16565389705750005 5.919782388647224 7.1369241120821965 0.9034952030883604 2.7124435091324477 0.45727313625205374 2.542320982649147 1.5268702151215 1.6728684243450838 0.39633236336711064
2014-04-26 0.03111090246524034 0.6839423170341088 1.6929997235659835 9.696977782635559 0.6520935842763808 3.5689563087765714 1.4851169111743003 5.822084249510049 6.2626267428122295 11.315601746188763 8.712468788661496
2014-04-27 1.6767972821507606 0.04075260495580806 0.4474888221074108 1.1786901557504892 1.394319178222318 0.01677917423457269 0.13410835471313604 5.914981954787187 6.317250597513923 0.3209112719123518 4.764160877500869
2014-04-28 2.8010160904541217 1.3120934743706898 20.399064081304786 5.442040732002097 4.4713386163936155 1.4861262639514619 1.039128723776034 5.068440816356856 4.117483311310613 1.000245897149177 0.7063117612636777
2014-04-29 4.165844337554029 5.5738796194804054 6.948545864884445 11.549867834026918 3.917892732576784 0.5744528249153802 0.20805613692688413 0.64218205237037 2.362522360106617 0.044458212221983415 1.2947760408538493
