2014-02-15 15.096033918224034 10.110714487138623 14.205829797222574 7.1127819750050545 10.712172497922555 14.689674386669957 5.986712772806709 26.026230979136084 11.87464120971176 31.397212588596823 7.30353610760328
2014-02-16 10.586420837739476 7.938858428329171 26.091192517455525 13.986755072318694 15.895136129090995 7.87071215020949 6.541104772374835 14.340452501030796 9.301102252910916 11.61026115459395 7.435198694274849
2014-02-17 14.629790191952347 19.33904298348461 16.865455447003924 13.037320287518874 28.699081424879793 20.284458632254342 7.981573137172802 4.820146360386087 11.60039297111669 11.432078386827923 30.428034995319706
2014-02-18 11.496052300242512 6.355594105708441 3.1463899525745833 6.657281662731226 5.8680344242561855 7.965249580538374 14.892875006290238 34.44540505470707 6.013740518077414 15.054736538863216 3.1938708883230866
2014-02-19 13.505137674038567 3.6104624145921296 1.001440553790781 0.33768725051543536 0.7015070890629774 1.243797660497469 0.8578803204679789 3.7897571442328215 0.26615137566165104 5.876800217199097 0.9843426607056567
2014-02-20 4.458137676867208 0.7915583020381859 13.180257177601128 0.0759028756745306 0.5534670678710124 10.222402282689867 2.345132505113288 1.774061566147592 5.378001008774504 10.071087779343358 0.04927590324708425
2014-02-21 2.9954823297746453 0.20415641476331445 29.545603991215007 0.20916460985577226 0.9473498212617372 4.236074922136265 1.7980733988950832 13.371135397666848 3.205994751905981 5.830800829623526 0.9093048474468586
2014-02-22 0.3723309165056549 1.4399035479232745 5.9351147846360695 0.05719515887721077 0.5202116917157611 0.576573395887488 0.07988928902427006 2.8331534117578006 0.3491372894876812 1.766843295185275 0.6163132384253
2014-02-23 2.5226021940879924 0.7745834181394025 4.01155881711551 0.7952301672343935 0.9880044085406643 3.1120767554729496 3.99001956600056 1.792806678698175 1.0647610330186876 0.5462070803366561 6.401887947952328
2014-02-24 1.6927116474069066 0.8787885010993941 0.08449149351087075 1.9474729091869296 0.9870345303673078 0.7463456992270561 1.3321858126634278 0.7450984539266006 1.0654086042656072 0.4225988216661656 0.8263795645767458
2014-02-25 1.0465338244933793 0.7274110749194533 0.761373701150211 1.3009918459143213 0.2432050412865201 1.7834904125452224 3.1570387685587815 0.9342136569556847 0.7514883177686695 0.8524623219850759 0.557699046612033
2014-02-26 1.6012778487196133 0.9781935503962423 0.7128730480540191 0.7613189847615491 5.935482284916764 1.1728297351546997 0.3287544644868926 0.38208516556441063 17.075162184195946 3.7679452415447128 22.4046303306358
2014-02-27 0.16874335079951983 0.5603998613852115 1.3080271661417355 10.344589245701671 12.001420527501491 0.22646921161216274 1.0659225520072004 0.4826896399510725 0.08432191229117816 0.31758212531797764 3.6395723748456508
2014-02-28 1.2193288064038788 0.2927537450069907 5.786390301769862 7.246973481166171 6.517592784235019 0.3287152139408329 0.4043911500409516 1.3999486959840828 0.007211368451677524 0.6921539465831572 0.5588732972687309
2014-03-01 1.714866292309372 2.0169523048856126 9.08269052481005 0.26781509935524567 0.3239283095618643 3.0924681601979884 12.602088352188606 0.5138701005417138 1.0306608336103598 6.10674593030732 1.5885883635278788
2014-03-02 0.0 1.7959717191162334 2.509534005469704 0.0 2.5415822378784907 5.358305903435802 7.740282606106339 1.441095423523182 11.136874886623493 1.912983003472903 4.125458008954551
2014-03-03 0.9378377165280232 0.7881708418797841 0.9872207126570516 1.8349807251506123 3.418226754003248 15.10286503856014 4.593207459516823 0.9063296131423031 6.013522929341828 10.835591258789979 15.327784305590868
2014-03-04 1.522249433089873 1.212403305001005 6.0568084114884275 2.521709415137047 1.6803815819452952 17.218603724271233 4.675087579326977 1.6672968960806187 2.542980487661527 6.953621813562478 2.507546411716026
2014-03-05 1.3851614074970526 0.8165914664995274 0.5723348355301248 3.3547825854291817 4.098992298254846 7.674365905004988 0.8765532311162644 4.034858650396161 0.5875640458209206 9.501686936544338 2.5141618138438524
2014-03-06 1.4714315164031375 0.027961762576175143 1.791462794914838 2.4445976151665336 5.667517929570385 1.5141089986291072 1.4957459573393046 6.802541713223021 1.0735792754009659 4.67114675140877 0.9677394292039951
2014-03-07 0.814210708433364 0.25614866985894014 0.4659492629780705 1.6262751061643115 4.301794474567917 0.365453078325775 0.2928948583598905 0.6725423380583723 2.5053175101388323 3.75507764266603 1.1866373154327432
2014-03-08 0.31257610877624176 6.715552323034554 0.3039083001444888 3.515282918755498 0.8882608240328194 0.026795907223942927 1.0056186653068466 0.9994784204999643 0.4815070968057107 1.0012916246784613 0.5410804286109647
2014-03-09 1.5985857198250055 12.35183307245266 1.7189088269967576 7.807853295871409 1.5785153502854892 0.055312167460408956 0.6616996051211543 1.9523490932669583 0.33708930627875267 1.2430921438566236 1.0646968391315128
2014-03-10 5.020819878024408 19.658346190684917 3.9392262058863943 3.0383348931190817 6.70858829514192 0.06476846734083741 2.5318181302096905 2.6373745929934884 0.22076250442441553 4.800474387539035 0.5948674042546686
2014-03-11 1.6432596467600065 5.93370904728215 6.749780822455117 0.23960409373671138 7.505156935005705 0.054247357901419394 2.333824963931958 6.658182257344933 2.367909026832497 12.234477126701698 2.164755645529481
2014-03-12 0.3182907310135667 13.838295565253116 15.724649857547327 1.5004930028603822 16.502318527983288 0.1389998789877345 4.11215706704229 1.9176922806886663 1.8234092389035619 12.551379141461732 0.44492001766407335
2014-03-13 0.04143671840493854 16.00768284397528 6.062581852607481 1.1119480174430132 4.258181873934931 0.03782927053559833 4.117013324200306 5.003661381976208 5.452233470747761 6.754211628482662 0.40707904348558677
2014-03-14 0.22408321476425033 6.992600415413152 18.971998353269722 2.5744207100286705 0.43243165897722174 0.021920982056115437 6.734106587282561 2.3719248764610423 4.744672219541419 13.679008232358253 0.960686895998018
2014-03-15 3.512986312482379 10.759936177970193 8.111177558989954 3.2127525016836462 0.4799321632393454 0.3545558084040215 2.140658300189327 16.053332533840596 7.545631562238434 9.343122242205961 0.4752737022255089
2014-03-16 1.5633502515038529 1.5946542300045217 1.0380400997085577 0.579349150084668 3.2303307097207634 0.0741137557433591 0.34363988940014323 17.82675012454674 14.673933143338928 13.79265115040511 0.14484329885115393
2014-03-17 4.996177531929023 0.014662637236998812 2.4969045797118294 0.5652982198505225 2.4515673149932518 0.4674270415741354 0.6057665275525765 19.40919401237249 19.939974749021076 18.63979051295425 0.39471702070709747
2014-03-18 3.16035494743479 8.649725582463809 7.481825845106952 1.5254063225625971 2.058088334149541 1.6169911196864246 1.9079138214685223 1.3293972797363078 11.139559194715304 16.80941965691231 1.7734050227827738
2014-03-19 7.175688949577202 9.219953274042858 1.4452370560549355 14.482832599686205 10.727048685323254 3.462334150495632 4.375850892067136 1.6363579049354964 12.381999998988736 6.689400155580512 2.1395324358257217
2014-03-20 8.776346188644 0.4608268654732419 0.40421960621120934 36.78509388656877 21.510094253228434 0.24222495060344235 2.7866876360262034 2.322625977036874 2.001895972219124 12.215756530473382 1.7951838033062286
2014-03-21 3.629420184271094 0.7010451466993914 0.9896850180172865 5.094394528597572 6.829808985327153 0.24044815524188262 4.371942712295208 4.100770345664283 10.329108738337773 7.117627977500391 12.382170950157875
2014-03-22 2.982282978397679 0.7934878972044942 2.626151022298383 11.474169707518595 2.9410066896869527 0.42718918116051274 5.215810116013072 15.283956115957348 13.266037877511103 4.9271191394511655 39.10897602799364
2014-03-23 0.9042381312286205 2.9599060633769105 7.776196056220092 9.197483534437579 0.7720524466512667 0.20578977310580912 8.987683679546318 14.883995072358783 9.523463524697108 14.435075784030467 6.43265887398616
2014-03-24 9.135909214733761 13.273983551489893 5.949880176843417 18.95495410767453 0.011649156044491783 3.9322123781241114 12.727155901723165 11.700887884755657 2.4026024526623058 28.216851980584075 4.974856135127287
2014-03-25 13.109323697469968 3.2634630128894537 2.4299381002933833 13.11908657334744 0.8151714839390681 5.648953972992305 1.836052636693184 4.761827487137742 2.515760395772791 16.34255676481578 29.36619461691667
2014-03-26 7.49365287027816 14.093276580315328 4.108595385409052 9.195114782466266 1.4055544008983674 5.826808059851989 3.1208218584941014 6.728392589107656 7.0806663066195625 5.052999723955756 8.493235330672935
2014-03-27 9.456090776456632 8.884304930397953 1.8923374529111503 5.447918779323317 2.9923389485665455 9.12071392759613 5.242260975352176 10.200870861367104 14.474638596397682 0.2761641929080827 4.814462921049545
2014-03-28 8.81762482126097 6.271753386294107 0.004773879374584826 5.0287640881005995 0.724629416488733 13.147572548973535 1.646210260261233 13.561691732882643 6.438439997701973 2.794608583504188 3.0499899898387084
2014-03-29 6.9555395924718155 8.321498001892472 0.4074212656774876 1.3247583465452857 0.4923608363324687 16.914417458414675 1.7406609727085074 25.66794419975664 8.020015910596134 2.84485949540875 7.042885576087757
2014-03-30 3.9458200413393136 2.1775248428487703 0.9319001612225775 5.923470775296269 1.2358880705309163 54.69672128454971 1.2686688634949126 17.37398376667301 4.4901341244830935 0.0457643557248814 1.4254933609800702
2014-03-31 6.18975623677524 1.6484118888499826 0.3431446200051437 7.406918217569148 0.99210940917389 14.888117185391085 1.3117620051521346 12.325627842678085 1.6299894161173436 0.3713952083607009 6.749925733300465
2014-04-01 6.012711391187244 1.3426526693681047 0.21274195821744046 2.3996728642651126 9.313893108042954 5.1171422361745105 2.6229918890866926 10.271803328622589 0.9780222092907234 0.564359948055753 2.8524608080458185
