2014-03-29 4.844960287083659 10.318884611778152 11.06358527801346 11.262160306453534 1.6146236995598668 8.943816737603026 3.8435538790217443 19.672237741223814 5.2809811641573035 5.688727217413641 22.181911430340058
2014-03-30 6.1400674324879185 6.296042077212281 4.845966522732899 6.006237919151248 8.10072462734339 2.350713056352977 1.447017998136519 17.698758641719948 12.346641117771007 5.733760828530958 0.6608511127216059
2014-03-31 1.158682452385699 9.135784204888747 0.2600285105523246 3.227856201363909 7.192765161168142 1.1402317972283114 1.0342270760253216 2.365834367638767 1.2731325629856671 6.883569836890123 1.8159247171609445
2014-04-01 2.715253391171755 5.046673845145662 0.46810324045587026 6.911539101397365 2.2809617679680416 3.2474686655619855 6.873797859548927 1.570609093064634 10.19535160207829 15.623587291596847 4.627133450981963
2014-04-02 5.954745148729303 8.907159345072596 2.529655062260961 1.509217795225727 2.818422215074725 1.7354840781448644 1.6418661339062999 0.8400879475945291 4.697733418222453 3.913586131472812 5.701667821227964
2014-04-03 3.3631356736287596 3.4389290850097938 2.5113394035648757 4.483275577796526 5.873971000706403 3.4706783417257547 8.193025884969744 0.7678513247928318 17.247712621246507 1.0709197696244637 9.741070580728618
2014-04-04 5.810497217678517 2.457087966124541 4.928943160457394 7.207173023790229 9.85542136832899 6.623509866347593 1.2018603962929608 6.43693395526633 8.612038646892975 5.6396847293913535 3.1293307430796977
2014-04-05 5.269285500030568 6.412550276473084 1.0831367568078982 1.732299158833801 2.763755011766819 4.443326059176897 0.30438523796572514 10.595127100709483 2.7586853736758936 7.178971005307423 1.837071756052185
2014-04-06 8.7392062835014 3.5597892525888306 2.847688261051287 2.5988793292427648 6.218688595085469 14.046777306551654 1.7139971918114223 11.978875633771557 7.10486562578264 15.945715006483447 8.635482266302738
2014-04-07 11.049204216659218 11.279151914266485 17.765351776489183 0.7745255262785788 7.010716637028392 1.8683227212053253 7.806504106429357 16.251628645162533 12.29758824651657 15.438764735864979 6.499336716531374
2014-04-08 4.471829101594724 5.205271083875385 4.125355933982781 7.83161593747532 2.533351133285157 4.033111986367631 8.865005657410777 6.463527672930134 0.15132261557217755 12.489066691067872 3.491336295124116
2014-04-09 4.376478583793732 5.338243461124993 10.164612146364327 4.0132877944023715 9.100108209213035 6.24955160743211 6.35541464834562 5.6745440606851965 0.4075130887547248 4.109129274511561 2.8705147968586107
2014-04-10 2.898659676203227 4.690901053536159 1.2033003434372511 1.227070650814267 10.402139699307112 12.9753224893105 6.3897018103211325 8.341021358980125 0.6826334263935496 11.531088263578615 1.14359506025091
2014-04-11 2.6931146880841896 8.114960866267019 1.2475939064512191 0.750097571846119 4.913261128703516 9.521191506764355 4.258872945067184 15.427490840954 1.3885915080863063 5.3628666319413885 1.683852806181438
2014-04-12 4.470170070274371 9.55241009674868 1.1367761653075177 0.0 1.2746357195233278 0.8847012582587118 0.3448247605991832 4.038210654452512 4.279523321538407 3.02701300267481 4.640558122611867
2014-04-13 2.786392436671062 9.230533988953763 0.048062491404092494 0.8189116631397177 2.4169434727318384 0.539404377381621 4.46364336999922 6.638130340467626 5.155582545596456 0.08420264475511006 8.586267087857415
2014-04-14 4.095506111760859 1.8578880962530073 3.2536362842304145 2.2679708843721724 5.8085888581737 1.0893141588002946 4.163429283309275 2.703521523125822 8.334159674224868 1.1864936802395056 15.941447935783135
2014-04-15 2.4419516328538537 2.208070896602136 0.41061803179499895 15.116052146533313 13.005255317127137 0.6737048677014822 0.2625686231766248 1.1528574932845093 13.39271807594297 4.929203496713786 1.855668566399272
2014-04-16 2.239583481510759 2.963246756849346 1.9413392722694907 8.318717752438637 0.5831074772181516 1.147411554651606 1.156803105006504 1.5512352826696723 2.1978154696051515 5.327483640198022 4.936567912225225
2014-04-17 1.8940839963405782 2.9599002933201897 12.256860819013081 6.633298541728465 4.601169622164942 0.6793733140809094 0.10990866650877186 2.3398598164828845 1.498985219413018 11.880182845780496 3.0516154534648194
2014-04-18 2.675405093031806 3.2682722083706315 7.768336698405708 1.3575658410292455 30.868802931041085 2.551409927854671 0.7246721855929747 6.950818779838197 1.489181622772663 4.491946747243055 1.7277253401165042
2014-04-19 6.051053484714847 1.8149258616772426 14.092901930612797 6.439714993071538 7.07654273237775 18.71724526995904 0.299972935834378 16.14835297974458 1.2068994041663448 4.1709515924858955 0.5651706273181928
2014-04-20 7.232658862671032 4.8854692543853036 6.161776721371272 3.4120585987397973 14.776951546760841 0.3338038940475286 0.49319590086133236 4.31235510160367 2.9634319708040744 3.0572758525462795 0.028227017170869183
2014-04-21 13.104621284061558 9.187326726835957 0.4163682388883307 0.43911899288326683 7.596544326392534 1.7026119165569933 3.2217402282989474 14.246935728120706 11.823215835027664 21.43992038281791 4.614260096228634
2014-04-22 11.103196216255743 3.5297879726665364 0.9300982942469156 2.1424522814977687 9.949751473033778 0.49412054831291563 0.9754858607896699 12.767859047582146 10.920370003390481 19.508486526550413 0.5276862283184436
2014-04-23 2.7000188798218554 1.599974524218874 6.230381071142778 10.63586834831742 1.3698651372708628 0.051962064116879245 0.3742429429242066 9.874872142509329 1.2395614196410953 7.703096125383204 1.0161810865684338
2014-04-24 0.6870219253879892 1.5970481909113539 2.214341058989141 5.74889060551495 2.616025588485991 0.1429922810801773 1.110435887279177 14.580402783231106 0.9868913615784128 10.55217484125146 1.6593967198519128
2014-04-25 0.5921223796520003 0.25225010786943014 3.4027388985543787 8.389246866833478 0.6597121288555788 0.670289206489646 0.1134596229547424 10.625891580411208 1.3647994285383012 0.024896863733445657 3.114321810459323
2014-04-26 0.1411540972166414 2.3021074056184867 1.6707431903741414 1.6271702404818131 0.2023619019378384 0.6322525246897736 0.1161925597390763 10.217658456323907 0.2619317175574114 1.0171801566842378 1.2558719995142962
2014-04-27 4.389589781554921 1.1334540948390779 0.5490083055217494 10.726331797355764 7.672963766626364 2.9723233212444393 1.3884382891464797 2.5628071939739776 1.9290818077943563 7.877275830682406 1.0829361741510475
2014-04-28 8.42011368099197 1.2609747342928623 1.2326981954272356 10.075627969094601 2.15103430493875 1.4947980277301969 6.889262441428878 4.3721520836576575 2.186209702083006 0.4953302719154655 1.211336498935898
2014-04-29 8.090376248808855 1.2106945707291286 1.5823545789584146 5.260915679441232 2.9000732415957184 25.932106281938786 3.058379010695255 1.1266000230503843 0.9396941330204918 1.3735807349417222 2.8247461091241526
2014-04-30 6.699514175114856 1.3532248350129623 0.17690831540451024 1.6346538311957017 6.381549743128652 13.041704993906961 3.448343618553165 2.3136317743266965 0.763844742957017 1.8533457418847303 2.794945953306933
2014-05-01 4.040687024675412 4.819757506892428 0.2608920727519852 2.1413856705454224 0.04983221715633527 12.519796472310887 13.705134023934855 3.805349443636992 0.2326036649752894 0.9383356963490185 1.7626657726739499
2014-05-02 0.8618681357783434 7.126592118706996 0.3177909199363864 0.4291680967263547 0.7588166837507422 0.6470019534161506 4.061338093420422 0.6358511479449981 0.08569419496774616 2.9614416074149825 0.6544525280762251
2014-05-03 0.5438309484099216 0.21332888354503157 0.458234906267237 0.2580297410497158 1.7362206016481219 0.059006968304040924 0.6894013504922584 4.573999352434965 1.975471387411595 4.608912397214878 0.573385089472495
2014-05-04 2.0681447260850065 0.16089370952866633 0.6928897720637701 1.4749278982654876 0.6965114337418952 1.204989441715562 0.1046672225089767 5.437069934677547 5.450337425226033 2.47026444301635 5.024921040721159
2014-05-05 0.5152116784714331 1.0428728462044243 0.7679835089255442 0.3710916904929753 7.395528810492904 0.8497929045272239 0.4667477162051018 5.436496435839721 4.328122217885948 0.21920772462605118 7.001643190791374
2014-05-06 0.11109848503043435 0.15252044085465397 1.2593088132637051 0.051529496636235836 1.1356674802950957 3.6817820108885404 0.10784491715841052 2.410748391511766 6.220720290794091 1.444526209363766 4.5083657848728675
2014-05-07 0.12538777824762304 0.11863774300952093 3.0694267682133507 0.2000897915697271 2.221954523122298 3.863550804107269 0.21106178090646585 0.3786800980209232 3.629318612478955 0.5916481840093211 0.37627600786909493
2014-05-08 0.28759640335237574 4.503773642598946 2.099738920338418 0.04486091345361223 0.492249692480661 0.4689835555842644 0.0 6.602633597365131 1.2314296909832905 0.0 0.3103358875389859
2014-05-09 0.9404860748838203 5.828281548475412 9.16032489256582 0.01915338056110169 0.280269693591114 0.28532885705233163 0.19189680036418796 3.625789465204205 0.47448159665411205 0.043764125470743695 0.6376536612745174
2014-05-10 0.382822952485386 0.6004093475711221 5.126121433792486 0.4583652143698865 0.035368632525205605 0.6299181887531102 0.590740616982738 1.8253245077892437 1.026867606989382 0.06572117064654864 0.5545717674970345
2014-05-11 0.08243196423362723 1.0002797146492397 8.87341830462282 0.4539658373861376 0.5346214818174511 0.08858497455577168 0.0 0.5642642984671679 0.7253695139781853 0.4389440718575053 0.002793990642279051
2014-05-12 0.3867608167595029 8.06937702329072 1.6618819163399854 0.1680649640003268 0.706921327354623 0.9575253636372748 0.12239927216409731 3.8130289354952422 3.564519376554642 0.7667790864704532 0.002793990642279051
2014-05-13 0.6109271926752893 1.0460266777712592 0.8401792982235234 0.13810885437844536 0.03971625723726298 4.504641724286549 0.0 3.1415117934136894 0.8833325709548773 0.0 0.3749475069871373
