2014-04-19 4.157325961078366 5.730511117627904 6.1160222861840445 2.412659398425646 8.075094488174864 4.750983008877913 6.831211954164191 2.3833072841017913 6.0629564934902636 15.102571540461032 2.4535280696632364
2014-04-20 1.495647959756095 1.30443424219917 6.162364971440564 0.8312731756795309 5.766748860552594 4.598824203630932 2.2959126036518693 4.6404867774777685 1.5856454214804914 6.456071116652433 0.3603712451209231
2014-04-21 1.7170607283601014 7.710934234796728 6.160377752555187 3.3365525938362417 5.0029079525779565 7.6612307265081405 3.523168496896539 1.4015544473734387 1.8699439317973199 1.3355424959432611 22.732706131931845
2014-04-22 1.6691827820548883 7.446288403588477 0.8567509677989116 7.890205297335461 0.9717862561407253 10.68330835799824 1.3163865004418744 0.8537550361719743 3.074625702726972 13.463907116414841 6.9578816853742556
2014-04-23 0.8017980354585382 11.312544406485491 3.8529744387207945 14.014052884851356 8.307271981970217 1.0038198592040621 6.912553339616586 1.9288432140291638 5.8547131289473295 2.821802606580493 9.414786556101005
2014-04-24 3.1673143706706295 5.894035660829762 1.9877940295177499 1.549637971243653 0.49368540262407273 0.45481322607727853 7.0278500037371305 4.159549925062654 1.3884572311982426 5.115745762620752 5.002096535792752
2014-04-25 0.5578998494594323 2.650596396909493 0.6853052341976119 0.6671691497808934 0.1823816786702152 0.6964420830753277 29.72837006831425 2.4102241292569957 0.35288981900571775 1.5271655115067324 6.081411594770863
2014-04-26 3.3570310491038406 4.705778356709322 0.9623396983263753 7.2607025464275265 0.5377541941018296 3.429674110553682 6.227718581236369 5.288762594818645 0.7481639999023901 4.065917656303808 3.024922210172253
2014-04-27 6.07298044986077 6.3187567906099655 3.517687363089497 2.764607935429836 7.154865975598557 1.5504282707689276 19.740047927229703 19.85552505567692 9.138518321471116 4.196547357688897 6.780089332814456
2014-04-28 7.270903872542269 21.069432446039905 10.112794872112794 11.240496271760998 10.396133067378134 4.199285005516396 7.599257678715323 11.352827452969967 7.5743097131191375 8.495534049889462 5.764967973765261
2014-04-29 4.070145325178034 8.6753054222314 5.452188073389525 0.6533561048528138 0.336573096881991 6.098485948863868 0.7311784301759285 0.5299228508677422 0.5744738030601786 1.6316297714897003 1.161579045060984
2014-04-30 0.40126341347975536 14.533754261134227 0.920047438278903 0.19794695187153072 0.0528333224767328 0.07717146049931209 0.5237626098117182 0.34633116753627874 0.11776405670458844 0.5933117372764627 1.8108390915490513
2014-05-01 0.023012186209888777 5.445777044516354 0.39172324710836665 0.2315234439282311 0.016693570387612777 0.6028198945403813 0.5187065110612246 0.28165729547315177 0.0030025215464861517 2.9121098089689035 2.609403246326312
2014-05-02 0.08683045997628268 7.83783830776704 0.37399575119343503 0.5170121752314663 1.9204609982291594 5.267510025738865 1.7610895360424976 2.3521608456884953 0.07544764210858187 6.177128106290354 3.4221946822942844
2014-05-03 0.10162089393568072 13.848083148597492 0.21879020095984486 7.172198553354903 12.440967957249368 4.71249750795503 2.8047727504058964 0.6121559839105668 0.26246160077135905 2.7985908782099536 0.937702788635058
2014-05-04 5.506020038307637 7.464673635914087 5.517799832838075 14.864193466629718 3.7094842463753883 0.07071790085991136 3.5750627903192775 8.033310052583207 3.5304586690390503 3.236807743562787 3.700578401052582
2014-05-05 1.2286264842000916 2.318103455041263 1.530367993139895 0.8035176148876461 22.830274897544335 0.19093768395139005 2.104789144535008 0.20581628658805734 2.607118357805422 0.534476637109041 0.003477887899115388
2014-05-06 3.5794755001007745 1.7192126752714851 0.4833514215447924 1.7056874706353025 0.9988954944151223 0.7521710893723232 0.7317794869735006 0.7236909441147921 2.8222648642355748 0.00276549554816425 0.0
2014-05-07 3.6268034780470724 1.0225729891115463 0.38513348692424904 0.07873751922641707 0.7141028838305225 0.2719607894821064 0.15044344581983435 1.265259680744942 0.044130949022943664 0.05268695002984499 0.0
2014-05-08 4.268586746070602 3.635873625710383 0.960871493392474 0.2827817689298175 0.4847837338267492 4.094072885963666 2.356592304593341 0.001973498316834329 0.046421279045647905 0.21846687410545326 0.005653774572259635
2014-05-09 0.21371503454009083 4.259867382823405 3.3840701154077863 0.18394160076895466 2.906124533958109 11.94271756608302 0.8368940575769361 0.03670271621408551 0.09271196370012684 1.5332479906038952 0.08256567503279853
2014-05-10 0.8091315167263561 9.667820005529222 0.8719484270476099 0.948951327125925 16.53292757155719 15.524742322521796 1.324546079159842 0.027568053598142413 0.030818548275915472 0.042388127379570976 2.013242568471054
2014-05-11 0.1834244352676657 16.208163742313246 0.3154762978026133 0.5484760825993897 29.70855149828649 1.9214596452732753 0.3871069867125038 0.4725384042261329 0.33638232897373077 0.005171776105834547 11.878660612422927
2014-05-12 0.5408682841523147 9.773099601607282 0.022224414863750448 0.15547155704244867 0.017417201982902766 1.2242565717754639 0.7658818927146054 1.3963288913185914 0.6116353544315651 0.0 6.011511364150662
2014-05-13 0.5504058845486026 2.2209892138825507 1.2138254535126491 0.7423499195401382 0.10876606982530845 2.7891789446411375 0.18251676833871872 0.03814677753890465 1.392572567044665 0.6032152441910461 5.397590569155845
2014-05-14 0.266721443930942 1.7234881071816992 0.6841697578149113 0.25938269300983074 0.5144257927038931 0.3314794251706849 0.005451386215949717 0.023825751414815077 0.4376090786605362 0.021669645233834155 0.6457077586757377
2014-05-15 0.5643088438520597 3.1945205124227196 0.48887932655717314 3.8111366814994208 0.08622046234774028 1.653552872044577 0.0 0.033433072644477285 0.004879072894536907 0.010467482493940333 0.14426842791255867
2014-05-16 0.2888619840876474 5.513323917901731 0.24489979382712201 13.134453303557052 0.07002449127444077 5.269414229978392 0.01124218417166306 0.01968945943470065 0.16429816300315145 0.5090682294334401 0.06348971864837405
2014-05-17 0.49628046615475346 5.658490332359492 0.2570135377426865 0.15945071363085556 0.4885245738481906 1.1205314628848042 4.011479900158709 0.6671913850763113 0.47165766173790186 0.4087761888456549 0.13091601386744442
2014-05-18 0.40257899953205495 0.6991624399980956 0.4109265525527067 0.44939797405649906 1.9940527182402472 2.4769250388590964 3.1083723114292234 2.96087112883503 3.2526042392870713 0.0511031014453619 0.10809186417939268
2014-05-19 1.4526156406820547 0.20582574127966183 1.0834579433133218 0.8886395638027131 0.7386018223840274 1.0257154585918897 3.412225779946785 0.5174221441771736 0.914756639178683 0.1492096448691106 0.37237608592380267
2014-05-20 1.9188906233402492 0.6585158364657135 0.0677983666032293 0.023077032864430743 0.5803229900937359 0.03531262465571176 0.1853506340440133 0.07007866125550005 4.209932435205643 0.0234808316090287 0.31913484471505243
2014-05-21 2.9142921594343627 0.3971427308149095 0.0903901417820619 0.001973498316834329 0.5056550700038507 0.0 0.19034280226899847 0.06661666412991692 0.3080036297095262 0.0060637759520326615 0.0025858880529172736
2014-05-22 3.463578149424744 0.1459360971046352 0.12290499513534141 0.007968908632827058 0.0 6.834491041179966 0.29087563435843167 0.1231490094775099 0.09505040763542869 0.016628205414756566 0.0
2014-05-23 0.8023720345980965 1.4527730810075012 0.12436461923130346 0.018849731845778702 0.10301946209115295 1.6997695550630008 0.33591023674967296 0.05827535879591601 0.558062998714981 0.018570121735663532 0.0764049529870096
2014-05-24 0.06349251194287248 1.4115715897147838 0.6184274214319094 0.18306504670660062 0.019599144965315354 11.97324595305043 0.5550915375849402 0.01528910103585387 0.0 0.2941850696247635 0.2719718338835275
2014-05-25 0.20675293263454375 1.1083728147850977 0.06999856201684332 1.1076393338465575 0.00504138483617669 0.11485077214339912 1.0990559397795319 0.21512294112374536 0.7394827463794833 0.4452998894499298 2.1881279493049703
2014-05-26 0.49432928091012673 0.32655157450569683 0.013398345629828985 0.33448540688417594 0.166669268969824 0.024730844270877343 0.17356919908641538 0.011235551672264782 0.14323262519622051 0.02047825507964165 2.030752036494616
2014-05-27 0.15243164975773738 2.3505832826567463 0.02047525441645793 0.004879072894536907 0.21617103667126525 0.009066297498518814 0.011176874181707746 0.0030025215464861517 0.0 0.2787322642866504 0.6657327914553725
2014-05-28 0.0 0.494250382784896 0.0 0.14701605255227881 0.3455360885220235 0.07241598993679013 0.0 0.3411663531510174 0.028932217530694315 1.4135783436239475 9.024955340635572
2014-05-29 0.25566409560862563 0.3182302219808116 0.01939375594582171 0.018667068704447107 0.3426675906832236 0.021852253392264855 0.021507278309293474 0.025223798261704903 0.044329988717577054 0.031055573826507397 1.3762790178638937
2014-05-30 0.11284656772603192 0.3656864715337791 0.03322482883358577 0.3139560731664876 2.1214832541293362 0.1490725038638177 0.001973498316834329 0.04563556679686184 0.0318236433195486 0.0025858880529172736 0.0060637759520326615
2014-05-31 0.1742410725549701 0.22315854786284797 0.06816529081930976 0.0 0.0 0.5969178839541702 0.0 0.1651332968790319 0.3002062575342434 0.9752552517781565 0.0
2014-06-01 0.0 0.34337174619760735 0.0 0.14718387452227302 0.05203671988032653 0.14071859829530275 0.0 0.012303957427320954 2.4966469869952106 0.22469030860247155 0.10729717584572206
2014-06-02 0.016845033787123972 0.24820675282429142 0.0 0.2795911157246771 0.006955775798230776 0.0670093694642498 0.005995410315992729 0.013474712688667977 0.024261735017708418 0.0 0.6084079872822553
2014-06-03 0.013885976591191378 0.06760843133405661 0.6845618610827453 0.5468643764341622 0.5511389970289499 0.21617103667126525 0.001973498316834329 0.008356960793652295 0.29866678313781825 0.0 0.2843628747609023
