2014-01-04 0.3598585950509324 0.42873882844187017 0.3350954441271286 0.06719075502589494 0.7476574372444478 0.6294392161260696 0.24386398020892944 0.3764178930491816 0.06719075502589494 0.3627617404927182 0.5487313728467749
2014-01-05 0.6732447087096839 0.37617595290626316 0.15392376186355963 0.5210311994068002 1.5088929497771484 0.7074684762663082 0.08958386596594262 0.8086785000738577 0.5934599908589959 0.3327870670687398 0.0
2014-01-06 0.9891438837171118 0.7898077352302495 4.864331116286622 1.0691581889408992 1.2059691961659462 1.9090256402154706 0.6600461783167823 1.5848940870094177 5.156124778983575 1.031362412088501 0.0366182820098996
2014-01-07 3.496442524446155 1.0130909908793888 5.474931997340972 1.510866662075681 3.0769816899519835 0.5677283967230216 4.886365904567639 5.777284931574503 4.234085352549894 2.1519679996331806 1.2749850057256014
2014-01-08 6.441814408599459 8.987769714597052 3.635830373760329 1.4568408771614845 0.9331953529887664 0.41590368190853755 5.864780244608802 6.867718196099539 4.703770581035211 0.5052397392405048 0.815696277031549
2014-01-09 6.14142497473486 15.752554974586092 10.462830886196489 10.856153195363392 9.492088466801626 12.454180177326624 16.993640504977996 4.395073259705198 10.746715738616412 13.82640889160838 2.355787911222394
2014-01-10 17.51134131451664 20.37583832543827 13.286120851096648 6.408367513487333 12.03567711222383 29.382589320027684 17.19717377083408 10.375098358860026 13.381710708553141 10.603614906838445 13.277033500005079
2014-01-11 2.5235004406159525 4.061974899813031 10.141551013592949 3.4452886603342328 0.2520854242812937 3.6493634269653663 7.7166657783799675 0.49724675267819346 23.2871032429296 2.5497093529891224 2.463924902217796
2014-01-12 0.6274324994302297 0.539407005557472 0.07002181281069203 1.1605109142770853 0.0 1.0803618636451666 0.46663232620449335 0.012221218124421597 2.713444539881255 3.8807817252857975 0.05838916313792263
2014-01-13 0.4031801594871963 0.6052429963072298 0.6827905996887995 0.3008841603145521 0.18746394464842905 1.5573876716365789 0.6136748757100575 0.09509579827781851 0.8810573113430142 7.560813025663942 0.125183188369266
2014-01-14 0.5793681616205186 0.8034876960955256 1.8106417729519468 1.1383994945274543 0.24884182232705981 1.2011429585563695 0.4217488004876454 0.11028109741337784 0.17567651719115457 0.8166855177401571 0.06615907878072237
2014-01-15 0.9790744929061231 1.613721245445015 4.9129050956967255 4.3597555010002 0.11207436701740986 1.1133257818427635 0.7297875271144383 1.9344789301401712 0.0522587203655341 6.3859641516182055 0.0
2014-01-16 5.055622447801929 3.534210581310994 0.7130007228612325 2.0680662536732033 0.9179303206297502 0.4997231786245133 1.4435350598784114 1.4715685473179008 0.5240632526073112 2.8771489909419126 0.8123225911662065
2014-01-17 4.129033982638645 8.22248328453054 0.11777293070973684 2.376023941575637 1.5571870809926194 1.0084556918641137 0.04194266546326072 3.3156671512276517 1.7968436856725978 1.1467677146860151 0.19540986699604876
2014-01-18 1.0753950467981057 5.671834446569435 1.8667363739640155 5.317001202338847 0.03743928705972306 0.4724100485812879 0.6771716134469921 1.1112089322503385 0.42828156755250224 0.1702990287989915 0.06834965020358319
2014-01-19 0.020186271957524878 0.01981740449370533 0.0 12.788979174887205 3.1727038449692326 0.4600427935519714 0.38699597389953105 1.8145450680185378 7.780842695412793 0.022648462278520375 0.281776265498032
2014-01-20 1.4283476854051704 0.8306977236836447 0.661886921057288 5.922877146016502 0.02111649869347939 0.7791442228846555 0.18524408448235652 0.055735549908907944 2.0970071688495895 0.8021595076782178 0.7269757264447023
2014-01-21 0.7725242820967161 0.2466322266485289 0.4835074843352373 2.2923734338745856 0.0 0.08175253542891638 0.0 0.0950118295023576 1.1170579142601378 0.12710187109778315 1.1925360578947344
2014-01-22 0.18262223217193888 1.3646598796259588 0.08150599178715007 1.0894206791056988 0.45779982435789324 0.30616365330871065 0.1618420552806871 1.4128976912823086 0.18349360723742025 4.018069896328535 0.20764712941898963
2014-01-23 0.3906991658066424 1.086989098103324 0.048161952608078804 0.6728057895275374 0.009296391820180785 0.11533881165390375 0.43938791491087903 1.6889656032585356 0.01662181010249482 0.9625830427248583 0.5018348954846324
2014-01-24 0.12282042817086172 1.2956938584871551 0.3038958082408105 2.403965947991086 0.06237911610044389 0.1332791367246558 5.163183452917101 6.5022504427247005 0.07565244217416495 3.7480384949257894 0.32067733198247383
2014-01-25 0.8644180503582414 3.2687975217318916 1.0838987648816505 13.650120657233776 0.24320616460129998 3.7364397834111522 9.700323176935514 0.13990016886900786 1.016896797780737 1.1779579110940033 0.49842491529551913
2014-01-26 1.3396392222115732 1.6861883767207768 1.741494790015543 2.2519885397646853 0.4894041599702453 1.3188610327029113 1.1939359302303238 0.02499001673998822 0.48104311355282564 0.44710823292550544 3.609218026391609
2014-01-27 0.03556724178568216 3.153077081277859 1.7797641000069229 2.8993039517650523 0.049283996602219785 0.3427815168623929 2.231221357977213 0.0 0.19405982431157107 0.0 6.5291580759555625
2014-01-28 0.24458358685236392 4.8438145772722825 1.0962588266081779 0.4497957712419413 0.832777708911059 0.02248049088483337 0.9820857420241146 0.7879057962867485 0.26322189307841515 0.9500991328885515 2.829180481982382
2014-01-29 1.1298747256726114 1.1901023800139927 0.4816114208762716 1.6184267138514636 3.427692550296166 0.0 0.3249024460749409 10.306297694028062 0.04644855392270843 2.1087801521423257 0.8483761577574566
2014-01-30 4.226175191161227 0.9373777987170331 13.984910636032447 0.9858560557438595 2.004758934995966 0.2521833633425674 1.9502403020982477 10.085708818569667 0.33852427175022537 4.455780392659392 0.6908966873087115
2014-01-31 6.154977470999889 0.4376245343749469 4.155617988608986 0.8179887302817392 0.1362886860630686 0.10887264020644748 1.4045362093936795 0.24124917927090345 3.9822115547259074 3.7585501458790493 0.3685101714527007
2014-02-01 1.4960690615644783 0.3354248393867526 1.7506789027318996 2.7011940154117013 1.4161429786322186 0.3679495447376089 0.34034056702577375 3.0725222213657393 12.586474893579673 0.5311351324979862 0.2706873266783431
2014-02-02 1.0890367057043169 0.9330628696838817 14.577998709573011 4.726717271880759 1.163044819750469 0.03084869752232677 0.02869497735372084 3.760706114168427 5.83118283180216 0.23295004006206776 0.24200668689271268
2014-02-03 0.8542574222249212 0.07630915337543356 7.464137807488609 7.641749270238522 5.113740385556699 0.14801940957766418 0.1339229084431272 3.2564082800849996 0.9984305765780961 0.15779719924410301 0.002831057784815047
2014-02-04 1.792628292669983 1.440071954078423 12.514553839521568 6.1410766134358745 3.6544928379566235 0.2552341722578503 0.03412884366953983 3.221654199667567 6.762920819769249 0.008368206637493401 0.0
2014-02-05 1.8578331256975589 3.5032422838826074 1.1178443589626688 3.5255553743371357 10.399348963935296 1.2644183513825404 0.30261069354258635 6.822975135514564 19.001105375620945 1.4664310126002624 0.20184368820957316
2014-02-06 13.465820422509433 3.9018741067591023 0.14781845947025943 1.4922418999245743 6.0545854794875975 12.284729868241918 3.8084046974254697 0.6617647983444286 6.432737481233816 2.2821928902379556 0.09467172946463064
2014-02-07 3.920045759788395 3.6248054158883125 0.23035141915348728 2.2430724465577008 0.02702954070463329 13.051605115627977 4.876268758490298 0.7483999454067609 1.3553829558081092 2.158215882850838 0.06581244574238818
2014-02-08 1.895397633973333 3.4622323224397435 0.7621351231229805 1.0070853255803063 0.04531678891133073 2.9884237423694544 6.503399183031519 4.565314730088458 4.175635165384929 1.5204562644985193 0.12507209690903515
2014-02-09 8.414845076025411 2.8038251551437106 0.2685758397949718 2.298766288551933 0.1322618558786295 0.15239038545490793 4.569922481486146 2.6038216540006744 3.8429254850178407 3.107104356938206 0.0046334345814988236
2014-02-10 3.471016846141284 13.182997436951545 0.07306513892015261 9.67054298040419 0.16590775138284963 0.5162836045948296 1.8637914654034824 1.558423742671434 2.6287348016880907 1.6908322260771476 0.23243666109896138
2014-02-11 5.194093456152088 20.081312582938654 0.5664607280643275 0.8768451541119836 0.031534933052686086 2.0597008095583136 2.196450654189167 1.1687560338537235 3.586148042031461 1.9409096044887986 0.48946423825854296
2014-02-12 1.860918436139571 7.547500556375319 0.8731196130429093 0.9451694406546137 0.0 0.45202214908082183 1.1958346626955545 3.7642068685366405 3.7299639465860928 0.7861888714875255 0.16754061737988782
2014-02-13 7.972097821350355 6.266786637877348 0.8710854038295262 0.0 0.0 1.2332439963584867 0.8047083898260792 6.081183617023509 6.587594767794103 5.031128803399332 0.0
2014-02-14 10.061679283400933 10.6235541853498 0.5909850565251339 0.36194357371888236 0.0 0.9868876444020771 2.3794457263151005 0.36977625841932693 13.858364922639867 36.40783819283804 0.0039672076908890555
2014-02-15 3.6315202628264114 3.7240762839040555 0.7919367215101845 0.9588065948485753 0.6695172144629054 9.539288437018289 1.316804488541568 2.268016942155468 14.2541934375031 6.067301941345352 0.33235327911210555
2014-02-16 1.2921772267737506 14.86363307378793 2.1762029569861543 0.038771792268472244 0.5438421167638603 8.52084755840874 0.5143585607098756 0.033264454858055854 7.010867282010891 0.5497115136395587 0.021018425609517933
2014-02-17 0.17425431372187059 6.991232754826495 4.8357585636851255 0.9499713826143927 1.1576510609485609 5.495888983982672 9.226466684717451 0.35984116532108484 2.9145477476669797 6.30146934810505 0.2977017537277559
2014-02-18 0.7870796319565712 4.906569029867254 3.6349714213776645 0.10985400911703215 0.11406947366425053 8.956366408536091 6.46027050759624 0.08217229701264443 1.9351277899247434 3.628546587346155 3.3168586224351313
