2014-01-11 1.856373707280642 2.5948183131121088 5.415781922072964 2.6138162938911718 3.278044858688736 2.5635525363937632 2.600537986995815 1.4168278425291625 2.343125780426511 0.8959737049784616 19.303414003277382
2014-01-12 1.5362431148265214 12.339295624193948 1.3237202624015414 2.0126927155294503 1.627977898265201 1.6141748911983247 4.105925408195276 3.2762575919678607 1.1193685208088648 2.076238467139404 3.2266936583765196
2014-01-13 1.2562320799701934 2.4570746057073274 2.0111230807609752 0.8120543842284577 2.1280188810981966 2.1161694768859594 3.5409936061584 1.2016107029772893 2.983067818581246 5.263744609844219 6.1115000207371954
2014-01-14 4.873519784088601 7.472103112226764 16.251032536219714 2.4620550518143762 0.39098179366397573 2.246009156150085 1.8200309594371877 1.346376507273482 2.2310651006315214 7.387459998863992 7.614453426592411
2014-01-15 1.9803247654920488 4.464294158207417 9.283608111841552 1.5366456838261384 1.7878954813573886 13.763980278489292 2.525473200333966 2.992494730177283 2.42641843703814 2.192726093323237 3.2006652866740644
2014-01-16 2.283095335339359 7.206049189103887 2.6634800717558242 2.908292491669343 0.8245655938929857 4.2631600268739795 1.8203032035246167 8.573675234310596 6.144605817414121 3.5172159162528263 0.7859342213995434
2014-01-17 3.0183371447010545 6.281097769586122 9.698026032526265 2.078669405349523 4.474531024292504 1.0151908199486916 0.8451019981373742 1.958972644984857 1.0081865538998658 12.331381907840695 0.9118953383430902
2014-01-18 2.595727444700933 8.045242413350358 0.18399716245876277 6.430464914326825 3.28426546139608 0.5440107788899559 2.2785369314584667 3.567812413391988 0.5611360083169984 1.9460755022773442 0.35488095468657666
2014-01-19 0.45084119821291385 1.524867893166519 1.9133339262860998 0.7946307787570369 1.0530897159406123 1.2239821773856514 1.370064863813543 2.9448609633257297 18.359010888026617 1.6229974007944226 0.6574954662402284
2014-01-20 2.7013023301583567 3.0684331138256162 1.5132817995967325 1.1837821787692449 0.521645697083744 5.202284405980611 2.9379187296105593 1.7555138697630535 22.752911080090314 2.117910326724194 0.11030375711170914
2014-01-21 2.2275679957803485 1.2417169578735578 4.106656199564927 1.8768233906482523 0.29848985310554627 19.27558560774648 0.8171706038802184 0.3371277397160102 11.52555687098549 6.626096955551054 0.17474099876175692
2014-01-22 1.4638755557763912 0.7947531856535544 1.6944827031399152 0.0 0.08591493944933586 0.16793427948887135 0.1583646070537817 0.09328115830798232 9.588325326943668 8.139475074286054 0.3173557990360203
2014-01-23 0.0 0.7189258566989055 0.5510783501807803 1.6863738171205904 0.6207948599208786 0.3406574813837021 1.9427022350719492 0.05461482641368848 3.887385853058776 7.014100674567681 3.8324479478092552
2014-01-24 0.21969915403276805 0.4698836300820388 0.6180138440132472 4.863338092868145 0.30443401415262816 1.6220676041994764 1.1912012480346932 2.331997082466407 0.839075124305764 2.1774370150892453 1.7051277122482937
2014-01-25 3.306687926843062 1.28798093594544 0.6001784773948474 0.5739782916569003 0.8298255597048041 0.8879905333207319 1.150886930734893 3.7782990816154305 0.6978341911268771 2.15598499153855 0.39461568086515264
2014-01-26 4.087842563457912 0.06611595277861533 2.082857585250338 0.0 0.6620640529238412 1.9385479940801718 0.04413163956152819 12.587622775178026 7.678165477099375 0.020594764187004035 0.21770312437134803
2014-01-27 4.964058001441158 0.2627088729245835 0.6799243883599391 1.7623117706575897 0.1681762936209633 1.3532120685297777 0.18832962630117428 7.890366130087433 12.496197565430618 14.126053457626126 3.120252258622875
2014-01-28 1.6134436118725564 12.561892831175193 2.2818291498775185 1.7773228362818947 0.027731672791104594 4.728447440832724 0.5836749005451717 2.7980478387081167 13.467880968478482 11.69285039230107 0.4528891578854992
2014-01-29 3.335812320763565 10.553690574476322 7.277705030472072 0.4088641414460089 5.603569834065362 13.399189761302278 3.6295200674361503 0.1764456062745488 2.710067161549137 2.0306156954973815 0.7553563067080749
2014-01-30 2.782441803806333 1.0962836567013512 5.0664445154314075 2.2401035526828257 15.113359976487885 0.3667660612300161 1.2123244539515377 0.2403689820550996 0.9568303017118801 0.8637771486913423 0.08279440954388338
2014-01-31 1.2551458893053409 1.0885474998759723 12.874070658423399 3.5712834933003847 3.9781258187059616 0.09907769692283161 0.8481579631614315 0.1261504065150254 1.2033665779277247 5.154093687419509 9.882576847004088
2014-02-01 1.344770142817139 0.9147384346480048 11.297331071907202 5.062892015188858 4.72740646836411 2.56240292675985 0.9230852749160682 0.314422231749978 10.207133910447855 7.036215887043198 2.304729965453787
2014-02-02 2.155589453310042 1.8979811219895089 11.489253739134229 3.0638982575834874 5.599727759064787 5.683692291624558 8.663732901026522 0.9084740589704918 23.49958416866616 43.21698513202386 5.612592687184922
2014-02-03 3.373176985607126 6.452565581664949 5.104938422642734 3.0465416509229275 6.454447646297879 14.013154106593888 0.7391096040630221 1.4946263481346571 5.157639201441491 11.194737612359305 13.23630227187819
2014-02-04 6.4408408071986045 19.890815777803446 1.3620056363567075 0.036539516772370384 4.077360407135039 2.654048848607288 5.52086188638731 1.0506804482077177 3.7650907014242643 5.717848656051393 6.892710298498584
2014-02-05 2.9441870920485416 15.178811787119294 1.0693065947117364 1.227805662191495 4.1984413671161045 0.7974625492740068 16.323625636650227 2.10292791509416 6.302646075835229 7.588125587971702 4.571176603759612
2014-02-06 3.2006908289905183 8.292502627384161 1.078118773220376 0.6013024137229108 1.4591454549759337 2.2975943352697032 4.633447758549967 1.2131148902545204 6.752596590589069 2.0350244249828426 5.8689190117144925
2014-02-07 7.398129116466293 9.342452834125705 3.6936404949228305 0.09810082123544096 6.513680956589543 19.4978842812453 1.8284584810406692 0.32140324204076076 1.801187725645054 0.05183855732402336 1.6112655958367745
2014-02-08 5.397584492293166 0.3888814804313152 7.748026186914705 0.12543204422069634 3.632882665087444 8.026635604425 1.118894382153125 5.815575154263296 0.5083958238978233 0.33192097646406316 0.27262149132185465
2014-02-09 3.609353475701313 4.810202065145646 0.7751019891641873 0.40599580192950624 2.2519677518808043 0.3684848445170521 0.2347449676631838 6.368311980778145 0.5501418377096415 0.19863417386115745 1.9928405251119121
2014-02-10 0.35846100872965414 18.06948271730197 0.7232399207707925 1.0341036982221818 3.762998302368069 0.41400044861951113 0.005184867232326376 1.2466337772838538 3.0009941558957167 0.7694628131216459 7.82142939935747
2014-02-11 1.53268539260295 3.578756040481513 10.878402146681882 0.024810792354249718 2.8752002713605833 0.2049359440751448 0.04171982861944074 0.8505209024870753 3.3243773660758773 1.05221193188841 4.467430955046008
2014-02-12 4.838395908444195 3.2417136266993056 5.727023412820419 0.0 1.473356303477829 1.0652592991786038 1.8763400938142287 2.047145393050764 4.43894744718825 0.6760029052663001 1.4079981221208915
2014-02-13 5.779010764352028 2.108385574264271 2.752523392260716 0.08854653992006448 1.6692261079131923 0.3454184058811756 2.9852943284296023 2.0717055553189696 1.56942771102702 0.7015263669264135 0.8710581405903545
2014-02-14 0.12970036165916443 10.409534696320517 0.8523118032060482 0.2339159274088372 6.711803777152156 0.12193056132142806 1.5142972812262148 6.87544865427714 1.122989503583114 0.15720845210217213 1.6923230247649885
2014-02-15 0.10828525370114857 10.84529748425094 0.1575785648811721 0.33834077071028323 1.4147313530109686 0.02245413238598007 5.070197953846634 7.745539377350555 2.9004693107113377 1.3114719960392665 1.600365803570506
2014-02-16 0.5055278503959314 2.8965988843416124 0.9286498881068025 0.3213064477125722 0.029384425762813554 0.6396887533938973 3.8810051744591014 0.9522400682076476 0.2025606109934461 1.0607203380463242 1.2846401414815247
2014-02-17 0.24181492193977006 5.7013917148295965 1.9849180527043726 0.03242845530293156 0.23786982463967515 0.5647594721891003 8.564851628417058 0.5999259017994556 3.693149681829764 12.61760608382587 3.4980071954393233
2014-02-18 0.14061876699874787 1.4122078049101494 0.5424979957305931 0.15801948481477068 0.7534400172668972 1.4223747521817256 3.1203728995599938 1.792638549499124 8.643598762842872 12.09022863873445 0.019604696136962696
2014-02-19 0.21096132693357036 0.03886050515424544 0.6722144731313451 3.4937668618982327 0.9666322258211553 0.7282842055692043 0.07968203646396455 1.2213186998821994 19.050890578430348 13.177625319433522 0.9418665851101391
2014-02-20 1.4806804803444154 0.8327710447953893 1.9332455260498336 7.925885265015014 0.46382101132969317 2.5166485274866637 5.2661479805653 1.2432245242040278 7.296051961567224 2.241403192252396 1.7691172297400577
2014-02-21 0.642736736112334 1.0966356604939582 0.0 11.636812397052207 1.8708648847427058 1.4452982270976191 7.935995228158446 0.7038004527607522 7.282829630806757 17.11334037184931 0.24921352254507834
2014-02-22 0.028143312254079164 0.13178612624793828 0.40730914826041487 5.688049320981859 0.6589773210828836 2.487627549363501 3.6974831347921167 2.7226470090004184 3.734653497626085 1.357153271315723 8.934466005757983
2014-02-23 1.8505765332535846 0.03866591186314481 0.7377849709819776 10.887231870432052 0.18140079987681473 1.301409748915968 16.472483004872302 4.990362549458274 3.957419438087001 4.238928476637788 14.399536575268321
2014-02-24 16.12115569631403 0.40146239081187013 0.5217007614011355 17.714977608130607 0.3468767878691902 1.0229360930775884 7.588106792764255 1.1046093806418487 4.936470290332589 0.7752020223533699 3.5658907850293553
2014-02-25 13.95164777079951 0.4709246256229072 6.407769524726156 12.521669382689254 0.1350175271997808 2.615676383949931 2.088099177784167 2.718271816861587 2.3310017055485996 2.664576456207636 13.02266793275334
