2014-02-22 0.0 0.03611458732716397 1.4775503808173016 0.29959946972813467 0.0 0.0 0.04633183483810893 0.05580764584261966 0.6132682558618021 0.4823983553921952 0.0
2014-02-23 0.18854951470455047 0.5719577754653813 0.03559012259225638 0.3321486964136525 0.25975795769345006 0.3381689230550978 0.5058687100305332 0.2585725888070812 0.037091507124507136 0.5178485623749053 0.3330594458884345
2014-02-24 0.831036889998831 0.060943569807222396 0.9125098429155823 0.17923577945131725 0.718812645398841 0.6239748880079803 0.7388996581214828 0.055179588635277096 0.21642853015588073 3.2006839892354 0.45158619172037257
2014-02-25 0.6967150580030166 0.12273031782692641 13.93098911147692 1.4843116420861766 0.07657886240457064 1.3058661895803656 6.2901923003630245 0.15623354284335167 0.6663615741265505 4.89160187336555 0.7775937124218684
2014-02-26 0.6465247317896257 3.8012605161179582 0.8930827582099308 9.16855167889763 0.3172832633582682 2.6073190632457184 22.74269855917559 0.517098186125052 1.6194464161707434 2.2229028210812256 2.495001887670533
2014-02-27 3.972409862863749 6.1071227299038755 9.524685152881979 0.7489417179440416 0.6095097043328845 3.686526174838866 1.4139164817635663 1.6954839255561573 2.1385732284701646 16.667971643802844 4.27899561122485
2014-02-28 5.738722754173537 5.185175878880715 9.520755813550657 3.409821569701908 5.539884619317577 16.689886091218504 3.198322362268783 6.008666484320595 1.4081448802096381 6.627159381067027 14.885170154440992
2014-03-01 7.540982497018433 4.741897820192417 5.320514439181958 5.475849808770585 6.903005245990217 16.675431960467332 16.91910652561265 6.7516176438495705 6.297728956562011 2.208721963165365 6.513372392710966
2014-03-02 12.775785904155024 3.475894789434993 6.999781273100211 10.447686963320992 12.24260670359434 7.514398514263869 8.337923445607009 10.95435629374112 16.661504777720822 16.450959551592803 15.259184450576619
2014-03-03 5.680051473204054 5.327884941583238 3.8749035495385415 1.8266456612306003 11.429929216309194 16.088336184893883 7.352248321472366 13.929116439634036 7.371972908819661 9.61145734180597 5.803914649084146
2014-03-04 7.285002280081869 22.41565072839134 7.177874935003079 1.561636081632957 7.059155233538384 0.38357759397718993 4.46338075914841 8.825469527698715 4.309647204784099 1.7663778482841033 11.687188872388543
2014-03-05 13.95147787350612 2.9716172073218448 14.27820520522211 0.1985511102606972 1.0356189546724006 1.120909211024869 5.7462930352990895 8.689386686041153 3.2289439860091416 2.424881241370857 23.08024908951731
2014-03-06 14.027162123652445 6.12067986356092 10.151535948044799 0.3065990246091549 4.878655195378467 7.874621313616967 8.085375122302612 11.628576161423318 25.30817270685575 3.0565088509722553 34.01171964251855
2014-03-07 5.757273264631479 7.263552929140293 3.8930452312198933 0.5426305000644394 10.05829724381762 22.955602820547284 18.527363490133474 4.098786934589675 5.842311369087897 1.0747654298079563 18.62682008089254
2014-03-08 1.7354370070724834 4.293976571327148 2.2985670908138123 2.200370430180782 8.197548358690666 6.859060386308947 2.664153954286356 0.270393193601291 11.053087159900445 6.039777412645235 8.04143140317308
2014-03-09 0.771131447060366 2.55994286877878 0.04084008054613729 2.076149107135773 2.12999480796594 0.08984818185787029 3.3483157635657177 2.16685970618372 20.843072174052224 0.7831192748374347 0.02643054033616684
2014-03-10 3.7153780989313008 2.4643652035077 2.4848227136165875 7.223837557116846 7.196226238397252 2.7519674175688533 1.389337689419454 0.9932374017441258 13.444894624993283 0.021128024625296834 5.257336835761608
2014-03-11 2.0089895524467973 6.289732867837106 8.266779387883753 3.362642361209409 12.626396567057398 8.660803160660311 1.268301037240363 2.411821434328784 6.013335524071616 1.0860891745416892 5.9303919308516555
2014-03-12 3.994937400262004 7.729522944859356 9.888002084504556 13.149761291664552 5.680570772192295 15.188504972514114 0.23460948327424774 3.8176321976499907 4.366463331896722 5.776996296311922 3.0806513134248728
2014-03-13 10.957177364045851 1.6609951485917165 2.4633572035651934 10.44897928624006 11.659344327232011 7.562081859217071 1.6524049978908153 0.3561199294538754 6.34049948014103 5.134069106182533 6.194388433970904
2014-03-14 15.311584632142203 1.2322353649639668 2.6796855368451657 6.091938933404812 7.145214407369396 4.458205970981756 10.275374392066997 1.7261376127691344 9.294392506903504 3.5472018281668527 1.6811467603591188
2014-03-15 4.380199032790322 0.2874364389859989 4.279033566071817 8.891918153084996 9.443139827206714 7.953958188997672 16.388011011573465 1.5134979510931215 6.367286543799263 13.429151170389126 2.2659724167796513
2014-03-16 1.1397447501627416 4.713442072136528 8.782332290526256 10.102839087757154 12.157668609971847 3.1620686683012287 3.7192098665886073 2.287067064777708 6.400792728850597 4.659731834060215 3.930959467692463
2014-03-17 2.2648795051760526 23.571689330313475 1.5876636756722697 12.421466437050585 9.97984497666212 9.084265222382871 0.757200750486684 15.16306803342433 15.20050722866206 1.7548719481142594 5.788075280644465
2014-03-18 1.7520820647602509 17.824052815648038 8.125088830081564 10.148788940624755 8.46188349786201 18.906751393241493 4.596307588182976 15.382813956851248 16.72208626422313 2.153197571654494 17.419544882376655
2014-03-19 3.73798345310078 1.1203312918352362 5.194367137219421 11.09428743294915 1.2480603117861273 11.654897533477959 21.61663832839848 9.392639569362558 7.466417893317502 13.504420086305142 7.121583099490135
2014-03-20 5.83158761474659 0.7734300456197636 2.083277156679349 17.064272002933635 4.3642512699237 9.49587859262575 6.061180286607037 2.7283096067553343 11.607066385245037 1.134210226913089 33.37434638649542
2014-03-21 20.5594637043836 2.0896890923585296 20.85190585684532 8.204565824309384 1.4291175503701317 4.403280014769962 1.9637869218126358 2.6256571518239036 26.851668304419707 10.42217863159479 31.7759508400134
2014-03-22 13.004446806979443 0.9305778309526217 7.40986690287325 1.740048205354663 5.064439576620287 2.938647806879856 10.113596927047809 2.212262462088603 6.463139567133849 14.016635527429438 2.439122357503069
2014-03-23 10.80400456309621 2.906199380163419 2.684586163381801 2.5856556707754175 5.46604161322106 4.999792314488191 9.340945484144594 1.9369770504638244 5.934665327427078 6.792234805611535 5.781164977694079
2014-03-24 11.371337131726719 1.8755146922157258 1.9885813411730426 8.337979427343171 9.068683823515226 11.326668233490938 4.288222833699397 7.0550070007933865 0.6047198777667409 13.056038396580401 1.834656073583847
2014-03-25 14.432407357951234 11.299650941220738 12.852175281778422 3.325504523681711 11.03440309378378 1.192509030850052 15.659105769112688 2.7422242385716533 3.51590161626528 8.909171696926496 11.211198815853171
2014-03-26 5.58598081413487 16.881994144286907 1.5319992645148082 11.144809107356412 4.661707520665923 3.746375830343401 8.55897575436603 4.265532538407694 1.2274172350197474 1.1741116619388234 2.785649362888914
2014-03-27 4.860239095809215 3.583679730909895 1.85080842125931 0.4588203373889247 2.7219846357973374 0.3124429216626804 15.673054042520945 1.3171194194435079 1.7349961409953334 1.4825246474413052 3.608349053767303
2014-03-28 4.1930045268196166 2.594761615567919 1.2442058036465913 4.432905368591932 0.7187164433946395 0.3053446376313027 9.67922667639097 0.2936606080722266 3.0445010784243807 5.354322893663574 15.766957474283206
2014-03-29 1.2806105210769745 4.586352004214286 3.4697879930332194 2.47489540152628 0.7969256547806188 1.2801608084301028 1.2075489376413362 6.744124142732106 9.056260078758983 1.6249427746404166 7.327618692292994
2014-03-30 1.6265846369084214 5.129978805526019 8.247353313763679 2.1936058474697138 1.4272418758877552 1.2086913722248842 1.2402360729862825 4.0848322735211475 6.651664751252476 2.3169511322467304 3.07805427416015
2014-03-31 0.9979740200544349 0.5381519309698037 8.414452779642026 5.433085259381958 3.395336287111938 0.5474298072459172 3.5466453182562816 4.277538179403837 4.03123940897885 1.466337942091752 2.071118220626575
2014-04-01 5.3950984271342675 3.9376509667943083 5.9698005606228755 4.3435213183672845 18.991979154020225 4.985906184086066 5.73255685054774 9.013686249871608 7.489274744895242 0.8814826131786303 2.92563529816265
2014-04-02 7.094013165216955 19.421752764404097 4.479431675453187 10.03211664964346 3.5183038793104586 0.10417163714438638 1.3246559003105323 11.549560763578242 8.052139261346014 2.5631491878225057 10.228677293902562
2014-04-03 10.28749053272838 17.07234812418345 9.243885296492131 3.0466758383079897 2.826317850765668 0.2799433812183565 1.3702702461445875 15.597223274060791 7.173092693068422 2.299172672364673 5.550024618994406
2014-04-04 2.3262173101576864 6.148768174546196 1.724262085242896 6.993531446855121 1.4221486835666204 0.33079499531475176 11.119022823839465 9.188390582718068 0.3573297021769653 4.135929842473838 2.968492949498163
2014-04-05 9.206302727730575 0.8711021400518999 2.356246706659463 8.641995623557843 3.0204934041620692 6.410835094922614 4.541841448055039 11.836742949860149 1.4600019373929616 3.5473429774019327 7.193223886297473
2014-04-06 8.275733327348835 4.785112325221652 3.7019311334956946 11.055395734202024 3.1715849332711397 1.9418587759223052 7.424778014897629 3.129373901584265 1.872870695471033 8.504373069381717 2.176423320809948
2014-04-07 4.191480670006925 1.454247511817286 3.231261681017301 19.596308837977208 12.803443616336317 0.5643065430926483 4.1097848800566315 4.738885933840681 1.3492859714279493 2.9556657898248435 2.473847188801259
2014-04-08 3.34675995136942 0.9249511028849926 8.394581662890273 13.965246147495055 1.799754615846373 7.990666351138101 7.439357128616788 2.0904189372062434 5.343567081999289 0.4487951511782858 1.6925855440108104
