2014-03-22 0.04134219919100786 0.04988096087012446 0.189808998351013 0.018140780866444155 0.08302296113137349 0.19682927877653628 0.024871403304783005 0.3744271641305308 0.13221693709060506 0.04796768719721998 0.0
2014-03-23 0.7424942653928224 2.0418642653450183 0.19071049743178087 0.773438487391925 1.6160459061629568 0.06644632882728171 2.06302475962822 1.427290127221841 1.071521209522292 0.2140461939851403 1.7494629318649246
2014-03-24 1.1122492282668632 1.7786224714475678 1.1875389703378216 0.3233683682765344 2.4324358136645814 0.8376859548485948 0.7265449586060156 0.988923775557859 0.5350628333124123 1.1507111801441519 0.25425877413963943
2014-03-25 1.6317317581933266 2.361975929245245 2.5312714006870345 0.9531819897062549 2.1584317556433263 1.6313547170077625 7.473415098339823 1.6711606445435432 1.317518372636742 1.0341363885708192 0.535817330555745
2014-03-26 2.0029441086684368 6.0496997292770605 1.1371926965576034 5.455914151190159 1.4925156980577747 1.3832213072975579 3.135451946928951 1.4130662076144134 2.4374672397440786 0.3417349347965114 2.7618601201212534
2014-03-27 5.344765028261941 2.286672984196948 6.076243358521919 2.583933678229495 20.467822191032347 2.3769997764901296 1.5212281086043367 1.0738855841601034 6.90045396082925 0.8431358021973786 3.125227961378158
2014-03-28 1.554220785396573 4.265764702445097 4.155749412714013 1.492944608427862 2.661254980481499 2.9896687648045415 2.289040284267796 9.199991445881349 1.8375656805259615 0.994533737879031 2.6493152765290815
2014-03-29 12.226861871052217 3.209836394924987 12.653080776368475 9.076890206939815 1.5859909779629278 11.797030793149105 10.272443521398202 10.20209014027282 1.478413028463201 2.709545638019077 3.282876323258327
2014-03-30 9.821155326824986 5.1020152445844476 8.144750470526306 14.50523825227964 2.990420735409277 4.955741127495022 22.01665679184762 17.348743223926835 9.257309575862052 2.689603732369207 19.15042541389544
2014-03-31 7.352147237498818 11.152138859848922 9.93855041786479 8.710429381584824 6.747981735135898 8.753737278552073 11.659236375614968 14.177435311538058 24.691319964358094 7.113985823319783 1.8887503996930874
2014-04-01 5.6344039785950395 3.386511307167379 13.425512770440243 7.069039114602479 5.9605310171754535 4.480905132593588 6.705801912460133 6.052377218460738 0.4676144389205159 1.6916144532341648 1.1456882286405659
2014-04-02 4.2187804367247 4.8899308241488875 12.98753847967022 0.932409050961727 1.8597789028208518 2.786013884926425 11.397805726835957 7.020385541573334 1.5593615342185847 19.77434787514256 0.33012523876161376
2014-04-03 10.471857693097013 5.781636449653112 4.64069467374296 0.9541310649038282 1.1308615341158688 2.720850782776031 10.161920270496438 15.378541424669875 0.3724355054068077 16.99272793506275 4.653066181464083
2014-04-04 3.848474208875643 5.546950670858814 17.23169156135964 2.6814553851987064 14.145228187506671 0.759336580257122 17.067562654464467 14.535344514017144 12.682041574907803 14.700982584428296 0.4748538479059003
2014-04-05 5.467970065440518 0.1649619709088198 6.635990614618431 7.977849453362285 7.094581437684837 2.9929924679773716 18.406395873447238 4.129447410599558 4.73923927983329 2.5665217870227903 4.317219074460358
2014-04-06 1.802338564912584 10.396436727075894 8.770946991877832 5.185817762281617 6.21843290762492 3.879188875573749 10.842763835338722 3.0191900365460116 3.9257691628680718 0.4676503690308834 15.27851127152146
2014-04-07 5.970757632782117 6.035367301331762 6.603840754868714 11.457096202328119 15.882373886420515 1.1636304020213117 9.513474816565697 4.559284224414984 13.709599480106018 8.845585488558804 1.5870710711107114
2014-04-08 10.275406076316374 15.653928018014453 1.3794050181159487 18.92453276873615 8.325984462028007 1.061133236509582 1.904576894994962 9.000629131233168 2.605944965607138 1.0579173164665523 0.31584550173212944
2014-04-09 7.917661948117196 4.496722092621017 1.1909107589787395 17.995252100729076 0.16128915524908627 4.146581831026743 7.07696015201264 6.066329469908995 2.782229531310904 7.140768238310465 2.9129785789974254
2014-04-10 4.425419420409355 2.6530770682914446 0.670072326831134 0.78405026424661 0.9568501175389776 1.2314040270643858 5.294406633468508 1.6393011771182504 2.824108462413598 8.582668168867261 3.9903358558678943
2014-04-11 0.7232377192384027 1.1123899291477848 1.9619607073705205 0.634326631065689 0.43854397028837344 2.4986954761352704 2.6431994912223957 2.7464540659584085 1.9182082218862786 4.129440850135632 1.1380484226438814
2014-04-12 7.439900907942043 2.9732367654966563 0.6158776043742491 1.274542380499386 5.739318830690543 2.129044949075686 2.5803401176897207 2.318628775849216 3.1077770983840125 0.3141939621813831 1.1267569051636368
2014-04-13 0.7581912133506576 5.851630496482796 1.588932070870116 1.4001944161655349 4.157570011147289 1.4735345555950976 0.43117244560916096 2.9485022617966465 0.7568023271794151 0.26361976301386564 1.7063487874653216
2014-04-14 0.840676315182237 1.4081831244165686 1.0092732189942166 4.331860706206488 11.369628268453903 0.7264597204837504 0.053259064797089244 1.2405171844580765 0.6981114082401011 0.01259701866680291 6.162422998080933
2014-04-15 4.430163658319289 4.026276636519919 2.2901403344500517 1.3115728125266952 1.554041819737112 5.795495011955568 0.3149288748857973 0.2771842780965267 1.6096037633681886 1.0405221223826089 5.442874817686659
2014-04-16 4.078691287866722 11.052838698791897 5.280778140290753 0.34883632244529206 2.005874847559813 35.38946357919754 1.057016084383142 1.08503290421827 5.683693461225113 0.835216154257533 0.9803835635391274
2014-04-17 1.5698016812933653 9.963146678071825 6.648664621737324 0.4667680303114963 1.522263659988824 4.8894479420384975 5.186093327975158 0.22916832731199926 1.4413754243387673 0.5607586991516638 2.621676691784467
2014-04-18 0.32602737050975356 8.270065783565279 3.4954139389678263 0.38218476602774587 1.1050099400015199 1.2211208098523505 13.453066779936577 1.3661907247127179 0.551525349521515 0.2316966996117463 8.567580691609084
2014-04-19 1.1883070092714632 6.71371120506679 0.7901312300837172 0.1075496576276161 1.4650550296333629 0.3898471210618474 10.241670190002505 0.7338049206325516 0.4408629343857748 1.0554352215979996 9.150462871701475
2014-04-20 4.516297721154296 2.0311870390362063 0.3595312811015612 2.685149952815473 0.05219979979149652 1.2904400060767387 1.645250834123755 0.47018760588741965 0.5510400216474466 0.4857785599685336 7.011569190456895
2014-04-21 6.834982900871244 0.5383345440702535 1.973447745239972 7.19080161037337 2.0460825868920622 0.01576043960432276 0.6920367611603591 0.763468079104143 0.6973985792614098 2.0575621168497786 6.940053341669547
2014-04-22 10.171612661706497 0.1767888563127816 0.9206509547809151 6.511648523179868 1.5331196688226403 0.5128638113341071 1.880706559361914 1.9895062144600906 1.0245595696515961 0.030851752888126333 1.288087859498817
2014-04-23 16.26910646819598 0.3975652263984863 0.5641657120777582 4.918623180574823 1.4384644485803348 0.37513991541770647 4.425813848751255 10.685379085781586 0.5584535455223483 1.673571338334017 0.16620571496892045
2014-04-24 1.173519610948909 7.894512911280129 0.9400538336974977 5.6072392127719555 8.739830434067962 1.1299657896448132 4.278522841642637 5.836229400821192 1.1815254222583436 0.5841343722450986 2.483009277828324
2014-04-25 0.23915611149064786 0.45614461508063625 1.881427116559083 0.02728455138730733 10.678296178283855 0.5302693468171846 14.758775710370113 9.36746199211725 1.5478224293520224 0.6964899611185853 8.29756172881662
2014-04-26 2.8746402701101603 0.0 0.2128001853398 0.8547582622327752 2.1524159650015564 5.940776762511818 14.746531594206695 0.400011547772945 0.25910272922734856 0.3323498491593304 1.930663436513171
2014-04-27 5.50579100920992 0.13470187064496233 0.3286310639215662 3.008945689888333 0.07829749191456656 5.603219066589531 7.150287211424043 0.6020860596103363 0.01250684847207595 0.22540134513169985 5.874234107489798
2014-04-28 1.9992035696503083 0.8330346987752562 0.8529454545507973 2.1496498098861516 1.3910531379327107 4.548227518547487 0.7882311913441986 0.6640534416894358 6.455845727695903 0.8463324730199187 3.9703602589122733
2014-04-29 1.581778826238407 1.0879726345540535 0.40465764752622724 2.777141772738754 4.74992437355259 0.8342753027146119 0.11700954386947811 1.3941391308990583 0.9700570340561849 0.9343954981528809 8.464008050027921
2014-04-30 4.587036347546987 0.47654716559069177 1.0018337636127996 15.659085278103804 1.3076441721063865 1.2670033529415845 0.2002983937692312 5.205298188711428 3.3261614580020415 1.1762858666788452 3.860869284345255
2014-05-01 5.839197587137589 0.2397750844032498 1.0117920682680799 27.73807014114534 2.038185242094928 6.414049803087903 0.20668148139897674 6.768970595487268 8.593267720394318 7.9895285341568405 9.905457418453569
2014-05-02 4.092868176190896 0.11551766961679036 0.47786458549936467 9.507123618862467 2.9232243246551084 4.772537001819224 0.07316144776730724 1.1762888394883793 0.37292105683111304 7.671362053279025 0.9114021012806021
2014-05-03 12.683272953515507 0.24349995599289764 7.185476460651657 3.078991618911976 1.152773722653226 1.010267212810619 0.13915280688806564 0.41718222296561097 0.10271672861996127 11.775803824098194 0.03709512235933154
2014-05-04 11.185140512872415 0.05140126475520288 0.480842563903351 0.42654246767602505 0.18563552620349189 2.6796891342614497 0.2939573826428161 2.6328725069572836 0.38483003814625866 10.220174468303995 0.0
2014-05-05 4.850991055238636 0.12157655779517505 0.11607904693041146 0.010872564837888439 0.07479139051955619 2.8479910195954625 0.16927896604392137 2.504892806519692 1.260223847200714 20.01866147073024 0.4160068261353742
2014-05-06 4.857623503490432 0.035456018561020416 3.26821281525534 0.03144781304585324 0.4637267516967741 1.3123055495059215 0.06763940643884489 0.9330171321080402 2.0162115961768334 1.751055558230259 1.0634080997608462
