2014-03-08 4.727089578695929 3.324271586330974 4.990159921220421 2.624315060603906 5.713990879782882 22.377850899412163 2.748640090144163 2.5821192191616253 9.693611660476249 8.984488982607662 4.63903359630797
2014-03-09 3.9356504889644697 6.932056368304298 6.60928605306591 14.397856177525894 16.38890259753201 1.203799579144377 2.2303904503304866 3.3766411196525574 18.290135600006987 4.302325186766829 6.953221376016918
2014-03-10 4.296062427793064 17.0994775551357 4.139352723629425 12.999520703960824 2.376331521920966 16.35752323686057 1.7787738945490574 4.042468625073841 11.021130336806436 7.2081853102618005 13.1029046302983
2014-03-11 19.84792513290336 43.31908417794915 4.22581593665252 14.212187483895423 31.678350145571102 11.810582007896476 14.895286009353837 20.04141411095353 34.85066351652453 11.889705735763602 24.781464335684483
2014-03-12 5.217088542828465 1.2347380044025642 1.3878458662451887 3.970637232968082 10.965414137853024 5.6957372664695525 7.011216254381211 19.684855612279236 4.931071699285617 2.581256310625344 2.9307783607440756
2014-03-13 7.320753733446098 3.5489646653652605 1.7302984704942939 11.822571062943627 0.9886750649570518 0.8933807950529506 5.096027254398335 2.5772016535599453 8.050553039411978 4.532885324226358 7.55067021836072
2014-03-14 1.8891650776987192 6.343443271100398 5.356241820921859 16.67852063649816 14.285612505275674 1.4878428522146223 5.140813275957742 1.3269944682442492 1.0775368350925958 8.581492230939963 4.746937089735292
2014-03-15 10.186632487081798 2.745819964003833 9.956886070235125 14.078970991031607 13.51809270454864 8.682620049442345 11.09580408290197 10.309289477638243 1.6575894699148348 10.818943744044663 2.441899871946397
2014-03-16 8.182866504334312 10.168803755405087 7.907595829879537 1.9449777610385008 8.888373876452096 12.351206600739607 8.690563866346043 17.00158697348022 2.4791233673344903 4.833115068601773 3.4721985816122487
2014-03-17 7.894221749846042 7.6221952256093495 3.2012848868714214 6.89589471455456 9.42046854664891 10.127728641012261 6.926397424389548 6.520542390906201 9.66800455812491 4.528726646332312 7.690686364966501
2014-03-18 5.739136361022937 3.523899259956793 3.6404459216338476 5.05013557998802 4.459072630985512 12.183992379415798 2.7862259493709223 9.214445162919766 1.4622937703556675 1.1547107706814104 3.2241741743978496
2014-03-19 7.240271273789892 8.672438409483117 1.160175959387858 4.775256408428378 4.890833344513867 1.4086108842253222 9.151479898599137 8.8064404855415 10.664126872854766 2.5215595860346256 4.403293113168328
2014-03-20 8.25864356800035 4.183598321291607 3.480178808429364 5.055517402881575 24.50163425500368 4.608905700623893 3.079480993925486 24.028083126411982 15.035703711107923 3.298277785839373 11.798047303231709
2014-03-21 6.366553710317929 4.22771509490552 5.308859399963942 4.829546978800582 10.629796789052229 0.6146148361666564 38.71667259323465 8.48974604482203 17.831899851899514 25.976994813312995 4.115964481248194
2014-03-22 4.9973236381642465 0.8015889752776342 13.797380221105913 16.123969821318926 7.653556180258339 2.5541191294966605 13.398094439199745 8.84225160339279 6.500576253356476 18.975406711055093 10.762699023370342
2014-03-23 3.083795238678889 0.0 0.0 7.050488218769404 13.32393153582565 5.026403340505501 0.0 0.7682545981170902 1.6903905211447752 20.994613129932773 9.750819820648154
2014-03-24 6.24957523231312 0.5915661491819986 3.434490739776974 6.711156517538553 17.149837225846635 5.057337142470431 3.774242790012216 4.283984168905843 1.1545694422647366 1.9116519559623395 0.11293876120983096
2014-03-25 6.0094143691720605 0.6499086822359165 8.530454018361198 4.425711439707453 22.325486595082438 31.105234950281897 33.496943115212034 8.54072924091554 1.203932645031292 1.7132237714231218 2.048643887943489
2014-03-26 5.84722801404407 5.2482171427916935 2.9812210685816893 1.2051517574159978 11.502271413880763 0.5688860133831846 1.5525480360416135 4.570744365159487 0.5815721691502376 5.926495871526502 2.1831532305217554
2014-03-27 7.7884682318420015 4.298214451298899 0.93427019735535 1.9835140596142635 5.728103137657551 3.317455556415232 0.8349028976890049 7.271523314866729 0.3739130750097679 7.922205890237821 3.714987646335987
2014-03-28 12.724101335702315 1.820872465719153 1.2339590685302806 0.9659301085350958 8.012363170354059 2.60816665168831 1.2991046562019888 13.098721770707705 5.84762771123596 1.9402844095183993 4.982315502538749
2014-03-29 16.854972038631672 2.64608000629253 2.824215751602563 0.7710502162366561 6.926120702945593 2.841696921083687 0.6032878928542724 12.438519730856616 3.3364428104389843 4.165689969390028 4.608751955121884
2014-03-30 3.007929997529996 2.156242466472212 13.944729098793315 0.0735091367846712 1.359053564346218 5.820020563192373 0.4430843546664834 26.27834163066935 9.881993098974027 1.6434482227450138 4.263788290625184
2014-03-31 4.639114142528835 0.4463723391409886 5.957305957187748 0.9440208245956785 11.545885575966857 7.363954036848501 3.1653737886161966 17.458398736511764 1.3782093305915617 2.3526841146303363 6.282101041731113
2014-04-01 8.996984901582241 0.4268161423438215 3.586219129923062 2.177366679140162 9.283839405410077 2.203055268965661 16.792324275413577 9.368220345736258 0.1324057247918634 0.7670112523143662 0.9970747548377092
2014-04-02 9.029418903285055 5.864504803326011 7.71246833033035 0.03482691943645477 7.183619404644957 1.6816525239566513 3.387590189769644 0.8441268857284034 1.7367380957952157 2.864581932531414 0.863946093402166
2014-04-03 2.5649595827135823 4.731880049514397 9.499399972935699 0.6425348366810213 9.954053490634438 1.4585494675387398 1.679520144213114 0.6811884396904977 0.8431320580410913 0.9860287800693242 1.0198448772697986
2014-04-04 4.686993089692206 9.336989396145103 25.31000751331258 0.27726287262316734 9.509313925813839 1.752061253248524 0.966916920608082 4.372617356219495 2.7963101833605175 0.15444775833990998 0.6732250146777787
2014-04-05 2.109345565386902 7.313916229156349 1.8776397418202815 1.3004273446735342 6.288351472228653 1.5497892517229457 0.8089901580617951 9.067661030996693 4.848710300109419 0.9709516477840686 1.0582076199984365
2014-04-06 4.808185430399753 1.6805495364298162 1.3060460245728618 2.7613434448784506 7.078567698723759 3.317928578075176 3.215150771528748 2.4230737899374115 5.700991254861966 2.2506924963289903 3.329935306818913
2014-04-07 8.439610340009095 14.340631945625377 7.176314676792165 3.359124839779457 3.6476207575417234 8.104135200624478 2.4933242161569655 2.4872239980900357 4.850835371911609 4.9695353224843135 1.6989214621837998
2014-04-08 9.595837434720984 1.1388048908418218 26.465799447446294 8.813927067209235 0.3614724004269154 4.069380413816833 3.553882589001195 3.7621096446416264 4.5186745493255795 11.259567288720111 8.012034140877384
2014-04-09 0.5137563118568346 5.698500859308021 9.856594821957565 3.0792958061488447 1.1792089752758348 10.704344674137843 7.492325386834381 3.6109773482362644 0.44998508198042264 11.516028124162776 10.133035348969818
2014-04-10 0.29360518128336893 1.6517069435731395 12.958485358174123 0.5383895954662425 0.2832869991581345 5.16505414486441 2.7142702784068815 2.9975850146441863 0.8091949057641266 23.402039648156723 7.649381513136283
2014-04-11 1.1364417700559528 3.4053746625758756 19.64698984040981 2.480860221089755 2.6401218230282626 3.134081198321483 3.416653965250627 1.7289339646216244 3.113865930671076 2.8539305842643294 8.251121201513493
2014-04-12 3.672409509120115 10.933839126032616 10.494774627920622 4.762270494311226 1.4186344296468383 21.814636665325857 3.054178635030897 6.53747735710466 3.5513272070895407 2.0669607008013324 12.380220057875649
2014-04-13 7.811060385657979 1.675502457404428 6.5810927948886855 0.9545531724841444 3.7242730463908176 2.9582173006914374 7.728646244567252 11.257628900969419 7.558481220152812 1.7680858217147937 3.746133104382128
2014-04-14 1.3598719014495377 1.4752427325195034 6.0070473743857615 1.2805252436093713 14.33224162168311 2.355495216150098 4.897984316937173 11.380260613276011 6.194206112208372 9.994881200940203 2.3829789479304546
2014-04-15 3.0584474384344373 5.673960205728142 13.82554179092946 5.769834014780488 9.265496737812278 4.651310359616639 16.72876225961878 7.20364096228131 1.040193078041853 13.722171371798751 11.666416312977692
2014-04-16 0.84198690696291 3.6817759764733013 1.6240211149830284 5.5709269011595595 1.4595650934644815 4.41033597849094 20.563032755835806 8.81613683080709 1.0445363319171215 8.166663454506688 3.329186805787719
2014-04-17 1.3284167886428522 3.823586827063833 3.1014047092590853 3.5058066551635694 0.5181268363090412 2.01843169378927 5.798959696083072 2.698791235139331 3.081852522981972 5.013137495243416 6.9108460787661095
2014-04-18 2.681526820992765 0.3233165414932099 10.289583489460131 4.513663758771159 0.5737252731204481 4.335116411901563 5.926469544878353 11.66035088381615 1.3005693880945373 10.939440449950698 0.28809111472806936
2014-04-19 7.956447659886107 1.2470535501632714 8.764839726380824 1.8372699067830065 0.01911965482218679 3.0588448197780513 9.85360650666275 15.770041983128166 3.0984086344092887 5.900326276228389 1.8165853614161047
2014-04-20 15.668833865454486 0.11429782607907421 15.063915312647767 1.8297252148783456 0.377474627030407 5.104422119191098 11.071935308506017 5.814394320628574 2.887590442643626 0.8424553253951959 3.758647001402765
2014-04-21 3.0327144123948244 5.79075790128628 16.533240271865246 9.597416766420881 1.1033379667893246 0.3578049286998974 2.7185946473317353 11.552176755775719 12.474696896430958 12.498105558992378 5.35016344824298
2014-04-22 6.558335260579556 2.3746315089898973 11.644689275248183 2.5909236625062633 0.5401529969505794 0.01606220247353979 9.464863587654271 12.112646428859456 12.313795080907045 16.778961598517206 6.460419321594022
