2014-02-01 0.3195025586240305 1.2154558450656272 0.09218097584336643 0.6654302002027453 0.21576554038400764 0.17580702550322463 0.19815588056668107 0.12979750745429777 0.7856887205612255 0.41663932218819144 0.12576135886591228
2014-02-02 1.508291695004906 0.13865706572119918 2.4917794594174776 1.4915828385742658 3.5400681826831817 1.1154875516272669 2.0347407094275516 2.292708481719905 0.16627010416508836 0.6625128302988291 2.6062308927245734
2014-02-03 0.3683995584661555 0.14206874830808947 1.674570544057866 0.42711605156424837 1.0365475780958917 0.22638828551383933 2.773481706945802 2.658467646531858 0.5525760928159426 14.66631130130295 1.8522191699426984
2014-02-04 3.8338133121410367 6.031405721116769 1.6944934757666763 4.370324024747282 0.43688308285133814 13.50381047399199 0.29673825073713284 2.178719557242395 1.2360707795581787 2.1552219112510684 4.244908870306795
2014-02-05 1.9136282290341124 1.1998767088410656 0.7840850673017508 0.7424595526792357 0.21439602041864733 2.0396821082999548 0.4860627214462025 1.0303249558331748 0.5571064680188833 0.4240134586476598 0.24405572834134737
2014-02-06 1.00954689799157 0.21280376349531818 1.0279175751730094 0.7866960712040991 0.09515590873627519 4.018043940872822 4.563403278234038 4.01129482716941 1.6251657675229085 0.1075577753123258 0.4115190064766764
2014-02-07 1.532188350336417 4.319781411754169 3.0222934750736816 0.6312653723100807 1.6774730484053797 0.48139494160041435 1.03719694389356 0.9720446109711596 0.8972914891402064 0.013132181684125405 1.440940987656821
2014-02-08 1.4966760999698192 0.6979266174562 2.6559456292030905 0.12453800294200393 0.8180673070399328 3.5865433349519478 5.893983713829873 3.217817030860369 0.2656438462687012 0.03384251417617789 0.8107227677404989
2014-02-09 6.702432355576187 2.202440210750246 0.9382921409582226 1.053335036418344 11.475418804224315 16.5836777118189 9.724368528294693 9.078420002399138 0.6367219043891886 1.3816734231776024 2.0323619749740063
2014-02-10 3.2957381744405714 3.522104478492385 0.654017653865879 0.5445499065361648 8.574725262614693 5.69835671268222 10.044549492045938 1.6791672409856295 5.012611497550552 2.2246994837235725 6.7174176379039805
2014-02-11 2.485389012967515 10.571879434896513 0.10070593363099133 3.464283148863372 0.5856315501040749 0.993652578543656 0.5002831207779685 2.446737715948353 23.50384746904703 2.2581860774304534 27.169679170654973
2014-02-12 1.9492786413317793 6.690615558039173 2.332644340932016 10.112877484508921 0.7645450497125653 4.0273024794869805 1.477670743512383 1.0946035286429967 39.9081762725327 1.9635344377205706 0.3773400804015746
2014-02-13 7.076950781385457 3.9362226344199147 7.311868695914342 3.966442495274073 0.7725532507985214 9.98138200765319 0.5767981038540393 4.701304761264922 5.467187738129767 0.03666061910791184 0.3429216671960983
2014-02-14 3.6233443495597566 4.69333915474137 24.81362655387398 7.177274653494306 4.842903341107693 32.58898298118477 0.05084411129455763 6.7659010072937775 4.5705422895727565 3.8003892915604927 0.6785651140457273
2014-02-15 5.604440155376073 11.451593886534676 26.979089735383724 5.36134020506118 6.717170016388088 12.718882745213783 0.5694114339895736 17.480455779822243 12.719053995066467 3.3001015442028896 0.561390213895949
2014-02-16 0.12407664886168396 11.868788112159343 10.953947794602362 12.50625242983621 11.546998454565365 7.666212469034489 10.528224805704594 33.46707461017557 0.18145606649428325 2.6710583087956925 0.46787822848422933
2014-02-17 1.5868191550165678 9.701267040651162 17.07985279438961 12.02164479343405 16.5473613317569 1.3515139417703768 7.8933246177818335 4.280821295722159 17.031419606566907 10.064523885995666 9.963526092603672
2014-02-18 1.7440764494033345 13.191214792097268 10.439069793399012 2.6952828282384984 18.447129844547646 4.111438563448351 6.864014483610399 5.805778304440716 3.611902244147225 28.438739205778674 14.638950499324629
2014-02-19 1.5928333886602883 1.2917690104599773 11.31382280611965 2.6532288839097777 2.6516923706295454 0.4183568159139978 5.7805907608095755 14.421902250586484 0.37020693057981335 15.069135379598972 6.893752658255753
2014-02-20 2.423605902599409 0.10096347185892383 4.451267596077805 0.8405708326440656 0.004713952962039656 0.3983445243457087 5.979607150650062 11.478069737062787 0.3841239653112733 15.97729377032473 1.5207879126401953
2014-02-21 0.39753618423989023 4.310328999898431 11.399630423754209 0.24514916572442158 0.022434693951104562 1.096571161821164 13.355191947832829 4.061412775628032 0.03806224052366218 11.345657944874487 0.10895493711444948
2014-02-22 0.12460675452091174 4.063828784245153 3.499529348318337 1.7931400031039577 0.1321627531929976 0.36449294051848447 9.733036822249344 2.8669834705714203 0.06377185230340918 0.19635724195552368 1.6225096787719413
2014-02-23 0.04949808624838831 7.484102428288009 0.5429765307362067 0.11297510872710166 0.08931897632209305 1.6279346141471094 1.7688849599581662 4.761534634887461 0.1689760467380652 1.9972278472195364 6.093272798472451
2014-02-24 0.07459283826712385 1.1116217404413449 2.0543951783783214 0.0834004122734175 2.0501762685068576 4.100713769198283 0.10683331838563019 1.51931660047787 0.008859558266901407 0.9321208085476829 32.71255632632015
2014-02-25 5.426454499586412 12.78277348371347 1.2274822309044295 0.08346836825629964 0.5337808232725587 3.436850601424925 0.7458298146066991 2.5427532737226484 0.0 6.873691488269471 24.641973758431043
2014-02-26 7.338654506768403 5.331036796089299 4.698495531158828 0.2809966007932637 0.2725553639403637 3.644822417576624 2.4405256129220687 1.4374966439806527 0.88430510270075 10.27962198497394 3.569381734305505
2014-02-27 5.395014767219752 3.3583594627107223 0.17282884531198683 1.1865099344862753 0.369273599880793 10.11694471229798 1.3258600924053197 0.9629287789868652 0.4481746988638969 3.351678137558191 5.1797451930897065
2014-02-28 9.015535399518168 1.7726747113217451 0.5007510116699911 1.4940008983927553 0.028504521539458122 2.7440307879260373 0.08809342132843045 0.97079699654507 0.4995759742485176 6.115581456108361 12.413598976333516
2014-03-01 5.465331826047337 10.07470431063196 0.7065500870580379 0.7873057970350162 0.0 3.443360916834181 0.5820234425676544 0.9113798821648007 0.7664881560151524 3.8527727099784492 11.2945050243537
2014-03-02 0.40107266108960726 3.5590491956524026 1.3485449667717788 1.3222295477117125 0.3560747117963987 0.8966538249247913 0.2929103124939225 0.9901597123947065 0.6117373256368451 0.024268391889425436 14.337415228246176
2014-03-03 1.2049249674820242 19.453310136936732 9.4883705087624 0.016312275382618917 0.1448819672993817 0.28863799516630617 0.8364447351007649 1.0802410644950147 0.49692147846064205 0.0 14.927128776389502
2014-03-04 0.842203616717824 4.8905058993487645 9.728230833101357 18.7247678823087 0.1095442679250099 0.06072902993569008 0.8468132968084205 0.6961742437479772 2.7922370586743503 0.11534694510721683 3.1987240351855926
2014-03-05 0.8553179686401476 0.2436453823641862 2.432667148566397 37.63144154135173 0.32467165618822635 0.5595774469157688 1.068343664357264 0.10147218430602328 17.51307034573732 0.07063035187937092 0.956792040111212
2014-03-06 0.431137881699326 2.398806646300673 0.9267941083002931 14.105183505087801 5.760072263396874 0.48625648673908317 3.0883295422586623 0.19785906706550516 5.282702031723179 0.45135464415084725 3.737695879115706
2014-03-07 0.2933071169701443 0.4999888881739465 1.3053171464379567 3.9614368539401035 6.478995287588006 0.8579478203868781 4.617700418162649 0.02495771362518626 5.506950727055792 0.897006631407832 7.5757116830614315
2014-03-08 0.2792114913703845 6.735324989812303 0.7731107668360087 4.066241597964128 2.5704525279770403 0.06636232138784645 13.531837619007224 0.6368116160722253 0.868478517767368 2.7518238296472495 3.3512279691576126
2014-03-09 2.5128506185670236 2.682221570975445 0.49409775240425 3.06606595152724 0.03725462308988326 0.3453007891953077 7.701296500089054 0.09588731736109388 1.178760535866667 0.17660525660268558 0.4302868922404967
2014-03-10 2.184644495170124 2.3940491201857474 2.4048158994780695 1.9484892165313148 0.265044956346288 0.6687878731685214 1.9489370125930578 1.7560299339422394 0.3717837178886893 0.2911670463689493 0.6653809045332917
2014-03-11 2.9803689087366596 0.8182642543610352 1.6914401523307871 1.2362191785541765 1.143603841174568 2.343386895747553 0.8654541236796292 1.6682230715141646 0.18492830088305479 0.11862194251879644 0.2562084469904505
2014-03-12 1.3611962391325583 14.507296252055262 3.8479464545705895 1.6145564192167967 2.31564690890873 4.5100588901454906 0.13632678677783952 1.5600613820276454 0.12699645989656222 3.498845109390444 1.0464978855603921
2014-03-13 1.8031331912176207 7.855445384179539 3.023694045740106 2.510248775877114 0.8270652250767854 1.4489923537986282 1.2982182410352845 0.6580237014914485 0.04898475703144324 2.6374047686093096 2.9091445249906775
2014-03-14 2.8248995235351484 0.7407585810068533 7.724543680845953 0.9388762447811911 1.3395198209865442 1.5056701926817362 3.620681876370054 0.9930821431201405 0.46351619036438674 5.690038772579564 4.323572971431229
2014-03-15 6.295056843458023 0.10421073490191679 8.024597330061196 1.1084661180140631 2.4909448721992735 4.059405185483687 15.659402164760039 18.613234018447002 5.51472517037077 12.616686696447312 3.621123485593822
2014-03-16 14.525999769472536 0.08684744282027332 1.6647003578914852 0.35891561208991624 4.21289488743686 2.81493419875867 5.443203852910563 11.933404419773895 6.991743214994014 1.4483002376847525 4.863972952481051
2014-03-17 5.966248961485 2.3473772855272905 4.685780507409029 1.6331486597268894 0.4542113730541197 2.368253949357437 7.068665214352585 2.38279294780647 14.721762850485081 1.5672682434486256 0.3554153906698249
2014-03-18 2.308941403616226 4.621228356755239 1.070959526022289 1.2720681818664654 0.44252927596967984 3.2463452174964385 9.541643794951417 2.2728748380750767 6.202086941392192 5.153794316476317 0.9906238495874173
