2017-03-15 29.061541826601797 41.26321147951134 31.728508896070235 31.872174571804678 30.809780771868674 32.59884516878614 39.41525534198407 44.40262859285178 29.46523185068233 30.412021077511305 34.80174974422889
2017-03-16 25.890890360501395 37.136554961076335 28.266887904013323 28.394879470365904 27.448394195842674 29.042269373726967 35.11500045934777 39.57304885856785 26.250537285480785 27.094030594011798 33.28828041403451
2017-03-17 23.16587980652857 33.08490921097117 25.18293419950213 25.29696172189842 117.1079930567211 31.632897923419172 108.28934294947402 42.51673313339166 23.386570018130012 24.138037125460244 29.656486349959504
2017-03-18 20.638452624229473 29.475303205843723 22.48352206272529 22.53703077088453 104.33136089822057 28.805029892337267 96.53243801350663 37.87810304805352 20.83506525085132 21.504546333496453 26.420925673725392
2017-03-19 18.386770987326152 26.259509842884004 20.030540984962002 20.078211824470408 92.9486756860618 25.662364207077417 86.0006252851948 33.745553451098566 18.60149740690131 19.15837276270152 23.538368814803132
2017-03-20 16.380750703348852 23.39456365801898 17.883901584610037 17.887653176970893 82.80785602155458 25.81413505181555 76.6178468258477 30.06387031252001 16.572050195299223 17.06816973594558 21.620141176328765
2017-03-21 28.541179971538487 20.842186774381677 15.97237755236572 15.936087285902333 81.8629447440816 22.997779827564074 68.25874152382058 27.396036478889865 19.061418215017643 15.206010538755649 19.261356060004463
2017-03-22 26.07330291886817 28.471055237241853 23.003491403289544 21.772689938848472 73.08428389465719 20.67882507413298 66.50097712498142 24.819918195831423 85.16583257766018 15.573674683079815 28.86709511389672
2017-03-23 27.19882601848194 37.12586816288437 48.160578901418 35.03419678519157 73.04845983798023 18.742008610648693 71.0186216520576 28.26374057377566 75.8823923372181 14.554306282282795 34.23697071213043
2017-03-24 25.132499633214227 36.51557580062463 69.05579724516396 37.23381438594993 95.6610683417329 22.208576770096485 94.73552345280906 28.371550575942543 71.34107100306312 12.966412810307629 68.71831318022892
2017-03-25 34.017081125111645 32.57618296362218 316.3631580962714 34.79219643943911 99.14998881867328 21.574201780161644 84.90616424282096 32.79718321988392 64.7745630782879 14.469982176297469 62.23933429078454
2017-03-26 146.87117010677264 37.640574946148654 281.8475320147977 45.38268409066363 110.04476135583228 41.223521272715764 78.45044235729009 72.80529025349536 57.76174340993309 27.774758520774665 69.16011427248135
2017-03-27 155.80400656010178 38.589916056144226 251.09760498300153 42.80953691183703 98.03873682997055 57.971345411510825 69.89139853365232 71.44018862001114 51.45986316146057 50.01173213088768 69.3379029968443
2017-03-28 138.8055897255237 34.37970674756219 223.70253440746535 38.13896155893715 87.34258496991882 56.529577342937664 62.66539511352689 63.64597246527198 45.845526126222495 47.21095043987684 102.80104292604878
2017-03-29 123.6617219571829 30.628836671443924 202.83700993014924 33.97795196406078 77.91829227326441 52.206402024286795 56.16747275028283 56.70211528410614 40.84372045832105 42.060175229073366 94.19997668857093
2017-03-30 111.38862277304791 27.28719132871921 180.70723213818926 30.532543981736048 69.41730670593557 47.201191269806046 50.03952947440942 55.60871404578625 36.387618200400574 37.471356196339514 87.6281901169061
2017-03-31 102.91195538506095 24.31012377640613 160.9918414706015 27.235391619998797 62.92478172374045 42.051480796967176 44.58015266509707 62.51978780593238 32.44856755196713 33.38318320229893 79.36198401613548
2017-04-01 91.68412913386658 21.657858110233203 143.42742519721162 24.77612410605918 99.59662425375849 37.46361033792115 41.43122007015718 55.721960086956535 28.90838723753772 34.00928291459324 70.71972927063594
2017-04-02 81.68127311917507 19.294958028072106 127.92155642990396 22.452742282727407 88.73050487877846 33.79385080460224 38.716460491887034 49.64262281373673 25.7544451334269 30.29882655348326 63.0041161544414
2017-04-03 72.76974151794401 17.189853373781087 116.97481809905972 20.003119318417244 79.04989305644887 30.122453432203955 34.492445023153245 44.226549029882406 22.944602155785724 30.739050550774184 63.016798718558555
2017-04-04 64.83046943774015 15.31441833572196 104.21271549915167 17.82075335958618 70.42544839312119 26.836055149992568 30.729275056653353 41.54393074731945 20.57755050221126 27.38538073253581 56.1415851996716
2017-04-05 59.510927118780955 13.6435956643596 97.22866855239576 15.876486324350472 62.74194169789028 23.90820713307183 31.275605630157745 54.91790485065476 18.332513364888104 24.397600590401293 50.01646628875406
2017-04-06 58.72201325564708 12.15506188820306 93.15090623229983 14.14434131493646 55.896715432286356 21.299791087887407 27.863396964970313 72.85729421979843 16.33241265706945 21.735791091688498 44.55960570256049
2017-04-07 74.14282251223231 10.828929055116598 84.63468599054343 12.770280086624838 88.93906103850937 18.975956576855914 24.823464639127472 80.86824864424668 14.550525500322227 19.36438842135149 39.69809560125009
2017-04-08 78.26464102808865 68.70830478289236 169.77860893119492 11.54836992981893 79.23569547181339 16.905655389807677 22.115192826800705 72.0454190554136 12.96304451650539 17.67771359624288 35.36698248376635
2017-04-09 69.72586836763799 61.539972299426225 151.25554506445155 10.288427967086124 70.59097952679683 15.06586361368892 19.702396940823174 64.80042425197188 11.715574712352495 15.749052382544827 31.508399359279274
2017-04-10 62.11868674995072 54.82588243595082 134.7533712095382 9.275479438300003 62.889413172694226 13.422158581112638 17.55284017887151 57.730614901031906 21.122817091838407 14.030810579534243 28.88871361228871
2017-04-11 55.34145839809238 48.925750457514624 120.05160567566685 8.343543384157167 56.02809758015145 11.957783874589605 15.63780281507887 51.432130812782894 114.32214471639006 12.869762697855665 41.78349257377134
2017-04-12 49.3036343468774 73.44418244654118 106.95382160714108 7.433252105693929 49.915360313998775 10.653174325671099 13.931698482485157 45.82081941233452 101.84945218288627 11.564940463530949 54.36406226732275
2017-04-13 43.92454463929309 65.5663719137265 95.28502257001253 6.622274772576699 44.469530519254675 9.490899350865954 12.41173231956373 41.81291634969082 90.73754639302916 10.303190634329065 76.49777275323595
2017-04-14 39.13232051404432 58.41299669105167 84.88930446559746 5.8997761060616885 41.00242106523594 8.846453613377143 11.057596413400349 39.23423900137974 80.83796376874925 9.179099328879312 68.15176768644888
2017-04-15 34.86293418381899 56.078864973757156 75.62777253222578 5.25610297020536 67.86746515020548 18.26496652820082 9.851198470411582 34.95373323354091 72.0184382986539 8.17764782578143 60.71632247085549
2017-04-16 31.05934337497536 59.36513155351433 71.36314643307591 4.973793136604172 65.95013784088256 16.39836712918655 8.776420089435751 47.28121674616549 64.16113436273987 7.285455965391807 54.092093859480634
2017-04-17 33.45784959341864 52.88831960325852 67.7500400783097 4.431145929695875 76.83734876687926 14.609284254986973 7.818901407539432 42.12277539127438 57.16107235819503 6.490603380635449 48.21438589122711
2017-04-18 38.11581401393121 47.352563376032656 99.1879459991123 3.947702228658837 71.59724063980589 13.015392615715733 6.965849241242574 37.52712660059977 50.924726091443134 6.203478390077499 48.52078278060045
2017-04-19 34.734100518274104 42.18633801236666 108.92071222733806 4.121527053012359 66.48632375383443 11.595396597434386 6.205866159781865 33.43286898396457 45.36877319651458 13.15037966305117 43.227103182402786
2017-04-20 30.9445656274881 39.491228723874165 97.26668752630636 3.6718631683094403 62.002549005124315 10.330323964983144 5.528798206700173 50.41953070223046 60.10564119522862 11.715826126109587 38.51097081412283
2017-04-21 27.67887363234039 35.182685047886444 87.96770188547953 3.2712581898336053 55.39551383894106 9.20327237837791 19.358498180553525 53.05940652102356 53.54803869383234 10.437614477706129 34.45665764127502
2017-04-22 25.470385742427975 31.34420900989731 79.03833883019492 2.9143597280288454 49.351792269838015 8.199183564593273 19.031005812877062 47.27055725486706 47.70587903126452 9.298857358631437 31.145058045142196
2017-04-23 22.691535304317426 28.277591293676096 70.41515474776247 2.596399345900726 43.967448471127 7.304642127493484 16.954698683613522 42.11327886414058 42.50110647671165 8.284340100974607 27.747092288823648
2017-04-24 20.215859715252652 35.04962940687728 62.7327711024352 2.313128849043373 39.170543482828464 6.507696307857866 15.104919323686984 37.51866615674949 37.86418127964848 7.380507976596887 24.71984895223468
2017-04-25 18.01028350642351 33.25540488816012 58.35409498579709 2.0607635265061797 34.896986977712295 5.797698298717191 13.456953263085971 33.42533158538345 33.74840647004135 6.575285095574715 22.022881744168682
2017-04-26 16.364130623766975 29.668410941267346 52.319697868637704 1.8359315841547201 31.089680965404 5.165161982491571 11.98878241215775 29.77858506283391 30.08373974368495 5.8579130630547915 19.62015711563616
2017-04-27 15.558206549860387 27.329647397474286 46.611551764659175 1.6356290949168026 27.697756919470525 4.6016361891889535 10.71365373777747 26.52970326051178 26.8015651745165 5.2188072388530635 17.47957282403231
2017-04-28 13.860786271833252 26.61351209428077 45.941738925303135 1.4571798640144227 24.675896134919004 4.099591782296635 9.544780381585403 64.9210485577954 23.87748005813151 4.649428679315718 18.352404262772147
2017-04-29 12.348556721993454 24.042007996207833 40.9294363176907 1.298199672950363 21.983724235563493 31.21432986928052 9.056739126736238 57.838078940466644 21.272416376210877 4.1421700504873025 28.67258293598439
