2017-03-01 18.893963445564886 18.893963445564886 19.07327343776419 18.893963445564886 19.88510704473898 18.893963445564886 18.893963445564886 18.893963445564886 18.893963445564886 18.91074201676936 18.893963445564886
2017-03-02 22.186298391361902 49.96912395422456 33.91903216792059 17.071400496696363 28.640519865268296 16.83260781424418 16.83260781424418 34.757529856052116 17.767547163988738 16.878344707000426 16.8725283263217
2017-03-03 23.87517433802465 77.66716536506944 38.63753051628261 15.249063532444463 31.43512538379966 15.375621527243242 22.17130724830029 35.4943047398016 40.062731539123156 15.27748169116985 24.569901672754373
2017-03-04 76.75281834871883 119.07142319660703 227.31398417490985 16.167173535704144 29.277415000397113 13.698900256477708 35.43089911066497 137.015279068128 37.6398899196534 17.698300113775247 22.42050754268731
2017-03-05 68.37898748053192 106.08057829300306 202.53410921355965 14.40331417891124 26.083211494316526 18.72599405474776 31.565342600251107 122.06673648743609 33.53332968036269 15.767392884625389 20.031132252540157
2017-03-06 60.918752294140205 97.51209339312639 326.5618481026946 12.831894138964598 23.237499685269956 16.68296409927839 35.5052695461647 108.7490990642314 29.874800427212516 17.149522031741526 17.94721508587574
2017-03-07 54.27243832955836 86.87339900711734 291.08102060169585 11.431918039716093 20.70225868239354 14.862831330828419 31.631694595366994 96.88846298780764 26.615421405302094 15.27848719479803 16.302295442526766
2017-03-08 52.33082563191038 101.40527771366732 259.3237081290325 21.72253541788655 41.12130918467089 13.408813126008946 28.367808479498123 86.31780747842554 23.71164481274858 13.611584656969152 20.014961955608715
2017-03-09 56.33986776271074 104.34107769740218 231.03115915555458 19.927360020480346 52.983649998231556 28.771476648219984 53.783680241937915 81.53909942170307 21.124673968676735 19.989355884428402 52.45451875788692
2017-03-10 61.51823036574041 93.70708871527454 205.8253635421603 17.76113869285233 56.1782263993154 781.0218161746371 95.9710018345249 93.31571838057089 18.819944959826692 26.407568221736256 75.11488104064475
2017-03-11 59.84070202256465 83.48352521710113 183.3695525404799 15.823375694174924 204.60014546653315 730.9263266638301 107.96331350546946 83.64228819726537 16.76666484018134 24.727371803613444 192.10630114985094
2017-03-12 53.31200472452085 75.6995518638358 163.36369930428108 14.131892567796038 332.9037604873999 651.7140109675306 115.01033567292593 84.41918626634033 14.937400213606253 22.163816438841934 183.03147459943992
2017-03-13 47.49559667056733 67.49086461239648 147.80727528344772 13.379237090881873 333.1745537655302 580.6111769650719 110.07515410288342 76.75128345569229 15.300749911755165 19.912772293359 170.72711508124394
2017-03-14 42.31376619111901 60.1275247693672 131.70775268259612 12.729094065677968 297.22791671238167 518.7766130750483 98.06581368935913 68.39219418521776 29.78555148780607 17.740263310773997 155.60557149856254
2017-03-15 37.69728005935795 53.567534741980744 117.40486532092783 11.3403335862003 273.16375559029694 462.1774195897474 87.36670770923938 61.66132254319796 38.718842430244436 15.80477784304065 160.90813201620597
2017-03-16 33.58445848225937 47.72324803556873 104.59584401785379 12.206936391819692 243.3612396977965 411.75327066591564 77.83488790630307 55.44043840976744 34.49456708898254 14.08045632085775 143.41009307316793
2017-03-17 29.920351011282314 43.03891097038714 93.1843033583128 10.875143983892823 248.07642333697305 366.8304610263564 69.3430018623224 51.91530704017602 35.963319479238066 12.544260487083207 128.5921074635059
2017-03-18 27.341550853372084 43.47649677343607 91.06427732952451 9.688651834841739 239.3114702909099 394.6980683474128 61.77759147114619 46.251280493954944 37.20873363954807 11.175665587960935 114.56254370220215
2017-03-19 30.249543830228713 42.95380332236564 81.12904794124975 8.655544871297613 213.81291436262066 355.07393484506923 55.037577051441694 41.20520650441374 33.149213103098695 9.9563861466795 102.10225281684308
2017-03-20 33.4342124460563 38.26748831914779 72.27776481480552 11.265050469820983 190.4856513275089 583.6850221076717 49.03290684467955 36.70966565549017 29.532591460911565 10.284351942860186 95.91791663667915
2017-03-21 33.06309418701064 34.092456289979175 64.39216802355917 18.16324626625396 169.70342259180526 520.989379103244 43.68335385461969 32.70459407583663 26.31057638122542 10.809248523585728 85.45314897830939
2017-03-22 30.032816074987792 58.42831795046992 57.36689995046619 16.181612815872956 263.7098244002612 464.2252446331083 38.91744395315152 29.136480939462988 26.283572968109436 9.629945653722881 76.13627912959296
2017-03-23 28.931714361309368 151.19725376163038 51.10974240585351 14.416178115104502 288.32890927199736 413.57767537202153 41.5987905124612 25.957653520088 23.416001465436764 8.633263157479218 69.3640620329521
2017-03-24 32.09357906748269 135.48840288783566 45.53360399385783 12.843354603229415 309.74230917932397 369.18147702283517 37.06030914374019 24.69610422582289 20.86128568952992 9.433560491468711 61.90254685187793
2017-03-25 28.60540336232633 125.16790737722869 40.56582943043777 11.45428514436333 312.39372727458016 341.92105729599496 51.514209693397895 57.10497646997682 21.71966499922012 10.290688018291364 55.14889963996035
2017-03-26 29.677726259606615 159.3738381730193 37.96366643382342 10.204607952327223 409.25287482092057 535.7104727355726 49.383728128574184 51.96297964173776 21.947006983988445 9.167960764277924 49.1320839960909
2017-03-27 27.82827146975886 152.84399194989112 42.47590438660094 9.091272143853034 364.6028615732068 561.537981589633 43.99590008673776 46.380637949389154 25.626642767645215 8.167724492856127 45.79727647198032
2017-03-28 24.792171380469533 136.16851650361033 37.841728769874386 17.229129630042802 324.8242220058695 500.2741625313385 39.19589099070511 50.251994925501855 22.830743191935518 7.276615280808977 81.75730493324569
2017-03-29 22.08731370277592 121.31235680413809 37.51468437308237 17.669556900722462 289.38548300596204 446.00377941635395 34.91956903998765 120.31451239803187 21.318304980527287 6.6628607129468715 172.88625242771192
2017-03-30 19.89312545570425 108.07702317139008 34.84524710384702 15.741785592961426 257.868318616565 397.34419536777636 31.109799295738075 107.18804486908655 18.992450580076568 5.935934068311996 154.02414067193573
2017-03-31 31.603681856504174 96.28568140381518 36.86864247724723 14.024336606009394 243.2875418852884 353.99343431365656 30.122808132120255 95.51312207926428 16.920349876133958 5.288316052424726 137.2199094872948
2017-04-01 32.18918942849632 85.97508069178006 53.83660431957216 12.494263505062403 409.8610598764105 315.372296860133 26.83637115169332 93.58421798436713 15.078883305698715 4.711353992226168 122.24904438798123
2017-04-02 28.67730759982393 77.24238863806927 47.965496354799946 11.131123340767719 397.5673682767488 280.96477500966705 23.90848865858196 84.12593105265037 13.43375780803475 4.1973392323796626 108.91151693913389
2017-04-03 25.54857658039935 77.42131182334509 42.73239921745638 10.04599155364637 354.19225877218366 250.3111578987012 21.307210441800482 78.32584145710145 11.968117610985932 3.907597556577783 97.02913083179425
2017-04-04 22.761194125788073 68.97454746016163 38.07023968589313 29.930772439140934 315.5494293153697 223.00188970817695 18.9825664697465 134.2205971023548 10.662380638180185 3.4882343252520163 99.32773996196944
2017-04-05 20.277918670008017 61.44933591656799 34.597681703811084 26.665286798980855 281.2052194344774 198.67209768388818 17.925318105136583 134.50218555217614 9.4991012428791 3.1076634889401524 88.8386374734456
2017-04-06 18.065571749664194 54.745134598645535 36.41416490414276 23.756069828056553 272.46173653228703 176.99671715682823 15.969642922123999 119.82782469550777 8.462737120766294 2.770392939280806 79.2638932779805
2017-04-07 16.09459471424816 48.77237023835365 47.836013893723084 21.164252157867967 262.3290501048193 157.68614843006648 14.227334408479212 106.75445541877316 7.539441652849357 2.468139518350317 98.35922618123384
2017-04-08 14.338653799911965 43.45124212601531 42.64719997583388 18.855205117843486 233.71027021335365 140.48238750483347 12.675113987068073 97.93782929747773 6.716878904017372 2.1988623330898123 90.7295775750815
2017-04-09 12.774288290199674 38.71065591167254 37.99433579074511 16.798078069759924 208.31514443675513 125.16585976510167 11.292242803361631 89.0463073492063 31.379974637260446 1.958963633916789 86.81934745299206
2017-04-10 11.380597062894036 34.48833478983372 35.99178295876564 14.965386219570462 186.18958427838297 111.56370781250106 10.060244638444349 79.33124107253856 43.30456764022045 1.7452381903400083 77.3632299905269
2017-04-11 10.138959335004008 30.725613255057734 41.12041914958957 13.332643399490422 174.9190397882352 99.39196428114055 8.962659052568291 72.03553574927744 38.856248344881855 1.5548304666234785 68.92280242975667
2017-04-12 12.09625116087137 27.373409463006755 37.07871351969368 11.878034914028271 175.8775530159946 88.5481735715185 7.984821461061999 127.1189938061161 35.14157670483114 1.3851964696404029 61.403236335310076
2017-04-13 22.426173500170876 24.38693540172335 33.71992692543963 10.582126078933982 232.84470830092863 84.12150915301181 7.113667204239606 135.1383620286055 31.307585639764465 1.2340697591751584 54.82531357889466
2017-04-14 20.29374583622722 21.80516621620295 47.072328175739486 9.42760255892174 207.45464785179973 74.9437451388225 6.337556993534037 120.39459350286975 27.891887914535058 1.099431166544906 48.880008149819155
2017-04-15 18.462341413005262 27.21881855969373 41.93667683164768 8.39903903487996 184.82107984342386 67.23727052992744 5.646121401680816 107.25938902273387 34.490816447984365 1.1073191810295644 43.547136603363214
