2017-04-05 20.55850431270083 20.55850431270083 20.55850431270083 20.55850431270083 20.55850431270083 20.55850431270083 20.55850431270083 20.55850431270083 20.55850431270083 20.55850431270083 20.55850431270083
2017-04-06 18.315545139067805 18.315545139067805 24.220944856738956 18.315545139067805 18.315545139067805 18.315545139067805 18.315545139067805 20.729181716623952 18.315545139067805 18.315545139067805 18.315545139067805
2017-04-07 16.31729568643703 16.31729568643703 21.578408725016576 16.31729568643703 16.354646562079946 16.31729568643703 16.31729568643703 32.39426665679907 16.31729568643703 16.31729568643703 16.31729568643703
2017-04-08 14.537057810563637 14.537057810563637 24.4391885450318 14.537057810563637 14.57033365779533 14.537057810563637 14.537057810563637 40.13277005055364 14.548074513143368 14.537057810563637 14.537057810563637
2017-04-09 12.951046168963153 12.951046168963153 27.186935221367207 13.212015737195673 12.9806915786069 12.951046168963153 12.951046168963153 35.75423339345924 12.960860935169567 27.306863228464692 12.951046168963153
2017-04-10 11.538070430505623 11.538070430505623 24.22080573888049 11.770567884317613 11.564481487955987 16.899347511584914 11.538070430505623 33.83694384828465 12.201256992549137 96.9265093571691 11.538070430505623
2017-04-11 10.279273593157601 11.156397321705866 21.5782847850948 10.486383839922405 13.843155360345614 16.67805627997463 12.477717488179144 30.145289900223432 10.870084214362876 86.61666615617928 11.026085508380113
2017-04-12 9.705121682560598 36.42880533349894 42.0489042784769 11.290749897727137 30.292514218284047 23.260497504033687 54.830664134357804 61.64433389821419 18.03128020482419 86.0096594423395 133.87415606590977
2017-04-13 18.1664467839431 101.18353571158954 38.24603186452003 12.435408079422265 43.52907719899887 217.09556188106228 229.93244206242167 65.9689101063954 115.09563199158609 145.22888299651757 122.38111411431386
2017-04-14 49.10487302667635 101.95508967578185 34.083166672451256 19.806763358370755 54.55239208687195 225.00131374944198 279.24586442459196 73.50331601805438 103.07907196866915 235.29444694845975 118.02030588902336
2017-04-15 81.90707715114384 91.03784657009682 75.4430417412927 37.986978565261424 48.86907005217946 206.16509440026317 248.77978266185994 100.33177106072202 97.6530334509373 234.16142549533413 105.70399095860648
2017-04-16 93.7437459693863 102.0982897324651 107.22922868834172 33.84255050981594 43.53739186619712 200.69389712087903 221.63758947268323 89.38544622674725 106.71230011424254 213.4121006652962 95.19243931127892
2017-04-17 91.24113016801773 90.95923544697413 96.51005424717019 30.912844998677446 38.787406604768655 178.79793568358025 197.4566443529283 81.6549449249915 96.96702727591598 194.0617091561106 84.80682215907044
2017-04-18 81.28660590836283 81.03546626273456 85.9806836164585 28.18347841417945 34.55565082417652 161.1565087318079 175.91387134231667 72.74628576349494 87.69986535521383 172.88932792730225 75.60907302515679
2017-04-19 72.41813300573938 72.19439301737492 76.6153460051692 25.108624791928392 30.785585023764025 143.57412704914006 157.36142388152334 64.80957273616845 78.13169762604034 155.8728529348658 67.36002623789149
2017-04-20 65.55277083186414 64.45632041339782 84.00871191450005 22.369241641395746 27.426838234871795 132.90123128623773 140.1930908207877 57.73876527387555 69.74630127681219 138.86692487254956 60.01096102923715
2017-04-21 60.7382993080813 57.4240532323391 128.44040775496467 19.92872870409097 24.434535026089726 120.90133209824967 124.89784490437192 51.51236983220002 62.136890402541894 123.71636536104519 53.463688255317244
2017-04-22 68.41917250429445 51.197571823921116 114.45967788333688 17.75447885664123 21.768695933098556 107.71084178779009 111.27132992379585 45.959060397533285 55.35767600885132 110.21875131313703 47.63073133371684
2017-04-23 62.07007580056649 45.611851109829274 103.48540474985516 15.817442454631427 19.393703302384324 95.9594508785591 99.1314851948805 40.94486799509683 49.31808259551385 98.19374425990262 42.434157489295224
2017-04-24 55.29815096559838 40.63553968575491 92.19593209717958 14.091739207089722 17.27782541208826 85.49015178115914 88.31611308746706 36.47773041125717 44.889203638531676 87.48068089054755 37.80453651257839
2017-04-25 49.26505181078256 36.20619373380204 82.13723772313104 12.554312395964192 15.392792511882007 76.16306663545771 78.68071194076164 32.49796326405788 41.87687580165611 127.24950031415887 33.68001311894574
2017-04-26 43.89017150734359 32.25605158618503 73.17595979912578 11.184620820697871 13.757460079594498 67.85357843516653 70.09654541039384 28.952393814121002 61.25179722483528 113.36641671388284 30.005480514618572
2017-04-27 39.10169753485204 28.73687501040089 65.19236878373015 9.964364352045482 12.25650354977763 60.45066604912483 62.448922452185954 25.793650536094685 55.56835343235531 100.99799533056176 26.73184412765861
2017-04-28 34.83565221091095 25.601645110125304 58.07979778195745 8.877239428320612 10.91930330137941 53.855420893895044 55.635664961897916 22.979530198766632 49.50577484205468 89.97898457474145 23.815365666858412
2017-04-29 31.035037900283243 22.921135934991728 51.74321739379602 7.908721227315713 9.72799331418449 47.979725439279534 49.56574259744024 20.472433997548407 46.788552415159614 80.16216201720651 21.21707874464761
2017-04-30 27.649075482799187 22.643650662665543 46.09796604858978 7.04586960354486 8.666656773684753 42.745075890579564 44.158056543733515 18.238865205628574 55.25578565667259 71.41636738448747 18.902268256289194
2017-05-01 25.93055386726 20.173199349386376 41.06861886156551 6.277156197982095 7.721113410238035 38.081533317728855 39.34035597038082 16.248981632028933 49.22730861136696 63.624750157079426 16.84000655947287
2017-05-02 30.939744666665497 17.972277441157846 36.58797989956288 5.592310410348935 6.878730039797249 33.92678921758326 35.0482727051969 14.476196907060496 43.856546139365705 56.6832083569414 15.002740257309283
2017-05-03 27.564178863121686 16.011478934390063 32.596184391865066 4.982182176022741 13.403801619537742 30.225333024562406 31.22446122609296 12.89682526804734 39.07174073762355 51.56884071744976 13.365922063829302
2017-05-04 24.55689161574614 14.264606058179151 29.039898890978723 4.438619714160305 11.941429681053576 26.927710446947515 27.817832480948947 11.48976509938331 34.808963738660495 45.942614091159314 11.907682833429204
2017-05-05 21.877703261979484 12.708319252008724 25.871608696898004 3.954360613657854 10.638604395613632 23.99000297240216 24.78287129872011 10.236216998774204 31.011261174566194 40.93021600183013 10.608539372323802
2017-05-06 19.490817791952242 11.321825331332766 23.311636966854326 3.522934801772428 9.477919018854363 22.39209637215567 22.079028271866754 9.119432602814285 27.627892828336297 36.464676969237665 9.451134128144595
2017-05-07 17.36434458635717 10.086599674693185 20.768307491523462 3.1385780989910472 8.443865904535295 20.43752624309096 19.6701779851904 8.124490816014465 24.61365430568348 32.48633396929538 8.42000327973643
2017-05-08 15.469872333332743 8.98613872057892 18.50245852214266 2.7961552051744665 7.5226293104994095 18.207765931929284 21.037461979777632 7.238098453530245 21.928273069682852 28.942033290324215 71.46340572952373
2017-05-09 13.78208943156084 8.005739467195028 16.483816579821692 2.4910910880113692 6.701900809768868 16.221275328955137 18.742247910710017 6.448412634023668 19.535870368811775 25.78442035872487 186.030556462468
2017-05-10 12.27844580787307 7.132303029089573 14.685411061023618 3.603586305162964 6.106438778345711 14.451513397167643 16.697444638720004 5.744882549691654 17.404481869330247 22.971307045579657 165.73438428734673
2017-05-11 10.93885163098974 6.354159626004358 13.0832138896299 3.210430419977766 5.440218480030654 14.484341881082237 14.875732024854933 5.118108499387099 15.505630587283097 20.46510800091506 147.6525505133756
2017-05-12 9.745408895976121 5.66091266566638 12.856954688952294 2.8601683458369433 4.846683670262694 12.904081614962596 13.252770592342454 4.559716301407142 24.426893663847977 18.23233848461883 131.54346798251802
2017-05-13 8.682172293178583 5.04329983734659 11.65364046818699 2.5481203129717076 4.317904269068749 11.496229769548496 11.806876332525878 4.062245408007232 21.761888253272538 16.243166984647686 117.19190700536005
2017-05-14 7.73493616666637 4.493069360289458 10.382213354776171 2.2701171204938544 3.8468153783660477 10.241976365137564 10.518730989888816 3.6190492267651226 19.38763834915381 14.471016645162104 104.40611972749713
2017-05-15 6.891044715780419 4.002869733597512 9.249500569229602 2.0224444326764135 3.4271228895088557 9.124563614924707 9.371123955355008 27.189722182792536 17.272422153029613 12.892210179362431 93.01527823123399
2017-05-16 6.139222903936535 3.566244200166756 8.316272616261998 1.801793152581482 3.053219389172855 8.129062028126402 8.348722319360002 37.10375208311021 15.387978755312881 11.485653522789825 82.86719214367335
2017-05-17 5.469425815494869 3.1771623865039818 9.467148920418467 1.605215209988883 2.720109240015326 7.242170940541117 7.437866012427467 33.05568516903983 13.70913054787902 10.232554000457526 73.8262752566878
2017-05-18 4.872704447988059 2.8305298974600976 9.972195731281417 1.4300841729184717 2.423341835131346 6.452040807481297 6.626385296171227 29.44926754434821 12.213446831923989 9.116169242309411 65.771733991259
2017-05-19 4.341086146589292 2.521715457305107 9.926237830027842 1.2740601564858538 2.158952134534374 5.748114884774248 5.903438166262939 26.236314705431717 10.880944126636265 8.121583492323843 58.595953502680025
2017-05-20 3.8674680833331845 2.2465930684277997 8.843272558727946 1.1350585602469272 1.9234076891830232 5.120988182568781 5.259365494944408 23.37389913979565 9.693819174576904 7.235508322581052 52.20305986374855
