2017-01-18 17.13026535365136 17.13026535365136 17.150234751814352 17.13026535365136 17.13026535365136 17.13026535365136 17.201261028561234 17.13026535365136 17.13026535365136 17.13026535365136 17.13026535365136
2017-01-19 19.43657486369189 15.337700967851827 22.578223078030035 36.5599371428343 15.261331444971864 15.261331444971864 15.324581400742575 18.00844613989278 15.560037305683169 42.801854831093756 25.476438407280067
2017-01-20 17.316019631101845 26.42956866146551 21.080264526336723 32.57120113584245 13.596300621440285 13.596300621440285 14.025990591973438 23.444684849487256 14.920545899971394 38.13211760305031 22.696926319827117
2017-01-21 15.426819692641585 23.546068841501704 18.780380644572652 29.017641340213206 12.112926795091848 12.112926795091848 12.495737039037593 20.88683967961243 13.345021818098424 33.971854692534194 20.220662564059708
2017-01-22 13.743733889156532 31.443560069182112 16.889358963362152 36.30726111920738 10.791390954675096 10.791390954675096 11.133538179934973 18.60805869656949 11.938323595295161 33.45950175151266 18.01456235826914
2017-01-23 16.97742670659946 43.99969924697988 19.919520252425986 50.4218443448292 32.84209751581425 10.195381659069117 38.136884585972815 33.46193713958273 10.635837187793026 45.29265994132207 16.694844929088138
2017-01-24 16.197495930841086 135.48729189984564 18.725787772069804 52.353588856436 47.8396923879743 9.083052451016203 45.1271631823048 30.280600535649782 9.475453716954156 48.62669984753578 14.873415946876364
2017-01-25 14.430328361869686 120.70545467787845 16.682780322305028 46.755169762131914 42.620320624674456 8.092079785411803 40.20373183242526 26.976948201730064 8.441669570232571 47.66547026858801 13.250707201440234
2017-01-26 12.899792613706342 107.53633484506872 14.862667604158426 41.7050707049181 37.98890796307977 7.209223507912727 40.67693923902115 24.119007100296667 7.520672599084505 42.46510636184152 11.805038060216066
2017-01-27 11.492408703827198 107.26935285676078 13.24113151669069 37.21646461171539 33.84426940785909 6.422687981986647 36.874698781186666 21.48759250847204 6.70015757807756 37.83210882345777 10.517093275444411
2017-01-28 10.238572182584528 95.5661289558319 11.796507094947382 33.15610061629254 30.151816231857968 5.721964490167267 32.85162187597033 19.143268621719695 5.969161797647578 33.70457725536435 9.369664917655806
2017-01-29 9.121530833051892 85.13974178438501 10.50949304942204 29.538727537587135 26.862214430565338 5.0976908295345575 29.2674678181331 17.054713476106258 5.317918593896511 30.027364672266135 8.347422464544065
2017-01-30 8.126360126643512 75.85088681850809 9.3628938860349 26.31601449873312 23.931512402601584 4.5415262255080995 26.074349562388406 15.23463748344432 4.737726858477078 26.75134069565441 7.623599977892458
2017-01-31 7.239763819973468 67.58324034072393 8.341390161152512 23.444903583483917 21.320553722637378 4.046039892705901 23.229604601474946 13.572519005333307 4.220834785116285 23.832735134294 12.933018907122038
2017-02-01 6.449896306853169 60.20982218732142 22.041275940480684 22.37287103216183 18.994453981539884 3.604611753956362 20.695224962360957 12.091739783786837 3.7603362995422525 21.254002067993465 11.522009966039795
2017-02-02 6.089226392938312 53.64085340614242 22.922202309524337 34.11388836629218 16.922134703929544 3.211343990993323 18.43734939059333 10.772515473462235 6.466281045152046 18.935163197727498 10.587494698618722
2017-02-03 5.424883987935065 54.68145146458953 20.421360654508756 31.49912965128902 15.07590811592898 2.8609822450836324 20.134432029835466 9.597220226454475 7.507798568474735 16.869312620633558 9.432385455317055
2017-02-04 4.920105436415537 77.6208642670706 18.19336402978341 29.015278353831846 13.431107215282667 7.23024616551393 18.11372743011588 27.75768020961671 6.688688120710016 15.028848989631081 52.12639150807351
2017-02-05 6.627467088441163 173.30832800380264 16.2084446927946 25.849674291913924 12.206623628257626 6.5871034804348545 16.137496548233738 27.103689102880526 5.958943672781067 13.389182299987064 67.58647097964268
2017-02-06 5.904401933609519 187.0332988936576 14.440082599859295 23.0294416910114 10.874865343236296 5.8684420469771785 14.81516136322127 24.146641878630543 5.308815279551139 11.928405348005796 60.21270035939291
2017-02-07 5.26022411403806 190.43161325482083 12.864651078055264 20.51690008200974 9.688403594238018 5.228187497132836 14.527323751808654 21.512212297065783 4.729616727395956 83.48918939123897 53.64341756595148
2017-02-08 4.68632692032741 169.80689957660636 11.461101154762169 18.432069956024907 8.631386342932906 4.657785539392994 12.942374108496034 19.165202359818746 4.213609479732164 98.13850475510803 47.985494735950574
2017-02-09 4.175042646106252 160.860765213415 10.210680327254378 19.840194081918863 7.689691028692956 4.149615166417827 11.53034450295183 17.07425421526273 3.7538992842373675 98.87526217533762 47.39170882838079
2017-02-10 4.255221371162527 211.1407350546285 9.096682014891705 19.34444768304871 6.850735880357822 3.6968868325373525 12.152305250841268 15.507895802285539 3.344344060355008 88.22599742539312 51.15996120152918
2017-02-11 20.837549168110435 191.0117871862053 8.1042223463973 94.58900514919074 6.103311814128813 3.2935517402174264 13.2430584654409 88.26985030977454 14.005218219772258 83.50024492079535 47.080730925999895
2017-02-12 26.70375825624552 217.00530912818456 7.2200412999296475 84.269223437584 5.437432671618147 21.8764849152311 31.978600049933746 126.76466107141601 12.47723095927083 74.39026116434096 41.94693325530355
2017-02-13 25.08019821518205 195.53669057653872 6.475773900158776 75.07534313922541 4.844201797119008 57.11048791104176 28.721644608874552 176.14013828656093 11.115949067555338 66.27418831343643 37.370469067068306
2017-02-14 22.343916440611316 177.4522583007528 8.969383234871195 66.88452696668203 4.315693171466451 70.6360898174565 25.588076364928725 236.301859986781 12.854576858402826 59.04358941423196 33.29604857978143
2017-02-15 22.09319782484679 159.3088620796468 7.990812026456197 59.587339338039975 5.123911468426632 94.57479210882607 22.81299114116064 211.6537056482062 11.452126045387548 52.601858123543764 30.31638791603748
2017-02-16 23.69019246462319 141.9280610151534 7.119004191270232 53.08628423365323 6.263033510103807 90.07422069735067 20.32406456460693 188.56201505163955 10.20963547220975 46.86292797406512 27.39054043985838
2017-02-17 76.88842534088981 126.44427465262049 6.342311708438354 47.29450257459536 12.190717835135084 85.54855552845527 18.106683068009804 168.21013359708746 9.095751154871806 41.75012246039766 24.402197367040955
2017-02-18 75.81621859407396 112.64904220420459 6.229714665261313 42.560087645604156 16.284240988296457 127.27733554410027 16.131220735063323 149.85819239986043 8.572953422728226 37.19513058217047 21.739886354104346
2017-02-19 73.38586452311775 100.35888729946285 86.55500294444823 40.561311787285554 49.41578610139346 113.39121508455673 14.371283874906776 133.50847151186397 19.59747060722827 33.1370941567182 19.368036885388214
2017-02-20 72.383594574793 89.40960404908222 81.16687919640901 37.40480638484164 44.071877402139584 129.48287257938568 12.803358382185376 118.94252613079561 17.653389922768742 35.157504556482394 17.332212890491324
2017-02-21 76.97954934019496 79.65490163676263 72.44997610783538 54.25660917111892 61.91437344936629 251.17060967466642 11.470610691706856 105.96574406229962 15.727382453026257 31.62521030879381 15.44124624667419
2017-02-22 74.8169648659488 70.96444976178664 64.68366983345298 51.06071515888915 70.10804148233225 223.76757419368784 12.764039024415037 94.40474555189002 14.011504867103957 33.199770312217076 13.756586487651358
2017-02-23 66.6543380942246 63.22213732631023 57.626598539236205 45.48992568238333 62.50176825739825 199.35424501052975 11.371466005144626 84.1050667985437 12.482831725320043 29.577632813707883 12.255725267835308
2017-02-24 59.531716570040885 56.32452110210228 51.33946276939347 40.576423477522354 55.707966548123814 184.9768223686736 50.93880883117312 81.81348400696216 11.120938782849185 26.35067515935799 11.087780321581702
2017-02-25 56.73044041268135 50.17944364973141 45.738261571266314 36.36233156538893 49.63015598792842 165.3449900936376 47.16470954456103 76.72133738780319 9.907630106157525 23.501429491554557 9.878089275518818
2017-02-26 51.553717568417206 44.7048020245411 40.7481586038087 32.39515458019899 44.2154423507505 147.3056397253488 42.55550866916065 68.39199421621551 8.826694961384371 20.93789891081741 9.224331241228763
2017-02-27 49.23872900980162 39.827450818381315 36.30248226671241 28.860801689457418 39.39148091229169 131.2344056061559 37.91264812316532 60.970205317922755 13.884598021774647 18.653547300199236 8.651989230953385
2017-02-28 50.6844412290809 38.13059262403606 32.341834916726484 25.712051229640156 35.093819850410306 116.91656373043364 33.77632961423372 56.201949749413494 15.253554336896496 16.618421378517684 7.70804611522039
2017-03-01 45.15796064881835 41.95908082111395 28.813299269618085 23.03252324304898 31.265039119378535 104.16498617534249 30.0912887568064 50.07024498874024 13.589372005825101 14.805330303637415 6.867088403416468
2017-03-02 40.54190312896746 48.90933716507062 25.669731384696725 27.040226478604993 27.853983274061896 92.8004526587188 33.24121422062612 47.92698385346602 12.106754100321798 13.275147138394576 6.117975748965441
2017-03-03 42.91562192223447 44.62664939656863 24.376369588910954 26.16516727151899 24.81507799396419 82.778072238407 29.62718753517883 42.990041887865885 10.935933772200007 43.20681210528879 9.958241501732397
2017-03-04 38.23347255871413 71.87421449073123 22.251438081116877 23.56504349804951 22.107721175375243 74.94635560456953 26.480176260371316 38.81407720053293 12.619092191964121 93.69231525640011 8.871784588825319
