2017-04-19 7.021414394397956 7.021414394397956 7.021414394397956 7.021414394397956 7.021414394397956 7.021414394397956 7.021414394397956 7.021414394397956 7.021414394397956 7.021414394397956 7.021414394397956
2017-04-20 6.255369083501265 6.255369083501265 6.255369083501265 6.255369083501265 6.255369083501265 6.255369083501265 6.255369083501265 6.255369083501265 6.255369083501265 6.255369083501265 6.255369083501265
2017-04-21 5.572900297985986 5.572900297985986 5.572900297985986 5.572900297985986 5.572900297985986 5.572900297985986 5.572900297985986 5.572900297985986 5.572900297985986 5.572900297985986 5.572900297985986
2017-04-22 4.96488973179963 4.96488973179963 4.96488973179963 5.03137734547024 4.96488973179963 4.96488973179963 5.589905060480648 4.96488973179963 4.96488973179963 5.121308761427515 4.96488973179963
2017-04-23 4.423213897768423 4.423213897768423 16.62623811836031 8.575191750564592 4.423213897768423 36.81106542185678 9.45151268571661 4.424225503530462 4.434857686313387 4.562567410756661 4.423213897768423
2017-04-24 3.940635591582422 3.940635591582422 19.700792672631003 7.666230541014403 3.940635591582422 32.79493099771238 9.478213650073009 3.941536829859085 3.951009027871428 4.064785457671998 3.940635591582422
2017-04-25 4.0043149707654155 3.5107071971989767 17.77791424568338 6.829834961958051 285.26246664230047 29.216961987362833 8.444128391110308 3.511510109224395 3.519948878291563 3.6213121537554747 3.5107071971989767
2017-04-26 7.910116959994086 3.127684541750632 15.838321012688198 8.962051261184977 254.14948643839602 26.029353982496566 7.522863159452619 3.1283998550448566 3.135917943589478 3.2262223557667826 3.127684541750632
2017-04-27 7.797174491888956 2.7864501489929925 14.110339887699118 8.327770295064104 226.42145168399261 24.588606403397474 6.717040979781648 4.152504903945368 2.793785276137155 2.874237361188333 2.7864501489929925
2017-04-28 7.4914066147753 3.538752542179859 12.570883718475642 8.657323783285772 201.71858106474374 21.90595792564415 5.986207613071043 3.699461295996401 4.982200220295514 2.5606543807137565 2.482444865899814
2017-04-29 10.355256240194413 3.1548901234364592 11.199384190681211 11.28219417591441 179.71082529566831 21.133416550037563 5.333104689006932 3.2958453264129917 4.438635789779791 2.2875674250332794 2.211606948884211
2017-04-30 9.459270925216968 2.9044505762993786 9.977517019439073 20.026397187358334 160.1041438918534 18.8277337143543 4.80803121253477 2.936264376490163 3.954374935406648 7.235802387802168 1.9703177957912104
2017-05-01 8.427252341817978 5.0595059585758575 8.888996032294601 17.841491583186837 142.6365765622086 16.77360383160589 4.283468844025967 2.6159141691362287 3.52294756100007 6.446367072009758 3.54956271184663
2017-05-02 7.507828308770809 4.50750737291864 7.919195170725822 15.894961981172806 127.074743219198 14.943582152171572 3.8161369023368157 2.3305145800486167 3.138589466170597 5.94779294087932 3.162300869942909
2017-05-03 6.688714616301666 4.015732540541346 7.0552008263028005 14.16080125391628 113.21072584199626 13.313218183794506 3.3997914745399136 2.0762524519726835 2.796165332180156 5.298881106793544 2.817289791406217
2017-05-04 5.9589672776697045 3.5776109727627325 6.450587512514708 12.903776300239436 100.85929053237186 11.860729014265182 3.0288698666120633 3.5690639868781866 2.6281447494789703 4.720766385620431 2.509919863793663
2017-05-05 5.55847295898461 3.1872890296391314 5.746820146151434 14.576910927030184 89.85541264783413 10.56670827501878 2.698416281578587 3.179674530870625 2.4600038778226763 4.205724721589245 2.236084389288749
2017-05-06 5.461496979901329 2.8395517108482675 5.11983470158939 13.058663672112667 80.05207194592666 18.930196034973466 2.4040156062673836 3.1604848756919948 3.0098745169849495 3.7468747633149935 1.9921247160709703
2017-05-07 4.865640658521428 2.5297529792879287 4.5612541727364135 11.643559899648722 71.31828828110427 55.55621286198718 2.141734422012983 10.637177413218472 2.6814933489451644 3.338085923669715 2.6202694418626233
2017-05-08 4.334793025608256 2.25375368645932 4.96869956782311 10.373232589187305 63.53737160959898 49.49495882347621 1.9080684511684067 10.96208195054295 2.3889389872770925 2.973896470439659 2.3343946869377135
2017-05-09 3.8618615499180784 2.136237608926428 4.426608075798068 9.24149961667856 56.60536292099811 44.09499537024382 1.6998957372699566 9.766104757888066 2.128302681480642 18.85974038531619 2.0797092342264274
2017-05-10 3.4405275044574797 1.9031713474357381 3.9436594604381727 8.233240162193367 50.42964526618591 39.28417485175442 1.514434933306031 8.720688139412484 1.8961021307457508 19.129821403003472 1.852810290876951
2017-05-11 3.0651615434477493 1.6955329138319215 3.51340115808639 7.334983106639629 44.927706323917064 34.99822101862896 1.3492081407892935 22.637545261853408 1.6892349577445553 17.13552898058077 1.6506663130995047
2017-05-12 2.7307484899506638 1.5105480994976133 3.1446025076010073 6.534727047286289 40.02603597296332 31.17987024268882 1.2020078031336918 22.234409628336998 1.5049372584924747 15.26602080345604 1.4705765024177886
2017-05-13 2.432820329260714 1.345745365531749 2.801522343082634 5.821779949824359 35.65914414055213 27.77810643099358 1.0708672110064914 20.635618174452276 1.340746674472582 13.60047836490274 1.3101347209313114
2017-05-14 2.3450654290302935 1.1989228210955378 2.495872664293838 5.18661629459365 31.768685804799482 24.747479411738095 0.9540342255842033 21.60317881215885 1.194469493638546 12.116648741387271 1.1671973434688565
2017-05-15 3.7376642557882853 1.0681188044632137 2.223569757260894 12.548658753754411 28.302681460499056 22.047497685121908 0.849947868634978 19.67324977141393 1.5517735370766377 10.794706831858672 1.0398546171132135
2017-05-16 3.3916568568678183 0.951585673717869 1.9809754464393559 57.92249067951538 25.21482263309295 19.642087425877204 0.7572174666530154 17.817839379306285 1.3824730550256765 9.616990479203656 0.9264051454384752
2017-05-17 3.021622746155432 0.8477664569159605 1.7648484859003084 51.603072697876 22.46385316195853 17.499110509314477 0.6746040703946465 15.873890263054427 1.2316434725859338 8.567764490290383 0.8253331565497521
2017-05-18 2.691959831253566 0.7552740497488064 1.5723012538005035 45.97311131864046 20.013017986481657 15.589935121344409 0.6010039015668457 14.142028487255601 1.0972695909327246 7.6330104017280185 0.7352882512088943
2017-05-19 2.3982635629490856 0.6728726827658744 1.4007611715413169 40.95738594269992 17.82957207027606 13.889053215496785 0.5354336055032454 12.599115051200178 0.9775560720163389 6.800239182451369 0.6550673604656557
2017-05-20 2.1366099339940234 0.5994614105477687 1.247936332146919 36.4888826347305 15.88434290239974 12.373739705869044 0.47701711279210157 11.224535448816892 0.8709034514696615 6.058324370693633 0.5835986717344283
2017-05-21 1.9035030513611904 0.5340594022316069 1.111784878630447 32.507898765654694 14.151340730249522 11.023748842560952 0.42497393431748887 9.999924243071767 0.7758867685383186 5.397353415929334 0.5199273085566068
2017-05-22 1.6958284284339087 0.47579283685893436 0.9904877232196779 28.96124533975768 12.607411316546475 9.821043712938598 0.3786087333265077 8.908919689653139 0.6912365275128383 4.808495239601826 0.4632025727192377
2017-05-23 1.5108113730777157 0.4238832284579802 0.8824242429501542 25.801536348938 11.23192658097926 8.749555254657237 0.3373020351973231 7.936945131527212 0.6158217362929669 4.28388224514519 0.4126665782748761
2017-05-24 1.3459799156267829 0.37763702487440315 0.7861506269002517 22.98655565932023 10.006508993240827 7.794967560672202 0.3005019507834228 7.0710142436278 0.9487725810169512 3.8165052008640084 0.36764412560444715
2017-05-25 1.1991317814745428 0.33643634138293715 0.7003805857706584 20.478692971349954 8.914786035138029 6.944526607748392 0.2677168027516227 6.299557525600088 0.845260276234703 3.4001195912256827 0.32753368023282786
2017-05-26 1.0683049669970115 0.29973070527388423 0.6239681660734595 18.24444131736525 7.942171451199867 6.186869852934521 0.23850855639605073 5.612267724408445 0.7530412965924459 3.029162185346815 0.2917993358672141
2017-05-27 0.9517515256805952 0.2670297011158034 0.5558924393152235 16.253949382827347 7.075670365124759 5.511874421280474 0.2124869671587444 4.999962121535884 0.6708835258409491 2.6986767079646663 0.2599636542783034
2017-05-28 0.8479142142169543 0.23789641842946715 0.49524386160983896 14.48062266987884 6.303705658273236 4.910521856469299 0.18930436666325376 4.4544598448265695 0.5976892731931728 2.404247619800912 0.23160128635961885
2017-05-29 0.7554056865388576 0.21194161422899005 0.4412121214750771 12.900768174468997 5.615963290489629 4.374777627328618 0.16865101759866152 3.968472565763606 0.5324806073340287 2.141941122572595 0.2063332891374381
2017-05-30 0.6729899578133912 0.18881851243720157 0.39307531345012586 11.493277829660112 5.003254496620412 3.897483780336101 0.15025097539171137 3.5355071218139 0.47438629050847547 1.9082526004320042 0.18382206280222357
2017-05-31 0.5995658907372713 0.16821817069146858 0.3501902928853292 10.239346485674977 4.4573930175690135 3.472263303874196 0.13385840137581134 3.149778762800044 0.4226301381173514 1.7000597956128414 0.16376684011641396
2017-06-01 0.5341524834985056 0.14986535263694212 0.31198408303672975 9.122220658682625 3.9710857255999326 3.0934349264672605 0.11925427819802535 2.8061338622042227 0.3765206482962229 1.5145810926734076 0.1458996679336071
2017-06-02 0.4758757628402975 0.13351485055790166 0.2779462196576118 8.12697469141367 3.5378351825623793 2.755937210640237 0.10624348357937217 2.499981060767942 0.3354417629204745 1.3493383539823331 0.1299818271391517
2017-06-03 0.4239571071084771 0.11894820921473355 0.2476219308049195 7.240311334939418 3.1518528291366166 2.4552609282346496 0.09465218333162685 2.2272299224132848 0.29884463659658633 1.202123809900456 0.11580064317980943
