2017-03-22 22.799667388761467 22.56888224822977 22.761777323248214 27.71365108937733 24.086711531664317 24.302153653291672 33.1027595938964 35.85867601715968 28.781436340746637 30.414116410847445 23.453615717252692
2017-03-23 18.959499683444466 30.91299942134456 32.10909125331268 27.795875924888755 38.52344810790123 20.190199498966784 27.527223088702854 29.97528508507513 24.017565151205826 27.32315384367375 19.45672069183144
2017-03-24 15.829902472646364 36.63076246038981 28.01609968366956 23.45334609659122 32.315102099373775 16.74944610245256 46.49630739977107 70.33876380152398 27.630141050673657 82.22447443824305 16.482776692278915
2017-03-25 13.398417169563638 31.483954729210954 24.21220447001598 19.47426826278119 34.606314625790155 13.899023353280583 38.572545793583124 62.03934680993938 25.25957539063154 68.21202549168403 13.673831199152948
2017-03-26 11.202206611840257 27.659418530731816 20.086033018784043 16.235282956889534 29.446756176875773 24.444418241603604 32.1652048648472 51.46678692687154 20.95491412048004 56.587536174194106 11.343577793571553
2017-03-27 13.30170508617215 22.9457831721455 17.344145266538145 16.07347768023966 30.22230084371914 25.491283370109585 26.872465831342325 42.695971069631625 18.52432488697294 46.99204444471394 9.64930804302951
2017-03-28 21.71239251650291 19.263521968056402 36.186246885528234 13.745945464739775 26.85159550750761 21.205069978873613 53.738399848172094 35.419851411533365 28.517238267936264 70.89922793242866 9.445265463360778
2017-03-29 18.013766329523094 17.533431797548545 63.50473097054973 16.50394792003643 22.27562693181187 17.599156241525357 64.84962106120531 29.423426020703353 23.658009757900054 60.79081136222692 7.835631580066043
2017-03-30 14.943914162609595 14.579596176509368 53.32779518237057 13.69139448961288 48.675173877091446 14.599960685438372 53.79814264760572 24.409173782976634 19.626390482989 51.200424396279026 6.500306687694208
2017-03-31 12.41388719825006 12.128826068868399 44.31235396777837 11.358148000614461 43.68696614032991 12.111879063463356 44.83644848143135 20.249435410693902 27.110226219544582 42.47500124463796 5.392543868649871
2017-04-01 10.298349679985458 10.978787137082584 36.83554834653644 9.422526398004182 36.24196406699782 10.047808868025163 37.206836027827464 17.11923603455665 22.914243544263876 35.23653860304967 6.020461944562256
2017-04-02 15.938335084589719 15.726614444749362 30.558144396548958 7.937365341361758 47.22653299270589 15.585554185232544 31.082081670869915 19.691293067742524 19.155025240451373 29.323875042508025 9.865826285036903
2017-04-03 13.83433162787348 13.091054433036001 25.89843074850493 6.632630674931611 47.39503943417387 23.022821834928187 25.787588680353903 17.749891301626132 17.133926541329245 25.01137693866194 8.428228762970875
2017-04-04 65.32681942785197 13.139506178826664 21.484897659498795 11.240663964246313 44.536304579847744 41.951183514617824 21.409931408314733 15.601377069889809 22.641855519902734 20.7582010544431 7.0304747044236375
2017-04-05 57.35648461118044 155.2092671693908 17.823505675755722 13.543671376078464 36.96606428488666 35.71570687256006 17.76131494882534 15.321093475331773 18.78333092541744 17.70600878418718 9.332327901443733
2017-04-06 47.735293631588924 130.8486673102822 15.611212226658107 11.235599418151935 30.666418199143997 29.629142956388943 14.734484790962906 23.894169832007204 15.638699864190965 14.688603737445455 46.879533998435974
2017-04-07 40.809699502249664 108.5498288812466 12.95079614234329 10.105724239476015 25.445645654920792 24.590134005771315 12.223477973373843 34.32071990566308 12.973599418921308 13.40657091829533 40.69540741705926
2017-04-08 35.897251970396816 90.05109178687093 10.743760208072102 8.484757018609931 21.826715871981236 20.399556933690143 10.25579074378805 35.37827053456433 10.762677418475214 11.187595832616442 33.76021783163719
2017-04-09 29.779749681772458 74.70485412629195 9.015218230220373 9.459111231941657 18.143440550821726 17.382885523519946 8.509601006844912 29.457643153672056 8.928534131030768 9.281039220243054 28.00690250767283
2017-04-10 24.704773831723287 62.04356508678354 7.4943295032908255 7.8471177941868175 15.051489691054684 18.511427372438856 8.182590363790986 24.637706004301226 7.406960055509885 7.699392281991989 23.234049969287813
2017-04-11 22.358537625699004 51.528561464841125 7.938937640068291 6.590266995654239 12.486459846760964 15.35676529942116 7.178833546335224 98.56570513354713 7.485847550734083 8.204374554053526 19.330652112249936
2017-04-12 25.000511631757394 42.7472181756481 20.837886516710245 5.842992906949989 10.358554714849138 12.739711299228693 6.414937106702325 132.11718654042343 8.577920969780482 8.385000102240028 16.03638020991085
2017-04-13 40.095932004032576 35.46236513905571 23.825806023176273 35.55419161294376 19.96577720292109 10.828346920163098 14.54787742403314 119.42961602819548 7.116106104748721 6.983333630083102 13.30350826984559
2017-04-14 58.32977080108821 29.41897496319733 24.552573636182238 61.599926192956495 28.674604558826804 9.300580983041542 12.06867167565135 99.07677815679884 5.9034005913086 9.685693774680253 12.841009240739107
2017-04-15 68.56528434264882 24.405481261374373 21.40030713971751 51.4395369914927 23.78796423441773 7.7156037960364445 10.011964753982172 84.7436468060887 4.8973607234732315 8.660338804055893 25.019926908343535
2017-04-16 59.980725123109515 32.344410436682494 26.23648609798215 42.67691357571406 19.73409053495579 6.400733679536885 8.305755672947683 106.68876513656963 4.062767160190829 7.212684383478859 65.29024330231336
2017-04-17 52.81018326509414 26.95691174342522 32.62988180575556 35.4040416387153 16.789046276167678 7.150115904503171 6.97729702146296 88.73751394464783 3.3704025351475506 6.136333620832811 59.12548254405343
2017-04-18 43.82187735004385 22.36299548987369 42.387141249509305 29.373791123839414 13.927907236807517 11.866485277612123 8.353026196770443 73.61513229016948 2.7960286181885046 17.30561019149363 49.04960607810049
2017-04-19 36.43869842272675 18.551960700842976 37.06403948013683 24.46158364395007 11.554618524367806 9.844234357024893 6.929528461685211 61.06986167630889 2.3195377858293877 52.64792488763214 40.690718949738056
2017-04-20 30.228924449516704 15.390391059260168 31.121088295928423 20.292913739951963 12.41259311638925 8.166609388448416 6.214359145438525 50.66251854934936 1.9242490956250338 52.070975712142086 33.75632835889032
2017-04-21 25.077401579323958 12.767606657672397 25.864455667970756 16.834656089773862 17.467386551084186 6.7748802481427335 5.158485251451843 42.02876370291322 1.596324321438167 43.23874237663826 28.003675867235273
2017-04-22 20.803785825093776 12.180674171034669 21.456712510547156 13.965744362427648 14.519149030322101 5.882890455114754 4.845052487311116 34.86634752819672 1.324283506230639 35.87623598994627 23.237245449414967
2017-04-23 17.258466882518448 10.10488011917485 24.151530003197593 11.585743988863591 12.044839088850935 120.0830372203446 5.812577189956088 28.924528890502064 1.0986030728986778 29.76231518183744 45.11883518798949
2017-04-24 14.31733058776805 9.727034335539072 20.761818327464596 9.805007766603376 10.63498673017816 105.89172673602239 28.40933071416677 23.996225573938638 0.9113824238572866 24.690310467108905 45.18608152488251
2017-04-25 11.877413941505894 8.165358174301968 17.223651360282947 8.33732029732743 8.822604107826557 113.44940530452244 80.48726021110431 27.82285334532538 0.7560673577260465 20.48266162217956 37.7270182552356
2017-04-26 9.935441199044782 6.773842262167826 14.288448222675878 6.916499114638518 7.319082309953791 108.27658631920355 69.4172650911002 23.0813659145758 0.8505878433117019 16.992067705572204 33.17880128653028
2017-04-27 14.070866593476035 7.3515371678962875 11.853453622666642 6.42583905017938 7.294331071740905 100.35669593318747 57.704450384212144 20.959045880418884 0.7056332077206334 14.145725230476817 27.52456923078535
2017-04-28 11.693230341647565 44.72460181874313 9.833634319812731 5.3354566381277015 6.05189678686024 83.7231258918916 47.87063058150436 17.41282789679677 0.5853813074728147 11.73505305582027 22.833914486472683
2017-04-29 9.74748159694795 37.88644293658739 8.306153052259255 4.426204079701164 5.9322933084108955 70.58618950771059 39.712660930184505 14.44538585978777 0.4856223763130943 11.873906332283042 18.942627090868232
2017-04-30 8.129925702243796 31.42994867447615 14.418770650559122 43.975824796212514 26.921578921879398 58.56176200356007 32.944948061017406 11.983646417165026 2.7854357755390486 59.55088474575825 15.714481251835922
2017-05-01 6.7444480859960105 26.073750848914948 11.961566892269603 40.46523686182044 23.723309803698992 48.58184171946297 27.33056857235629 9.941429245680595 71.23357896971989 54.79436673745888 13.036466369195029
2017-05-02 11.796094671934663 21.630340232893484 9.923112447363529 41.86801547384701 31.002570457542735 40.30266959371003 22.672974839870133 8.373370377523887 59.0941655479458 50.58797739250019 15.356197183882921
2017-05-03 10.409361041727674 17.944162360905814 8.232045310607276 34.756074496996746 77.42109974747957 33.43440921320683 18.80911429736383 7.0366907912484 49.0235146445818 41.966925627012685 18.01464951443001
2017-05-04 10.677503443185762 14.886171894092307 6.829164776208704 28.83304825938022 64.48431442105603 27.736617219288114 15.603721309176343 15.170028769925848 40.6690739402628 34.81504771219278 15.31240265018718
2017-05-05 8.857875249798534 12.415207141900307 7.5532483167790705 24.030144297060655 53.50240206787605 23.00982589114897 24.629983800802588 13.258930393904766 33.73837202717519 28.88197143567 13.194085335740024
2017-05-06 7.348342649429796 10.29944468278691 10.836698747887326 19.934998995841763 44.871134989168155 19.44111707334951 20.938557307667956 10.999383142313082 28.576125247673335 23.959992268478928 15.190852354627808
