2017-04-26 3.1276845416922603 3.1276845416922603 3.1276845416922603 3.1276845416922603 3.1276845416922603 3.1276845416922603 3.1276845416922603 3.1276845416922603 3.1276845416922603 3.1276845416922603 3.1276845416922603
2017-04-27 2.7864501489409887 2.7864501489409887 2.92307555512443 2.7864501489409887 2.802313666017008 2.7864501489409887 2.7864501489409887 2.788659200462943 2.7864501489409887 2.9536337074959125 2.7864501489409887
2017-04-28 2.4824448658534846 2.491342455953832 2.604268787878842 3.865689483469215 2.4965776528817076 2.4824448658534846 4.798163990335864 3.0694381503206456 3.439882220735997 2.6313884838642068 6.490438504739735
2017-04-29 2.6441741892572077 2.2195338004578735 2.320139724814155 5.255174970788898 2.348876779790275 2.211606948842936 10.30200001177237 2.734558513531717 3.0645866610074433 2.3443006272038724 31.296650109740078
2017-04-30 2.3556913957490173 1.9773798176970752 2.0670095067434104 4.681828645079025 3.3435862116301984 1.9703177957544382 9.178038604769766 2.436214674385158 2.730236327921514 2.457673277045747 27.970194428990677
2017-05-01 2.0986824448070265 1.7616451448629018 1.8414961199415993 4.171035138453625 2.9787966699330566 2.0336493442546066 8.17670282803193 2.1704205305244213 2.4323640447654635 2.1895379721278228 24.918610362923854
2017-05-02 1.869713499862213 1.5694474013765116 1.640586532716379 3.715969858166647 2.653806134844072 1.8117755939433704 7.284614068108135 1.9336248684696822 2.1669900095322023 1.9506565726882752 22.199958030167437
2017-05-03 1.6657253603169329 1.3982186780750208 1.461596438995326 3.3105527832888044 2.3642724837255518 1.6141085542021008 6.489853335424619 1.7226639166839222 1.930568621715161 1.7378374401400118 19.7779141518455
2017-05-04 20.14751120989061 2.8902296730078954 1.3021343939394208 2.9493672309679284 2.1063273250855703 2.5859593202185724 9.126598739355078 1.5347190751603224 1.7199411103679985 9.384335418611554 17.638747803314487
2017-05-05 17.94939191060966 18.911334332816224 1.1600698624070773 2.6275874853944488 1.8765243139027041 2.513904074134896 8.130875117872678 1.4266786802662657 1.5322933305037216 8.36049239504002 16.180186832722267
2017-05-06 15.991090244560718 17.304959478131995 44.77348754428664 2.340914322539512 1.671793105815099 2.239633917174555 7.243786219871949 1.271026207447367 1.3651181639607568 7.448351957763207 14.414907708543462
2017-05-07 15.017955253764885 16.39537256769542 42.52417235827027 24.509863614329866 1.4893983349665283 1.9952869859144378 6.453479857766572 1.132355618937636 1.2161820223827318 6.6357272114293275 12.842222799652665
2017-05-08 22.52599636654941 53.92076535449149 37.88473064396184 21.835806075801024 1.3273108298963627 1.777598618073274 5.749396932828739 1.0088141693905506 1.083495004766101 5.911760866591357 11.4411198302832
2017-05-09 20.369826760168362 48.03794073546248 33.8776510277137 147.38785860360562 4.243941017497297 1.5836603302095182 29.313529322813583 0.8987512503518523 0.9652843108575802 5.26678017799846 10.192878990889318
2017-05-10 19.635637515719164 42.79693982332511 31.45231563175181 131.3076542994018 3.9335788064280597 1.435449676490255 26.11538569786387 0.8006963368654925 0.8599705551839991 4.692167709305777 9.835754723709643
2017-05-11 17.493364292622562 38.12773882892958 28.02082767887304 116.98182089735188 25.94414258937938 1.2788402767401328 23.26616364196747 0.7133393401331326 0.7661466652518607 4.180246197520008 9.728182762155376
2017-05-12 15.584815824259422 33.96795364828301 24.963719460339334 104.21895428317355 23.629304383840708 1.139317163254021 20.727795364672193 0.6355131037236832 0.6825590819803783 3.7241759788816027 8.66682555263917
2017-05-13 13.884492440285992 30.262006363105794 22.240145667231353 92.84853277680594 21.05131698611159 1.0150162002982952 18.46636632026172 0.5661778094688179 0.6080910111913659 3.3178636057146638 7.721293024517881
2017-05-14 12.369676517080023 26.96038267724574 19.81371726619083 82.7186388320677 19.539384155503797 0.9042766317374291 16.451662083431103 0.5044070846952752 0.5417475023830506 2.9558804332956776 6.878890057928924
2017-05-15 11.020128952877249 24.01897036773124 17.65201531404452 73.69392930180281 17.40761229738999 0.8056188920591392 14.656764661406791 0.44937562517592616 0.4826421554287902 17.690130442583694 6.128394334837203
2017-05-16 9.817818757859579 21.398469911662556 15.7261578158759 65.6538271497009 15.508419481628748 0.7177248382451274 13.057692848931936 0.40034816843274623 0.4299852775919996 15.760114535033205 5.459778657164981
2017-05-17 8.746682146311276 19.06386941446479 14.010413839436518 58.49091044867594 13.816431036565714 0.6394201383700664 11.633081820983735 0.3566696700665663 0.3830733326259304 14.040665837006014 4.864109806998265
2017-05-18 7.792407912129708 16.983976824141504 12.481859730169662 52.110959767681734 12.309040699750794 0.5696585816270104 10.363897682336097 0.31775655186184165 0.5295732588769704 12.508811196025512 4.333429191948606
2017-05-19 6.942246220142995 15.131003181552897 11.120072833615673 46.73436561061528 10.966108580945248 0.5075081001491474 16.770200894306225 0.283088904734409 0.7925476426284412 11.941847848348411 4.781501758873414
2017-05-20 6.184838258540009 13.48019133862287 9.906858633095414 41.63558641559911 9.769692077751897 0.4521383158687144 17.308608676120514 0.2522035423476376 0.7060796788828261 10.63897694032057 4.292145052426138
2017-05-21 5.510064476438623 12.00948518386562 8.826007657022258 37.09309056667857 8.70380614869499 0.4028094460295695 15.420217282348522 0.22468781258796308 0.6290454808216521 9.478250918456222 3.8238665252788455
2017-05-22 4.908909378929789 10.699234955831278 7.863078907937948 33.04618683771745 7.754209740814371 0.3588624191225636 13.737851810289802 0.20017408421637312 0.5604158125159833 8.444161593465143 3.4066777857106763
2017-05-23 4.373341073155638 9.531934707232395 7.166793307130297 29.44080549314863 6.908215518282856 0.31971006918503314 12.239034567789124 0.17833483503328315 0.49927372899606626 7.52289273938798 3.0350048724068115
2017-05-24 3.896203956064854 8.491988412070752 8.256322973140827 26.22877587486517 6.154520349875396 0.2848292908135052 10.903740207718633 0.15887827593092083 0.4448023251637425 6.702135498228017 2.7038819503769127
2017-05-25 3.4711231100714968 7.5655015907764485 7.995764536688825 23.367182805307635 5.483054290472623 0.2537540500745737 9.714128173991808 0.1415444523672045 0.39627382131422056 5.970923924174203 2.4088849635935916
2017-05-26 3.0924191292700045 6.740095669311435 7.123416376288057 20.81779320779955 4.884846038875947 0.2260691579343572 8.654304338060253 0.12610177117381882 0.353039839441413 5.319488470160282 2.1460725262130684
2017-05-27 2.7550322382193113 6.00474259193281 6.346242518414932 18.54654528333928 4.351903074347495 0.20140472301478474 7.710108641174258 0.11234390629398155 0.314522740410826 4.739125459228109 1.9119332626394223
2017-05-28 2.4544546894648946 5.349617477915639 5.65385932466358 16.52309341885872 3.8771048704071847 0.1794312095612818 6.8689259051449 0.10008704210818659 0.32549696916597864 4.22208079673257 1.7033388928553381
2017-05-29 2.186670536577819 4.7659673536161975 5.0370160248885885 14.980190579005939 3.454107759141427 0.15985503459251657 6.1195172838945595 0.0891674175166416 0.28998483258853597 3.7614463696939886 1.5175024362034055
2017-05-30 1.948101978032427 4.245994206035376 4.4874711198255905 13.345832584334378 3.077260174937697 0.1424146454067526 5.4518701038593145 0.07943913796546044 0.2583471156332675 3.351067749114007 1.351940975188456
2017-05-31 1.7355615550357484 3.7827507953882242 3.9978822683444117 11.889785141899068 2.7415271452363106 0.12687702503728687 4.857064086995901 0.07077222618360227 0.23016111415293203 2.9854619620871015 1.2044424817967956
2017-06-01 1.5462095646350023 3.3700478346557174 3.5617081881440282 10.592594341881933 2.4424230194379732 0.1130345789671786 4.327152169030126 0.06305088558690941 0.20505024156459944 2.65974423508014 1.073036263106534
2017-06-02 1.3775161191096557 3.002371295966405 3.173121259207465 9.436928720963223 2.175951537173747 0.1007023615073924 3.855054320587128 0.0561719531469908 0.18267899736426857 2.369562729614054 0.9559666313197108
2017-06-03 1.2272273447324473 2.6748087389578195 2.8269296623317897 8.407347700687888 1.9385524352035923 0.08971560478064093 3.434462952572449 0.050043521054093314 0.1627484845829893 3.0167089427059093 0.8516694464276687
2017-06-04 1.0933352682889095 2.3829836768080987 2.5185080124442933 7.490095289502969 1.7270538795707133 0.0799275172962583 3.0597586419472798 0.04458370875832081 0.14499241629426796 2.6875821300591936 0.7587512181017024
2017-06-05 0.9740509890162135 2.122997103017688 2.2437355599127944 6.672916292167188 1.5386300874688486 0.07120732270337632 2.725935051929657 0.03971956898273022 0.12917355781663376 2.394363474566618 0.6759704875942277
2017-06-06 0.8677807775178742 1.8913753976941121 1.998941134172205 5.944892570949533 1.3707635726181553 0.06343851251864345 2.4285320434979503 0.03538611309180115 0.11508055707646601 2.1331353502534487 0.6022212408983977
2017-06-07 0.7731047823175011 1.6850239173278587 1.7808540940720134 5.296297170940965 1.2212115097189864 0.05651728948358931 2.1635760845150624 0.03152544279345472 0.10252512078229971 1.900407549160641 0.5365181315532669
2017-06-08 0.6887580595548278 1.5011856479832024 1.5865606296037318 4.718464360481612 1.0879757685868734 0.0503511807536962 1.9275271602935637 0.028085976573495406 0.09133949868213428 1.6930706494914387 0.4779833156598554
2017-06-09 0.6136136723662237 1.3374043694789097 1.4134648311658944 4.203673850343944 0.9692762176017962 0.044857802390320466 1.717231476286224 0.02502176052704666 0.08137424229149462 1.5083544713529542 0.4258347232138343
2017-06-10 0.5466676341444547 1.1914918384040494 1.2592540062221464 3.7450476447514847 0.8635269397853567 0.03996375864812916 1.5298793209736397 0.022291854379160415 0.07249620814713395 1.3437910650295963 0.3793756090508512
