2017-02-22 31.92434759168358 31.92434759168358 31.998509331827748 31.92434759168358 31.92434759168358 31.92434759168358 31.92434759168358 31.92434759168358 31.92434759168358 31.92434759168358 31.92434759168358
2017-02-23 28.441360346897532 28.441360346897532 28.507430946127027 28.441360346897532 28.441360346897532 28.441360346897532 28.441360346897532 28.441360346897532 28.441360346897532 28.441360346897532 28.441360346897532
2017-02-24 25.338371475218487 25.38902090655148 25.397233687378808 25.338371475218487 25.338371475218487 25.338371475218487 25.338371475218487 25.338371475218487 25.338371475218487 25.34503488933144 25.338371475218487
2017-02-25 22.67781974895778 32.50023488418223 22.731870308465517 22.805731929580222 22.573922667035887 22.573922667035887 22.573922667035887 22.608797605956156 22.58839719870965 22.616734858282822 26.398322775188337
2017-02-26 20.234236005514926 41.44647042568403 20.754664136069113 26.7923154867393 20.111078767461418 22.995994737680288 20.120353194671075 24.42722808261356 33.1849876550089 22.14298602356363 48.38812491442541
2017-02-27 26.0084867878008 49.09620225225723 23.79890517843453 23.972715162231168 21.56675449823999 22.644012999545637 17.92519686966334 34.347574039035486 77.64850402027795 24.416353838589334 52.118583813821104
2017-02-28 29.73450863272207 43.7397436520948 59.945537609906594 36.61849178967694 19.213793936929406 34.646760210370154 26.96268103785035 33.09814537901939 69.32693801892998 38.55991305873835 46.43237951102305
2017-03-01 26.496446917803606 38.9676815514383 59.10911025224052 58.01734609821893 18.438292597036 31.004541461927595 32.51084807198563 29.487095290990975 66.23586203368336 39.11119001626516 43.63046075984708
2017-03-02 28.233124053381424 34.71625754307733 58.4153246888508 55.239258324940785 20.409916634866555 42.85076165264361 34.55360062037258 26.27001539642589 86.73641353417189 35.18945853266916 42.585414890250114
2017-03-03 34.143002822802835 30.928669343757477 59.930848105038166 63.96212118865674 22.153917652372066 54.32156069700667 31.913082356707488 35.949199200814775 93.19954615047996 56.80904676911262 43.12230129654649
2017-03-04 33.467382956844794 45.1499116252767 270.10846698648135 73.92658197535155 23.296907958829802 63.04103665676265 52.32130589762209 38.005855129927234 86.73432098403129 50.746380785410004 172.85087500600898
2017-03-05 29.816048575764867 40.223998391108616 240.6392869971084 68.57664648940064 20.75518543715494 56.16317874774798 48.0601038279309 45.201536387581655 88.71169299083088 47.12371523177868 157.98770881415672
2017-03-06 26.791156590472816 36.25976929300141 214.38523231992912 125.80673985381952 22.68434431594442 50.03570395305542 43.11807762307537 48.045673422088626 103.75244819593688 45.909396355850824 200.34492878443456
2017-03-07 35.709848726373544 32.3037819831994 190.99552866204365 139.86054449693668 48.69706167977956 44.57674451302658 38.41384008307349 83.41280691634552 127.95913848615575 42.90331486173246 250.32168840619116
2017-03-08 38.08382921819835 29.233877709858362 179.02293073068918 128.04758189177093 120.9346471689205 39.71336454552478 35.03390389194823 74.49861827036405 118.3267230455193 38.222508214288816 223.01127132380108
2017-03-09 35.00318768023078 26.774373315550694 159.49129950569773 117.05781916620971 108.26571053196228 40.051570278211194 62.42068815927381 66.37072352029378 124.70991969332196 34.052383572218496 198.6804557532218
2017-03-10 31.18429503514331 24.13175455437416 170.61998892228385 104.28666104347985 96.52647758746313 79.02455601867482 85.30220420029416 62.59023573914993 136.24131912357635 30.337224874112607 177.00416335008367
2017-03-11 28.37862939953126 21.57402870878746 152.00512941998156 93.11983599634657 88.74308768323483 70.40287565864682 137.02730905761325 62.97747102460606 123.09190403783263 30.077936374683635 157.69278223409276
2017-03-12 25.282484554622144 30.414765503808983 135.42117495101797 82.9603425225838 86.656968768067 62.72183167768214 156.73463743560936 57.863812893763445 109.66241952075876 56.56799098694916 140.48829755233695
2017-03-13 22.524133081115796 27.13772961136943 120.64655117292054 73.90926280985337 81.65445767090736 55.878799441061155 147.8088729624238 52.48600812605274 103.39762518850226 50.69653313539924 125.16084420309554
2017-03-14 20.714600712113757 24.178795364498274 107.48385778800775 65.84566749599583 96.38699742003628 49.782350793262495 131.6827354519916 49.1791078078113 96.73566293611889 45.25056702901278 111.50563566190051
2017-03-15 19.22908954763846 24.429767295528148 95.75723112411464 58.66182076727768 88.7725104770409 44.35103250773025 117.31598021539273 48.96952895683429 113.18328826423306 40.313672161270986 99.34022787661088
2017-03-16 17.131171228996898 29.703646698801336 85.30999446114193 53.652126849722755 79.08731579009557 40.99072414250414 104.5166563912708 45.834405148274264 101.09554817594679 35.9153988520062 88.50208167504182
2017-03-17 15.875784112129974 28.52285998512241 76.00256470999078 47.916173378959535 70.45878825855637 36.518583594201196 93.11375520329744 91.2360721991337 90.06589427964592 31.996982798751343 78.84639111704637
2017-03-18 14.143715714969357 25.763345192650206 67.8925253030303 43.76384214699596 65.45109355672734 32.53435931237467 82.95492515185104 81.39187846193047 80.53015759811554 28.506070959766053 73.83816863803636
2017-03-19 12.600618200207572 22.95253120713914 60.485363763780235 48.6632252700891 58.310295350571806 36.97884942665353 73.90443648121187 73.8467415426845 73.29864372652192 25.39602207727313 67.19855186903953
2017-03-20 11.225874602340756 20.448380630516393 54.11782703269579 43.35400501369694 51.948567382209 115.60652694929644 65.84136772599578 67.76848807882095 66.20130663604833 27.26560493011257 67.06762701054328
2017-03-21 10.001117293229568 29.34574282998859 49.05568169392996 38.62402749295244 46.28091209003705 111.75070127100224 58.657990107696364 60.37485915973046 65.84673188407697 24.4000687053959 86.90072383036367
2017-03-22 9.397351048866332 26.144084670112882 43.703643938622704 34.410096582888556 41.23160525537973 128.60450610969505 52.25832819563538 53.78788463330739 69.1827025746909 25.50333450925894 77.41974346593864
2017-03-23 8.41880530421319 30.660246560850517 39.76001143257221 30.655910936780685 36.733184268886276 114.57358964019876 48.875018611838016 47.919557471294006 61.90345251210178 22.837158106219572 73.55194497450736
2017-03-24 7.5003028537966205 40.56676326585081 35.42214321852382 27.311311757002322 32.72554677836366 102.19031420874494 43.542691430371725 42.691472325028144 55.17474167062168 44.649493933223 69.14081906066752
2017-03-25 6.682010198111737 37.11044401987639 31.557541987166378 24.331612635044543 29.155147675285896 98.07941667401006 38.7921279796985 38.50292467110052 56.92968694822356 39.778176910723225 119.56811932629671
2017-03-26 5.952994320098422 42.390025105525524 29.456522950477268 21.67700250684847 27.907701162107866 87.37882659082779 34.55985709104939 34.3022062341375 50.740798525056576 35.43832681972296 106.84876707874534
2017-03-27 5.303515008872404 39.267295893493674 29.973928015973932 20.37095257541194 24.86293519156555 77.84568460237546 30.789332381529217 30.559791563378653 47.09579290889127 31.571959936729595 95.26061441525549
2017-03-28 5.044967259551407 36.248773995719 58.436039021694825 18.148455536732143 22.150357091372083 69.35262062501344 27.430176751101214 27.225679130449993 41.98824844340934 38.669506223052544 84.86755927181225
2017-03-29 11.984386417313704 32.293986286944914 52.060592257626766 16.16843577390161 19.73372473905416 62.30746607701068 28.04798553690096 26.08935949917936 37.40727671519147 37.562335753664655 75.6083997669568
2017-03-30 10.676874496883274 28.77067098668092 46.56797957398579 14.404438705303347 17.580750074157656 59.70548606692772 33.72176239176026 23.820718493554427 33.32609487468505 33.464236773296875 67.35942643302414
2017-03-31 9.512013803018588 25.631753902071477 47.82377942178559 12.832895978085839 15.66266770501273 56.196202498621716 30.042674888252318 21.520097670820657 29.690175204480237 29.81324564487499 60.010426663849685
2017-04-01 17.89141122264877 22.835296695044118 43.75751399211225 11.43281057690499 13.953850581053933 50.06512477037702 26.76498054745095 19.65933166081409 26.45093903103353 28.920172014976682 53.47937821188567
2017-04-02 51.44866304810977 20.343936553969137 38.98351312458077 10.185476287705969 12.431467595782776 44.60295548146503 23.84488686077517 19.061897875061522 23.56510767635604 25.906143296392486 47.644709495911336
2017-04-03 52.26458917114763 18.124386997859492 34.7303618712961 9.074227768366068 11.075178545686038 39.73671586370781 21.243379138466015 16.982220382214365 20.994124221704663 23.505821731227776 42.446610616076256
2017-04-04 47.80517259205314 16.146993143472454 30.941234871687804 9.74503983299933 9.86686236952708 35.49929209558227 18.925699243428603 15.129438369691519 22.121792206901226 20.952707258180627 37.86047015091275
2017-04-05 42.58956698273782 14.385335493340458 27.565506484865832 9.22112266921554 20.721525173148255 46.516678216525975 20.623412191964142 13.478797249741438 20.392506636253586 18.666740037882903 33.729844325638744
2017-04-06 42.58453953086429 12.815876951035737 24.558074392256177 8.215086365818948 18.46078021467055 41.625143783293844 18.39749345373145 12.008243191868177 18.378956307160426 16.63017477160883 30.049875072784754
2017-04-07 37.93851168064359 11.417648347522059 30.298995164540756 7.318809912720278 16.446685429120528 37.0837872389438 16.39030333492463 10.699106947572464 16.37378861480653 14.815801386476116 28.6254566283939
2017-04-08 36.15722654888096 10.171968276984565 47.87335779468637 6.520318369555304 14.652330966460873 33.037898514964105 14.602100231015683 10.52817219771567 14.587387288032017 13.199378463433433 25.502382616418004
