2017-02-08 8.02909566797862 4.792221602575727 148.65806717249015 13.975081057376501 11.744492990532816 11.828746862020488 17.52760279137269 4.801785497912979 15.674301130019792 10.632150470121587 14.780030431683844
2017-02-09 9.350416993331054 174.09985341065513 329.0748575485603 21.07609719371998 28.83128825797845 29.605006387018015 14.670810368283888 10.695349193429621 13.460263308373454 11.842749268354012 74.54893900746835
2017-02-10 45.46865345206833 245.02727492877565 294.3690717677233 36.69033173049372 239.7186827386708 29.58161871627412 12.397783531686388 8.985311942122276 11.63118165773897 11.049067855923642 142.9847946419202
2017-02-11 131.84828065909156 226.31358937611554 299.8175724959657 36.99121059302754 231.68950268259533 176.09468776246243 27.79833846537817 11.618926540393835 75.24093845871516 15.088689009302179 239.4631754596166
2017-02-12 168.4216146365671 188.02994583282955 277.79707452031636 199.38161847606347 201.6035631073496 161.53959311353503 35.031717295503334 126.17450506002146 66.72993806127356 44.8154176444841 257.8753558427466
2017-02-13 139.9477740284395 157.83345303649136 236.2871796162634 296.7618612082973 235.594095991907 291.09672595757473 30.507038621540524 104.94057675809013 140.11510054755297 39.04645949904425 216.4402040839318
2017-02-14 116.97218058907134 147.1127852847122 196.2959847116484 246.18859263008574 195.55449147888658 244.9849797853874 25.30812036617351 87.05691761290832 122.3870326068088 39.72457453387717 179.55511201822196
2017-02-15 97.03813151341332 122.04870483226077 162.84381024682216 204.23386918523553 172.80328349637475 203.29353394777831 20.99518620651985 72.22093815752223 103.57418745554676 33.104184400856674 148.9558669949053
2017-02-16 80.56533378059105 101.4342230293591 135.0924552769493 169.4289441958269 148.23187605321823 168.77563468785306 17.41724938354622 59.92294485902128 86.14566248070366 27.462668331540936 123.64850228736846
2017-02-17 67.16673266973824 84.71583932390067 114.66172686118806 142.65348564412795 122.97064319476324 140.08444935442233 14.449053849993573 52.078834926499226 71.47094445007448 23.81436931273565 102.57669444113324
2017-02-18 66.28917512630665 72.88387643709588 124.40605734597482 218.3657338814602 102.0731822203798 128.44311742028341 12.082598517150815 47.03599046397946 59.291079913254485 19.904725564608448 108.4111338334084
2017-02-19 57.037513680020886 71.44955353949757 105.29022366480801 186.7728572267489 84.923096675144 116.40676635363502 11.7502051658493 44.834654103918 75.99784294002072 26.23924524527755 106.10030223374261
2017-02-20 52.61042029123844 65.75260047257335 87.51610093586035 156.82001510159637 70.45075660031695 99.10988281854623 13.007086646280028 43.14139932622635 66.45075857230682 24.86464330434296 88.36200923349347
2017-02-21 43.644709857398595 57.907548584356604 72.60186883229437 130.09521727925997 58.44474942480315 82.22286430089643 21.177589208602296 36.19346892700626 55.12641909411513 20.885381314726096 90.43628384114015
2017-02-22 36.206908973387364 48.0391173939803 60.97957655230182 107.92989438356662 48.48477007431716 68.37710376843184 17.568567811700348 30.02574967462287 45.76248917472589 17.34336096782222 75.97326815429955
2017-02-23 32.57920129359444 53.9602385059313 50.7059130073885 95.33065049162973 41.23222890657534 56.7244823048754 14.926034457312918 34.18063525313475 37.96378267511936 21.785447296859438 63.026131081201555
2017-02-24 28.060241230756198 45.10137488689892 43.13881103015661 79.17979792962021 34.20562163144251 47.23030184937947 12.382384318634871 28.35839192122241 31.494108406141745 19.581365610242248 52.28540994893018
2017-02-25 26.415514639392825 45.0163934549582 129.18684627883582 84.26170602195465 28.37640192440956 43.90620403985291 10.306431123303181 25.082774364512662 26.12697667105429 17.30884815716489 48.692928193531976
2017-02-26 22.8363829734325 37.786537357602604 121.65910599207567 82.26560949076189 23.677981553539137 36.445979599224586 26.08210137150789 20.891687208036842 21.67449546965757 14.462816937942966 55.94550204446495
2017-02-27 18.99710674485605 143.97553308800033 134.20719073074127 70.01103076097124 26.668249547875842 30.425864944822514 24.334356284149173 17.481644768242404 50.855338563034316 14.031569383789911 55.38564721510785
2017-02-28 15.92971908703484 229.52698744030806 153.95905948955763 60.978111661284714 22.428052314786235 25.240780064597853 21.934261125954347 14.576551620612996 49.95183034695419 12.067492112664496 45.94699091142165
2017-03-01 25.618779268820443 219.35774341136943 154.78278507106765 59.65748504472726 24.91009574974174 29.997703399686372 20.54677739413282 12.36515290162906 101.8661632355954 10.031617588837987 38.11684217781271
2017-03-02 21.252903548361363 183.74999141781322 132.08422829492727 63.198361051130235 40.556521138880306 28.867963959459065 17.204772122814294 29.851307722809604 126.06243798423027 8.672181754582569 31.62108396628707
2017-03-03 17.84475137420234 168.588721783395 124.74755256859018 54.006293599550155 45.4815392522568 23.948371904458753 14.994853495276 29.894237633788055 107.75826990017913 11.65372207030027 26.232313436106498
2017-03-04 22.83589872040866 155.41687310391086 103.48844786140731 44.802702612478 44.19720916317703 19.86716200975274 17.091854979947882 24.799751089464646 119.22934920511302 20.81476479445961 21.76188105834063
2017-03-05 19.69175213553393 128.93119454310394 86.63337946676911 37.17116087352986 36.6652530003617 19.72200626623034 14.356331848769067 20.588325534884394 201.10970019160763 24.960764656220775 18.053286392405262
2017-03-06 16.335942647513114 106.95912608663498 75.81496217509131 31.65054049983919 30.534324728010844 26.253059099288443 41.48912283279799 17.156353291036027 179.3826705475947 20.72661069893839 19.338512781160258
2017-03-07 13.552020173018835 88.73147180368389 77.2498335033354 27.27660357843896 50.070207116502026 21.872988103874626 47.60217580221416 14.232618889057617 149.88163053792508 17.199384642679668 18.55919717509719
2017-03-08 11.265522694831109 73.6101198327926 67.85992407464957 29.94487238357827 41.638088432732204 18.14545890763316 39.489955411257235 11.807138557061693 132.23324493308584 14.268316966489058 27.02481943901486
2017-03-09 9.35465859344982 61.06570342692262 57.848561286109806 96.71420362329623 34.54224996879462 15.053164085536322 33.0140688254596 9.795001327045776 110.40624360771182 11.836753074933554 48.414411243263224
2017-03-10 7.7638854755243765 50.67918739690162 48.90553110844602 113.71097450526251 28.655663067585458 12.496234379406857 27.519923170492877 8.558477705225066 101.38361566885186 9.819569027378291 63.82887322532622
2017-03-11 6.5759585694792655 42.04259189533303 40.57119680538954 97.55007990994255 24.635874010173353 10.425400920982208 23.57812379500668 9.891528014746246 84.17839953090328 8.27042293414582 96.33159485772852
2017-03-12 5.455303383064869 34.87781916143348 33.65717482081268 83.46841377444419 20.437502063379934 19.840749061298833 19.560250538197696 8.29678790461452 70.36283001028384 6.861002199956588 79.91505265290786
2017-03-13 4.525626900906265 28.93409524742304 27.921419778483646 82.9317499038576 16.979518033310843 16.459547962936323 16.326996670975362 7.06676209020451 71.6186110605269 5.691770730788236 66.6826634588342
2017-03-14 3.7543831035664463 24.03521181942871 23.163134951071953 324.169262517011 14.119736982562621 21.792853511339093 45.7454824507235 5.867186437858671 83.47054409575796 4.776035631442908 55.31880344365932
2017-03-15 3.11482200835878 20.41226882872911 19.22780471603076 282.78723847386254 11.713493647367791 28.0019926555026 81.1957268659081 5.121782500447419 77.84141539613708 5.219902181963831 45.891538455529606
2017-03-16 2.5840033601663133 16.93367104139066 15.976250585735697 250.98693646861688 9.796453329675956 26.99042178389552 68.50062379392155 4.248943649325234 64.81154983818142 7.263430325147568 38.07083976355889
2017-03-17 2.1436452379728848 14.047885482208304 13.44301336645496 214.43250611692574 8.235385003513931 33.383053448756975 56.917284464093086 3.5248513839791538 53.76655940851298 42.81464997943493 31.582921145846775
2017-03-18 1.7783641048111678 11.702645637713015 20.842076899918553 180.86873312974842 10.405985667013768 42.854927597673864 67.60362827006725 4.108601284609708 44.78081175824231 47.85540736509818 26.496486049953212
2017-03-19 6.279259804861382 17.624821535600503 19.229340239754507 150.0795263197536 8.695653864785656 37.323093783087394 58.29321942804006 3.4512893782536693 37.328190119345614 39.70003200877564 21.98103416564844
2017-03-20 5.209167134292877 16.414225040177975 68.88844150150847 124.50342243040588 7.256071359457432 31.719067323573494 70.10811826348977 2.863130967477704 30.966831632249253 32.93447132261365 18.249013483049612
2017-03-21 4.321436455295279 23.601966103582683 61.06287467632551 135.3437002630314 6.0197833146062125 28.240351511896122 58.44439571930398 2.3752047534995113 25.70793100740023 27.321877248368516 15.139071200009568
2017-03-22 5.056012151044137 25.15895290080873 85.30581526849403 120.8544490957895 5.373648073752478 23.804205329696533 55.75977417964152 2.077456390938758 21.34038887935903 22.67437851907637 12.55911597697292
2017-03-23 4.195292402986384 20.871439414344263 114.01959403643022 100.37412695234578 4.457887045122255 22.208877959595107 46.47029181013508 1.9097880688674478 33.331377320282606 20.949224065670254 10.418829004711974
2017-03-24 3.4810223676230003 19.933608236229915 163.0207229631829 83.56737166408432 6.432500826973089 36.15545633541836 48.736465674307354 1.9484197040733482 29.18269505446654 17.379119973236612 16.06203395201971
2017-03-25 4.971318145623621 16.819668061389972 411.25781944364115 69.35140398968541 5.340686220929859 29.9939516313647 43.68347673264034 1.6375898065969345 25.965862648504377 14.417422339718152 13.739307579329628
