2012-02-01 2.488680403320359 2.5767641632205036 0.6074465392489989 3.0495386887072566 0.7941468452037208 0.7421007474739565 2.482577372338663 0.667939057294767 1.3625264601749332 1.092995784949246 0.9868091137686391
2012-02-02 0.03504517344512172 0.1698652162234004 0.011834797249417776 0.11515198329808424 0.035566875635229964 0.04048526927254348 0.29077818595486316 0.8359186326734835 0.13712077182145815 0.01666972429004035 0.016232854358851346
2012-02-03 0.6444962896880935 0.4576735271343251 0.020589692208461383 0.7829657198254965 0.05952696325477185 0.4438126424676617 0.24163009217873638 1.183651122815931 1.2418657420849255 0.05247753436773549 0.4815180739685019
2012-02-04 2.313162733700983 0.5453761205195391 0.6309143412665399 2.797487524973077 0.07415608410843699 2.080255322712943 2.436507226818614 2.0665311764118783 4.1013960212003315 0.014478577444298042 0.009096033095739921
2012-02-05 0.0996960717680289 0.15118118470637779 0.10377929826394569 0.05362896831877553 0.9982300598881695 0.0 0.16337789047684365 0.09665845397656758 2.0509668612443037 0.11297738804256738 0.08352627229244217
2012-02-06 0.1671790217052104 0.0 0.31302237771046176 0.315756682250513 0.017609659817326546 4.342532261734404 0.8277618673891829 0.024388951927305065 0.24887935157764757 0.3388898357563696 0.3659063723110837
2012-02-07 0.01962221948166505 0.17390583571653875 0.09665845397656758 0.14610978283691667 0.0 0.057665116907161015 0.0 0.0 1.8042854977873115 0.0 0.0
2012-02-08 0.3379223013637056 0.07922799255042465 0.7932969645101627 0.24468705350914235 0.572253664111416 3.079363205194917 0.6294825206594226 0.28885612196087596 0.0 0.5764964874023719 0.13251540869180056
2012-02-09 5.671937946728313 1.9256788776177434 9.560980324924756 1.9220057382079585 2.059721478151219 8.686917113889136 25.61726408121332 4.507613424501715 2.926140924258353 1.1336009849195774 5.329481116181858
2012-02-10 9.499044223076554 2.3114251600181674 13.451541815774041 2.3643294052760893 5.099327545600305 8.292459004159735 6.581302454600119 8.974072839928198 4.171533776702018 2.514136983066825 2.0658078663013884
2012-02-11 2.08692446357394 2.271678056716956 2.050123911430499 3.2528449231673786 1.1807244694727617 0.9246871587275387 1.9625979249933287 5.505396924222386 0.470127519595693 9.104512998124047 0.6071170137304129
2012-02-12 0.8384258309627375 0.44800737889152764 1.831572060471427 2.729320688766241 0.2547376571996972 2.8357906071769796 1.7590554546311454 0.40937208883890686 5.39133800394576 9.581855848675858 3.6549757002393584
2012-02-13 0.8165026246930529 0.042330484572971006 3.1538873491554353 7.833812464670022 0.06843941859141298 0.9255187596315961 0.4023512469393994 2.584939840532888 0.4676457872689651 0.11525176066550029 2.7692108049322712
2012-02-14 1.3473008806781754 0.24310928241835728 8.486137796128322 0.6978825042749226 1.0932200048709966 24.59967224519272 1.4733124947652954 4.898818037113264 0.31732476091737244 2.2898544166268526 1.453421262111586
2012-02-15 2.333580638641308 1.8553148736870324 0.04471651298213442 0.5100043400055145 0.5061534796999088 10.04938725572356 1.3716962179982088 1.9257665908700274 1.229487768446429 0.49193732060127765 0.06098670147569546
2012-02-16 4.145349717389202 2.355877923769768 0.3548990484976734 3.1016680332704305 7.086468498679951 0.1733777029438791 0.2977221605941728 2.2804758939320298 0.3564922841258637 0.0 0.3648449783825815
2012-02-17 3.090067890154081 4.004709569083443 7.197727606886823 8.382621715728138 1.7406964307342332 2.1010133841741596 3.905571956785355 1.8698007438878037 0.0 0.2856905707980879 0.06496027364528104
2012-02-18 0.4152205021706376 12.279436717730889 4.579767188260766 5.162615513612668 3.6617383535118337 1.1241280617196916 8.556296013107936 5.6309638417326635 1.043998096141855 1.7937877225194385 1.3280469054656117
2012-02-19 0.26360584138542686 7.422040966859908 1.055368858066026 8.85462518242527 3.7012163623547236 7.092191427233125 4.067876193265717 1.8164696643777507 0.2776736053272516 1.7778428342392547 3.137660815129376
2012-02-20 0.08953018969002996 33.36538340476932 3.370677023318411 1.2140975172142692 3.72806476983971 0.9173185094164034 3.845317521515711 0.6086768354083603 0.3491392294260509 1.2634198647583013 0.18026951123135515
2012-02-21 0.1452107985731602 1.5283767472714822 13.81988485952771 0.7485640927248954 4.257558322790906 4.6097030117818125 12.112418571185481 9.228126670462853 1.0444787368923836 0.6596928315981949 0.8347992200986663
2012-02-22 1.1553398719179233 10.150974040833054 0.06676115000290095 0.7258492491703699 4.537907171022524 0.5349733846967392 6.684704206111897 0.4423861794159701 0.45743015805566495 0.0 0.5844180548737073
2012-02-23 1.3822037004465897 9.318490821105357 0.0 0.8295689933410682 2.2609004954795218 0.5425154393639202 1.4865807512639433 2.0386449945019676 1.1975066507961745 0.018208043167213146 4.169257135762278
2012-02-24 3.509432363270497 2.8170770255888877 0.12954462932291086 7.2268103687621625 1.1032380570702522 0.8082060986334724 3.2075025948117233 5.640343940611501 2.494637166492671 0.019981629509514574 1.7557558083430975
2012-02-25 4.637160727730784 3.299527942187506 0.4246118419975464 3.0353761370857253 0.9209171359831412 0.994370902877709 2.9005671063673715 1.2928196548622752 0.7513647094478964 1.9813225435377884 1.209522758797414
2012-02-26 7.467744622965242 1.7111078217478255 0.0 1.273107732907279 0.9719626126434248 0.7253285422777607 5.192447247696977 3.822010176404382 5.355760312218282 29.15506154473593 2.209016914927833
2012-02-27 5.895720582825719 0.7555180791130155 0.0037740174347534556 3.6860628663646513 3.9238169820740287 3.2261693141039465 1.0694200557819673 0.7037896312072031 2.457717295064107 4.915312788402063 1.0737212631664947
2012-02-28 3.7892984855492804 1.6926828992893044 0.3959894531136034 1.1059968742789743 1.2520562780775761 3.3429069031938647 0.995018651994878 1.4829417331534216 4.602629747750408 2.4430165395882053 0.40357156912276304
2012-02-29 4.8287623916729405 3.845331075278248 1.9842533747120903 1.0735412413479688 0.41404436907857123 1.12832426749345 1.0926926058236799 1.4360642932584586 1.6576554058557749 0.14225424353719257 3.177138667555946
2012-03-01 2.629507466887237 0.2795087549432998 3.488643832622449 1.2597019048109563 2.127944645477945 1.0922100921025624 0.46678476619291986 0.2031601130916427 0.6478140299897149 2.110036206248956 2.7143845254903987
2012-03-02 0.7755906506934882 0.4062873931399142 0.48161798464799077 0.1197242318322986 4.249323165969576 2.2602240186746965 0.3155124597294692 2.7066943291380716 0.5765224261503568 1.6312981249271052 2.6558818459864315
2012-03-03 0.48722691174942806 6.149793786903532 0.8640519776302111 0.0 0.7386531162418142 0.32172609258685103 0.016112214075260242 1.230501513458311 0.5532894867101382 0.5669401140455382 5.534930097939213
2012-03-04 0.31039807230079863 14.09963121392 0.176700574356475 0.11142179744485822 5.539747018050766 1.7786448339632752 0.22330847575528845 0.006654272458472237 0.2773069441778346 1.4340230641534797 4.359612522327594
2012-03-05 0.6532444419939092 3.4139119233017086 1.7286140155969876 4.379255743473158 0.015775961879005672 1.0544512671641033 0.004713952962039656 0.27234007230415846 0.08197100275994482 1.0065614451223281 1.4427908304563812
2012-03-06 1.433753656746481 0.8348439444164952 0.47481661512274564 5.190308088015379 0.10255590155978772 0.5695143290624118 0.15297328937928126 0.9865416552006021 0.2657275133483111 0.07925323483451488 0.9904925583344675
2012-03-07 0.4203736349141229 0.9184463340287379 0.34504039691143806 0.4104943905987478 0.1350442055564098 0.9186750775796291 0.20484967196594342 8.381745254632207 0.6063957361077588 0.13268968036229287 0.14438756659250385
2012-03-08 0.2144867261751407 2.096840177422018 0.0 0.27036280619714365 2.0215730813591755 0.20089190399455642 0.3241219616599392 0.45610655686852225 0.012895706855286893 0.10178749259525116 1.998615002784681
2012-03-09 1.2953447586863995 1.5196053924305948 0.30600107369016527 0.024388951927305065 1.2999856103418257 0.7512192133415134 1.0771149030199703 0.2471406375981243 0.7639693945536161 0.4972612945125181 0.34715183331185706
2012-03-10 0.2000060607274558 0.9990646148253333 0.28786056171291297 0.02048991484104533 2.5211374371689277 0.5495588509092457 0.14903642453467136 0.7258683959229011 0.9121535401255854 0.23266226063674522 0.049787995097306983
2012-03-11 0.0075962235901572426 3.803123208694464 4.061905554458299 0.18335930642857384 0.2730289669243506 0.2577336271011035 0.27163904624190566 0.4796893422163342 0.8276685351473634 0.08766157064975606 0.024730504104704665
2012-03-12 2.3569264079158354 1.996914545830296 14.337510065481782 0.18253018619402048 1.031546675839151 0.036103189138843216 0.3081556357707868 1.0399162020018815 2.531768234879491 1.9075033322727721 0.9780506864227727
2012-03-13 1.7384736121922595 1.882785491165972 0.41111102783888476 4.728237846179844 0.4906421760165739 0.08522264517085296 0.22459449416641536 1.2245089974600698 0.2432504394934064 0.21877338738944058 0.5668105015943117
2012-03-14 0.15120316133913417 0.6217072269990617 0.0 0.9591342641528859 0.9420372145592515 0.20430379935047743 0.4488757742733452 2.6573650862447895 2.2588179587711292 1.0336678597544617 0.24276292375747383
2012-03-15 0.37684879599263 1.1080136105386664 0.5718863630773995 0.09124799201420333 5.021830177383601 4.614229706967826 1.8371847304669708 5.567202356701075 3.9516738458472096 1.0142356288627679 0.6136742116627464
2012-03-16 0.12707741597024774 0.5492610055682465 0.4233144575628388 3.988089215341669 11.059931519675565 1.4468893337229458 8.281250524070098 0.20919926510268813 3.7648213458368796 0.3710967549253521 0.32967762199066525
2012-03-17 0.41053966632633715 1.9586258101414338 0.04925656753413549 21.245285989295216 0.903305501944971 2.585406497641459 11.835124493917938 0.3517347980087142 0.7214727987759517 0.8490071091335195 0.39357503919481557
