2012-04-05 0.5948655344686642 3.174446851582419 0.3538817727111292 3.209697448189117 0.062153624004621814 0.5480881536877945 1.039131494348327 0.8271883066548189 1.0060716238422516 0.050879116154238554 6.072533072061226
2012-04-06 0.9011200082150879 0.6081490670172071 0.062153624004621814 0.9667316604228574 0.07020001472264464 0.6875319184951274 0.09965413178247211 0.3079743284346951 0.019476437699542028 0.016987471272970508 0.357725433438713
2012-04-07 5.01835420690837 2.7841605848981796 10.519929874959086 3.956697818803616 9.084583248424828 2.00192154145725 5.829306810423539 3.3669366544251123 0.5892527829521526 4.098382751355608 2.4344053366975444
2012-04-08 4.402585253390547 1.6118126904300634 3.9684518550200223 5.891258674065168 3.5477362043216583 4.814080987966873 1.5433043465717207 7.167133369746811 3.664802432886636 6.594295258831016 2.7943899802130323
2012-04-09 0.9984138293754122 1.7551526365347367 0.8680923418813085 0.24408703998009051 2.0198325180864813 3.4077109824943115 1.293418829328655 1.117230637599138 0.9089693753890888 0.24964483015204655 0.3214449330273308
2012-04-10 1.3715659504442006 5.644890879698547 1.1655699112345563 2.0352381203516 0.307302788164237 0.6331693790272307 0.9564677585768011 0.500351622382752 1.285091801088221 0.37322849014174114 0.36768683398101365
2012-04-11 2.086548761493198 0.35571456016259095 0.0 1.6648722726174308 0.02042516548765891 1.2068811969839823 0.1219717656569332 0.6672881448571759 4.914611148648124 0.44581970820684147 0.5950358018805734
2012-04-12 1.3424074435312034 1.1570203513748012 0.36597314125753044 0.3225209208329981 0.48545417418538606 3.587802003341592 0.34088137804524354 2.7397666371637928 0.7001652019833478 0.06713119392920297 0.24667369924789703
2012-04-13 0.7727615174324359 0.034628741802682356 0.5407770465488348 0.5336891565068904 0.14999490685137645 1.1677710401460797 0.38450321678696375 2.266031391651172 0.051146130359043536 1.8826407995345966 5.837449425192002
2012-04-14 1.0016071068791463 0.08298519143511326 0.5925506645084488 0.44566446040972285 1.301626807730945 0.8032417731270006 1.0339245459092934 11.783945350742572 0.7032362549647928 3.159600559158355 3.8845483546752755
2012-04-15 2.209603944031115 0.07774426927131958 3.623687054894993 0.2510201552965887 3.245386659067319 1.0511144937423142 0.7297424272581376 4.737211748009274 1.788671551199521 3.9704173139539765 4.413009199688156
2012-04-16 0.7790406181390757 0.7573472537165977 0.665614095395693 2.708453364489943 1.7835939767009288 4.383568796790773 0.416232776099554 11.953369003242418 44.517702345131056 19.333514647764286 0.04538951468344343
2012-04-17 4.457209810104144 5.9192574743122846 0.422609126096535 0.9235260343407417 17.05522410836862 24.555753734530548 0.5332508130716898 0.514664838065062 0.49651692971230055 8.256098687144958 0.44321420110760057
2012-04-18 7.675127421249433 3.0901274174428703 1.3809177656705027 1.0712310924686959 4.025979845975879 0.8004742634672424 2.0443740855172363 0.5183155049702907 0.44080238497429514 2.6487898525999096 2.441392531760366
2012-04-19 3.0488788801406965 0.447340103143929 1.0364596841488307 0.7711878976911455 0.7449820134688452 0.15125234533731344 9.716903312823172 0.78496292896916 3.755352933395071 2.6146233140690924 0.04718886912389683
2012-04-20 0.160366097338264 0.0 1.4731680364486042 1.7554391455839706 3.468548048208513 0.6708591506556103 35.133828868572195 2.33695347753979 0.0 1.092721021731515 1.0752517335727507
2012-04-21 1.0364730450684982 0.6204543352021026 0.21708616097575145 1.6128735256376419 1.3708085753507029 1.4826883058161304 2.919967806650998 0.8203436820310348 0.6857625520766168 3.712803116886561 0.15173269602631137
2012-04-22 0.869453665693574 1.7436680473630306 0.3231706486540782 1.0395162244454297 2.4206966725500134 0.24664978198884474 1.6364150996771247 1.1942916177053193 1.457448369410431 7.3594065223297696 1.5205726971054276
2012-04-23 1.5775821174230735 4.857999612994574 5.522901344271012 0.6196474710365043 0.8308192426229242 0.003465196831352904 13.237240438699136 5.398398826256026 0.7462479892437272 4.268872952717269 0.3858762017011944
2012-04-24 1.3076077769344627 3.259885408643595 8.753560489789676 0.4270506659254426 0.9415102070816961 0.0 3.932670214000681 7.174714614248212 1.4857905449018203 0.7483841313257451 0.20149551692637824
2012-04-25 0.29772913451119476 2.3945645019406046 2.124799366685491 0.0 2.524789600334905 0.1297051177447169 2.144165218332937 5.153510290370312 1.8575402424681382 0.45251338495420745 1.0480644993955135
2012-04-26 0.479570863659639 5.970271985497902 4.047379715083574 0.13880023092491958 2.049438619649136 0.08908464043234118 1.1936540484674292 29.934680259466333 0.3958513901330776 1.7674067223375158 1.6639632458340383
2012-04-27 0.38949896120093425 0.5968539237865952 1.1429476632941058 1.369493146659988 3.0553037115332984 1.018639007414411 0.4877319962627171 0.3354190259763032 0.2989832818049555 2.8005496110848154 0.5202821724965396
2012-04-28 0.04454038111578647 0.5811784630021906 0.9628014460543035 8.777362518199034 6.195628136270857 0.524803478293186 0.36454643293865896 1.0349189054524124 0.38585780101775513 2.0233314140681187 0.1987794303470377
2012-04-29 0.09060213241567748 0.0 0.3835091320701177 8.375037764299854 11.527891980774037 1.3340655706944644 0.006235008504921715 1.2494689007549455 2.6957132588840884 0.23040473573248685 0.09749984553225818
2012-04-30 0.3636923493806634 0.005712962080833738 0.0 0.2533845252567062 2.2913010567535292 0.0 0.6560461700421099 0.6165386035257687 0.6430685559460303 3.560109019472803 2.1403658026050945
2012-05-01 0.23899800129491883 0.0 2.227225303118609 0.07735789219109612 0.1121277248194871 0.10000460003515241 6.137207059047709 0.44892251813723605 0.8373908447205756 4.383050914368219 7.074198623256017
2012-05-02 0.22218100805905627 0.12388087931721008 6.0069515907608855 0.41293276290118786 0.06418987290698862 0.0 2.7269443382643717 0.042348196346870336 0.5992759239497196 0.3299558870866087 2.207328668596145
2012-05-03 0.8390470375294637 0.004357832409390477 0.07027364991819433 0.47343426865302407 0.8870048504135895 0.039211990403095254 0.8463309603193273 0.29534505442988135 3.3165361906572963 0.40546324758356717 3.849425566031468
2012-05-04 2.3428079919452736 0.8910897289804545 0.2638904133005382 0.13665774612496165 0.21845306300418327 0.04377320148949509 2.915651719360985 0.6351941478817871 0.38442725866319993 0.09717705268646162 0.040259870121745166
2012-05-05 0.6034831027541726 0.0 1.8800711606053624 0.11873198445714891 0.543335738150004 0.7159723777288787 0.35499143481988793 0.7820103168241177 0.6852514801752579 0.23580934981151153 0.07831609616942554
2012-05-06 0.21618656296713812 0.07352582338364322 0.4879449039051425 0.0 0.175620690540565 3.681386430266084 0.4090611646472586 0.305477671588847 0.08813828149449125 0.24206653449565924 0.0
2012-05-07 0.30714243919120643 0.805079621447538 1.9188707509772722 0.0 0.41741826699414203 2.5954074225357036 0.1360339963477014 0.17814123114160144 0.7467635116912392 0.039297653721550245 0.13310688623098565
2012-05-08 0.6701734944670543 0.9231581666337556 0.6594984978149236 0.00782302924074338 0.0 0.10791354416275689 0.28696767427014425 0.3807945719740597 0.40272025634524666 0.06937895849879727 1.098479137755589
2012-05-09 0.4129283006150172 7.777072509922592 0.007084242730378868 0.0024728154484696518 0.10788117067311237 0.007512316135684706 0.5171717633180636 0.7082351794388799 0.11269718843904282 0.026564440294428036 0.007809312360783866
2012-05-10 0.24310661196421568 3.4207136061219297 0.08156018636436316 0.1853411308232597 0.5306122277112627 0.0 1.3101540272729513 0.03654957187858239 0.10797121081112374 0.06831882670064889 0.04088166235067882
2012-05-11 1.627571616125664 1.5146291710023805 1.0790354156899982 0.029037255742897686 0.1866023993226449 0.0 1.687116104563895 0.2515736287110671 0.015416996175804856 0.28913679729076996 0.1328774578643369
2012-05-12 0.978251738475895 0.003844096098014781 0.16118375345542493 0.024557947698060568 0.6447847387256903 0.028830117201381185 0.6045923950410748 0.3763830882683615 0.0 0.05973247867698826 0.20932886865330483
2012-05-13 1.83813477784077 0.11924572031104753 0.025189399780375765 0.29144098493217063 0.21417124604874976 1.1398473506056062 0.3474233390121729 0.28145755927889105 0.0 0.0 0.03574679398412748
2012-05-14 0.16141968321302075 0.4659759228806589 0.14668878427331797 0.5094601993887903 0.26245672366367 0.0 0.07833795136432109 0.8499132338381794 0.3370735129044291 0.2638931339533772 0.0721343778740195
2012-05-15 0.0 0.098940089825513 0.7253307614559835 0.3266217642504087 1.226849207988085 0.013197775599853943 1.092624355180293 0.0 0.7107982553166129 0.290623692036443 1.4038222741369553
2012-05-16 0.019477476899079 0.05816576315004565 0.04604263826095538 0.5505288010042401 1.6883685532488788 0.15040507009280726 0.8751062275052018 0.009875725925927139 1.3306622135563138 0.04786615927621201 0.02703076314653022
2012-05-17 0.6444761370877592 0.0 0.10654244714574536 0.9704601367235177 0.7615186272668115 0.02854519095350145 0.614268761912943 0.9361721110708288 2.801575480561681 0.0 0.19911163437199933
2012-05-18 0.26445928019853665 0.012430444415959507 0.3247642736810466 0.0 0.02845121793471931 0.0 0.08386961963711201 1.3564815905502923 1.1031324784431678 0.0361270879113435 0.01618432735969929
2012-05-19 0.7029001272392597 0.0 0.1596700935688985 0.0 0.30939374080419324 0.07191370587142576 0.17536153141102373 2.1065250932571074 1.0097075403877818 0.07749898389375415 0.0
2012-05-20 0.18451411734302464 0.0 0.0 0.004047119304331803 0.025067924144929123 0.1476972923109457 0.0 0.0 0.06277336100119683 0.016788276825349984 0.04619229244488512
