2012-04-26 0.0 1.1368683772161602e-13 1.1368683772161602e-13 1.1368683772161602e-13 0.043238259586851326 0.038880156943414755 1.1368683772161602e-13 1.1368683772161602e-13 1.1368683772161602e-13 1.1368683772161602e-13 1.1368683772161602e-13
2012-04-27 0.0 0.29012761012465527 0.09406121503090817 0.0 0.031270862476368205 0.06644465947860481 0.4197187445167762 0.0 0.20203402260201164 0.13558936291421064 0.0332946342826418
2012-04-28 0.0 0.030646644167515367 0.05261977244615403 0.047495768219381736 0.00467176192140003 0.0 0.029964521245761794 0.0 0.0 0.0 0.005585522660763973
2012-04-29 0.0689038628878956 0.03276792669587744 0.29491503780953143 0.03253628887826707 0.12933086303401395 0.07758963974406709 0.24448034795496598 0.0 0.008061536772409832 0.6296207041719573 0.024534413919987036
2012-04-30 0.006940606473947285 0.1812196210790952 0.8304123576785536 2.0123263977501322 0.0 0.9092032162913837 0.008681072067828713 0.0 0.0 0.48174598182502026 0.17069283564642956
2012-05-01 0.062014622448128526 0.29736821553302045 5.418725131808607 0.24186423624277378 0.2296505734564405 1.0628321892286754 0.046014245473478356 0.24824307644563504 0.41689709584130036 0.20187887702787158 0.9175327755745102
2012-05-02 0.021247485645290436 7.852301263864699 0.5918684802088382 0.2629759155480762 0.028036502960347615 0.3312458743693788 1.5115252126663874 0.12980894367890672 0.03577064839428766 0.023524619960152166 1.288315186616491
2012-05-03 1.0855036076141182 0.461342927690145 1.3986819019730548 0.28449164271100974 0.002476014111645858 0.005413546657283398 1.0868996135180726 0.0 0.7077176771828848 0.07618888038410884 0.15580352466556102
2012-05-04 0.18993701759586162 0.0 0.7546059257270334 0.1322161509315426 0.2278000236426072 0.5105849982559967 0.011781164379783441 0.0667128198664842 1.5322127370480438 0.047576551492447106 5.123297550898073
2012-05-05 0.16252329166055596 1.4224707777749879 0.14539427657313997 0.1943320051325919 0.010633304404915106 0.02186647295846687 0.123962494664445 0.01971330728040081 0.023986138394143847 0.06750433193658852 0.14196510258519662
2012-05-06 0.06542930753562423 0.03727351159151985 0.1875155219914237 0.010633304404915106 0.1212800004905154 0.0 0.09328747957058392 0.03859224949113398 0.0 0.03726436699343653 0.01109455119982672
2012-05-07 0.041886646100357486 0.0048271772563892425 0.00287494491930285 0.0881117005998171 0.2016270944653386 0.0018896447107517032 0.708720650585728 0.0 0.16407042818307155 0.47627222735022906 0.5298695905658416
2012-05-08 0.12295424326405598 0.31198789272441013 0.0018896447107517032 0.17316586012410332 0.0365777538134798 0.0 1.0204924400758963 0.38881990689756496 0.3788348628108281 0.08810858323376806 0.0
2012-05-09 0.24345933082040455 0.0833957666265665 0.172148844797236 1.484913562376914 0.10628229501970352 0.8305234285552439 0.08402324215856238 1.1636021998562098 0.0 0.0018896447107517032 0.08846049309683399
2012-05-10 0.28224670555209297 0.16435999922498032 0.03703286928437012 2.2581232811328773 0.19458195998795116 3.041336568807162 0.09406121503090817 0.5013378271290897 0.24865569187742154 0.024665335503692525 0.0
2012-05-11 0.21140083790158123 1.2128034605721176 0.17476362278725527 2.2145183222016565 0.11158331736484077 0.7989443791080937 0.16886579966658088 2.5131698460049483 0.3939044879601117 0.3483576338442058 0.021628606222661446
2012-05-12 0.5250788830204373 0.035866401915147075 0.3141365855014069 2.8948590894966 0.36957786134533854 3.0915762427709024 0.5932331527176329 0.1671831708018383 0.02409265360577168 0.37542366028151103 0.049213436926652865
2012-05-13 0.5222228611592628 0.03886646944043247 0.030016294534641233 0.9958397997384433 0.14748350890523987 1.3989198733137473 0.06808633278479284 0.21893169008150748 0.002476014111645858 0.6720657684108308 0.08459409829560462
2012-05-14 0.6145416676281537 0.0 0.0 0.03455685517272426 0.6841180696909182 1.8483481225669556 0.7574759459115756 0.30491346685947596 1.5544470486962447 0.2220412780744488 1.6502296583047409
2012-05-15 1.1848107753459134 0.07857493995261823 0.04555263957762955 0.0 0.01885606355056854 0.0 0.0 0.46203542222379246 0.5472674140591257 3.9858302384600304 0.04934435851035836
2012-05-16 1.8489555963957889 0.01086467058344541 2.145099561408821 0.005350959030948708 0.2646810124539035 0.24932417446516486 0.07102673849594844 0.005413546657283398 0.49945362883863015 0.3099963561451097 0.013270812528884636
2012-05-17 0.21432335437137043 0.9197222772230474 0.26858380991151515 0.12147652324064405 0.08532958484428387 0.16328191047833218 0.0 0.10758602330338726 0.0621111554449913 0.0 0.4558195196265067
2012-05-18 0.3989882817435768 0.16415320154673446 0.9851618739219019 0.8724441105374181 1.0352891978991738 0.09409624298521028 0.2148430358751207 0.014032083745464259 0.10118593997050421 0.012367533780677595 0.06520804224512962
2012-05-19 0.3108017901636954 0.3767972546574051 0.22319680129192698 0.516649209031397 0.05901704877841149 0.6815584487186928 0.33683465677944724 0.15576402171084888 0.1462255378011368 0.35304567286947297 0.04938541293013344
2012-05-20 0.757226065598763 0.5914470520590552 0.3247926769108641 0.8345155574650189 0.0 0.39346648840804077 0.5834908073096512 0.13678612039962304 0.2368911788648057 0.42018757564444986 0.011091625387621826
2012-05-21 0.11327249343167388 0.7496704952383074 0.060732583297962134 0.5625128875953036 0.06963461895448994 0.026468502822204233 0.004982320952298388 0.3822746946392953 0.0 2.983476337529499 0.08826556904876895
2012-05-22 0.4110728523104813 0.048651473897836375 0.04098112143529208 0.034164274681481796 0.3297097166219395 0.3279050564092663 0.02209055459712523 1.1061439472714594 0.12493314580415943 11.471715097424235 0.578650196742742
2012-05-23 1.4017361230177188 0.23460997499302821 0.009498939177789273 0.0 0.16473294858426252 0.1052344868213905 0.02490597781084225 0.002476014111645858 0.10003625226216575 9.684364367530659 1.0973088412513885
2012-05-24 0.006889240439767064 1.094068787524354 0.17277222921055901 0.08742537591124791 0.602633131779938 1.31890812337156 0.05413743345789505 0.5478896950454138 0.012829052214669278 1.2935081219493971 0.05836809097997779
2012-05-25 0.15698275684548538 0.06636996593825782 0.009891519669031738 0.1369260924230186 0.5015339384426305 0.2159876134540217 0.36689501766128674 0.0 0.0 0.27627183402760924 0.32903060320377003
2012-05-26 0.02736184344772535 0.056933614386803236 0.2604662689853346 0.5190771651921712 0.4673315191650943 0.06393620430212152 0.0 0.0 0.0 0.21072506039120845 0.005522935034429284
2012-05-27 0.02164231246423781 0.7044079999548841 1.2368087407792885 0.12957150792080468 0.5127371797303053 0.07658271963830407 0.008001874958280034 0.024304113495450252 0.0 0.0 0.40847793735771
2012-05-28 0.23242308600639697 0.9011342149503461 0.03312872889596424 0.03968085939949656 0.060935211131386585 0.09338011504148407 0.0 0.11673623614905214 0.011781164379783441 0.1055679586456309 1.1015270011162386
2012-05-29 0.0 0.2892945761257989 0.3586164369794829 0.0 0.028351797216541408 0.0 0.0048271772563892425 0.5070157327744323 0.0 0.015305066326315135 1.5685633013481257
2012-05-30 0.3346595201300718 0.6125752725108582 0.46414129745122035 0.25801309042903864 0.7248556126638808 0.021641325565814988 0.11462250953361561 0.006561406632151733 0.0 1.1636742632595052 0.7422745500855553
2012-05-31 0.0 0.05501956407517873 0.04553909218320021 0.41024114827822156 0.9506367950153684 0.4161280865205026 0.0473204465955408 0.010046935004020952 0.0 0.019900745873637972 0.1119090588926629
2012-06-01 0.0028670717203509648 0.005413546657283398 0.18145399118247482 0.1400204807404139 0.3317348820434556 0.0 0.0 0.2988323017361756 0.0018896447107517032 0.06636996593825782 0.05084106362893041
2012-06-02 0.026884765863759173 0.044579576125073 0.015763387309021857 0.0 0.6026166846259744 0.0 0.0 0.018915445665086825 0.0 0.0 0.007303191368035101
2012-06-03 0.0 0.007998949146075142 0.0018896447107517032 0.03253628887826707 0.04927889771850562 0.002476014111645858 0.3225274665183833 0.0840627076954063 0.008001874958280034 0.002476014111645858 0.06636996593825782
2012-06-04 0.1483380414020572 0.0 0.0052197577476317085 0.04496627017673539 0.0 0.0 1.101922031694718 0.01778108043796099 0.0 0.0 0.13530752276253655
2012-06-05 0.8263358034896024 0.4784645741347147 0.008001874958280034 0.0 0.0 0.6493693234516367 0.5874451950128096 0.10253071278652937 0.014029157933259366 0.014362348249452104 0.08715042109913917
2012-06-06 0.8442688830569951 0.04399974979582418 0.02121037149991005 0.0018896447107517032 0.0048271772563892425 0.3959728682684402 0.008157290293269248 0.10293772544629413 0.0 0.00467176192140003 0.0
2012-06-07 0.8381675921640426 0.17690708209677292 0.002476014111645858 0.008743659694163403 0.0428767052323107 0.3779623466515609 0.00467176192140003 0.19162813631328324 0.0 0.02361744766880669 0.0018896447107517032
2012-06-08 0.002279795757912423 0.0215603698594644 0.0 0.003330113036880005 0.0 0.004764589630054553 0.1317148158579955 0.10112747339722075 0.0 0.0 0.0
2012-06-09 0.0 0.020768339546614625 0.01932513816351223 0.0960499170255503 0.0 0.7713143981677955 0.36936819950586713 0.10449169078663659 0.08342183194865861 0.0 0.036353672174821446
2012-06-10 0.0 0.016046851062198504 0.9788085425243359 0.2538543049422084 0.02591415667955803 0.0 0.02557581132991438 0.4297588181683626 0.14992646345500293 0.0 0.38275671709630554
