2012-03-08 1.7319759545754683 4.489923373118591 0.5117446613214565 4.980429108758607 1.413312762115505 4.674931125454217 0.4770509105117755 3.5769360954889695 7.84830568284253 12.96165337491598 2.8589341437933014
2012-03-09 1.1947115978080687 1.2771602665755841 1.0384066197754285 0.003855297911761663 1.1714555922402772 2.220479724054793 1.514030167623384 4.574241653004435 1.0331142099090793 0.9584855640760241 0.3769863268736163
2012-03-10 3.9286348830865063 1.6358259542053384 12.629341307083052 2.582628064868412 1.1731895976957603 0.963775513586436 1.809838742934831 1.1846871112622526 6.87070444614298 9.908329799696869 2.9712796923263314
2012-03-11 1.3767880559221983 0.23144683611467998 3.276143348644538 0.3495911806303197 0.2209070153167777 0.23591632173940144 12.360959282851956 1.4411320807678556 0.37545932897779494 1.106304577498014 0.1595933046632805
2012-03-12 1.0660376123715487 0.24120804778380162 0.6662522830306679 0.09232740757917333 0.1805732411812085 0.4440774332671197 5.387920953403794 9.03615857982884 2.1989178377764276 1.0017046081071168 0.6267594278916138
2012-03-13 10.38286113194691 6.9518983035178925 1.4169140889449157 1.7075810553256376 4.9723252614474305 7.320070706261675 11.511020471072516 2.6862145706454075 4.155424189665506 25.931050499399596 2.4409783395249534
2012-03-14 6.176580745168133 9.669678752205195 2.1851447650104263 3.7549938983539652 10.53748077473013 13.344542893731521 10.867364484087886 10.341821968793756 1.8521134975335345 7.255656992858474 5.530379369287992
2012-03-15 5.939157609116901 3.549181693539287 2.41081658677509 5.199774928052786 2.3507915887140562 11.562793658217899 0.6589762360695521 0.632505444739939 0.05072528106402491 0.2637532188843617 17.675425955484023
2012-03-16 12.68072848663061 19.78551834962207 19.270283145172534 2.3091295038748063 1.1319993711683272 1.1962874545201796 5.732114546502588 5.185039502863609 1.38633203157896 1.6649152278258752 7.213790411811916
2012-03-17 0.7276621805458242 9.573506910952668 16.764599706586463 0.5264252298259751 0.18972034357837309 14.420967646971937 11.626610987166192 14.636604205228588 3.761901110622258 0.8190302635251782 0.6130845489350338
2012-03-18 0.7206584814623709 10.739522322630204 25.605902801204795 10.533241176551787 0.6598609879237577 1.7930327674871083 0.34841170665484356 3.3425758403617216 0.022950446010958983 4.522248340352514 3.8536361117553284
2012-03-19 0.11926493357042185 22.25599563080005 4.800738228144071 24.125760783282093 0.94933956861934 0.9241658335126438 0.011078627862381129 6.424732408493838 0.791746327516566 2.1914764667177513 7.90370025318096
2012-03-20 0.9260655187356257 14.148687160340621 0.5812105110749871 12.646554399026552 0.9521623519272275 1.3191917212815694 0.26758381160162825 4.256823515243177 0.3890712226969999 1.026972005294914 7.410014179410615
2012-03-21 0.8963451279884995 5.027913325577163 0.9805402338047428 0.17481140840137877 0.280958911649124 3.230995496988748 3.625244212728698 6.40126629840743 0.8828660751518733 7.1549641231560575 3.3997660379142576
2012-03-22 1.9290155011072858 3.892567667067652 0.9968507514056372 0.45934367298752055 7.339023221789597 6.8329759729517345 0.7811222263474485 0.2556616660431912 0.5472215846750282 0.48354495453240154 1.1532158711208271
2012-03-23 1.4859848581028905 1.8479711747127983 1.2704870591308914 6.0581639226165365 0.04761242768186411 0.6812521518437397 0.12655507435200666 0.35499637194159694 0.826318885523856 0.03851676247582419 11.221182623084179
2012-03-24 5.754694879653307 1.6898219016715759 2.7058799117346477 0.12734494015477127 5.919179679063082 8.017329197851002 0.7700467366789481 0.36005763913652106 8.572033335226404 0.07608761352012411 11.279191124316593
2012-03-25 9.30338167430309 2.983237284419605 0.44437038898120806 0.13488048984838447 15.70677378272206 5.493347609132652 0.8119269034610015 0.25900666201343864 6.2762361281069605 0.3539185601228099 2.2820540517679806
2012-03-26 2.4151427272476758 1.2536063174904684 0.35085073059497074 1.7442646190228626 6.76820500912102 5.5357821644554495 0.5111685181532059 0.19597876617008203 6.4399941306363555 0.7507317491598979 0.08638360692620231
2012-03-27 2.0427133387224705 10.045715760475403 0.6115272131009295 1.2743851032825897 19.257378776608505 1.2735972050160753 2.099614567457467 0.16215815017468957 9.535689693696494 0.6048704799337622 0.08129977809412857
2012-03-28 2.9041344371125026 1.9736343290329308 1.9493218828542092 0.5513919134704193 13.79030198699347 1.1154237055213678 4.3771332701312975 1.1304518283100748 6.123347510077808 1.1185471399912486 0.7151070548920009
2012-03-29 1.4858747506087226 0.8405159462428 10.631127433120977 1.0700209402314211 4.409778052492496 0.5017419555889662 2.3760169118236325 2.183962445331721 2.471367255184719 0.06110966019257272 4.295223023348627
2012-03-30 5.3543652966621185 1.1336666696114865 9.118122347484885 6.971357958401996 5.71112760813954 0.3748494360659244 0.06556808340695403 1.7806551043429608 2.5555887670182673 0.48527847622541176 7.012139734210439
2012-03-31 2.7211926086298095 7.118591428217898 3.0440161578618348 5.232723376888569 2.5569345312274856 0.25590462182990564 1.7705831002809882 3.1705519333426637 3.362408388467182 0.04689441322516982 0.761480020964592
2012-04-01 0.7841482884486958 1.7772710789124768 4.172253484297593 1.4999042562588454 11.800901646928626 0.15700861079061934 2.07535128055218 11.533969894860306 0.32557412707348976 4.886765987238211 1.6333640580903468
2012-04-02 1.8756201979177831 1.8847643033233403 1.0104771270762827 0.8468072839198435 0.6995578752881888 0.8102634730007315 1.0936385904827421 1.222529882313833 0.09759738577320573 2.5465701793903825 0.3354575343530577
2012-04-03 1.9967437478517125 1.8032517006534041 1.4537405093260396 0.434983551862143 1.5329338284883915 3.772411871364113 0.9716457380746363 1.8869371873608585 0.9830098927948635 5.586013291674655 0.2243656872968341
2012-04-04 6.414424373802575 1.1550753556261162 1.5728539150584213 1.0804847537090265 1.731597079952455 1.664134887940463 1.0665333032953808 1.801302764291719 1.0217849256435434 2.4003615272897045 0.04613142622619472
2012-04-05 6.137174299389508 4.817403612925051 1.129267606713253 0.1905494597945411 2.0526855088294496 9.329209022353115 3.5661491372420446 8.589648349283157 0.008358029318378167 3.9320095681767913 3.7193661181143067
2012-04-06 6.8092503112298175 1.796394458634717 0.590727484300451 2.317565717613629 0.8743796440505051 6.593537378576562 0.834801115698142 32.38772538668906 0.44609068596600193 0.8296033240658143 1.3667996380413823
2012-04-07 3.945019179713875 3.320717477983276 1.7044697716858301 6.505124074884374 2.3272974689834838 1.3642578582569085 0.5215723395635082 8.517353020272889 0.28480588586889033 0.3210448740618127 0.5535915289776562
2012-04-08 3.635311449655217 3.08434579177222 1.1022608351501173 4.974578527337934 1.7895841884664014 4.170615237878394 2.6238884170826773 2.346608522532197 0.3602647223105911 0.23116510442006247 1.457633286910424
2012-04-09 3.1144623304455297 2.2386282075401276 2.826796201560931 3.188366631977728 0.8632379955445901 3.9544246590809857 6.239392936084765 4.4307189980140835 4.820865145938907 0.0 9.080805003297147
2012-04-10 1.394895500502277 0.3397986216515322 2.6601113167114687 2.0435186141157513 0.4231159929877693 8.082974694977999 0.8110762760368784 8.257187085855609 0.4394177753713882 1.4673676638246382 1.775966079096575
2012-04-11 3.452826219501925 1.3650176780675534 0.9344740707761227 0.2920707100785962 3.0626056668803123 8.62395155695297 0.7731072408161577 2.7969021705900654 0.6030083793244274 4.146051560408232 3.948832908674821
2012-04-12 6.229290703082048 1.3358959795186889 0.5421756139924849 1.2707465384859458 2.13344801199083 0.7706705055786223 0.43242021266571806 6.653678777718174 0.8929196886239104 16.497252044042945 1.1684570203402562
2012-04-13 2.1415882850550316 0.39888402528572386 1.6768199376883772 0.6030324859259321 0.9588644089055572 1.1911446111308512 1.0592408930206143 24.090171848134762 7.38280266124597 5.277075453700128 4.019289005932805
2012-04-14 0.1234172554127417 0.37840735844453455 5.422761590878584 0.9199143141683197 1.7405278541627016 0.3503447250177537 0.39127964984866825 0.7480449480421941 0.8997830248013028 0.8558831206188555 25.728427565832817
2012-04-15 0.01688817490257806 3.0764461297722874 1.0546681824888586 0.3320833583905699 9.34458128477916 4.410464980119006 0.052496578211329366 1.814936912814681 0.6049725849977013 0.7472911935103828 2.1839178945449014
2012-04-16 0.3818202875093323 5.311702994477037 1.1194693413438441 0.6293878499487803 5.186744054361498 1.395011732538972 0.5212974328954247 1.2297639855311346 0.2894235906260256 1.0858037623799763 2.7244235906914955
2012-04-17 0.48403462045450985 0.5342720071041702 0.6566810464557257 0.6197502897253192 0.6447124476399071 4.731925767246217 0.5606458657888541 1.3243708232894675 1.3276355111558489 3.915705442814905 0.5296270824866358
2012-04-18 0.39779473733666293 1.0437103047919796 0.7446097727501675 0.9090716998621842 5.252398840842803 1.0210488374717566 0.6250676705406175 0.2926538226061318 3.1176184267271623 0.8021877560734116 9.676637409771816
2012-04-19 0.6776446669729231 1.1401826603634682 0.8468636616585303 5.464841481753062 2.2366337349079632 0.4206615404759153 1.0282700417686115 0.1483512800484951 1.4745443134925664 18.967631548489905 17.141795078044673
2012-04-20 1.0627797916267474 0.9598655697435793 2.8519293364371308 4.306357533175307 0.805562445922285 4.113596968078728 0.29317258168337573 0.042712867315483724 1.9621081115400716 3.51026121279981 23.29023952984819
2012-04-21 2.3424750616870984 0.7661032814908195 13.411850114732022 0.22532104577784628 1.7038368836723548 1.1102007279196588 1.0857837512245634 0.6096746070462591 5.866403883502078 1.0624745758497582 0.144087605295525
2012-04-22 4.132657274703088 1.385228033503042 14.196344879066018 0.0 1.18480424181553 7.613479133336965 0.3802193371930662 1.3626454210432166 7.434538763173283 7.6889805464295655 0.0462267327957663
