2012-04-12 0.36491996758624057 0.7491574839586554 0.15787795780214475 0.15787795780214475 0.2924604448068252 0.0 0.3754037022728535 0.9477476336284926 0.32470763517847334 0.5065409791320413 0.5578198781857033
2012-04-13 0.15470811197896983 0.6544215427107933 0.01836678237440006 0.015521708372271958 0.04778125978658302 0.2993632408946435 0.015343127754726155 0.095375149401499 0.011434445221873955 0.19298417044019428 0.01836678237440006
2012-04-14 0.5182495817866568 0.12314803796128848 1.8477122668636474 0.2316896212201466 0.11679804571257399 0.6065707421835641 0.015521708372271958 3.516644530608608 0.24795977402363648 0.030520152349003064 0.40698420428694015
2012-04-15 0.4187945693224434 1.5552367513459049 2.08741799543889 0.1729395595133611 2.9197399542487616 2.3586223606101644 0.29606307207911164 9.497596697701809 6.603232292816166 0.4345966257344666 0.3769810546979705
2012-04-16 6.268870710798622 2.703499486657841 6.679323778749035 9.272460043604358 1.4604566021090069 6.791868292215388 0.7712234236560327 48.62684619344543 5.662141336298744 0.5669794798922088 5.812457468452012
2012-04-17 0.578446435255471 0.39787356613605085 2.0072304352809502 0.03738595397251408 0.6537301478576799 1.1052325216956342 0.9469721125704037 3.484842674062933 6.542996681546706 5.350203722237582 23.57190124805893
2012-04-18 2.026796993193984 1.0956911289077804 3.125592818822123 1.3962092030046107 1.899608697649699 13.134869233685242 0.5168744388428563 11.988871422074832 5.046338111520649 3.7980269531426702 14.760566457009112
2012-04-19 5.991589177818011 0.3349031434034651 1.9337409428328525 8.634793806852379 0.28595330087336013 6.149742518678297 1.827781617544937 18.764864590762503 2.103940124136009 0.5938778547434771 2.398594718916219
2012-04-20 0.8574949142029469 0.2715812864030558 0.6439842071356179 2.1720116470722104 5.7092494142501335 1.1112443323986327 1.0887502040489545 1.0285583027355516 0.3483165456691737 0.6797835600453339 4.418846757564848
2012-04-21 0.40513185369913607 0.8163270224082407 0.6211837822966414 4.982155714234805 4.073567269423078 1.3116660396449815 0.4662867777655021 3.0559153406290855 0.5993193815089692 0.28786750001067324 0.540368023028448
2012-04-22 1.0061497320433905 0.20634827683238605 0.6134652809407275 0.3283169706930512 2.2050162607891837 4.872332078096035 0.17828314649045432 0.3196336728640055 0.6188790043905403 2.797681063454105 1.2916096047926566
2012-04-23 2.9967093818889 11.001085533280333 0.12269694277099295 5.4041114647358395 0.43167248088474447 0.7846802279294454 1.888950371645161 0.18399087498806332 0.2667260000255757 3.071543327181163 0.9495649430535367
2012-04-24 1.735626268973139 20.03926392962287 0.13353588662711333 0.970457710986685 0.10249278043825945 4.569936196058594 0.9626658703290094 0.2677964886754498 0.6751659428006404 0.7997777796719903 0.12394557518548682
2012-04-25 0.5423461500467617 4.895597440051894 0.5126756920946436 0.5505635361629391 0.4464943199817534 1.3601792654889293 0.5453968773551693 0.8257913508734646 0.16885473482686097 0.6308397709526847 0.2304490250528109
2012-04-26 0.49036362848941206 0.9331407820317789 0.029846543216039436 0.038257334436817184 0.03660215849646989 0.2811188482150345 1.1244246871740922 1.486451762162822 0.28566627603540884 0.333846131946596 0.37577548492179424
2012-04-27 0.0 0.0 0.07085593864754508 0.0 2.4489479100037927 0.4918537279618534 1.9866275572663512 0.0 0.0 0.5091891149664173 0.017370431015015154
2012-04-28 0.13723645708909515 0.46465822390818534 0.07731264038310605 0.07169073409049838 0.008842857696229191 0.6348596926147186 0.530183281737039 0.17404539775751704 0.24357861797223285 1.4208212908656752 0.46828350784555417
2012-04-29 0.3128270096895399 1.609139597785724 0.34361836073894014 0.08683653521831598 2.0635638830372525 0.06661486634851385 0.005997783694101089 1.354453686447176 0.028357530930029247 1.019507828549302 0.5483899471901384
2012-04-30 0.15484160383659984 2.503371293779945 0.30685547640130595 0.6401053968516596 0.07071269086331272 0.09402243765864238 0.19304729777837654 0.0 0.014468446486573163 0.269986564069702 1.588104456524456
2012-05-01 0.5608678406577386 3.049510263446627 0.07208963660957188 2.4794080381878367 0.2664005042110889 1.2338378028540715 0.08491874912546377 0.1380363886746064 0.13544479911133678 1.9194186844131966 0.44817237141117644
2012-05-02 0.713293835765795 2.239357793000136 0.0 7.690989760401207 3.7271345813340453 0.17374601005672524 0.3950756630687363 7.334323399291271 0.0 0.2893162906227661 0.34454060097637756
2012-05-03 0.22476001494654785 1.3260311973704395 0.5160909143495909 1.8214625718848745 19.222610982023777 0.18229188579965652 0.014361721939630062 4.551253369096587 0.21894474333900235 0.3025555810937969 0.02471293315277845
2012-05-04 0.0 0.018294865809909494 0.6131737125931684 3.1311261888535595 0.12638503150129046 0.07590945346419617 0.003375383620266667 0.615785632041411 3.650374850930941 1.4441400172414753 0.09725576806013617
2012-05-05 0.01875899961379343 0.13802947323872347 0.44788566472056085 0.6744857566792221 0.015343127754726155 0.003826479817224195 0.36078801774596136 0.24150518296684648 0.6706775729086916 1.121849143562087 0.8292888006118115
2012-05-06 0.0 0.11945962852086678 3.164537488716509 2.7544589106936064 0.002845074002128103 0.1372578303292027 0.0 0.4329446461052666 4.123415024897947 0.00622045762239477 0.25301233700040704
2012-05-07 0.6528276503872892 0.2644648439049091 3.714037452528622 7.501608556695844 0.07570800147307424 0.23723961093148843 0.0 0.47830691425714644 0.42304805431841835 0.6005352341790864 0.03370991070752986
2012-05-08 0.21359776664993763 0.02114000030592546 0.9130358914831085 3.0997647612574735 1.3545623345427664 0.20740724340367156 0.0 0.10068630450663527 0.0 0.21267248338566297 0.0
2012-05-09 1.085209921687189 0.05061396818387157 0.011365890573698845 5.223241173604501 14.366879891736536 1.0886502063528813 0.4731511517264357 0.639903960890951 0.021563585377120924 0.0 0.03344912737435605
2012-05-10 2.0047234073423272 0.8119509832904366 0.0 2.9711282038017712 7.095708988500731 0.12527216975906008 0.25763271209196714 0.750653621180734 0.012816793454828905 0.0 0.2235290058878467
2012-05-11 1.3561451926616517 0.0 0.3092629408122745 3.061921006532661 2.7991800119478794 0.09245816032336455 0.003826479817224195 0.08490643163752529 0.015972804569229487 0.007539410756474652 0.33859532305317214
2012-05-12 0.3461378300869086 0.0 0.253253114648134 0.0436378596736762 0.11663748127045276 0.0 0.0 0.20633825449622376 0.03370991070752986 1.0367535958329597 0.09245816032336455
2012-05-13 0.046552875928653634 0.12727060568512316 0.13741849204171713 0.04848721815294765 0.047583327385969376 0.01968595699465539 0.42178637718882345 0.007539410756474652 0.0 0.3139449708036688 0.04023102797464219
2012-05-14 0.10384671508955721 0.03470368232698534 2.3831769325083734 0.0 0.052797638243991654 0.3308266329153533 0.0 0.0 0.008391761499271665 0.18508760437276248 0.6211155420648395
2012-05-15 0.7849510152016597 0.04870131052557927 0.1117149682392548 0.05319285669415125 0.19369275033039762 0.3197979672618314 0.4596462766988274 0.012816793454828905 0.0876919658691181 0.00885015455291966 0.11932155892198776
2012-05-16 0.9546264156503398 0.0724712291564972 0.07394936360064819 0.11288958055055008 0.030406443651753757 0.16784967839853823 5.211779150601343 0.23639627504699695 0.04333320364598151 0.0 0.34536661568435756
2012-05-17 0.8973293560696225 0.09097975455461779 0.002845074002128103 0.0033034670557760995 0.0 0.01702974976121053 0.0 0.09896871539687513 0.08915469304372348 0.011365890573698845 0.024185985450955346
2012-05-18 0.7046517179743405 0.005213987599479183 0.08079107482511555 0.0 0.0033034670557760995 2.662169723696722 0.0 0.062440018569224834 0.06496870588148755 0.07856028049977902 0.8367380579469927
2012-05-19 0.7010831380907363 0.01717688431261926 0.022014681574078453 0.0 0.0 0.01882517542804806 0.12219083178897079 0.4026873099712672 0.4201069199688904 0.0 2.2605896204386156
2012-05-20 0.5250637362049686 0.1340628340995308 0.7382081206833504 0.4594992950987128 0.06970275752234523 0.03779894138316919 0.46237607807535147 0.24147942624197802 0.8483448698286848 0.0 0.008921758989429604
2012-05-21 0.07764603732508397 0.005368106879597758 0.9491634024273737 1.0348052115045936 0.0 0.05894585690774894 0.0 0.07591123085026463 0.5263847666114962 0.008842857696229191 0.024364566068501153
2012-05-22 0.051533542497739324 0.36866000049789893 3.9172002803194106 0.0322523439092531 0.5619419778974066 0.016828838618308747 0.05505456610058117 0.012669337513453387 0.3318986749840279 0.02783451816858115 0.3908062148435219
2012-05-23 0.0 1.5574847995667058 2.1856908219928104 0.0 0.1297673993480309 0.008391761499271665 2.79725639042935 0.08320023916259967 0.7708624942964375 0.09445869993036135 0.06251507606074744
2012-05-24 0.010371518592365982 0.0283418038279321 0.3557893658109514 0.04332990058123426 0.060403424350935944 0.0 19.266432067881038 0.023247909083927286 0.10551573067430903 0.02590619313087471 0.0
2012-05-25 0.0 0.06347179211549553 0.0 0.01740776757854781 0.03005471407275736 0.19907652034477197 0.15237130196831739 0.003826479817224195 0.006671553819352298 0.010046937439618965 0.0
2012-05-26 0.10173821795434643 0.05558113244609063 0.024265198872136382 0.6650624205843024 0.2413391427119067 0.007129946873000294 0.1561155487371369 0.0 0.013014181689127647 0.0323662154673663 0.0
2012-05-27 0.0 0.0 0.40853612455179267 3.240210047444307 0.20583236623647955 0.029955347454796232 0.2740080593754112 0.025038336772156 0.0 0.08537874832533207 0.21785613402387607
