2012-03-22 1.9754619204115489 0.7767688607683293 4.937750171572324 0.6239368786513331 1.563548409151558 0.7463645574945511 8.534024332480636 1.5478884439998835 0.9664578884013055 1.5141498101040045 0.949213415111876
2012-03-23 1.0333677345332544 2.1981944947571392 0.9719539324490271 0.3435054340090203 5.565212812039443 0.05069010441467576 32.2658077053295 0.3115633903615488 0.7770431609584314 1.8958490806022166 0.32368873658387
2012-03-24 2.5945730710126034 8.73773895616452 1.2553695174143946 2.324464306888311 11.212616642384344 2.194590528470858 3.0813006679993062 1.049700888788544 0.7070779069448978 4.426914655007035 0.738962352558878
2012-03-25 18.35495426896976 11.402113809694786 5.385753156128372 16.75277704458982 4.763829007084908 18.928691747985916 19.622555159483483 8.0351042879156 16.721457849118497 6.1855864736275645 26.58424457459749
2012-03-26 10.545365961296705 9.081612769212366 1.6542964472963733 15.704196668115815 3.078131375193119 15.100615986584087 5.546877383567315 8.018032437809277 3.7663337427528507 6.524864135523854 22.291342416860026
2012-03-27 2.8463222628854545 3.5730624710134737 1.7340249160038312 6.979399617569625 3.239377274107574 2.3352508818898796 5.614022667663342 6.0737926074750686 1.3349520639009698 1.3189483765185686 18.289782003373336
2012-03-28 1.142843393829924 2.161739851020685 1.1861480457737437 5.799102986941206 0.09951172572176578 5.041196103292517 4.49117238869562 1.3207404025611122 10.669092007212946 0.4297970740193445 0.47954659099137475
2012-03-29 1.5749912441803793 1.436224483777563 0.31660946667947776 2.8184810605055732 0.06676001507801352 4.068017276859038 4.611308861119614 1.9554470656092235 2.4471283710362393 1.3861463648538432 11.238759278269525
2012-03-30 6.559963688831149 10.334936306681172 0.8536709171778246 11.016004067334494 0.15630242879833 0.07099626781517965 11.794789202610637 9.602014352936951 1.4182048144653812 4.192599240346172 9.606524192249541
2012-03-31 0.07918214073079596 1.9947702865000192 0.46149638663981274 8.034689070233856 0.06386186442793923 2.037829433392585 2.142371396134016 3.5402051175101255 1.0718004523952005 4.961459438614791 1.0298709528962449
2012-04-01 0.7583271587329632 1.493626712888981 0.3418883896948056 0.16427177471409193 0.8956537899642314 1.4395908352842568 0.0458923998429684 0.5819423857997389 1.78957523824055 4.682634752795683 3.9262447926385446
2012-04-02 1.1984955779088224 0.11203141301847767 0.0 0.11499091241466747 1.2771274347038049 1.225641186084598 0.29386155405980424 0.12467247809985196 0.2902155422594983 0.03912234938711529 7.829689340306597
2012-04-03 1.4607762928824295 0.06980940767251802 0.0038149678826159823 1.4771269264234337 0.34937401722398304 0.17947377905077455 0.05219979979149652 0.9983176686570004 0.8557514458863233 0.488984076028414 8.095422466511314
2012-04-04 0.5709898596812086 0.05971992158065966 0.027925212121064323 1.8921392195639937 3.8330616690470287 0.19481548196007475 3.672002230538645 1.6075423660288781 0.7807684797059716 2.673206912996191 1.9900631645731561
2012-04-05 0.1922411732754988 0.08940445890545379 0.28742494484539904 11.197514983353981 4.382942100713587 6.851211208585102 0.6096130622905437 0.060987928353833605 0.31869543861572475 1.5434504731763328 1.834723262893307
2012-04-06 5.470403175182609 13.297069374806084 1.4789432801176199 2.9728079740871 0.03508974170000684 0.0 3.295185607601301 5.3219456289233715 0.0 1.703942854007835 0.187846805955779
2012-04-07 1.4941468748325977 0.2725356140827802 0.23212321013807863 0.6557227751375071 0.9495050414388451 3.948477832164006 2.030353210295917 4.755576196917958 0.3007740324553233 0.24081508959263892 9.387550679021563
2012-04-08 3.020417130356143 0.6697035131307806 0.4044277064694326 0.5880173259594004 0.007178045833828757 0.8302914343543961 1.4930406563015914 0.5057729563421023 1.122623964601631 1.134054657624329 6.7142653467386975
2012-04-09 11.106325048574014 3.830083332137011 0.31095582851788073 1.8446320507447678 2.410526509860495 0.486570322348992 0.7730192510046656 1.3284695254132002 0.3152307656315499 0.6777843599628779 2.926794005020672
2012-04-10 10.872349723589064 11.153971796043379 3.4310955052498895 1.6761520383553712 0.6045685906515779 2.5136114512309007 3.8965952623726476 2.882222461089384 5.6294287294353484 0.23568178752860205 2.299051004046479
2012-04-11 1.1249398371933497 13.69728891574248 6.318963026523804 2.95126148308819 0.3831562621533705 20.16806558934495 0.36575546255482333 0.43553786070566486 11.317985988119258 1.5546678945503751 1.1326560369755692
2012-04-12 6.934100870950406 13.33242120595063 4.779665434624665 1.390857066195785 0.013395275587629929 0.6976808908282848 0.6518236450671516 0.48976068118699984 3.3157515738046004 0.11922945599959717 4.6254783554661145
2012-04-13 0.5427529239174398 14.244997284131916 1.7322278181673694 4.343364094669592 0.21827830703689388 0.044152718902218856 0.37262611003578633 2.879880435171318 1.7478712660110172 2.6384125470010487 0.917444282908622
2012-04-14 1.3976281823969834 2.7672088276542497 0.19872898812495857 2.352812434518861 0.3632519395985686 0.7024813452128078 0.1739016799760758 0.7057878503051223 5.469263791275081 0.8594196094984141 10.402382593736714
2012-04-15 1.0720665125166202 4.435695094811987 0.5281127944484885 0.16030641845376437 0.37906719404517436 0.5191153110504525 3.2966358538247054 0.04804227769512481 0.00893964697125695 1.0922923855722781 5.556780381571195
2012-04-16 1.1300256387527496 2.0214606236597445 0.6133287792759681 0.09615928222531049 1.769834207309836 0.0035672015008190007 1.026060586350201 1.3189053903902583 0.43540452647671596 0.3581731714280121 0.7065974731054754
2012-04-17 1.7825771478735084 1.4600257358246358 0.6217795620470399 0.04169130979631149 1.1806169669273463 0.11592558986956268 1.4726358968920321 2.907336239864089 0.15151829000694925 0.04740209521978916 0.3673567238577086
2012-04-18 3.572767916371797 5.041716874534748 1.1396699181789476 0.5858296760792302 2.730433167108487 0.703063179891511 0.7432717216452831 6.8264546474900865 0.0 0.3808045429053549 0.24231583601247994
2012-04-19 3.7788520848602314 0.4336761011130771 7.442523326433465 0.03746834650893715 1.4970747470020613 4.901519079503668 1.3098874159435536 14.384730759361924 2.0182674879988896 0.38242338294695133 5.265477151830842
2012-04-20 0.339767790926354 1.2273369805640557 3.9967528315092977 0.9414998003256403 2.7368193726676378 2.0584705800781453 1.6925320168630544 9.209234324611586 5.1819447190614625 1.400378874142382 0.5915010418754207
2012-04-21 0.14691909902292466 0.7515661823127149 10.432761987041019 1.5138092376183618 2.9502364742328533 0.2220901294168704 1.8806879455396277 2.4085449493883857 0.007799314095095548 8.027260750791545 1.1873544955906334
2012-04-22 0.16451994206526438 2.565603191406245 26.573631264702072 1.2153168467693778 5.776736149831058 1.0208547018117808 0.1664317708572469 13.50327294455272 0.2563122452142435 0.7938307843898591 0.9828250226273066
2012-04-23 1.0108152009249243 1.2795234304066765 9.835984597222101 0.9429677411310566 0.43918240357350335 0.11707728682353208 0.8456103161238617 0.5413581401495239 1.418613672194708 0.22449553671980937 0.011524111782984571
2012-04-24 0.11500693161959671 0.539485438938782 1.4918607967665567 1.921380937840056 0.4136283594619783 0.2866483434578963 1.3780219119903907 0.04696944569321204 0.903557005076836 0.025527089628689582 0.3977918707923841
2012-04-25 0.04190935667234866 0.8366053159175121 1.421201332588482 1.4376807102025664 0.33292714212016394 0.24992831777475993 0.8314369200606483 0.6910621289324115 6.4571168324423365 0.0 0.4958681524383355
2012-04-26 0.3032020206520133 0.9755106466715946 2.5552350446952983 2.513039393541593 0.12941041579279483 0.20105885038737326 1.527788877041349 0.48558778886841736 1.6486146344121277 0.44594951907431796 0.9180000653103447
2012-04-27 0.029642849493611283 0.8458539647646726 0.7422962452795709 5.691773054124628 0.47407940547115573 2.6053392018574817 0.3186011290319928 0.34776554193043385 0.8379386886769944 0.7584233295336575 0.37358731078212803
2012-04-28 0.011600736482930907 0.20443535558435108 0.2150916807686366 43.967112752215556 0.19296331056090377 7.244939149314789 0.47838034699385656 2.3272556102717443 1.5327572725741616 0.2865975249749446 1.6755264405169636
2012-04-29 0.437908287101098 0.0826146892425873 0.15376863029515841 0.5648856041748925 0.4896944468431313 2.7594897338930555 0.39112160777411725 1.0271977029237376 0.6269620872876971 0.2735135302429903 3.90056676979778
2012-04-30 0.4566160898216432 0.48781973207759244 1.400758019036061 0.5507484301241172 0.8218562493245687 1.4326573656847574 0.1194375069564584 0.09667267535757815 0.15127473882588685 0.2816684960804571 1.8108211866246746
2012-05-01 0.9770043676869978 5.653957995376847 0.12726067976567335 0.15881018136524944 0.24708732832933816 0.37153783954093644 0.03555514788629629 0.15399647413675482 0.8909474408023457 0.02543278005515218 0.8348436338584867
2012-05-02 0.1945320711655083 0.20111345581630485 0.5199015475998476 0.22899741373287572 0.12212316165484759 0.16164253460620778 0.0077091439003685895 0.5086151425358398 2.08830264864957 0.04903637885397667 0.018796467190350732
2012-05-03 0.12969917599371641 0.16140800987859744 0.023469583504691346 1.2338260417381186 0.12680691293993998 0.2973605685962621 0.21194209930309793 2.007553506529417 0.07208861610734957 0.0 0.35498895359515126
2012-05-04 0.524048853689387 0.42549697576255174 0.6490913373678788 0.3106684825278997 1.206048174307662 0.0035672015008190007 0.8776793606315451 4.309258975293248 0.00628961871827478 0.0 0.0
2012-05-05 3.348894419835156 0.4803883209221671 16.5526650842489 3.339056906987862 0.9310623540004069 0.03098970529385449 0.27863888784236457 4.3403219985297 0.0 0.15038818841844317 0.3487420047337919
2012-05-06 2.8375682134122266 0.11698297827703144 9.703656859030728 1.4175804078942198 0.26832315852045674 0.0 0.2896273588708711 0.4993585223779041 0.0 0.42591158930732176 1.2347769682093548
