2012-03-01 1.1368683772161602e-13 0.0 0.0 0.0 0.7725141828407035 0.022859890765179813 0.0 0.0 0.0 0.03632419242017959 0.0
2012-03-02 0.22283817020611557 0.0 0.218707947022286 2.099806660339592 0.6282549939887505 0.6095214879831254 2.6252314066384788 0.989410677994172 1.584924131868084 1.090528137061242 1.923299070958549
2012-03-03 2.0781901826632976 1.516666596182719 1.7166762681741998 0.24968531750071232 1.615573585364808 0.11264801168379901 0.9264730808726392 0.684446001747792 0.3378053394916506 0.9863297955613499 0.504866320678476
2012-03-04 4.955266557273643 4.08543715196721 5.109145815305694 1.0703585734674648 11.090604275024585 2.0004674396193503 0.3245681757326359 5.536215912064848 0.6405760122283242 0.062123412583478116 7.42745741133261
2012-03-05 6.236598444458739 11.911777834200834 0.536439692742133 2.564255189268592 1.8200990263534993 13.932375156120898 2.808644707551743 1.689800632286305 0.40036695542986467 1.2901738841079788 1.4661563192683065
2012-03-06 8.873745479172715 0.8104463828931279 9.413809875278218 12.318538404849008 14.458445774151588 8.689116910104278 9.390074389727186 40.46352329893446 20.375912951807766 6.884507368032321 15.774264843971398
2012-03-07 7.430551705523515 17.952556024387864 13.441196065713948 6.805034794813512 4.553233606261729 12.1980396930556 3.6106560786038218 4.320830251756419 1.0468348397764038 1.8874451111551724 9.949317890698335
2012-03-08 6.6120634428945255 7.819669470436503 12.480078551487566 1.0778378387473326 9.110775348715643 8.226628533645167 0.7744698573903794 0.9074392751935936 0.6915050494655526 1.757337839124836 0.30134380222671997
2012-03-09 6.254416753563875 4.3205822923078765 3.8019723121209514 6.613334631506914 4.647489863267867 5.5431879036479685 0.2531763608782012 1.7569490769498364 2.222958835524829 11.140755508612115 1.8520771317880949
2012-03-10 0.2065528668566848 1.043476885852655 12.325714665756031 0.33774066404001474 2.7388867956593534 1.899872623384074 9.037217620211315 2.660017160664845 4.998044236515225 0.28767264465648856 2.760124033685975
2012-03-11 1.1534787133683064 0.5196078300241056 0.7809922913887671 0.250208896895735 1.2120888294211947 0.7314881428110849 8.015974960208101 5.479357395253379 2.422529538109385 1.8058420977864336 1.2249326022251594
2012-03-12 0.2769627306220763 0.7926974813827435 0.4666733206016389 0.41834649442983746 0.06718424704621938 1.0728154984146565 2.3776135427995735 0.06510394112539225 1.8566287235286614 0.0726428041582925 1.057075632919663
2012-03-13 0.9164840931303975 0.22802733443550577 1.0967889683924554 0.26390706906670375 0.2867320592619621 0.6612606362944782 33.532390746939214 0.7710175881096696 0.7406393854330424 0.134709942266889 0.6469754601157297
2012-03-14 0.49831006978316844 5.6792251056132965 1.106103304478816 0.13535209129229342 0.7295929866702503 0.5294870876439985 3.892654587098171 0.5336329902924795 4.342657684877773 0.2464289389871691 1.1026638268947706
2012-03-15 2.389121338215851 1.0061146095078124 0.6739884765070334 2.594759389449803 1.767894796412178 13.596629803071437 0.4149462964579412 0.5093216831857175 0.21974296645232505 0.42269667365675806 0.7727062232095878
2012-03-16 5.901971294501745 3.0573889544612025 0.6955472038237843 3.906684209236127 3.2105699256363165 7.946578925763495 0.0 0.05180390859278692 2.384751805859551 2.796629666830123 0.5323318811743086
2012-03-17 0.6991027630061029 0.5403537625333916 25.201419983948508 0.0 3.7105497925901205 2.827097580801199 2.850550967332958 8.220433176216297 1.084253397104456 5.173510072266535 0.15202828490982462
2012-03-18 0.5382993900869291 1.2299578117953403 6.898136853836644 0.0 0.011809689047110505 1.567303362973508 2.1435479546333793 7.168579703376545 1.043196715415155 0.027971408315863963 0.014036909650501167
2012-03-19 0.05648318499198875 1.9183781895659706 18.74895412503006 1.0026482479262195 0.6875846188782954 1.0992579433854064 8.502871212218563 9.016727015126133 0.08636276384084374 0.06343183502607894 0.21641819823019892
2012-03-20 0.3954343008597499 2.9634898264605427 26.451532420525254 0.5846234008750383 1.4803539374397907 0.09639617832964786 12.266718377608374 10.065533935274768 0.3046948143369485 0.14723186994196832 0.3667224940261455
2012-03-21 0.5232580832188974 4.4172747581206995 34.64203611074704 0.3122531851796607 0.9360437041698866 0.07134290670753607 6.800208679257352 11.292966486960786 0.4118586160851791 0.16689358147219335 0.10773000933166058
2012-03-22 1.3431458136591217 14.865870466383662 14.221075602036688 0.004564690559675547 0.0033939503301792994 1.4765195235860946 0.31859989609963263 1.6487145122930358 0.04345485618315698 2.1156590614967863 1.5901615479689042
2012-03-23 3.809984303714125 4.069295823561847 8.341416905309092 0.007570460562197759 0.7265086125854251 1.084356992377088 0.24867478101536933 0.6204840349788261 0.0 0.4648122561961912 1.3958586268177275
2012-03-24 7.970880086197341 1.9844811392729622 8.368964797471541 0.20165096276677696 3.774451190481591 0.7894111752021249 1.4431510588755854 0.004239228484912745 0.3012029835681687 0.09451962464483298 0.6739538058996988
2012-03-25 1.4133823667596817 2.006531129826393 7.8593284292082854 3.616177247427183 2.0360631883985105 2.640815732973011 1.9381611876970704 0.05896088506241163 0.6906449980594783 0.02656894567824477 3.2466672145376574
2012-03-26 2.6891088986223703 1.4519398230693292 1.840829463165711 0.9023792442449396 0.6276662750276307 6.462584130520847 1.036793172348213 1.213182081457842 2.1442055522456505 0.0616368712588864 2.8995333943598296
2012-03-27 7.857099518121526 1.6379953971314527 2.600053716018268 6.13688612432624 1.4064839680456889 0.2938589540038771 6.0539485122639025 1.282241550144796 0.8324430426951712 0.6829264647312963 3.3351351199788377
2012-03-28 2.6179685180530265 1.9800345065116571 3.9201283986586293 0.5236139720032449 1.9188446403206125 0.3273440862997813 12.044668543133296 6.4386075339555 0.021277513856581446 3.5165483126295944 2.5699614906087036
2012-03-29 2.7644273028345534 2.1351980511320523 6.649888380438416 3.1865540521670237 0.28493690168741265 0.04972709434677057 13.170566188302644 20.81372797601658 0.6109742755179778 0.8593429408476048 0.1465990633310011
2012-03-30 0.6495350097704896 11.186701209166767 10.691901544426717 0.028228144233069213 0.03961824814573242 0.0 2.6535201479553496 4.777970713810789 8.094169148787167 0.003940777321187902 0.5107044624553633
2012-03-31 4.221538666306297 13.734182038940933 1.2521374180187692 0.0 0.013974191397606882 0.624919214417092 0.9710968961773068 8.736981473580684 5.274484405907622 0.1950739341424702 0.5444905989955119
2012-04-01 5.574162547353292 13.847462947060828 0.5000418725692471 0.3766682329654584 0.7778217154935956 0.09971311530698933 0.38543470452424716 6.2926697791098825 11.736209388285484 0.5360075216887328 1.5683847043975736
2012-04-02 7.130927402040008 13.449241746597163 0.528671355785553 0.6916139806263295 0.8453989694361259 0.28626344212663823 0.8903067693617094 11.401224948209155 15.09397593802051 1.3939870208156715 0.73084824841447
2012-04-03 3.162806386903659 3.8566527793183867 1.2153340536211756 0.11367440057013048 1.0178142430229873 0.29601212479758626 0.8826213803701801 4.307916150110365 3.987398913710735 1.1997695287062888 0.3032299905181228
2012-04-04 1.4493392529270794 4.594104235263519 2.0438762290161474 0.021824413397660093 1.845019117646617 0.5156498036973176 3.6835286811696117 0.6786892533834312 0.6943834063541929 0.0 2.879490787868499
2012-04-05 1.5694730485816475 1.1711603371733292 1.1722810725845227 0.027902682158306415 0.544208394056248 6.974279693023792 0.05579865669262529 0.3191930691880401 0.09874624802711485 0.4764341084509947 3.213471508119096
2012-04-06 6.69002685743189 1.0978644331662981 4.8749995872941945 2.0051427273797877 1.6909436533731523 4.231226878008348 0.05329425259526499 0.6359564557851332 3.6483114766206897 2.29442453431958 6.981249856384988
2012-04-07 3.1538342247517552 0.21304722785366015 1.171459680364235 1.0735423666396495 0.24853492782148212 0.4355253507131943 0.192450284414852 0.145877280663941 0.6446479413605964 4.818638380804513 9.207666197804915
2012-04-08 1.992646881768167 0.7653711014215335 2.567747891724724 0.698760609814332 2.070739752585267 8.67994937806332 0.5298955751988194 0.29830994459439164 0.9370141979800486 0.8302574111641284 11.452191253399613
2012-04-09 3.300789428247894 0.8855286921884851 0.355878040952189 18.661894373695517 1.3297253459322036 11.914717489749446 2.292280435535117 1.1481822736663276 5.6528904680880245 3.335456827344085 4.451794041042419
2012-04-10 0.31704891582892836 7.2079053632773995 2.782309889078688 2.7062246023256984 2.2511545920629312 4.224848941440699 0.5902270445946463 0.7171035004380384 0.6919560853231297 2.1423161644359583 11.616781786221033
2012-04-11 0.8126677144071122 16.88697325302848 1.6735412940841132 1.2641563120829984 1.9058674553212027 6.546036398661857 0.04521841566054255 0.8761273597496044 1.4661961053036991 0.2672011271859432 0.03627250339854627
2012-04-12 3.344600455149665 9.939486463114081 2.190947400098592 2.180779784544587 0.9703634560748594 6.019232260186117 7.3816463341179865 1.2065094275406834 3.977577266832883 2.3738667458855804 0.7008205369624984
2012-04-13 5.302009555932464 3.7394616493464987 0.3944866130268512 4.570205960208601 0.00899392620619165 9.7044673636492 14.306089593600644 0.8476555295428709 0.3205060219553678 1.0154087192979118 0.6500079462972796
2012-04-14 7.009773370217546 2.1396330569318422 0.21621287058414124 13.919642864446146 0.007154885930458073 17.13394440535913 15.708528799014857 2.2041743804354192 1.1223336698826705 5.275013876299612 0.3993609225175782
2012-04-15 3.9104616995995216 3.8302647896563595 0.1782376115441055 9.852796906989088 1.356862466550959 3.7289643996378605 8.769485607694465 0.6807071953750704 1.4784691434614468 6.826959591239673 2.298657534744249
