2012-01-04 0.977537885521711 1.8113100340371184 1.3434559891812463 0.5932584222764647 2.3181650930587105 2.210685209950495 0.80599186479992 1.09792403962138 0.5461070774334612 1.2442465205624411 2.162779546411512
2012-01-05 0.8211080694700379 1.1459943681031541 1.9411031399403718 1.1844067251943762 1.1155340942552807 8.501305177893288 0.6715420137396316 0.666598947234306 0.33762944124366556 2.9147494812918304 0.775637948341365
2012-01-06 0.9635936608489951 0.8794534521502088 1.0325624665215314 0.7606229677802665 0.07953292351029444 1.4715217994177334 0.3977756278794621 0.025909513918558683 0.39522445889141755 2.2666015838338383 0.0
2012-01-07 1.9501583284251487 0.7395858757713788 0.3124071843330448 1.448863959971517 0.8638134206421183 2.736171250613605 0.12243158164415871 0.5634950253841435 1.0449450203935116 3.0649673416128325 0.10966729983005508
2012-01-08 0.1759830061943523 4.551923993112117 0.14804767654849915 0.12824346239003423 0.07501097420369424 11.682051993355847 0.09500744681685697 7.125252953857311 0.08673731243331198 2.0260234321370136 0.09862761313586488
2012-01-09 0.040723909949172174 0.030946770606288226 0.13889865569824958 2.4015730262200097 0.0069992141279937884 1.0671012413706054 1.0757670187513901 1.2576728985675028 0.0727137956160473 2.579155465307407 0.5300123246478885
2012-01-10 1.7215550646579008 0.5958186086670887 0.8951293911904734 6.893328195812945 3.11378959346242 3.3059153900780736 0.8824215959943345 1.1319344695233995 0.08899068872298219 1.0311711985597223 1.1765283400108226
2012-01-11 0.41046939039616515 1.228481855384031 0.08726625922428932 2.3555926919683214 6.6007661091376235 1.5988559543672176 0.3569033919957347 6.327500514502384 4.41292047036378 4.789155700134853 0.22330668816920535
2012-01-12 0.5981695579478712 0.9778558318041128 1.2452003765726216 3.406035731267826 14.423033175618338 0.1923550364264331 0.0 0.0 0.06834965020358319 1.5115802579883506 1.0934955866748037
2012-01-13 0.03395015102019288 1.2371851281942343 1.1167672661885364 0.08007520395911474 6.3341123195728795 1.204815520722851 0.0 0.15143432615117997 0.48167154312117255 3.883180523668251 0.9454431112218219
2012-01-14 0.07028879604167143 0.3766985022652808 1.0530149671696183 0.0 0.016829486040802623 0.07486751668011318 0.3450094618420772 0.9629767471606432 0.023527662679593966 0.3419078204686792 1.9382269127058003
2012-01-15 0.21872329198362936 1.0539692750635112 0.23751273743717272 0.0 0.5158323683967518 0.18037584491609462 0.1785911982927469 0.236362214882751 0.07338612208894726 0.03280585247822424 2.5195446604572656
2012-01-16 0.017008505359779432 1.5009533471957068 4.6263638484634715 0.135674883917113 0.1699793704410301 0.015273652246061423 0.41410631881070625 0.3792194702368782 0.11477777547847975 0.17272182858705604 0.387670965046082
2012-01-17 0.33075539189629705 6.390241481318724 0.016420861450205132 0.9266124057386853 0.10947115331116461 0.0 0.2553177978317268 0.3324860998891364 0.3868688851275168 1.839795701172142 0.4835074843352373
2012-01-18 3.6932472420108406 1.2876184651859028 4.967159114114269 8.71839058511957 0.1884523123183702 0.03280585247822424 0.04376095366147445 0.3177865796331461 0.008698715356349335 5.7356105275994835 0.0
2012-01-19 0.00807450831215539 0.22669956453441073 1.8242810105198397 1.7934918114726 0.22486170637139508 0.2337018966060497 0.8275944046335494 0.0 0.0 0.1751942446428036 0.1272186495544438
2012-01-20 0.0 0.11491453199487665 4.269468886255078 5.576518707541421 0.010847842175340756 0.8093176837829809 4.669986649476443 3.99161364171711 1.4150744239583544 11.265338505216292 0.11986981495493197
2012-01-21 0.010939439639229252 0.13481251162978516 3.8551224274652585 0.9865961707247883 0.0322263780359433 3.377055878823356 10.23839122386278 17.939689843214325 1.4901026970749784 21.269790815859828 0.22265732978845343
2012-01-22 2.342626681302256 0.03300680113051393 12.137892724413945 0.8576344291201035 0.009830271912808835 6.356842032303591 6.991901971697169 3.709630643587194 0.16236098749840405 11.346257574345458 0.0
2012-01-23 1.4519945677710129 0.4995618683617709 5.144902442674821 0.12792048034052933 0.026105660086481595 1.5301803364034283 0.4906823383428407 6.509454448797326 1.657006661175521 16.169197202316933 0.0
2012-01-24 1.2572153258333003 2.3074853641814155 3.105895338540235 0.0 0.0 2.756867904737028 3.2061687895799453 3.0241582843266555 15.844795593853586 14.806596324350592 0.12054003193674086
2012-01-25 0.048694457616259824 4.107117574794447 1.4955680007580836 0.12184313214180455 0.0 3.9143999179369766 4.652714892372614 3.6904967372436444 1.217235924808696 0.6927649036301787 0.5211172736241605
2012-01-26 1.4443461468265548 3.8537017837871157 1.392982277777699 0.5625449146697821 0.0 0.40844769397797487 4.109649116451575 7.4530459071551345 1.3610812037229918 0.10890278980367923 0.5167425288402736
2012-01-27 0.4089225427496898 2.1372497580162646 1.0968683425228722 1.079355100523252 0.0607254200950513 0.6355385965616762 0.8494028317950222 3.182474956948057 1.9869013789829564 0.002831057784815047 0.3207274666788178
2012-01-28 0.2023162843905021 5.61465496953022 5.905882746936177 0.6622998688526184 0.22154983027249298 0.8190235890663713 0.775705359097179 2.749407853597731 0.11290447925988507 0.021022809049099166 0.8054325457981263
2012-01-29 0.6542913569946192 2.71526710549181 7.962153775601239 0.18997563312369972 0.044639449840006534 5.707336806000201 0.004400998946604346 7.641777949809718 0.20548234128500648 0.0 1.1939322366830616
2012-01-30 0.7608640281294295 0.47474272679338825 1.2123900281542972 1.0488356612474663 0.10751358419656752 2.1644369213125856 0.0 1.2813398414024468 0.8429171629663372 0.09709653231423455 0.3720763297729973
2012-01-31 0.5243232390118775 5.248258518261876 0.45424876528036595 1.1560270817327516 0.05039963849359809 0.2881375467122183 0.0 1.2717708778846508 0.6042056333789543 0.3433283914064566 0.6416118529664883
2012-02-01 0.46387134174239275 5.735085996446554 0.2150092163933529 1.0529184116596015 1.2377756071730701 2.0818392212559216 0.00746449236631387 0.34637907071792956 0.02048154946400934 6.082579117227914 1.1894562573368712
2012-02-02 2.019700938882589 0.055161168191187666 0.060472149807090606 0.03548651554340682 3.91244186464344 0.5041284785653048 0.0 0.10443597868261958 0.0 2.6688054600115705 7.030009733592538
2012-02-03 0.9825912462494604 0.030853080961907996 0.8062503698897251 0.0 7.077674924232495 0.25117916386218847 0.3340295941562321 4.3616563926390475 0.43641558679702525 2.222896889015501 4.174038112074443
2012-02-04 4.400954382053949 0.34963656968070644 0.059335999901016595 0.03456263492525513 6.441237341895642 1.281092541791265 0.15170970846130916 1.0281649060266145 0.03357015245279547 0.8230536402372577 2.6127722585010735
2012-02-05 0.9454359833009143 0.43297255199808815 0.0 0.6146186383391872 0.3151883673619868 0.34350726293016076 0.0 8.270887806861296 0.7177260156155478 1.7796716794233056 12.306612979399855
2012-02-06 1.2629100420632207 2.064626727723774 0.3567986135717871 1.245634178079818 0.18471630757671273 0.027821074524803265 0.09826866861157918 12.226832850866918 0.424661982163 0.49922816552437416 1.408440502015074
2012-02-07 2.466793893042626 0.5209866292438592 0.43053757034815565 1.8832214449827598 0.04859295772094682 0.6551891719149814 0.36714811023825067 0.6596517061095597 0.56156960297068 0.41422548857338776 0.5773598289058135
2012-02-08 4.682984505340639 6.79642953824075 0.055626445937669466 1.7624339830716393 0.01481943330581104 4.588098522402163 0.05851937829077436 1.833760004319919 1.4076019012839533 0.0046334345814988236 0.0
2012-02-09 0.38981973841071005 6.550165620165299 0.0 3.5471725089794583 0.3006651036383803 0.768064244515767 0.29023718025400236 1.4239089400434715 3.7432971340245422 0.022505708977480818 0.24333380497910717
2012-02-10 0.0 1.9194770463401922 0.0 0.8835028955295603 5.526659240363816 4.460352473977846 0.008274438118067634 0.06571458148805351 2.526077916127784 0.7359405692371136 0.5125809438650718
2012-02-11 0.08328571021842074 1.0050206088508067 0.0 1.9885744875396938 16.913735320392824 8.086376380551364 0.08546209016346835 0.06126158970265175 1.504382793507363 0.029717140965867268 0.3412063456554138
2012-02-12 0.07125793809219136 3.4471454656053897 0.0 0.5027005458523337 7.7078187393736535 35.18809224301179 0.013001641218992225 0.0 22.162018098473727 0.22941608198423605 1.7574274607893572
2012-02-13 0.28103262754546565 4.152524608036732 0.0 0.06414464032626421 13.962398178059049 1.373018593923042 0.0 0.16644601568626377 3.091989477866785 1.6313360306177713 2.2790919419416444
2012-02-14 0.11239443436163665 13.158151145743634 0.8241170727447307 3.9407267510893638 3.241779786175277 0.7039165196061887 0.14498719222259995 0.5820272571008082 5.2121367457440595 0.44080869592818284 0.07992673265997305
2012-02-15 0.21843167181828368 16.795695549060568 0.6602574865454022 3.9615658949088886 2.6293874480752466 1.0439186488820076 0.27768040933853266 7.1929916097686 10.407269101348618 1.9205181355359178 0.4577409583012226
2012-02-16 1.407593210175087 12.101090072086294 1.2289772361242743 1.0587685335491646 0.2625449746388928 1.187459985211015 0.03309557078690914 2.614682070518732 3.40238474702856 1.5316087873934352 0.5586023109002901
2012-02-17 1.3789351022043101 0.9667791661977323 0.15729258580328376 1.6227576470973784 1.283978695925561 0.7744935572454519 0.10105103179261168 0.5103132341034572 2.8445079813548952 4.274426392747758 2.302171522927136
2012-02-18 0.7407290288864422 0.09477460329847721 0.23481822641998681 0.18352436613227102 1.5203356957163234 0.5076397258172562 0.34287028325048635 0.8514676300424211 3.838342672095552 5.445416716540386 0.6754658700427301
