2012-02-08 0.09681582132170763 0.0 0.9986517954088014 0.13873593376937685 0.5984283693969843 0.11481741331458023 1.0140490588041664 0.07073889964112538 0.8513782343853777 0.264952762745494 0.3731059101710085
2012-02-09 0.9040407290805229 0.6208185677621241 1.2441109109510404 2.8648463084438966 0.7967396968236474 1.5914409169118995 1.8456903479983486 0.6636646843457836 3.6947341870027257 0.6852492342020124 0.4956776965928588
2012-02-10 8.212846594688097 4.777252375195119 7.0778087514289405 8.625090400865197 11.38475642270532 5.692155131542711 1.4595074375927024 10.46072797867405 4.234250236086121 6.696412631192452 11.065967846216246
2012-02-11 10.384767948826024 17.53826174974833 1.142574430296407 4.707746227739404 14.95847488264031 2.6515455998413753 4.938813682651319 25.365695362715538 0.5639883511914081 25.735871596782214 11.497418023156925
2012-02-12 1.2423523939764922 20.197695327459833 1.1039593144599542 1.4224930496923562 4.5297878604094794 1.0227955963723674 2.5613551680341766 3.32113109246585 0.31422589360675907 6.310582164645428 1.462990838706328
2012-02-13 3.0033757249389357 9.261585987452088 1.6620865531663687 9.427711832420638 2.5848741160486366 9.631957899147448 4.207826117905637 5.95673495469056 1.595187654389286 3.446856526697403 5.439183073711308
2012-02-14 3.060168488923204 4.38798331222049 1.2970113853005043 4.067802543821495 3.8163391683118406 2.6012969109428727 5.820510584834763 0.35694571145416676 4.162467740751344 1.0076075914335747 1.0651471721381056
2012-02-15 4.789566050584076 5.479195767504972 2.0186460133495476 2.143819932491507 2.261965046821872 1.0461407560264888 16.217640914719404 0.18032121796530737 0.5177637647683573 4.624590823665601 6.3016793581372195
2012-02-16 18.09819140039695 7.418122064103748 4.799977105450887 1.932468556644904 12.040132910490264 3.125849617509603 17.698407764068204 2.8597132128460134 9.169491202562938 10.295514914736064 11.804143283187356
2012-02-17 16.95669592343405 8.678915021893207 17.675800917788983 12.604431238853934 13.22122823822627 3.7959159192716094 15.979896342591278 17.613536645397573 16.508443112885736 26.272642931325553 18.643682917776708
2012-02-18 17.665049484929447 0.9062189742791802 16.06280458570013 2.73725955379724 13.713302111559873 14.141062669165356 17.663590328211665 29.334230716306756 18.779090825217203 17.670369959980135 19.88640983505795
2012-02-19 8.892300026890043 6.096698648122925 1.8882783961718146 1.721109029090613 21.274005860306037 38.90013876606454 8.277113772754422 8.19845239119375 11.634098539269498 5.970933429590001 21.620310344110734
2012-02-20 7.34824164318483 2.086589930118818 1.6197177177245368 1.0722523236334536 7.311099879882956 18.361001746544982 49.09369197031952 14.366764263853376 17.48768482505595 5.733869921333147 0.7134006478243007
2012-02-21 11.184423998256989 14.317295981435041 0.7186591498340439 2.698014375342918 0.2773143244875218 21.819596923660377 2.6634097851437675 5.39017086781899 9.096182111310899 9.397221614547506 3.6099221114212554
2012-02-22 8.08994886205472 1.8176744492317773 3.0343510464231267 0.45144798095837607 6.413221509924373 4.678617452905022 5.071085156533899 21.718097247413066 7.598973083903804 3.606282484260182 9.29986008996065
2012-02-23 0.12323915509434191 1.5850053923245895 6.297456440474952 4.460774246871633 1.597101894230081 1.9822971904153919 19.084107525076163 8.732550002233861 3.1986785534699624 0.0 4.27785297944107
2012-02-24 3.8656154494494763 1.1670902392464462 1.94595116588021 5.017729240850105 6.825953618160053 3.185874597532405 16.17275238094796 5.451239898828038 1.1047840488077143 0.9494901189704726 0.45138427668883885
2012-02-25 5.6790362432319945 6.24915384345724 6.81622642985805 3.8579479613470626 1.6979344392023121 6.0309620346385895 4.419604174069123 0.14750605184025722 0.29827750115737195 0.976745965643689 0.7324596312126641
2012-02-26 9.167280961359557 7.875700511753372 7.293334749159923 2.571729669911546 1.5681148305210193 19.175419957268197 7.80891154683968 1.3892393688258027 1.1278670215073503 4.218509506215081 1.9877274716181654
2012-02-27 14.771486507848167 9.693807911821967 2.3134636149156558 1.0145726756996098 2.2831572931185597 1.2372863246998178 13.269606963261374 1.3071609528236994 3.9201859495114855 8.365601085303345 11.604021294897418
2012-02-28 2.144988804766591 5.556310993662326 3.404814635548629 0.1623702399898921 3.1150381272629737 7.6566679479582165 36.959934483540906 1.7483121617575914 4.603845076607737 6.328694329096946 19.29831239774574
2012-02-29 1.172859041035569 5.733109342242559 1.0383558428296396 1.2851239701098924 25.079141693875805 11.133591163806607 19.758923945375255 3.460645891047303 6.886224014529927 5.229786440495118 4.835167130082947
2012-03-01 2.7855648711999583 3.6075861386336916 1.0378474312472528 1.444379337754887 6.883734548750627 14.272218266231919 1.8727500924710647 5.912041311656559 5.142114374577829 0.973534728407399 0.5629810563701996
2012-03-02 2.918115818086279 2.789118241834294 0.2726828527370584 0.154199053829651 0.4197075767690418 28.359249150445923 2.072664503354316 0.6270669348888491 5.929828161351831 3.191030552504893 0.9908101191598087
2012-03-03 1.052624769311893 0.974415282736193 0.5912259389231896 1.3676223185443215 1.8854001767798017 5.468933843274205 10.043986112457013 0.15780245003401644 1.4233475329150937 10.825804246748623 1.482147784774571
2012-03-04 1.4076827240108587 1.996112535464702 0.13363712546506104 0.02476358524242835 0.9495877030439503 2.8271293212301423 4.8940978878887655 2.9917324684157123 2.784395338637287 1.0347265286913427 0.6487578373202397
2012-03-05 1.7382289507138053 2.0950911286228884 0.8683719713576264 0.0 1.4002524440903819 2.818969435799933 0.2572618500884989 1.0634834426882276 11.027310602144205 5.492957183022692 1.3315645359795514
2012-03-06 3.8028248718282107 3.474707798490381 0.3289968660406467 0.38179606955367584 0.29217369380881897 1.2449680954768654 0.23552469236156276 0.06382558699120244 3.249992213670259 2.183664885864127 1.5828450821795699
2012-03-07 6.927622543836762 12.081542376285256 0.8126706797434786 1.6315124452382532 0.29219514499852195 0.37468024916376397 0.933358364758084 1.8931864019558957 2.249373887132908 0.8048843921823312 4.637068389966126
2012-03-08 10.727378941380163 1.8759436346432978 0.3652977609763116 1.7695040658667018 0.032357706232074804 1.2879922255070255 0.16450414686352932 2.402087209360543 1.6872556804911514 0.0 4.574142796244589
2012-03-09 5.918023980579023 4.321551039519841 0.28012901045269145 1.028925036821244 1.2291797533572715 0.7585874576158369 0.9838003398749389 4.641280136010987 1.2713246031231096 1.140076936950304 0.8652544874474022
2012-03-10 1.5220469287392508 2.0892552816046406 0.24819045098166226 1.5565279004347423 4.729330187217851 1.1568645149919812 0.904197055418958 3.4859532352213956 1.3267776213288316 8.819411562365751 0.19499537458108035
2012-03-11 1.4163324287244632 2.295260256339726 0.478178549820512 1.6438203170638637 0.32660197018007653 0.30954272418415196 0.3490733995558816 2.0585888968417643 0.05897139247277584 23.14748776209743 0.9573196730415275
2012-03-12 5.81165769861952 1.4061193137191 0.7859526129241612 1.8541765682364297 0.0 0.07551826145136006 0.7589094628992721 9.603817553760937 0.11103296779792192 2.711675153306806 3.6719753143657363
2012-03-13 2.1201543209953764 3.595597787579289 0.5627258150925465 3.4495705066575626 0.0685227638589366 0.0 1.2599284412939646 10.519169360563954 2.281907667356216 1.2363495401777571 1.4198194004558653
2012-03-14 0.0 3.805084885330002 2.352547789356505 0.02969993385044301 0.5839220481071928 0.2406212675234213 0.9544205144961949 1.1796646278178278 0.8463375578179249 3.975012204461106 3.8210191313188737
2012-03-15 0.07543630910230426 1.2807477796862656 1.0353048822655095 0.05442182974202801 1.6760901923471656 0.2845897279852987 0.20037575654672424 0.18666193284449184 2.68189074240337 1.4360863664167014 5.866631569905058
2012-03-16 1.1977958297499167 4.783095820576109 1.677877651247194 0.17930688987501217 0.0072020549876020655 2.3812495246062184 0.11683380779144785 0.6382247205682974 4.6175236321640325 0.02162755049701002 16.757727183164114
2012-03-17 0.8320377804544974 13.798230195054263 0.19170456282119205 0.1522263369043648 0.23374282077279365 1.3958549754831435 0.866293854792423 0.2516708199017492 9.33135784672327 2.8442076679302217 12.883758608099017
2012-03-18 1.4155194452994841 3.651780058999193 0.7381469467714359 0.3022571154445646 0.3468655478226011 1.2206295355501933 0.4827613835645532 1.7686133279013487 18.567606254062326 3.951310133988586 11.581576107153595
2012-03-19 1.2242867079548971 2.8514988326501696 0.4205340952677227 0.22155222224267135 0.07933532060026696 0.26927156031163546 1.7381235717391297 0.3075552988816694 12.369022946361854 1.290503354630748 8.168508086147297
2012-03-20 1.330158607626851 1.0410139520836028 0.9503480380606993 0.16480224408226868 1.5548824209695327 0.36518789087307924 5.190257942947192 0.23047983758084623 4.998329184926151 6.078853123937473 1.423110459500594
2012-03-21 1.0453864730215368 0.051327484759838164 0.6482826011971864 1.2141992832731534 5.014979413072126 3.393089930392918 13.570487890514242 0.8316041957699273 2.217515339995464 0.10158237904726239 1.246930086978853
2012-03-22 1.7308212561276861 0.01220935941204676 1.2335441578012523 0.8145235902469163 1.3867301035084365 5.020503305288274 2.440153002446273 1.6569740292442168 0.25946406354343543 0.00408217942965127 0.5115694334071403
2012-03-23 2.9458608998184106 0.1295360802448881 2.4336029049641286 0.41850337598037357 1.9583906686654742 0.033730634190652184 0.6009889602956497 5.944802090875454 0.6560071741532811 0.06232549769576472 0.6022170145500867
2012-03-24 0.9909275073476932 1.26003108260552 7.7983180705776265 0.4528846952589962 0.14398701150025833 1.1870829815134263 1.0444999919955555 5.379151088427079 0.8528077719891552 0.06978330244469097 0.5616450924169758
