2012-02-22 0.2757341778003106 0.33633468227899066 4.676193420365911 0.7138312661157462 0.3052149350246803 0.7537367078950132 0.6849670811356908 0.5045537892829599 0.6134527185216938 0.473379561924192 0.08022661215708803
2012-02-23 0.9430200726623309 0.37478219622512265 0.5742882957330175 1.0245963085682952 2.967570023693801 0.4468688590407795 2.2673632470466876 4.221598003770206 5.996925074286717 1.0626092015080786 0.45675631478773937
2012-02-24 4.557365503832255 6.042970812795497 0.868232831276458 2.9142056307087154 2.109202797734517 2.07170905912307 2.103562892849454 3.8458092985306163 2.075505129973773 7.657191310796147 2.4587237830583364
2012-02-25 5.1286569887220645 5.24991675264024 9.291973624579189 5.702443618052001 1.876089339315378 15.449249518059654 2.8722310564300013 11.599024749088182 4.300606460030342 2.9751195354578686 9.371900147718863
2012-02-26 7.954808356224622 0.7557892817998548 49.55867043889084 3.7181677539432645 10.111465462130857 15.514711895214582 18.599519421158355 20.967546729671902 6.066366702776668 0.4946679783125735 10.722446473752573
2012-02-27 8.836746820910518 11.456707875950729 27.000018412220257 19.494555420513223 19.13740555880564 8.699924256293365 6.259872203452682 3.9113134399518117 16.271199283000325 10.615952742239026 15.072359905885364
2012-02-28 12.866657566077247 22.05707235115038 4.147425851306032 15.704679808789518 21.531295953306078 28.1406316286215 7.094039863179072 10.611014715836495 9.581949310335922 8.015175278603248 16.371126300389072
2012-02-29 8.32993829108029 12.697873619013869 0.7014732778732558 7.466130168163093 7.1101333964569395 9.898990019818289 0.904291624335829 6.90837369964769 2.283560725789929 4.366514328299477 1.8717365385929894
2012-03-01 1.5978029672090956 17.984977293198746 10.71683589798937 3.2035019769779542 0.6411657314907013 1.191594644123402 11.438287365401859 1.4041270703949786 0.0 31.043477327715948 1.3146254819260956
2012-03-02 6.456899839316948 2.1640701198551144 3.3301072568473433 13.817794574840619 4.619636649613505 8.831400630361788 3.8936270991007307 11.077474271694365 0.5294144940971688 0.0713772400474896 0.08386866442300164
2012-03-03 1.359581328051706 1.5440270905776072 0.6535821478996949 11.701906754151173 5.06754745179608 9.980942583098827 0.9967857986361006 1.1536379387762108 2.621671472908698 3.6403735002254516 1.8675639174628877
2012-03-04 1.139448167341953 0.9840111650748069 3.4349228540391996 2.1560407210869075 0.21177861679063184 5.995589466314717 2.30340780290945 0.6865359748765618 0.9104240965731754 10.175233916978787 0.9142394120591821
2012-03-05 3.6314323785665525 4.015472086950868 0.37409143388180605 3.4547774405728138 1.6662993992016721 8.1771230196663 2.7362651140763408 0.5806361486003162 6.551594016117113 6.369729718008596 1.8183328694860148
2012-03-06 1.1431072537189917 18.891773709369865 1.5409094315675964 8.134632237659222 1.0147702584461817 1.7223924000195607 2.3257251654355837 4.95504680289428 2.1697435180142133 6.96435701780219 2.3379453052181067
2012-03-07 3.6253840334847163 5.0119975526277365 0.6259746958930438 28.12515404527907 0.41550410902874396 3.9718244323163634 17.092168385122143 2.9837709273552013 28.95189506867419 4.0914871451932715 8.590229329129052
2012-03-08 0.9070995359935337 11.463266250721247 3.554667977550536 0.057176116256868394 6.595161450071521 1.362860076896397 1.9736819433719504 12.82526761708744 9.7537674900967 0.0 17.724187368974196
2012-03-09 6.35258289503183 2.9997123009342097 9.611422028192855 4.330272512249614 7.266567546946055 21.131998134192603 0.922816009368384 3.262442060508712 10.191825743735203 0.8307522198872147 19.354025245017336
2012-03-10 1.8507876721648735 6.563438847032076 8.715019969019671 10.144023764359332 11.66993766468126 5.630097277924033 4.596260480845088 3.222190136299961 10.682538993130082 1.5853498530223158 2.933741453062779
2012-03-11 0.8112144034915281 5.283825759635718 3.7456496873072314 4.792636100186536 11.569498898010576 6.751342092702403 1.1392531597827222 9.856865133185348 29.228561598080617 4.3916198435770815 0.009656190683025506
2012-03-12 1.3954818481665423 2.250689364765505 0.9185319466918223 6.861341331953319 14.17700302054028 4.545606035740816 0.7795255963633191 3.520769879680702 3.0787946006118228 0.3253550757821888 1.6755936922303998
2012-03-13 0.14402933208761698 6.242598364377249 1.9303945572607635 8.62434273634069 13.739836433273258 7.619763781789771 0.051588058576727276 6.086432351556706 1.3117863926416162 3.590268689379277 4.146195030337168
2012-03-14 1.85826035502141 5.6526061308020354 0.4319648905180799 8.163364082225542 7.92328608948799 2.9903845925907033 0.6145418000515607 0.7335864886691011 0.36403325445783485 7.089469752995303 1.6744968659161064
2012-03-15 10.025135951279738 0.5778439256665785 3.8091989095102825 3.632999654205514 17.01793296231898 3.6102849406354247 0.27003331132324293 0.11839754449313677 0.8664809318262776 9.125932542742923 1.987795235581638
2012-03-16 3.352692404199416 1.4291322760616962 10.320546232216785 1.0633631612905463 9.72469973710658 0.8856701425685981 2.178375771416097 0.568241919537907 0.878727732539502 1.6097007207232852 0.7364557045983217
2012-03-17 1.151084717250538 2.7447444100665983 11.321208908944506 0.04626590474575391 9.07590943597165 1.7674275499960792 4.055504511572828 3.6121640206000567 5.667068606542624 1.761403813482607 0.9413369969016674
2012-03-18 0.5334623679661186 0.32372852664122137 7.577596577938037 2.3225293368013142 6.571180289312285 1.2975720764984016 2.4516161224052757 1.3255802308692908 0.391130096195815 6.830359591520725 2.440706509660118
2012-03-19 1.9902416558568672 0.015478494635486423 11.788931753165393 5.304690872911207 3.958988886780804 5.606124257073757 9.28772121354131 2.236534208066023 0.5552686729105616 0.45283240518337586 1.5336215399515143
2012-03-20 0.5850192066097906 0.045850774935858915 7.034864910432944 1.8235177475689492 0.46871589241839073 0.4131990431807605 11.526805364457491 1.3330770966711376 0.423334043986923 0.2850156492789212 13.360218608976057
2012-03-21 1.9563321437698333 0.709077444340334 8.970414193364032 1.3027407835027693 0.7163074268746152 1.0820145432252133 2.056147710057864 1.0296231880901958 1.2232883890190287 0.586243813759795 7.90057766736108
2012-03-22 1.4518221814143835 6.1440031498621375 6.666163377648498 0.8857738052046878 0.5115127567193412 1.5569893224913063 0.0 0.3283359065525804 1.3581878493187642 2.543761108103652 9.983139901340895
2012-03-23 1.2311985997174353 12.292220213881556 34.237395194447345 10.560456790177831 0.14398650702288762 5.889720896923492 0.035608357052425495 5.549806829803844 1.0484641826513277 4.909674714252708 5.089627718156436
2012-03-24 2.311781828585441 9.063125891094339 5.475624393284567 26.637694870655448 3.3178550666795923 5.718526103023706 0.8242663376189128 4.259234739600943 8.568989494427607 5.05339616584379 13.321820420363665
2012-03-25 6.550353400476654 0.15713844369081015 1.2491176130451598 6.659970770614665 2.250198259358757 5.171700334303726 3.3326308592780554 8.37684572322295 1.510803470973961 1.0452429773251186 11.729022358670425
2012-03-26 2.472101709266972 4.798497654262517 0.6346695611223206 2.683139256425874 6.846570260573367 17.1917781208126 5.770657838975762 5.600083637973746 2.9037567480805047 11.51753477461024 10.78987151773922
2012-03-27 0.527080283466671 3.6858250496024123 0.6168691961239483 1.056966772769284 2.1560783407794677 13.024678664156148 2.74488841220931 1.8043129294794835 6.260341433342263 1.6643508724425726 1.901548891389435
2012-03-28 0.215094776473785 5.110634688942885 3.815245087197151 1.2175680018822235 0.6599404687754772 10.19558645247192 0.962140492856365 3.2033445977937345 0.06572932684103985 4.772131574633098 1.4107140536758953
2012-03-29 1.1971757540616785 0.5588356117163292 12.289123804297567 1.075749534895834 5.83558845292353 4.662928620275686 6.746469677837367 3.541871785440116 0.024528303027528037 10.793945610274042 1.8266955269797327
2012-03-30 1.8285537284758648 0.5236470104057198 15.86897164265032 0.29340953227346894 1.6442849915670514 1.7948688157028962 22.33844839820342 0.39348381973851854 0.5911146964988969 2.49357233336211 25.60146769259768
2012-03-31 0.8569044415632013 0.22235992324793336 3.3636676925891145 0.032956941766182433 0.6708721647125624 4.447502685685764 4.852959594220485 1.6423950871308797 2.0901368804076577 17.44428093436723 10.78726072734814
2012-04-01 0.08470690111369847 1.2045302708179109 3.7385643416486314 0.11897437883284383 0.24503219809065824 15.544047541519909 4.610902734479609 1.9459918227387576 1.2514820946575966 5.402571243527817 7.7295464365155855
2012-04-02 1.1130643855797362 1.4199465027125657 2.2585902584168798 3.040593148295348 0.9853168831639794 7.493295373715781 0.2781627872368569 1.975728442396599 2.991045403767116 4.784382735686016 3.8248827964420506
2012-04-03 3.297476743438607 0.28914062330708534 1.5844839314633943 4.743943986473548 0.9699970617411825 0.819363393838463 0.8667951517207217 1.2926414405071354 3.149655978340448 4.7194020456485966 1.1327142049279306
2012-04-04 1.156960449012768 4.578226546384029 1.8565676326684952 0.7923538802589816 1.0678574721786314 1.567134061688414 0.23414639896211925 1.170126636712831 1.1026854831459745 0.4126950840233008 3.0258448887413496
2012-04-05 4.322189087661968 8.54735139071988 0.7157823345267997 0.370481285736036 1.6362430362187133 0.694406272244739 0.0 2.5060358158958778 1.3034318921516084 1.720461599036928 1.984235282660169
2012-04-06 1.272242678405624 0.003303817542020855 0.47389690829578407 1.292616981832293 3.507623812032094 4.745604742717099 0.21986561419545758 0.937309145257538 1.257224863988761 6.205034267799669 6.355266465878156
2012-04-07 0.9388288074580452 1.3703227150308235 0.8494816370563032 3.4709879754120845 0.08022661215708803 3.2633032741362653 6.08218966337806 0.06411948005092721 1.1283838152101153 0.9347619106311293 4.201495986116305
