2012-01-18 7.524600770609142 5.930631435902878 23.653827814500403 6.822386290298475 7.591689233172134 9.882523906058399 7.570143535530274 6.060719550967468 9.814928862412831 16.149088520544076 7.1200587530041375
2012-01-19 23.895610296003177 7.191434505646397 4.560598363411836 10.242579506854142 10.942844859538528 12.976083139049386 17.219508163772097 16.623043046658136 12.12109673442511 13.693548612405612 4.634125743918894
2012-01-20 9.235442978499293 5.897818440561311 8.11030183392399 13.584731383214308 17.853299143208453 11.361373099991127 15.119238242618387 13.211082913388879 2.1882798820602103 1.3268103744838726 6.073695884540211
2012-01-21 13.709289781407776 1.3050371224178106 22.371949490336426 4.843691229016026 11.598414936653757 2.7172135321667388 14.555658410806789 12.291495087058594 0.4488310753000328 3.6469523150476926 10.68606259699062
2012-01-22 11.095449614016761 0.8798386940005472 6.952105646089985 5.603318360456249 4.573737619274155 6.417102387588317 17.01676161817709 5.7279930676351025 1.0093776755886807 8.167383040686893 7.4919118628630095
2012-01-23 10.464249549945805 0.6001718405801876 0.7967400473978687 10.499932195629732 3.1263702009980316 2.6939093958918616 22.999336529931895 17.288905534123572 0.9631223444982685 4.3988234744897134 19.754828363945848
2012-01-24 5.996820482973815 1.3181036794259664 0.3332179076083789 11.684251135921352 0.9494718063576385 7.306181785806276 63.23309709131159 21.11509302709841 0.07236460203924058 8.260872762922393 25.595106970689177
2012-01-25 3.3409157412695727 0.2521362904940968 0.12762333747502583 6.841848964915124 0.4684850437606035 3.2984284192919855 13.859387919093749 1.356316605520638 1.609454379248636 1.7754595466437308 1.1195675895535246
2012-01-26 0.4561791177474185 1.6907333503116175 0.5503177195555583 9.857136997364181 3.2834026977262276 1.7674477974105482 0.36848321956427244 0.04450026161729309 17.390771446090742 0.5199586568896211 0.328117342116191
2012-01-27 0.1338352800116279 0.3852999062057601 0.07781530240512398 1.813422182142568 1.0991455752575194 1.332153111682462 0.20118980040262818 0.0 1.3045668431836468 0.02682240941460886 0.5362894644573633
2012-01-28 0.6324384051588148 0.04304847489199877 0.13199731658465208 0.6461857975831039 0.0031316053330818334 1.4807236923010672 0.4969623984455622 0.16016008581431623 0.8155380469949057 0.033603435911533405 1.0144187829569562
2012-01-29 0.5814858219393103 0.4996431259317069 0.0033491166013451135 1.5877940186945025 0.5102161635980436 0.4705365726972513 0.27524343943211255 0.5815042142335758 1.2007840513274595 0.47466928443386924 7.70726425918622
2012-01-30 0.5225106984421073 0.018315562597089975 0.09512872810094543 0.38485776139159983 0.5743012570962691 0.12126192278525882 0.021834320044047208 0.0982587423551848 0.4601188886663541 0.09046617666157351 0.20858933207022196
2012-01-31 0.19948769632562036 0.0 0.07556563266704863 0.31831517103614054 0.2680578946589539 0.5341204299478889 0.0 0.0727152652509245 2.1973616651304937 0.13529433130015941 0.13221863897219707
2012-02-01 0.24388450719126026 0.013469702819388387 0.7472325294692195 0.2542619494561689 0.3201967508817433 6.493319085431542 0.5684390560612053 0.5863639408553921 0.22054711271364705 0.824652268317194 5.151791748005293
2012-02-02 1.9586041050098344 0.4868849601497335 0.7912345878220105 6.3225381445425874 3.9284914240853444 3.6055116086957644 0.7648231542569841 1.240726739365551 3.524571515408211 2.221083195779098 1.6794263233682603
2012-02-03 0.35662340105998835 0.26813558371351515 2.969673868649198 0.0646376952089875 2.5421687275223146 2.0325442252192585 1.2021597399469983 0.18937232773223212 0.0 1.4188582710327289 0.4350873010406351
2012-02-04 0.2594955576536111 0.25164126258892505 0.9566998966785205 0.0 6.274745942430456 0.281751041189116 0.3748917773949375 0.1026980141441138 0.010896825705759687 0.36451217642534206 0.23500534064416226
2012-02-05 0.023272483233627708 3.658457377630521 1.4190637529662196 0.2928467111776494 4.261667794114247 0.4748248563084284 1.8133715667943164 0.0 0.006846928498144523 10.029084851690332 0.03660032327058627
2012-02-06 0.06644270286754306 1.3401896614003914 2.2480330696164343 0.6084805589395615 0.13202021939770783 2.448187580758187 1.774995188739565 0.05281088627952702 0.0 3.3939690248070695 0.031330863360402306
2012-02-07 0.5045620196981241 0.08691315992933499 0.7595765136738812 3.612043156891652 0.0 0.8754852747452706 0.2122484015775748 0.282146105655887 0.05671422266062896 2.131579289177376 0.01774375420390421
2012-02-08 0.7222211740131624 1.034970884941934 0.48928710375731577 0.8685983444628936 0.0 0.30170215214257823 0.08735818231122781 0.11583484208799014 0.01565020217256846 1.1805782504289968 0.03810233297710046
2012-02-09 1.85749943823678 0.006301524208588446 1.3764586518454873 0.14357203349921208 0.10001143119292477 2.837348892710015 0.0 0.008870700822667752 0.035125002343640244 13.701993195702848 0.7760001082877062
2012-02-10 1.0061303408969038 0.0059087363351980355 0.3445341062883327 1.2861464510904939 0.010196045099489638 4.372421813655787 0.04821558478235578 0.02052088520602041 0.0 0.7903305342824387 0.43134861551567605
2012-02-11 0.9045475658497308 0.003636163784066932 0.7825473216592383 3.5986920830677254 0.006301524208588446 3.475594172059088 0.03867414137028623 0.01845779218995004 0.5051253937578968 0.7694919469716082 2.25638946560738
2012-02-12 0.3732755291631056 0.16523545977004772 0.3236462217049965 5.408053412830663 0.014833294052324216 2.858979415159232 2.0740875345656278 0.1618936382703685 0.06430260039757137 6.19229175668921 1.0510389453424325
2012-02-13 1.4284484651099363 0.13710065894273019 0.00943312954167028 24.098863092824708 0.0981335797189725 4.122622497124844 2.428732384727291 0.20421517768110614 0.2592432664196531 1.2242092126899184 0.024224298932288012
2012-02-14 2.2584167975320892 0.6252483419351647 0.00371532316506269 3.620314356056255 0.41639445058328695 1.2174958196314463 3.999275421330926 1.0130126102511605 0.0 1.6946679584168158 0.0
2012-02-15 0.7972449362551922 0.13413101356942186 0.0 1.9606908899617839 2.6153574661301544 0.014912453433319975 8.197816425373443 0.8854857674030194 0.0 2.127786630877819 0.9806981005000543
2012-02-16 2.44509564836586 0.05003357807136767 3.421550663489956 9.439284340013915 0.0 0.0 10.125481818030497 1.747034453326096 0.06793118663098857 2.8962463438047497 0.8940581682835349
2012-02-17 1.1589420848317693 0.039916869558916934 12.634002994237054 8.52700282486685 0.6971736522434031 0.003911545320347641 16.2991406338502 0.9633695623117555 0.2130700569521461 2.653614808153784 0.07419834093456341
2012-02-18 5.967313045184033 0.010688694111679645 1.5822302873392928 1.927020732606055 0.6776944610377815 0.18348285666080366 0.6428896177181412 0.0 1.7801846544538957 6.22627952042211 1.7860978829838798
2012-02-19 1.783106969955323 0.13876878620135025 3.7199711519437058 4.264820371447069 0.38397967762121377 5.130234371074137 14.690117603674071 0.0 0.0 5.247039045271987 5.853778158785593
2012-02-20 2.451988793277696 0.24884297462859833 3.3449344858808017 2.4408778333427406 1.940446854046408 0.13759955963126796 0.735701079342644 0.08174975053852737 0.0 0.9073438377339573 4.248757403273768
2012-02-21 1.506677607348704 0.0 1.4535615338151469 4.678589969854182 0.6310913242218795 0.4313627421385633 0.5037773355521686 0.014900543994524883 0.008991807659326848 0.6589379646758975 1.6419008455067434
2012-02-22 2.0972582395111177 0.0 1.0167493826893739 3.8891603372581054 0.9968426597662504 1.1497511461747958 0.3395233179401448 0.02938202914846178 0.3876311700010163 9.61141521178262 6.997259440739715
2012-02-23 8.244049013161103 0.0 0.47605365858530935 9.0633296399789 0.26163324530789395 4.540634146697889 0.8439051049594108 0.04036333965225698 0.5928805691440314 2.168591257854193 5.839875884052406
2012-02-24 6.514419425734609 0.0 2.0649255534615887 3.763675354019093 0.12079769808985963 0.6988682835275174 1.4302471246524604 0.006985280385412046 0.3514854282123471 1.1876004104116435 0.08440902200743086
2012-02-25 8.470807899963898 0.05213227831370003 0.010700603550474736 1.191126574122272 0.14348902779246628 0.7123689890551232 2.8690788489758994 0.4643156973911394 0.0 1.2486485310081397 1.8942588195533512
2012-02-26 12.158333373559806 0.009820281655545677 7.211026432906296 0.43917053027517144 0.7858197642723647 4.454059469545012 1.124012978758874 0.4019599026939479 0.08951659582869559 1.664649005831882 2.1150864597438717
2012-02-27 4.723729410853682 0.09376378892702891 2.2253724760221374 0.7356436145584122 0.7926999753531058 23.826566007899046 8.207489457613441 0.15567730518123715 0.647740850803437 2.462323605962301 3.855322993665869
2012-02-28 2.9938024449335066 0.02659686641314303 3.593232187815053 0.7052966598885311 0.37648684799332544 3.155290850115229 0.8028235491707969 3.6538276471640327 0.09484033297724291 1.8541166463595529 0.39401746851133834
2012-02-29 1.6537804075573646 0.01201403838850153 0.5842041804980878 2.541681096381763 4.438068077864647 5.32676453202197 2.4051326007878844 25.426751884712978 0.12494243369847066 1.1635151508179729 3.9443512881741025
2012-03-01 3.0692505487042565 0.0 2.5404228160956093 1.8385855119466779 5.350623130651472 2.5853948354262206 13.217922390212998 1.8164329357215998 0.14654314311034955 0.11100661859318658 0.47670714259246183
2012-03-02 1.8209739446399207 0.5323683700085102 1.074736819885041 9.608637430411104 3.856494466287373 3.3540803126629775 5.407212647185166 1.016020874165537 0.11081742102198182 0.10026725600361283 0.1666811076656812
2012-03-03 1.7015240702311023 3.354017591907521 2.8338787769360394 1.2507399802112833 3.7469325635453 0.7557294142148026 2.8991787578806445 0.7989126920684926 0.010196045099489638 0.03338592464327013 0.5025703265583272
