2010-03-01 6.982888577221949 6.982888577221949 6.996856386030597 6.982888577221949 7.020536750753647 6.982888577221949 6.982888577221949 6.982888577221949 6.982888577221949 6.986497465483427 6.982888577221949
2010-03-02 5.792885596282715 5.792885596282715 5.8044730529010495 5.792885596282715 5.824117880711462 5.792885596282715 5.792885596282715 5.792885596282715 5.792885596282715 5.795879468603218 5.792885596282715
2010-03-03 4.805679363277555 4.805679363277555 4.815292120204658 4.805679363277555 4.831589135230154 4.805679363277555 4.805679363277555 4.805679363277555 4.805679363277555 4.808163028833829 4.805679363277555
2010-03-04 3.986709863121313 4.499545036359934 16.54604875758899 3.986709863121313 4.008204169250831 4.032550968152606 4.233279365026999 4.023930233285305 3.986709863121313 3.9887702698237564 4.0689654606227075
2010-03-05 3.410490163388384 3.732746032348881 64.29909906955838 3.3283140713274646 6.515399016774992 4.499529159431715 13.553913397784616 5.597286012019294 3.528264652588182 3.3090159734642612 3.3774994257285154
2010-03-06 4.894180563460789 3.981568189068511 56.59439747712261 7.658633941934633 7.424998554314668 6.435299640613683 15.194543854548773 7.776372797349318 19.452764477927605 2.887052054217665 3.5229745514567266
2010-03-07 5.734953162818245 8.352453095438596 79.42402476204568 35.965303447117805 11.138704070247288 7.124316219509433 17.24452291126609 9.714389434698058 18.048861470105457 3.6188430552661477 10.051176823554394
2010-03-08 5.9405452745540686 9.993732005284171 133.56062683794494 38.93258948234133 16.361079060783293 25.970905996837427 14.305762906381577 8.195768113675985 34.20001852066267 3.002130648117126 12.319285164933383
2010-03-09 4.92817532092445 8.290630094737125 112.52994682097042 33.0605968827249 14.102180752980162 38.15273584484632 11.86781758977539 6.799069830650363 28.433126269230822 2.4905165244040766 12.748636164955634
2010-03-10 4.088330426131417 6.8777657166932915 93.58362707564221 27.42650886785036 11.698929297909189 31.65086074196659 9.845339620535562 5.6403926905794854 23.587637952515493 2.066090149081573 10.576051729238287
2010-03-11 3.391609385783378 5.705677459153838 77.6353853192755 22.752565277226964 9.705232766113784 26.257015742756842 8.167526296258602 4.6791738423579865 19.5679032587087 6.015372752215022 8.773712633434247
2010-03-12 2.813621460782914 6.303406788224838 64.40499521140241 18.87514117049404 13.270898027483126 21.78237367179269 6.85261721923227 4.041884679879629 29.98414515872572 11.849987431848811 7.278522774361559
2010-03-13 2.353796975229845 5.229199060991557 53.429288604959275 16.04171653600555 11.020098336689438 18.07028671597994 5.723692021050732 3.3530787846581496 28.995970597307185 9.886623870553832 6.038138697980811
2010-03-14 1.9921934141118707 4.355504864384379 44.336299095501 13.34763845057349 9.142086146477446 14.990802513895794 4.865856568379728 2.8678088688631482 24.12442980988948 8.201775007896886 5.009137165096463
2010-03-15 1.66678184352713 10.53352572757105 36.780639642528286 12.936099363216423 7.584119175358073 12.43702230139384 4.654360919343562 2.501937722588979 40.17887672953229 6.80405304792853 4.155494995029357
2010-03-16 1.382733868190104 8.738433785747917 30.512593069609903 10.739321826511652 6.291656274558218 10.317542168063577 4.0692885431000905 2.076772377971442 40.99393212705331 5.644526682877018 3.6580953373417686
2010-03-17 1.147092499036637 7.251931647325822 25.312728241819634 60.68533864665249 5.241304915864999 18.6867658996116 3.5405740867699085 1.7228550423043463 35.728832080691106 4.682603332055495 3.0764186956635498
2010-03-18 1.841814389022713 6.20780202778912 21.07586544792242 52.630111320182394 4.354744496966007 25.0421183431671 2.95021483111284 1.4292512401832862 30.04173835458065 3.8846080809388055 2.5521446251315676
2010-03-19 14.670255441638652 5.149886977812751 17.564005250611906 56.14445228481633 3.6126689177790063 20.774515452487808 2.4785475503694885 2.7585305883885956 32.22201300054092 3.2226047931914574 2.1172157732528323
2010-03-20 15.8572511193101 4.2722586457372 14.570800021236499 52.85274024533341 3.067077651569653 17.23418467924543 2.056160891794677 13.743215364972764 26.730833942114835 2.673418125256991 1.7745125986109493
2010-03-21 16.242776157289143 9.346028714327492 12.087687872415865 49.20125994882437 2.8046122578248505 14.297186484933137 1.705756103939289 14.695330839369065 22.24413905327039 2.2178222062952258 1.4721054702855991
2010-03-22 13.47473083733703 7.908756654729195 10.027740267384033 49.43860003985532 6.354803185936852 11.972669088355381 1.415066251740196 22.54686798778831 22.986337095789413 1.8398675808574017 1.22123366007184
2010-03-23 11.19891219279337 14.977372871314875 8.318842770550548 41.18331330670501 5.456139832629674 9.932322640406673 1.6310685239963516 18.765910149521417 19.06907429510128 1.547809468291954 1.0131146732329523
2010-03-24 9.29084293966957 46.43468661806113 6.932167169104176 34.164976259215145 4.52773584945124 8.239685930106091 59.10554769589651 15.567879882957747 16.298923267361324 1.2840364092181002 0.8404627015110593
2010-03-25 8.32230230670738 57.41006560189723 5.778718730851933 85.22471880788272 4.062779603379529 7.103160264932219 49.62975773665864 13.163417752828062 15.530282041718634 1.0652147657537785 1.9313178700447367
2010-03-26 6.950249133675142 49.60440900045434 4.7939267726705435 300.7445227774315 7.579513296810077 5.892660942784104 41.99220767646362 11.930699358434786 18.24859923939465 0.8836840521299097 2.6228878538442695
2010-03-27 8.305499197365386 41.15097401784297 3.985054184434096 262.27461100440047 7.20452734277951 5.108004288453301 35.41093157635174 25.726470464115685 15.496610701496545 0.7667520086223423 13.502900262232139
2010-03-28 7.598736369572126 34.1381481352129 4.7872339936781545 220.33517258075076 21.05341647961442 11.726590091601437 29.37630655437784 22.67773706519665 14.542221499099032 5.015181889212074 42.22171246372335
2010-03-29 23.48257329038023 28.984748701565184 90.06165782962286 190.02762637156115 19.275530259452523 15.176207109709717 24.370084275136684 18.833807846225596 12.101334516061264 7.219106670643906 75.3665626938491
2010-03-30 70.95554463650112 27.787519788872675 131.52083847381385 158.54994514821308 22.05352167186421 17.231326066702053 20.217007419837273 15.767825797035702 22.691640089039794 5.988848108905888 72.94016306202374
2010-03-31 83.76241078855482 27.769801906837795 118.97427470695514 133.0124185821724 39.13748057669438 14.561410183211438 16.78808995095714 17.843434869049457 18.82460052243599 4.968246530750901 126.48287428850824
2010-04-01 79.77221191453486 23.054142306335265 105.15453868137325 110.7130055391224 98.1969408606527 12.079898222495652 13.927113885678281 16.853459370802558 15.616568418101352 4.302757858397425 185.5410664362999
2010-04-02 68.52827307045061 19.125324344515455 87.23441678532507 97.87449638687944 94.64274885131651 10.360452875460645 11.554272776449839 37.00631978189914 12.955239547664302 34.066510652140025 156.9895065432821
2010-04-03 64.48408769775094 16.903470158250773 73.05273835273061 118.7512384908459 79.3723641081583 8.880789882853446 9.775783913230706 40.609296044829264 10.747446381551098 28.48329192515995 130.23582449651298
2010-04-04 57.86227191997475 14.10842071133805 62.10053382997819 101.05902806424487 72.14892578016182 23.01413950290262 20.779093824700468 33.69339080500863 9.032996367332826 34.52191647173874 109.6432296896419
2010-04-05 48.05794456084531 39.264086403265786 51.51754663800503 90.8038682071 62.3172914686271 33.57756086894192 38.709818694445225 28.21238374891594 10.399750205041979 39.70135911845842 93.19980976491078
2010-04-06 45.42580084709487 70.17916528379516 51.56982052082067 78.15531309634659 51.76611432850657 31.62377021883274 46.82613688023889 23.793829723350612 11.594102177350948 37.25724499372464 77.31697700638965
2010-04-07 39.19646973303966 81.88792290997753 49.01870323661212 65.42696619156081 42.95354267428455 30.32702129590964 78.910607257432 19.738956444812008 9.861910890704086 34.574055830743575 64.14104150959848
2010-04-08 34.07323458528695 81.02388309978032 40.66778563847377 58.07552886232782 37.9916311436306 25.158781054626303 66.07882305945608 16.387000861174265 26.97240107049943 29.850509415870363 53.21031710335799
2010-04-09 28.73535105707552 73.87534267600842 33.737303273922976 48.266571849561934 32.04041474384009 20.87129685367421 54.817924382536425 13.594420472903696 22.467191629464807 46.490950101426264 44.14237404948008
2010-04-10 24.172785931683688 81.40343620283501 28.090485450836994 40.04112707185909 26.580183117041326 17.314472883577718 45.50576604158414 11.278766045605412 18.638400046043586 53.39415526858421 36.619762722693004
2010-04-11 20.766980422956546 70.36357346466502 23.30338895732876 34.045604000391435 22.05046782895605 14.727759736132425 43.58157710511654 9.35688488514787 15.462099669848099 44.96583702725675 30.980600354484917
2010-04-12 17.227933746904224 71.0315406630806 19.332095126906278 28.243654019324268 18.29269306892394 27.39656148380741 38.712154188767954 8.281915364750366 13.818552698759236 68.69340746492145 25.76391580401858
2010-04-13 14.338041190183494 68.4299237160546 16.03757731032603 23.448747783785905 15.290826322701754 23.992557196743327 32.114944685302675 6.892105781237967 83.51795438770425 157.03427060549333 21.373306349428972
2010-04-14 12.259704260149867 63.20868303155918 13.304501363988905 19.45268233702192 12.975020911727825 21.796390557347927 26.642011888847613 5.717573732798611 74.03449645946405 130.36838713408244 17.84762609171602
2010-04-15 10.170442136933511 53.713699025910614 11.039608425169416 16.148096354100755 22.32394582557735 28.493206114921552 24.45138108246545 5.377277576790403 61.4177590584646 108.89238949557848 14.806087047094657
