2010-03-29 43.30962691756647 52.57368728830155 61.96518781327563 62.808498118235484 40.69833124811036 42.92575034839697 42.533798481903936 78.42382568610432 42.8304556996959 42.047871885765744 92.12042066702254
2010-03-30 38.60739504711223 52.319281478174105 56.27727470034744 55.956878250681115 36.25869479671156 38.24309961791822 37.89391020248686 72.80370473425475 38.8756313046072 44.261187920916186 86.95085560668365
2010-03-31 34.52428142364568 47.799893814428074 50.137938709113406 49.85249792280896 32.30341153397425 34.17264967502896 33.76022284286279 65.5143810639218 34.63483691431313 39.43282240025503 77.4653408799952
2010-04-01 32.342874943118765 42.58543457521662 44.668395774846346 44.41409694422274 28.779638375875823 32.11074727240891 45.04454683675752 58.96001480567604 43.58363713165484 35.13122137774117 69.01434333899046
2010-04-02 42.076682000477405 44.11399745058912 41.45842058969742 51.58336095382536 26.045527145290073 28.60797811940186 69.8027005219994 56.27928620803703 125.49894648445525 31.44880070815662 61.48534454988823
2010-04-03 49.48473201053319 54.885416745848104 42.07424462983334 48.77866185880232 35.68352406411646 25.488579937184998 106.8206831681665 75.412035336873 112.0486804167536 91.06991847537317 55.583614003429965
2010-04-04 44.086408345252416 48.897871453024585 37.549202539693745 43.45737135215823 34.86995706521424 22.70826722280587 96.68046517783908 67.21692509015455 99.84960991724319 81.29198935209148 51.901185910739116
2010-04-05 39.27703409380732 43.62646611289871 33.453045821415515 47.63226583990282 31.444338695446458 34.41042841543038 86.13301190775891 59.883981811764286 93.20391779466893 83.91631672836354 48.56662798466862
2010-04-06 35.60044237926151 39.58190088568062 29.80377084163091 49.704720295999664 28.23898530087107 30.65670176740863 76.73628509963079 53.35105783468198 83.0357460903699 74.88403870498225 44.513064304286
2010-04-07 34.584389693359526 35.263946148280354 26.552622626226928 44.282352984899745 25.15855719379945 29.73583227310241 68.36473941778223 47.530870424018815 79.24125120160221 66.71457547910977 44.48119338906399
2010-04-08 30.908218191414406 32.928445465307526 25.705927856727282 39.451559469721225 22.414194313452363 30.951717311037648 66.81703340386296 42.35884320054223 72.33052691465062 59.436397734851816 39.628706130905655
2010-04-09 27.53654687212514 36.087686197012744 39.53131241311129 35.14796706831144 19.969231887395313 28.144547540925313 77.92382510656815 38.6839604403428 64.47504837362779 52.95226545825098 49.630810099194235
2010-04-10 31.832196861569354 32.150915589258055 39.00016423564428 35.11324215367618 39.4143105759386 26.243884769145875 69.4901646446605 34.46393298458158 57.453578162294505 47.17554763507135 49.76782573071915
2010-04-11 28.361161451239543 35.42063282873373 35.811341393433786 31.312949877472786 39.42844897252787 31.416115069988468 73.88416407517838 34.428985714358745 51.18574901733158 42.22418971990888 46.929900588141386
2010-04-12 40.815551987248334 35.34753450753512 31.904696030650996 27.89708479538796 35.12717253624161 29.017826116206237 65.82421772505018 30.673157128149022 45.6017360749486 37.84054386115655 41.81020616478347
2010-04-13 37.217566939971796 31.687764738519082 28.424259027615197 28.040380273879066 31.29515921568323 30.268501268245704 58.690009544087204 33.38894892288516 41.72251248338782 40.73077077854087 37.249065308639956
2010-04-14 33.15747757844841 32.199448768593186 25.343955096950225 25.285292958566565 27.881212128575278 27.56676822874408 56.49765760946538 37.94131422005475 37.48705279026574 39.26357270185828 33.185539434718386
2010-04-15 29.5403381549132 57.24126901486909 24.32316011009737 31.417715941663133 24.83972002905307 26.558323243887205 50.33407462571096 65.65750946717685 33.39755116121345 50.06693967224769 29.56533842669276
2010-04-16 26.317822570621125 61.11262954073657 26.926839247603237 30.486587107775478 26.24616029944639 24.79463856260408 44.842935737802875 58.49456419557184 29.754208693528263 44.606468706733494 26.340095280702702
2010-04-17 23.446877157575585 54.44990937703357 23.989449334425032 27.52613082822307 23.383033332046985 22.08987447734133 39.95087673162252 52.113095025177074 28.49295802039582 39.74104106895424 23.466719886436763
2010-04-18 20.889145449814357 48.50970711259312 21.73857002233473 30.725569404343876 20.83226706748976 19.68019350148066 35.59253751452148 46.42784220199221 25.38469242213341 35.54947805430892 20.906823311521187
2010-04-19 19.483150622642317 56.455003121199624 19.58437337146018 27.373713205054262 18.559782834976104 17.533401971815227 31.7096888556414 41.36284791236908 22.61553274785771 32.297206894676265 18.953376756884854
2010-04-20 17.35784716090514 55.34711177659866 17.44802637807362 24.387539250982073 16.535219982501232 15.620818587187435 28.250454399977876 43.04531325834771 21.69574869726563 104.10939263141861 16.959901680093555
2010-04-21 15.464407735204892 49.3089948844204 15.54474828418319 21.72715140717571 14.731530236457443 13.916891205506644 25.16861756170097 62.78289814088395 19.32903865336746 133.52151837072606 15.10987861646011
2010-04-22 13.777535941306537 43.92963524853163 13.849111233405996 19.35700625070686 13.124616317118537 12.39885544869738 22.423004036296778 56.706462340663286 17.220530672383088 118.96121186888244 13.461686403873385
2010-04-23 12.274695237869892 39.137161859916944 12.338461573851816 17.24543818441672 12.333262422773856 11.046430554279304 19.976931681419902 50.72267790927533 15.342054830349936 105.98269729103613 11.993305289845479
2010-04-24 10.935807842071839 34.86754492174121 10.992617189058649 15.364236361355546 14.798892665101027 9.841548409923938 17.797720416444346 45.18906631910892 13.668514571087783 94.42014675072991 10.685117898079314
2010-04-25 9.74298647609648 31.063740363245543 9.793597850505419 13.688267767302452 13.221157559374081 8.768112150682938 15.856255592596026 40.25917054541852 12.177551398030264 91.53177975939457 9.519647126342866
2010-04-26 8.680295380421603 27.67492768826835 8.725384989005843 12.195141425460065 11.77899353998641 7.811781093562749 14.126598999957967 35.86712465031525 10.849246148601845 100.11237511688493 8.837552723699257
2010-04-27 7.733537400856635 24.655830975464383 7.7737076753457846 10.864909236842044 10.494163619116753 6.959779136007512 12.585642314104671 49.026828941737975 9.665852859937917 96.12991876070355 7.873637766400852
2010-04-28 6.890064304652518 21.96611395826506 6.925851950702247 9.679799459352678 9.349502663765067 6.222675535342904 11.212798352147635 45.64954676232109 8.611561670190792 218.02930447287406 28.046167087336265
2010-04-29 6.138607791362093 19.56984110238561 6.170490959353057 8.623979264635507 8.329718272840642 5.544031992282899 9.989726013137092 40.66938102868199 7.672287587602113 194.2422862063559 26.308151102614726
2010-04-30 5.4691289406273675 17.434997480462044 5.497533614120772 7.683343200269219 7.421186459880468 4.939422123390447 8.90008522781362 36.23255055415039 6.835482305135338 173.05045491802795 23.438149222098396
2010-05-01 4.8726840854014295 15.53306102897596 4.897989772605898 6.845324731004414 6.611769627040228 4.400768960934858 13.566715361269285 33.57387915818685 6.08996654636832 154.17067258292593 20.881261220401733
2010-05-02 4.341305318569154 13.838621472492528 4.363850122861275 6.098728341088385 5.890654398351558 3.920876739110847 22.371720509185472 77.15438241667962 5.4257807026592735 137.35069189194488 19.0826456324484
2010-05-03 3.8678940364442855 12.329040823748155 3.8879791736888603 30.44816410025743 15.696760548999393 5.6008936291522975 19.93116781730246 69.47451256751667 4.834051765984926 122.36578603529755 17.000935225749814
2010-05-04 24.749148514047395 10.984150923609352 3.4640199198279467 27.126454624478246 13.984448109891614 5.662835628165155 17.756876117306952 61.89497844765769 4.306874779572219 109.01574618091381 15.146335657639652
2010-05-05 22.103383120783512 9.785983979805582 3.086308908289308 27.369037419474104 12.458944897104521 5.045231004273767 15.819796173187557 55.14237496044415 3.837207222413835 97.12220653179068 13.494069024016468
2010-05-06 19.692087609747833 8.718532504227676 2.7498005710570403 24.383252274621444 11.099869959088524 7.808116186492322 14.094048052811223 49.126483088350625 3.418774916564323 86.5262612230106 12.022060716870515
2010-05-07 17.543861618320925 7.767535441370644 3.6013820677253423 21.723214204842083 9.88906592736575 6.956446710926168 12.556575352947192 43.76692681944395 3.0461442978612974 77.09998770660503 10.710644491354596
2010-05-08 15.630004089600543 6.920287630433692 4.2831914839124945 19.35338395158875 8.810356420902384 6.197689720182636 11.186837148780162 38.99209926299158 2.7140063128420655 68.68848047905728 9.542330127108656
2010-05-09 13.924945284183112 6.165470055345552 3.8160844787969883 17.24209963037796 7.849329917971169 5.521708503371996 9.9665335521227 34.73820592722979 2.4180994213655143 61.19467388602958 9.843911487741122
2010-05-10 12.405905149539059 5.492998614725962 3.399934016161445 15.36115370443771 6.993147207867092 4.919472273284686 8.879361211574762 30.94841237675012 2.1544709205163954 54.51844576776581 8.770117371601488
2010-05-11 11.052588961723602 4.893889391234638 3.029180823388587 13.699137453758086 6.230369849884105 4.382935508824889 7.910795487925623 27.575054972072436 1.9195993479873135 48.570597416134774 7.8134702909287075
2010-05-12 9.846916172963565 4.36013862020349 2.698872147404135 44.844803552416415 5.550807347633914 3.9049304613358142 7.047896394495265 24.566759962100665 1.7103474332968744 43.271661812176895 6.961189501247955
2010-05-13 8.772778842316685 3.884615753841545 2.4045955827350762 39.952351846291194 4.945380996839098 3.479071388619308 6.279135709629816 21.886668805284963 1.5239201820868722 38.550841886458734 6.201888649581859
