2010-01-04 18.545421938825278 18.198632332112403 18.71467419307129 17.792119208008838 22.50435937408568 21.387537396910393 19.11421913709868 20.08183799875261 17.82850754845365 18.57142555510625 21.29082934810406
2010-01-05 16.3916511145193 15.203975569986108 18.420634376010263 16.141635239734708 19.07365527358478 17.772772347962558 32.28888423616135 16.934056137021184 14.79022662877997 15.704819071877413 18.590250472863126
2010-01-06 14.07725642230324 12.612959538390404 17.107919432531272 13.432140054506347 17.401110852544313 32.59664808937092 27.48982087457103 17.002087768509067 12.26972045395081 20.939114424147697 15.422155602883066
2010-01-07 12.653186950467651 11.190027598995666 14.192438983822475 11.547498765734906 14.435665599164276 27.041624839885532 22.805087841170135 14.109664138937276 10.178751400952814 17.37265379621423 13.528665861659903
2010-01-08 10.496868684332428 9.2854088842049 11.773805991072921 9.691916447406328 12.592099659582933 22.433272033868096 18.919378612234404 11.705137387619336 8.444119038510106 14.412058109240256 11.270811789728317
2010-01-09 8.744371452056267 7.784356380166125 10.488223550266273 8.629277106853003 10.931742608774345 19.703335777608252 15.76696965527483 9.710382891748123 8.177439331868491 12.156297599154685 9.618385914729924
2010-01-10 7.348199710801332 6.462154455947543 8.741209625082455 7.158701518119259 9.486316898256785 17.253585875837395 13.080009855947797 8.067509895867248 7.825102677196368 13.55130425258844 8.255677778348469
2010-01-11 6.730312958795935 5.86194710992543 9.681728577802026 11.927206656134558 12.245265888975222 43.42011233489409 15.889283052859133 18.323332035099103 6.491572088952774 22.731322436118212 8.5581108953655
2010-01-12 8.573182080898361 28.527954094369345 8.111002125754425 10.137116680602848 36.890191503429286 36.020586688750086 13.866269135217227 20.618280180361207 5.385297794095078 19.249727700790107 12.219421586698028
2010-01-13 12.775045696262913 32.78207028872584 6.9494347982269895 8.40957958264535 40.918665263589695 29.882066066399023 28.19246341977434 118.92785957639094 8.610299652692243 15.969246694554435 10.147490686677061
2010-01-14 18.219695558277525 27.195447942745318 6.446140377430639 6.978677770546688 38.54253619945969 24.78965376417727 23.38798814588331 123.08460263729742 10.791506674106238 13.247815447336237 16.182043195761384
2010-01-15 23.517426612631134 22.628417777874468 5.347608418934489 5.850534091809927 32.51515783300081 20.565075131762853 19.402499274574794 103.31615272610438 8.952450391164492 10.99016237168739 17.519308409679404
2010-01-16 27.873248679408096 18.77215051657477 4.436284990377347 4.883597953275592 39.25121999836567 17.060436551405544 16.09598339377439 95.68104392383994 7.426800578140976 9.117251779073014 14.53372028221839
2010-01-17 23.135389978126984 15.573056785327124 3.6802665741502136 4.051349800117099 35.32458791377678 14.163756136791793 15.4046305324915 106.14683453669446 6.161147442036047 7.563517006550888 12.056927151591633
2010-01-18 19.322124758201856 12.919143037176086 3.0530865546707227 3.360930887421067 29.573967703549854 11.750011189023775 13.236904274399823 88.05760854958899 5.11118312698942 6.274673576312641 10.004763591443618
2010-01-19 16.029306062028883 12.156725581766578 10.807881977787376 2.793945644541276 24.534060602600924 9.747609434163854 11.512356271958177 93.9000034179261 4.346744200631089 5.257248481435784 8.29978171098579
2010-01-20 16.56651880969288 10.085012776844275 8.975048515278793 4.129093973736323 20.361044395390984 8.086450995873275 9.550454957083193 78.68266783545432 3.8482052221441116 4.361323923101374 6.885357741879152
2010-01-21 16.163263657138803 8.370008012480755 7.445547597549368 3.425426131555723 16.89948019601755 6.708382209024331 7.922894994958632 65.6103860267503 5.210687970250714 3.6180801477017126 5.711975674120063
2010-01-22 13.408768619588466 10.850493321823853 6.176699650481339 4.5648267130701905 14.019521338416883 5.565159782124719 6.5726989324825205 58.53712122685575 5.322521830148993 4.700133981283197 4.738557867994921
2010-01-23 11.144169333892153 10.481187781941449 11.767515989455273 3.786902601013998 11.630356453487138 4.616761901091002 6.376267731503048 51.036704176372574 4.43777810127442 4.970599641022001 3.9310270122600155
2010-01-24 9.245013335514242 10.711330723834772 14.066370082785808 3.141549988854367 9.695507628228068 3.8505008028221406 5.289643260290855 43.044032038176 4.09489778792484 4.152681894861077 3.261113149106256
2010-01-25 7.6695058207616205 8.967507110730931 12.70270425241 2.6061764381870267 8.043879122054248 5.1086733914746985 4.388198080657827 35.70859687109612 4.413550086574824 3.4979741429302624 9.755347075054091
2010-01-26 6.362491583299255 7.4392913766031645 13.207112499164307 2.1620396463717957 11.530943175032876 5.714342708440306 3.6403744917254697 29.623244620103655 4.252012472840676 2.901859854223146 25.285646122392716
2010-01-27 5.278214802050411 6.171509595992223 25.350742050085024 1.8705234213304371 9.566375979885029 4.747235939496189 3.0199927615892705 24.574939894454946 3.5390097968779526 3.361871606470529 20.976541956128614
2010-01-28 4.3787172260806555 5.119779393668134 25.47720592560456 1.6397734696228712 7.936102804684616 3.9382261927777162 2.505334629935177 20.38695215736862 2.935902334789519 44.81275677738479 17.401782430529124
2010-01-29 3.705905304399857 4.247281906010891 22.94129841106069 1.440503036039619 6.583655906788046 3.2670854668174782 3.263274713852633 17.14829370661098 2.435574642101128 41.15821618275767 14.436222728837487
2010-01-30 3.0746543302002585 3.5234728299892937 20.086239107695494 2.545378958748523 5.461688963177383 2.71031853555431 13.487216202066849 17.60011956940344 2.020511297993169 34.354704980133505 11.976044839578623
2010-01-31 2.5506809375519346 2.9230131313167274 17.684005945876688 23.29474890720208 9.224069171451749 2.2484341590627945 11.188765166000742 83.53599700570051 1.70981074218876 28.500078934822255 9.935123106205419
2010-02-01 2.2479785335997464 2.456810733969444 16.92832045588622 26.614454827283335 18.739608475397862 1.8652627362145506 9.282009279330024 99.88510014938497 1.515676163389631 23.652511680279652 8.242009148901335
2010-02-02 2.24924299057307 2.0381283986162697 15.549425909881217 56.14777915193864 23.469042909129776 1.5473902409316418 7.800776856765018 91.69641611495385 1.62086814859062 20.32296559477695 6.837430606989305
2010-02-03 1.8686907976541256 3.392115021329778 16.165887835861547 51.66998093992891 28.455188319037543 1.2836886253302022 6.4713918020643435 93.79783238932208 8.400356382761741 21.216151001039073 20.86864639872577
2010-02-04 1.5502341023962192 6.976517022960693 19.858965675631136 72.35731782282296 25.163508493665617 1.0649262501554622 5.368556571325199 78.20058154252052 8.36618455582303 18.860607450258136 40.48615649765523
2010-02-05 1.2860478444317975 21.76053447059644 16.474660156351945 61.905791370687254 31.04290421018391 0.8834447044965767 4.873184487967537 64.87387238515325 17.94240654218337 21.825085609869845 33.649739850818726
2010-02-06 1.0668834181956928 18.738605736725482 13.667097858996067 52.697798959608456 26.308323490533137 0.732890700918809 4.042710966412912 53.81826113347748 17.72869991039868 118.84849567916584 30.109633556756197
2010-02-07 0.8850683378145232 15.545228606504905 11.337991929099678 45.66697780622452 23.848553070406496 0.60799366022521 3.353764257911908 44.7144914320118 15.132195474158248 108.33827687775937 25.35541476374879
2010-02-08 0.7342376395040228 12.89605725333601 9.409879234349349 39.549406787654945 22.12797313080476 0.5043811995578238 2.782225786383229 37.1736517717807 12.55441740562094 94.43985816003237 21.0573477378735
2010-02-09 0.609111057566269 10.69834975676921 8.91957770705222 32.80951520105782 19.56913564375139 0.4184260644646895 2.30808719132691 31.29509381764211 10.414931149833418 78.3457122635633 17.47957269343365
2010-02-10 0.5053081733868495 8.875168996986176 7.399529958510868 27.21821577522277 24.171909621749148 0.697354843921053 2.0541006260904537 26.12322825483585 8.640049741153884 65.03169397387661 14.500756207859167
2010-02-11 0.4191950661869216 7.362689247958753 6.386668729098778 22.579768870303425 20.2490502902679 1.1821907045149356 1.7040469425524116 23.65143603362987 7.182077418179498 53.949187239198146 12.293202533006731
2010-02-12 0.3477570970953384 6.632571464455147 5.298271750992128 18.731792210290692 17.312016136862187 1.3475305845775938 1.41364836052329 19.68858080760785 5.958129270867552 44.755328147214385 18.106374347350453
2010-02-13 0.5903762656048609 5.509537744037443 4.395356129786871 15.539576220861305 21.404289835211404 2.3159254402728497 1.1727386360713805 16.338227265052634 5.11596466102268 37.13959306680319 47.19730880357697
2010-02-14 4.483656447737273 4.570618804332209 3.7109452115993324 12.975250673711157 19.77889575875862 2.0031858291881917 0.9728840261419303 13.55703766739821 4.535153432361089 30.91409234529901 92.53071119013754
2010-02-15 5.48294901386506 3.791707621410619 3.3040068434068983 12.35469607419705 17.44632883926887 1.9546540398733645 0.8070880409407323 11.246687866091737 3.770380184273502 26.350599756581452 78.01169062999459
2010-02-16 9.790967947999828 3.145536152049504 68.79664813070924 14.52421333752154 58.547919434896045 1.6215477460485432 0.6695465115332303 10.634616064529581 3.1445858762872163 22.084874356664823 64.8062839323784
2010-02-17 11.596424703680325 2.6723341604156925 57.26454349726467 14.099849559891142 50.82581312198619 1.345208430278448 0.5554443980906274 37.07981495128536 2.7965450694637966 18.34249723764531 53.79111481096759
2010-02-18 9.66148483469041 2.2353172899210665 49.01402257363288 22.506995277238172 42.40734860181819 1.1159620339901677 0.46078722546681583 32.27842863506073 2.5735488829744977 15.216623732818082 44.798840660548954
