2010-04-26 32.89543188317697 32.89543188317697 32.89543188317697 32.89543188317697 32.89543188317697 32.89543188317697 32.89543188317697 32.89543188317697 32.89543188317697 32.89543188317697 32.89543188317697
2010-04-27 27.28949079340904 27.28949079340904 27.28949079340904 27.28949079340904 27.28949079340904 27.28949079340904 27.28949079340904 27.28949079340904 27.28949079340904 27.28949079340904 27.28949079340904
2010-04-28 22.63889741312144 22.63889741312144 22.63889741312144 22.63889741312144 22.63889741312144 22.63889741312144 22.63889741312144 22.63889741312144 22.63889741312144 25.01321765341311 22.63889741312144
2010-04-29 18.780844243734645 18.780844243734645 18.780844243734645 18.780844243734645 18.780844243734645 18.780844243734645 18.780844243734645 18.780844243734645 18.780844243734645 20.750539931821212 18.780844243734645
2010-04-30 15.580268953513283 15.580268953513283 15.700187786159752 15.580268953513283 15.580268953513283 15.620525007150396 15.580268953513283 22.838484399901812 15.580268953513283 17.214294995084753 15.580268953513283
2010-05-01 12.925126129236519 12.925126129236519 13.02460875317907 12.925126129236519 12.925126129236519 12.958521866644992 12.925126129236519 19.046104546233654 12.958567168292783 14.280686341244447 13.134606986013758
2010-05-02 10.722464801803465 16.717468720482536 10.804993894591352 10.722464801803465 11.616639791804376 10.820563298539032 10.722464801803465 15.800324388827482 10.750206919027793 11.84701449784857 10.896450765013398
2010-05-03 9.01384642551805 16.65613514631945 9.075903984476138 90.38865546583686 9.636966791457677 8.976555272588934 9.298959344385896 13.833553239096576 15.585503304327297 9.830947337804956 9.04031654696682
2010-05-04 7.477902011419096 14.590417044742559 7.529215579411033 74.9848912129626 7.99466374133275 7.446906003047695 8.981136032745653 13.465015103647264 133.76353247095895 8.155586703294265 7.499692846536741
2010-05-05 6.203540321932838 12.330228834990319 6.246109185180048 62.20619038132525 6.632237063807071 6.1778265605787475 8.168582639510147 11.347242419513535 110.96795144150998 6.765736016016979 6.22161762812038
2010-05-06 5.524421418459859 10.228948124715536 5.181665944043089 51.60519751595996 5.501991064755631 5.125019840048335 6.776517223662269 9.413479313408747 92.0571251346012 5.612739524912644 5.161348164867257
2010-05-07 7.582915112866481 8.485761386780236 4.298621935614443 42.810794140204074 4.56469934147783 4.251629291196912 5.621683431404644 7.809262330695558 76.43941855743668 4.65623324645535 4.294791391686719
2010-05-08 6.586081391589616 25.238145677636012 3.5660636453397574 35.51510667792962 3.7867969357075264 3.5270793467981147 17.180101493155433 6.4784312069136565 64.73703075497195 3.86273190643658 3.5628858912485324
2010-05-09 5.463701104115582 20.93713639506268 2.9583457473324835 29.46272844680103 3.1414623307134795 2.9260050363207624 14.252319993618569 5.37439634185996 53.74381551520316 3.204456690902071 3.1447558130250743
2010-05-10 4.532593507459009 17.369092247292457 2.454193315421708 24.44177840719786 2.606103718484433 2.4273640116283763 11.823482258322576 4.458507795618013 44.58495525802196 2.658362768267034 2.6088359353934463
2010-05-11 3.7601624818725625 14.409103508830519 2.529680866294437 20.276483652396955 2.162262747780516 2.013699898602466 9.808559783632795 3.749677771177484 36.98692056572568 2.205332538203192 2.1642459200207576
2010-05-12 3.225112366286119 11.95354719591414 2.0985802209929725 16.821025968587143 1.793776399048192 1.670531186178376 8.137014369128096 3.110668903154862 32.14105713261955 1.8295063646369603 1.7954216050082175
2010-05-13 2.6967072979199673 10.442827693344821 1.7409464579596514 13.954437045717263 1.488086391483029 1.3858442590834132 6.7503287234772 2.580558014726992 27.226470028430803 1.5177273632278658 1.4894512263652344
2010-05-14 4.183128854270689 25.825783634445152 1.4442595709058523 11.582653151577205 1.2344911604882656 1.149672826419075 5.599957897074001 2.140787037996444 25.235336128950415 1.3505550143155263 1.2356234042929595
2010-05-15 3.470252549403059 21.434586355214734 1.1981331755591305 29.641954755177164 1.0254828896012655 0.9537490227660825 4.6456298253945585 3.6139254182383898 20.934805641258738 1.639857317532477 1.0250521602931175
2010-05-16 2.878862491731469 17.781768273433574 0.9939509041822794 24.91687672621794 1.324760942150957 0.7912139675953161 3.879140261951012 2.998051060079441 17.367158693578826 1.378743033276742 0.8503658377393332
2010-05-17 2.388255358453627 14.751452521180543 0.8245647646506743 20.67061713721943 1.0989991456180093 0.6563776502780289 3.21806878355767 2.487132167554734 14.407499465556098 11.32415366730615 0.7054490356740504
2010-05-18 1.981256025102022 12.237554113769235 0.6840449042732463 17.147992404037176 0.91171099904893 0.5445197347742796 2.669655128814753 2.063282544201351 11.952216508895663 45.50720756466189 0.5852285214757335
2010-05-19 1.6436163005388604 10.152066752233903 0.5919026185381115 14.225682839408314 0.756339938116738 0.4517243105904411 2.2147004884490213 1.7116641056482726 9.974489860602015 37.75200539332795 0.4854956276488508
2010-05-20 1.3635161277343908 8.421981907794125 0.4910323450564278 11.801384528243442 0.6692395379441124 0.37474280498415863 1.8372778568273802 1.4199674294725668 8.27466713878547 31.318421575148637 0.40275891522158075
2010-05-21 1.1311497884163446 6.986732946727952 0.40735208181248145 9.790227882604746 0.5551897380225655 0.31088025726122337 1.5241744609686312 1.2068706794271542 6.864523119938885 25.981229864204575 0.3341219458065011
2010-05-22 0.9383826254850954 5.796074819837898 0.337932358688126 8.12180653583031 0.4605759638060507 0.25807729021326287 1.2644292091349814 1.0011993887805735 5.694691626120668 21.553586397606935 0.2771818833810321
2010-05-23 0.8851401075129195 4.808325088894896 0.2803429370987876 6.737712563633219 0.3820859859397868 0.21409653049465 1.048948966050796 0.8305779841885569 4.724219315747486 17.88048868460814 0.2299453760491067
2010-05-24 12.55643309435913 3.9889047120934276 0.23256773244904166 6.207667700147818 0.31697203528658946 0.17761084027203258 0.8701902213505968 0.6890333689268289 3.9191319931903994 14.83334929521993 0.19075877298136606
2010-05-25 10.416603330927224 3.309127504483935 0.27267689850840465 5.3188612068271794 0.26295460930525777 0.1473429322245604 0.7218950071378138 0.5716103635454242 3.2512452436005046 12.305494284583517 0.158250233575639
2010-05-26 8.641436954148404 2.7451958949368107 0.375817649972692 4.412436792155235 0.4593278371822813 0.12223319051540041 0.5988718196831349 0.4741982354520568 2.6971777557894185 10.208428762391375 0.13128170220110338
2010-05-27 7.168789120616048 2.277367823200251 0.31177193038225226 3.660482514523146 0.3810505613211958 0.10140257586862836 0.4968138757916121 0.39338679080492744 2.237532791672684 8.468738872796067 0.2213676429870047
2010-05-28 5.947105525221001 1.8892656118691442 0.25864069072174184 3.036674035297834 0.3161130646337863 0.08412185225194133 0.4121483413759743 0.32634699079463464 1.856219147241861 7.025521729634796 0.2750050390094634
2010-05-29 4.933617593298154 1.5673026183254075 0.21456391797385374 2.5191731308827476 0.26224202186128326 0.06978605785603931 0.3419112540454183 0.2707319129421693 1.7011480349454542 5.8282533344042475 0.228139502982855
2010-05-30 4.092845242728027 1.3002075949393943 0.177998576975174 2.0898631824142453 0.21755152103451336 0.05789332665332664 0.2836437610126307 0.22459459027621412 1.4112434760782717 4.835019837275701 0.18926065140039885
2010-05-31 6.157627313296202 1.0786301063828259 0.14766459199861004 1.7337149510167635 0.18047704166009282 0.048027319123220835 0.2353060398262748 0.18631985211205146 1.3827929784428297 4.0110502213164985 0.1570074173925217
2010-06-01 17.1490881214631 0.8948131905427983 0.12250003399293644 1.4382604357416267 0.14972068414661613 0.039842647080693086 0.19520588847472667 0.15456778032102111 1.1471415358965067 3.327499042276784 0.13025068303372161
2010-06-02 14.683763518761166 0.7423218035835393 0.1016239446789128 1.1931563950618829 0.12420573306817802 0.0330527823619252 0.16193948495070007 0.12822680161337713 0.9516491072012534 2.760436610220159 0.10805375129743006
2010-06-03 12.238705773357815 0.6158175425883425 0.08430549605172424 0.9898222517282004 0.10303896362059572 0.027420026075583626 0.13434224239364023 0.1063747736939691 0.7894719133584582 2.290011261379831 0.08963955426207255
2010-06-04 10.15302214944045 0.5108717592949105 0.06993840562875177 0.8211397047959581 0.08547937169859536 0.022747187264282962 0.11144803935172685 0.08824670299885508 0.6549324717122316 1.8997543931388272 0.0743634495965508
2010-06-05 8.42277448906664 0.42381052242882145 0.058019711774276624 0.6812035328720204 0.07091223289969577 0.01887067966366824 0.09245539790065739 0.07320796387866386 0.5433208392158354 1.5760039328697915 0.061690652987285266
2010-06-06 6.987390458670825 0.3515860010923085 0.04813216606985191 0.5651148647266895 0.05882758231504367 0.015654794891162324 0.07669942558624407 0.060732081688609524 0.4507297272260353 1.3074260574903236 0.24356928421866442
2010-06-07 5.796620280562213 0.2916697666111458 0.039929626324239416 0.46880968010950314 0.04880236172991383 0.012986951580754282 0.0636285389372134 0.05038230201784037 0.37391771554091957 1.0846184201408464 0.20206093547843035
2010-06-08 4.808777593834105 0.2419642775615843 0.03312493886289396 0.3889165369429392 0.04048560924489054 0.010773754146024233 0.05278515368731923 0.04179630083558384 0.3101957770921778 0.8997809937850192 0.16762631535185932
2010-06-09 3.9892801024943405 0.2007294492541914 0.0274798858814218 0.32263854422213767 0.03358617283749988 0.008937723196982673 0.04378966571203516 0.03467350028844338 0.25733314075984165 0.7464430086590501 0.13905994017076184
2010-06-10 3.3094389219754716 0.16652173702657574 0.03016832660149541 0.26765544873995534 0.02786251774191169 0.007414583149490542 0.03632716188609221 0.028764546101573266 0.21347919676451138 0.6192364242239866 0.11536176118729097
