2010-02-22 2.7538073876767846 2.7478435608012663 34.23532098761694 2.7478435608012663 2.842921930554127 4.614487052400783 6.387126398030483 2.7478435608012663 3.8649912493258762 3.9615945466558506 2.750813922106635
2010-02-23 6.466332711187962 35.45590670846672 30.48104706534109 10.124945740450427 10.534620995613826 10.445302744994676 8.130846259094637 2.2795642817697215 11.778294765371854 11.822241407791871 6.234606664610363
2010-02-24 37.303803008591125 43.088698474249874 25.99458215113079 36.14383819569359 76.05692037723018 8.665245499929892 6.966947099260194 1.9058002796480569 41.37300342418044 42.33254756682219 6.096135152281512
2010-02-25 41.85277107738313 42.18960379435501 24.31328664797423 41.59085503874647 71.4653650617411 10.326211464660066 14.612932869893475 2.1351852559588607 74.02098885580831 52.237628346753546 34.24449688047693
2010-02-26 42.936702781365405 35.00016771575812 25.74012003238646 64.44440205136586 80.89616265266712 12.387253729172812 39.21294032519907 9.863065858292941 62.36290633959924 56.32263434658456 28.714360397642167
2010-02-27 40.18518905060456 29.475394481102715 21.726425518349576 64.29591253491873 111.71230070740964 22.280424364013527 33.1968575002223 21.46799187828135 52.81499852722921 74.78011624896016 28.263592401458215
2010-02-28 73.85164357139989 31.14566346827781 21.146337690100726 72.95555200233623 201.7613480063337 34.354031209954485 31.413567473115354 59.24919343077793 48.00178165158276 90.91431632256543 24.521378270518994
2010-03-01 61.458399869739544 27.71234568442437 17.54264208348826 83.51057453376525 168.60529175802867 38.114756640069196 26.065345583087527 50.2466311936238 48.93732368117205 75.4209705190831 20.342518345146384
2010-03-02 50.98484322622802 23.448272444027317 14.55307750114313 96.58086236409947 139.87208234537707 32.044475986412984 21.90026996363663 42.1377716116248 90.68275893935628 63.21035630636788 16.883625213558947
2010-03-03 42.29615877264272 19.49938278687564 12.072985571177428 80.14681205687408 116.03550052099939 26.583823975299104 18.1923010969677 36.09626747717239 76.54505880105492 52.43823648817417 14.006368314636477
2010-03-04 35.238110861006156 16.460568421680637 10.015543488338718 66.4884321177001 96.26107766031912 22.05617576153047 17.07045816850441 29.944849561269145 63.50047887653695 43.5018691029382 11.619444928670314
2010-03-05 29.232937428321982 13.655407595590333 8.308724530101854 55.15767242660877 79.92893079428731 18.319585030529126 14.288683159173026 35.601862494254505 52.803148770613426 38.31180167648791 10.204102901182567
2010-03-06 24.260923508058262 11.328293885410812 6.892776552515379 45.81741679077432 67.48724134059083 15.354800012246827 11.854660371727483 29.857246674758812 45.164218132247754 36.642075567595086 9.014957767711707
2010-03-07 20.52381905992674 9.39775993180027 9.449947572681314 38.0093496911653 56.22497568815544 12.743109903908065 10.993882675047212 49.2066094110017 37.69065984768146 33.30802563498124 8.032896484604201
2010-03-08 24.4223842494204 12.455694883162584 13.694968497889171 31.531910027633952 46.653038520347636 10.806341693566514 12.855634123536523 50.45236937553377 31.3644213639522 51.55425375410692 14.843721626194258
2010-03-09 21.25480022185342 126.78202707385903 45.96052689949736 26.158336253301226 42.923197677309595 8.964757270989496 12.681743731904104 43.46962454553399 26.019390506615927 43.814138204957786 43.809102657876004
2010-03-10 26.35563069538595 113.6971372285161 38.340231751362495 21.741475287239194 131.93304276062048 7.437010156324032 10.609999637785837 36.118970371930786 25.49571793216642 129.47056974794162 38.33658142919907
2010-03-11 21.927164379073915 95.44208898351667 31.843089399986685 18.96994502997218 157.06744806544097 6.169617134448576 12.218212040448181 30.199292316265563 24.597940195675754 117.43330302991411 31.803375911836174
2010-03-12 18.2738209324369 79.17713370868539 26.41648536795865 15.794984903159698 152.97808649155184 5.119206979320359 74.27052025077687 30.441789794378998 20.40907293419331 127.51362886108122 28.312263122570137
2010-03-13 15.15965103808803 66.01860162423343 22.16088094267739 13.451932384151453 127.01862428117708 5.334009393159249 75.7604859549837 32.98173098843689 16.93101978164099 124.5413912902533 23.49707911071535
2010-03-14 12.576192234374556 72.18494425932995 19.964458504788695 23.29888949919119 106.59742261990654 4.428810281222255 62.8496105877222 27.36108306332715 14.045686042213868 107.42811978777796 19.492777183807146
2010-03-15 10.432995177413906 71.62904851563589 17.110408025739144 19.328362452964104 88.58120526050315 3.674111341379886 52.13896797567331 22.698289142578947 11.652062246738746 94.34728732651915 16.197012485866015
2010-03-16 8.66227579357382 59.781785242687775 14.194503478420387 16.99484917695488 73.48823713598205 3.056802818931474 43.26683426591974 18.863390990313068 12.897826529997102 78.26890487480517 13.436766073888721
2010-03-17 7.527433738654011 49.59395224806666 11.878490845600728 14.098637822933783 60.96459161467177 2.535871627428112 35.89342980973497 18.550709865526063 14.690041794525417 64.93055225954996 12.939036486124348
2010-03-18 6.321286665232433 41.2954343477167 10.374421877219717 11.786193010947398 50.57518829668491 2.1941775471542897 30.530858094690654 19.33184002222326 23.01518718377313 53.865281793246254 37.41265596944427
2010-03-19 5.244238765422105 34.51091772446294 9.394251536958425 16.52879904003085 43.19312524763764 5.6196055978588655 25.938627376992315 25.341692264750417 19.095313620538292 44.944902822713246 31.036903064867012
2010-03-20 4.472301320636645 28.629670370597612 12.895829742486244 13.712010556083376 36.53717694836176 4.943811617394113 21.51824409881347 21.26810737732767 15.841147399905175 50.65896292291766 25.74768689623906
2010-03-21 4.0139386807548245 23.753141949924427 26.504372132562057 11.375250738712772 30.31062055942674 8.48919611401516 17.851169314643116 22.235012086899204 21.513298785066784 44.83396423144354 21.35984312356226
2010-03-22 4.2580121889585065 19.705202560009532 23.966001830479776 9.679832547957767 25.15831795383243 30.205570590155908 14.809026444570923 22.729923278943797 28.7672123842957 37.30291930741254 17.71976255971323
2010-03-23 3.5323744902182126 16.347100890888544 23.113102971667303 8.23658925898856 20.88676924909765 26.658217403516527 12.285316461376553 18.856357753820845 56.618574167055144 31.686752032334386 14.700013635692589
2010-03-24 2.9303977972400626 13.561276861939769 78.6120592273154 6.839495341538738 17.38723903342255 22.956340482822124 14.21943622654697 15.642913677120285 58.383813235436115 26.411634626378554 12.388828945017906
2010-03-25 2.489692177332467 12.293162981279416 123.77653727508807 11.541574636737126 15.00802566290899 19.29227939874372 42.262701642619874 12.977095126457156 56.753034723761424 29.810343224299306 13.698305724442124
2010-03-26 2.065614598245277 10.198198922905322 134.4839514396767 48.51413026306469 12.450402828262256 17.219867186125402 63.714126936033296 11.018402252510676 81.68745291785963 33.53699453546211 37.5579355041537
2010-03-27 1.7156550305194036 10.64683083721774 113.34722553035488 44.67688566909293 10.328642425572596 14.589100475325171 53.485257282764806 13.063515361675226 68.27976927397839 29.003128879801565 31.216772823676514
2010-03-28 1.4232782328664246 9.393379009616243 112.4326573498847 69.80757139392958 8.60683008304785 12.269810134983787 51.47487980870739 10.877034503344762 58.92814589296608 24.23094587408266 25.896903788860225
2010-03-29 1.1807274143791378 126.96453735452864 101.03065811921644 61.75356167675173 7.172918857458745 55.37449983647433 43.96825314495307 9.033597889361612 49.57378562663615 21.649114401754506 21.483630919748123
2010-03-30 0.9795113807502311 105.32762073257803 107.02596095342909 67.2936460717271 11.254485719834822 45.94117401104573 37.0571007748124 15.90640799791508 42.009190474440295 17.95973709207547 18.103650963989722
2010-03-31 3.983191052314474 87.37800271116508 96.84876992241868 64.42151811907914 18.634863814799367 38.11245972979349 30.771657800184407 198.79911895446412 34.85010991076369 14.899092426170347 19.464472270767637
2010-04-01 4.750446639954033 72.487304893909 81.06583681066735 57.3917840903748 18.479638537395694 32.03639756877611 25.527643936041294 170.46741518084124 28.911058439254536 12.36003366783791 16.232509286539536
2010-04-02 4.06222649743061 60.13423525084921 67.25083942235568 52.173197680657545 21.220284295654533 36.497671344374865 21.17729922634869 141.48158382076662 23.98412235193095 10.277934566325087 15.965861762552684
2010-04-03 6.490299084673036 49.88657336307464 57.35537581038899 73.04301398382191 38.40938672727379 171.16937286750772 67.63057585490948 117.37071557002446 19.8968199729194 15.644747612062616 22.006005430211403
2010-04-04 6.0071934552576405 42.13485849178386 51.89785605246618 89.17335230673767 31.955811360351035 142.6194294621717 100.49942788934334 97.51054979249591 16.50606343754315 17.755871612833666 25.677606939564715
2010-04-05 5.055421675718441 34.95436196054675 43.27547512690314 83.64070295460749 26.50999758906237 119.8581350663534 83.37261604799039 127.54356093016486 17.342776169136677 19.016047299441322 25.96694216774594
2010-04-06 7.045843925748015 28.997544166599575 35.9761767361348 78.71622780683302 21.99224310868439 99.43227026245435 69.16450424314014 169.45209851495235 17.273703640469215 32.496655216211934 21.81012593689847
2010-04-07 6.286570086932594 24.055869440357164 29.845224325048488 74.12480066780891 18.244390831292705 82.55006139071264 59.941274224899324 140.7914741044806 84.16849241587143 45.65022466633326 19.987240718707746
2010-04-08 39.06458570565917 20.046799690067264 24.759090482169203 61.77525637812201 15.135236326735631 68.98875217654984 50.355287208842526 116.95502739419766 70.22212447168464 42.92829054524674 16.897055566200947
