2010-03-15 0.636917828257928 0.7426198011748634 0.7008402490442246 0.7270802610800621 0.8026520816071249 0.6611636286879056 0.6326435444946935 0.6289647745849214 0.697588084873712 0.7536386611690868 0.6289647745849214
2010-03-16 3.0110570018397325 0.6160647563225242 2.6695752826033012 0.6031734181617465 0.7218401663874005 1.1552529359067747 1.0412224160908443 8.915968640915736 0.5875967156065026 1.6350261552500613 0.5217784793474887
2010-03-17 2.4979216756300104 0.511076843604944 2.214634249390591 0.5003824087270986 0.5988263247300267 0.958378186689094 0.863780406920297 7.396535938629104 0.48746024122120984 1.3563898893075226 0.43285855188004607
2010-03-18 2.585245167052112 0.5588827572859634 37.81448360639758 0.4971726909914712 0.49677613395298226 0.9316932420501435 0.7165775341074118 8.889462201824564 0.4043887252269131 3.262135856247282 0.35909209243389056
2010-03-19 8.310905678747837 0.481363785434127 41.03148619424009 3.6998480879182756 10.405007276693777 38.47360983876172 0.5971015065407635 10.757837475752869 5.563530675793379 3.6088964567198123 0.29789669232277277
2010-03-20 10.08564191403811 0.5853966754641085 34.08413546694412 4.672964959897659 11.51430734646671 31.957561438315903 1.9347699325860375 31.700097141726754 18.620142952515963 2.995389780439595 0.7565227181126393
2010-03-21 23.98217013248974 3.1288398936927635 29.586988520852174 8.879328082282733 15.026750951263129 34.54017228325766 27.1634461976425 38.83530625765609 82.14118240795047 5.306905506589743 16.161145575725595
2010-03-22 31.438880700315107 86.94605853929733 26.065367735740605 13.747627420103782 20.653403350044208 62.33802776380153 26.864952936231504 43.54975826705788 72.47844116640591 15.62079538726669 20.761417667549246
2010-03-23 40.36318137480094 82.23909814420963 21.693379046402892 30.418541835851777 52.322707121372204 214.8126239627649 22.60164944550229 45.811596183584044 60.96510371047407 30.013297798937113 29.594669247064697
2010-03-24 45.65678372532245 75.9333285358747 18.75873677433356 25.368239625653928 44.415326149791476 178.52663327185687 30.169305987490553 39.94834435658212 50.75712201694125 260.75219477197476 26.581435145093234
2010-03-25 42.32316168923852 65.95659980937226 15.567785595831566 21.049596588432756 65.98469866390975 148.1026585196428 101.87799234231255 33.4674029511396 44.079040529590614 223.45993180354554 24.734122671653658
2010-03-26 36.70171194488098 60.481355769204704 21.033986691058054 19.0111311420764 74.26912954424836 127.20370097131064 84.5275330972076 27.763988263108914 37.13145901170541 209.37775460255546 113.85728006361533
2010-03-27 40.26442051617756 58.55440022678192 20.020235670385354 16.89664882154222 67.17450618248942 105.64544218743507 70.407216820542 23.131126784573866 30.803711153491196 177.58433447474758 96.77765258520517
2010-03-28 39.731368620151024 48.57573451466001 22.580536801301466 14.017606853936828 67.87863868550747 87.65987759147643 71.82765978534584 21.93024990265593 26.014809312890403 149.17125166564938 89.62800827462814
2010-03-29 33.52164283170804 40.30202827739333 21.6050734492789 16.263351105109326 56.65947320872024 73.03776318583324 60.13364250350059 18.265909932064844 25.86916181707551 129.3069477105536 74.39760225938633
2010-03-30 27.995390839335737 36.83174407667791 17.92709721918395 13.79792481993056 61.37975394916718 65.67138790828062 62.26497367703179 15.334709865839747 21.48598044188596 107.45529275698225 61.718985454251765
2010-03-31 24.06971760191236 31.410145659195123 22.781823957723333 15.610729195644923 51.22573135651428 54.4798664470446 131.38601872329397 12.72180124474531 17.988814631509985 89.36824062087798 58.91365044493338
2010-04-01 20.02180842897659 28.846960999304038 18.899413674191926 24.883480055752422 42.542362886423604 45.31947474276873 142.1826131337795 10.553789935849196 23.204014402638368 74.13837241315292 150.3641271979854
2010-04-02 16.609751734841794 23.930948205939863 16.135668452473475 20.642911827423422 35.29242067536476 37.64292375735908 127.71655345818384 12.335191182614196 19.504304607316126 61.50393278288729 124.73952247839732
2010-04-03 13.779167534827275 29.521129622338922 13.417655690489205 18.232399337760935 29.277991926593582 31.247067571768024 116.6687393674637 13.323850779269694 17.21203288222637 51.022616556535596 103.9290703940475
2010-04-04 11.430963026049758 26.073106429352574 11.171286492966626 20.345037497506887 24.288524132096214 25.922035796613688 139.20282657227014 18.66308680727805 14.278809730891547 42.39700853033717 86.31097866896705
2010-04-05 11.879157431029196 26.662342030167657 9.328007725678042 16.877897072502734 20.909221834824173 21.504480005926812 141.92538659317313 15.483237273712385 11.989565204916806 36.33358818419028 73.46058974982535
2010-04-06 25.359842676721247 25.012952750612758 8.020433239020887 14.001616346242125 17.346099932914775 17.839750857288905 143.8586679050499 14.243966886904394 12.435537708568983 32.34094233302965 71.95002919831062
2010-04-07 26.984426830953502 22.166640128548604 6.72451123190634 11.615502776513166 15.564136665347483 14.799553886559044 126.64848815940412 12.183543324486704 10.362271362991086 26.829495693556197 70.5302641099297
2010-04-08 34.36982601922751 19.70573926873898 10.57241636033616 11.292744523499477 15.603583475587369 12.277458188362546 105.2579728491346 22.74559298996226 8.790510298740314 24.041492246648254 96.04721398605169
2010-04-09 37.83644866377228 31.543208096181598 9.388179697357025 49.179398593005516 12.949800848866987 11.693601260098774 88.79108544263151 18.869357079565983 24.890210826704426 21.413432487834164 209.08414780533744
2010-04-10 31.431814929033155 42.59062646554664 16.861456470088786 49.13177701167646 186.69504877281895 34.13038415445101 83.00654340738386 15.653697696661506 25.186952085124013 17.78520075365003 176.59421389487966
2010-04-11 26.075299061953775 59.11777732456034 18.750541197370925 46.43298766465445 157.1134460203601 56.082930739737776 88.01745678381393 13.022044006844913 99.2874804963294 14.754300048387176 148.81510379453465
2010-04-12 21.64456002817705 77.4811903492295 20.041260575006113 44.46428008751263 140.52417794852286 256.13924813528814 93.07046744902348 11.638968143199156 236.87249814252593 12.239916373907999 129.19586027680955
2010-04-13 24.033113980141582 86.95604697113343 23.841728437157933 44.547392826559076 290.5648107716439 243.53796767413857 93.72234186297156 9.65984902813686 197.11334645576264 10.20508700374221 107.30711470814083
2010-04-14 47.08424630077136 72.66791602907436 28.449829394821922 40.99898426476336 243.9142695974479 202.03824456203 131.5642508169707 8.32809141561998 163.53206467973982 8.465966606658526 92.5447563672886
2010-04-15 47.74393104048352 60.284067176685916 23.601494581412823 34.012060021152244 208.7371462562184 167.60749135235767 172.30153636064475 6.941116501169289 135.66341944842793 7.023221904798774 76.92210115765808
2010-04-16 42.36228255548994 50.01063679752658 19.579398482363093 28.365685390052544 173.29587613139694 139.04432409976604 143.36058036860135 5.880927587179339 112.54406536408328 5.826345438836516 115.25310420727082
2010-04-17 52.41327499706964 41.48996025085635 16.24275189304809 26.91423639407632 144.15982951488454 115.34880635923831 118.95627184120241 4.878717501476037 93.45565899175585 4.833437079562878 95.68522120137723
2010-04-18 46.24715495456226 34.41936534852564 13.709349649831731 22.818697394705357 119.59254264533618 95.69140786325326 98.68409987007075 4.342076279154831 78.22647906660048 4.00973719243805 79.41837108356333
2010-04-19 38.365853162708056 97.83181681680735 11.78596864245538 21.63440461225044 99.21193930726629 79.38396441081282 81.86665079892843 3.6051016178933954 69.85711837759051 3.9075615641495274 66.33579510957183
2010-04-20 31.827659244091066 81.15961127386589 9.777439125953467 18.92994815280232 82.30453741835025 65.85558668530358 67.915181086496 4.211720996549292 57.97328770652291 13.119492121840823 55.031047360768014
2010-04-21 28.283877485867364 68.00474507407343 8.111197200827789 16.602929257688476 68.27844437824132 55.77880550682426 56.341279104481615 18.703350406421485 48.09365345161527 11.243795070773885 45.6775903820801
2010-04-22 32.69055900080393 56.41557986524058 10.445210503986628 13.773534165056152 57.518309495789794 46.74941967334533 46.73976687312824 15.524681249866571 39.89767690997844 9.327661152361989 38.40651722772058
2010-04-23 42.26277973758012 47.432276831336786 8.665168978357627 11.430074156980515 52.68799443042642 39.15570245089013 38.77451563183653 12.879011515745317 33.09843417103871 8.1639922027008 31.861393460796926
2010-04-24 47.13896814212301 42.95097421105482 7.188476804257384 9.485242176295518 43.70906404386062 32.615678333458625 32.166912307664234 10.6842089027837 34.68177798785842 45.42797459692829 26.431670105484585
2010-04-25 40.14804983620015 72.25342389138892 5.963438092714762 8.625667399321916 36.26029611191744 27.057412006706862 26.685123344475524 8.902204412154495 36.69298662959262 54.94906262663087 21.948301078804963
2010-04-26 35.075912623813956 111.62151904369848 4.947166813500861 9.969292228922113 30.080924926797238 22.935622048460385 22.137524456775783 7.386687895369244 64.02003340138491 45.584807762402306 18.207937270685996
2010-04-27 29.10695747896104 92.59931370127238 4.104174219819407 14.24224340203428 24.95462369250269 19.26603493727688 18.364913766673947 68.96261406854366 53.96288297844958 37.81638119752202 22.26340813888335
2010-04-28 24.14663686335279 77.11759203076016 3.4047531275494984 11.815122889329793 20.701931378435365 16.02127179458888 15.23522010403218 57.97942628722396 45.2257254550684 31.371826647381724 26.18833691197016
2010-04-29 20.03163924749189 64.91245174549364 2.824525285398079 9.816298603743736 17.17397016594603 13.375253808087999 12.638879472416232 48.123407361179915 37.51849262275379 26.025533803796847 22.079417738845958
