2010-03-22 87.93957010444853 87.54910280468471 91.48275619355339 88.2417055126556 91.47999104656493 88.01671224172648 87.54910280468471 89.46737460718388 87.54910280468471 87.87638191236198 90.67125754563392
2010-03-23 79.24321447723263 77.99811932954502 94.41919847298736 78.61515819425681 81.51829944332025 78.41471197759587 78.91473782457054 154.04213127614656 78.25608786359494 78.28969186704882 80.77964298609247
2010-03-24 70.77547181741502 69.4891398673768 87.54201833328516 71.41766412741325 90.88255047440514 69.86234692239387 70.30575410961876 143.0013897255643 70.23563620075967 71.25657228287805 71.96719572747195
2010-03-25 63.05447250266516 61.908481017273154 77.99176730129423 63.62660080844217 201.31565122462072 70.6997414266081 62.63600159890166 127.40045018354472 62.573533643780415 63.71744582430618 64.11617780651207
2010-03-26 56.56297877992565 55.154862367119115 69.4834415010376 56.685533086683144 179.35253160441715 62.98698499663353 55.803009520712656 113.50157374583709 55.81877323879097 56.76646679486584 57.12169660669462
2010-03-27 52.150333532983744 49.1380533120612 61.9033660952416 60.75814462779075 160.38573835048805 81.22191506770876 69.97924813868173 101.59553056262642 62.45599021866873 50.57382963089005 50.89030341489355
2010-03-28 53.906358601668636 43.77766750680399 55.15026830199989 98.73026504880467 154.4589857176197 105.49214992118297 87.65949597924683 90.7737925963381 60.87092785121824 45.05679878878487 45.338744877278614
2010-03-29 56.265925593777766 39.002088844694455 53.026694352324505 92.2529006634368 137.60793336079314 95.83050326162866 78.09635358044802 80.87087644452343 66.22883841892497 41.594767172639365 50.27969148673293
2010-03-30 53.287618054322046 40.790568932301824 47.24201768302472 113.63782467256858 124.8840684658145 85.37587617184784 77.04326368649926 72.04836381663092 61.26541424131341 37.05732841276953 44.83314992633546
2010-03-31 70.88053976109806 87.97171706429985 43.51445592329033 163.3758195023237 120.35512721727814 76.0618454597498 109.5296154375303 65.09451445502067 61.747675730472636 42.14036669408868 39.94238261770815
2010-04-01 63.14795246295604 109.28949154240462 46.98533605499829 146.58144352260192 109.93692467233221 81.9616469081421 131.41448258836203 60.182197441994106 62.027869014764875 37.7375225595149 37.64471578466333
2010-04-02 56.7715780209916 97.36642245722221 41.85973228279271 138.8050337454966 97.94321980275629 73.05967327384099 117.07754861893216 60.36323701511926 79.35756974816788 33.81284621608836 35.65619416650742
2010-04-03 52.398078645677714 86.74416002401261 39.25634460760055 123.66176570225205 89.42960240553542 65.10477881801884 104.96257611583218 53.78006427443869 70.7001097086518 33.74400181379324 40.6829205465424
2010-04-04 47.5091258769179 77.44684431935853 34.97395111933705 110.17063257665764 82.1097062993886 58.06450588516536 97.98109349082559 49.166448382619166 62.98716114136953 30.063011990383977 51.18551177310351
2010-04-05 47.0542061714182 84.9865361260402 36.956829435113036 101.39272747582484 73.15194150061554 51.7301032741565 87.29174000457576 43.82191535610581 56.1190388111749 26.783608257281227 82.8664999012825
2010-04-06 41.92102716266961 76.26735710526364 33.097609839954174 92.87674965779753 65.17146611381737 46.08677789765528 77.76859447575819 46.29977438247488 52.98638916218794 24.006086121317754 73.82615374027101
2010-04-07 37.34787075001833 67.9469720687005 29.48709956759388 87.56689536551829 72.4941899887192 41.05913273990924 93.27364631760429 41.248891035203414 48.91836868619711 21.387472740718206 71.4249187880264
2010-04-08 34.89719178389852 65.42444051826897 26.298728818937946 90.64479472670283 66.05528327519161 37.569237311548484 87.26548384254706 36.74905210720938 47.7794113453139 20.475331698327995 75.08911025794056
2010-04-09 58.247363404706554 59.37257830420287 35.014660118060895 88.87410223602781 103.90724940116083 71.05359022811503 83.18852056264932 40.70021495984204 43.52037532399147 18.241901668930886 67.78044506972947
2010-04-10 53.38012030211975 61.40204126335704 31.571732622761008 79.46885759770285 93.72457447689318 69.47514676816441 77.96454475350377 70.08617177701363 46.38681172169222 35.92283075178047 62.11608379758989
2010-04-11 52.133016792518006 58.5378548783304 28.98704343743051 87.20462197103666 85.90560173473926 79.96329606443199 69.4589428612593 69.65377601246283 42.84864682225595 32.64568758129252 61.631520936557195
2010-04-12 59.184042438840805 61.59891494365254 56.62873058874639 83.39525716673313 125.13258547732117 73.70426700643438 63.77998740692717 63.81581777888714 40.02069013500353 29.084419107338345 253.36998809790967
2010-04-13 98.68202926603958 77.51034091910753 51.24723349052422 80.88858834417417 111.480866230583 84.88149910872815 57.9311339598372 70.80196763101655 35.6547877716175 25.911677931835257 227.0764126410741
2010-04-14 133.67660232889892 83.45280861803171 56.7159689402183 108.41775973540076 113.51619041054873 77.51554782025786 51.664704871477625 63.07777710361177 31.765199620625218 23.08507555366269 202.5134227510566
2010-04-15 122.56048847670169 83.1888278869048 69.96348996684898 101.18874681296725 127.11351053362172 69.05888607252048 47.326002113656855 56.196294648256334 28.29995950699355 20.790377177707054 180.41933261863545
2010-04-16 109.18935525352423 74.60014810740888 134.28931458757873 90.14929800087675 125.22759075184219 61.524846253185096 240.03347405866924 50.06558004134524 25.212770823180936 23.79798000921065 160.7357253326547
2010-04-17 97.27701939509927 66.46153908713444 158.75268610568014 80.31425679539697 116.99575063694871 54.81327220184166 213.84587711480523 44.609907408242194 22.462387972302448 23.551125759967398 149.56443436498088
2010-04-18 87.51113225912401 59.210852624098465 141.43291719862245 71.55222107314952 104.23171691606073 48.83342658743457 191.85196539878484 39.743261972098544 24.297396098015124 20.98202039605322 144.16282398649622
2010-04-19 80.87940578666709 52.7512155113982 126.00274744369382 63.74612484275543 96.3183429808218 43.50597995773817 171.46552111890026 37.1078079640319 41.34616556162349 18.69319788343061 128.4348179016532
2010-04-20 72.05569218515208 46.99632352530746 112.25601942560577 112.30104605365835 93.59768541133698 38.75975502164625 152.76489705933196 33.39406529035102 37.144202959863435 16.654079278150057 114.42274787902873
2010-04-21 64.1946477523455 41.869288335883724 100.00906775968785 100.0491819249021 83.91400981686978 34.53134001409686 136.09837491687838 50.88512764535545 35.26555705187729 14.837421830590113 101.93940336140058
2010-04-22 57.191244307248226 37.301610221100084 89.09826518272926 89.1340028410979 77.36712956172023 30.76424146744011 121.25018266764324 71.528048772755 31.418354485235497 13.218955002593235 90.81799869587579
2010-04-23 50.95191237080593 33.23226285917615 79.73770236044065 79.40967500247898 72.10377372450576 27.408129416529775 108.02193844151287 92.62254967472465 27.990877865602588 11.777056195592646 80.90994475085425
2010-04-24 45.393291007040176 29.60687797123313 71.03851440946278 70.74647221876961 64.27298071951388 24.418165236153826 96.23690407766873 90.04313101875836 24.937334799178437 10.492461857210518 72.10423239403931
2010-04-25 40.44111405810916 30.951582871342758 63.288410713750075 76.51842365507699 57.75345234683015 25.180843402128332 85.73762376835553 80.81358849946486 22.21692889419021 9.348010106490921 64.23785750010842
2010-04-26 36.02921789254535 41.161244463798226 60.28579992287427 68.17044676643616 51.4527578819788 22.433862326657394 76.38382032963528 111.01470529400694 20.569317991378973 8.946736230592286 57.22970612093703
2010-04-27 32.0986574094272 36.91651914597674 53.708815246713215 60.73323701263178 45.83946941519972 19.986572563115498 68.05052099169363 114.40488414743804 18.325452404900123 7.970909212733975 50.98614519605069
2010-04-28 28.59691848762362 32.889145332893 47.84938040367214 54.189960226216265 40.83859028977374 17.806852081695357 60.62638766782114 112.66280517934443 16.326387804406338 7.101538547576745 45.42375714561781
2010-04-29 25.47721635783036 29.301155752248402 42.629209999883685 53.98173247216645 36.43837845919234 15.864360028139732 59.06580289290683 100.99764699954879 14.545416301250384 6.32700992330304 42.614058749915145
2010-04-30 22.69787052311178 26.104613227845164 37.97855967236834 48.09250739058445 32.46315578854364 14.133789141323154 60.90890118527103 89.97892537522513 12.958743865738194 5.636976158468515 38.03180517930293
2010-05-01 20.221747876408003 23.256810585088925 33.835294251781654 42.845797309278815 28.92162800165599 12.592018751322971 54.26390611214687 82.4512649850783 11.545172421547468 5.022218956619581 33.88273060565642
2010-05-02 18.015766574631257 20.719700051270635 30.144057589795707 38.17150321351952 25.766478626189297 11.21845067733499 48.3438817095816 77.01116612101157 10.285816624048076 4.474525743654735 30.18631857665599
2010-05-03 16.050454040729793 18.459384909004566 26.855532959372802 34.01739709817456 22.955553472137733 9.994734021033597 43.06973293806968 221.74611421034012 9.163851538466256 3.986579942383187 26.89318321839396
2010-05-04 14.299553188288856 16.445666610923542 23.925784146313113 31.303895270679547 20.627635556690343 8.904519985324724 38.370994123005275 224.01531955438395 8.164287846680217 3.5518632182654204 23.95932671381272
2010-05-05 12.739671607528177 14.651641304737197 21.315668428554833 27.937875937601916 18.377352077823545 7.936155784193577 34.33486640080512 200.0337180465226 7.27377157923819 3.164568390264517 21.345551458943376
2010-05-06 11.34996902555276 13.418307191564377 18.99031360018103 30.965054533015934 16.372571329823725 7.070522935977126 30.58910038487411 178.20999491337002 6.4804056968659625 2.8195218432311244 19.01693635364833
