2010-04-19 139.81017608218087 140.40016712026875 138.85638684493554 141.52581131558244 138.85638684493554 143.02471448768424 139.28508188641086 138.85638684493554 307.62189321802174 139.45602630089127 139.0833362977736
2010-04-20 124.55703990044789 125.08266215999468 123.70731029160999 126.0854971306818 123.70731029160999 127.42086804532372 124.08923415453346 123.70731029160999 274.06028358569773 124.24152831426728 123.90949926822607
2010-04-21 110.96803113254258 111.43630732979885 110.211008113263 112.32973171969032 110.211008113263 113.51941195578671 110.55126359316876 110.211008113263 252.14815594077012 110.68694226485587 110.3911380133524
2010-04-22 98.86159160375232 99.27877826762357 98.1871607662734 100.07472891133318 98.1871607662734 101.13461350866834 98.9637727741912 98.1871607662734 224.63878382229535 98.6111698918467 98.34763826336179
2010-04-23 88.07597136172402 88.44764242579214 87.49704771845713 89.15675383397603 87.47512179313973 90.1010036631186 88.1670044354861 87.47512179313973 200.13071068051505 96.09293526101725 88.26260085208352
2010-04-24 78.4670675742153 78.79818884876346 79.18849616269326 79.42993529333316 77.93177146376838 80.27116625572053 78.54816882293832 77.93177146376838 182.81431595080704 85.60937043547301 78.63333554794377
2010-04-25 69.90649920586532 70.20149472490925 70.54921901057011 70.76431682256612 69.42960458724264 71.513768408617 69.97875220439224 69.42960458724264 162.86932902604252 76.26956766952988 70.0546271305278
2010-04-26 65.418834823142 63.192591545539436 70.63947291990385 63.04412036530952 62.9478600746929 69.56382185931903 62.34426185396198 61.855026945773595 145.1003576716869 67.98982663953552 62.411858728395146
2010-04-27 58.28182945953123 57.418319241106374 62.93288924781099 56.16619939309894 56.080441223580785 63.55007407499846 57.29630951759217 55.10683758988527 129.34528003267977 60.572322773105526 55.60291831124262
2010-04-28 51.92347290390913 51.15417275721333 56.067096107281635 50.03866078966543 49.962258946371634 59.707008717215714 51.40188546083277 49.6351860940318 115.23380992615651 53.96407046088148 49.536834395886935
2010-04-29 46.25881378592986 45.5734452713734 49.955634831575004 44.579637089414774 44.81525496759598 58.26165165809826 45.794132201495046 44.2201820002727 103.09806278230626 63.494287404870434 44.132560598468515
2010-04-30 41.21216903271407 40.60157510164196 45.883763088426974 39.716192666257655 47.97722703491481 58.25712143120751 40.79818480479767 39.39595458811195 91.85018310364536 56.73922158129079 39.72293432044071
2010-05-01 36.716112685880155 36.17213533538375 40.87802984178681 35.38334925863589 42.743094188185836 64.69329450889312 36.347294667899114 35.09804956531615 83.42716834692145 61.62148949092432 35.38935538970571
2010-05-02 32.71057503992899 32.22594631567436 36.41842169913253 31.584150699347525 38.188686975520625 57.63541046323045 32.38199554048261 31.269044679948372 74.32539465133273 55.822802816558784 31.52856866548384
2010-05-03 29.14204006578123 28.710284956568795 32.4453559015266 28.13851006467513 34.02248296702912 52.41422396737709 28.84930901091726 27.857782515914113 66.2542995284436 53.57324396857527 28.088992101954336
2010-05-04 25.962830396431045 25.57818032308314 29.870204172192686 25.068786804830246 30.31081072110991 55.46066884908033 25.702036674892867 24.81868699149238 62.47735457535287 47.7285586360555 25.024671315317374
2010-05-05 23.13047032157738 22.78778606429914 26.6115446096986 22.33396803185864 27.00408041933319 73.99343225398385 22.89812952935997 22.1111544287488 55.66121310608326 42.52152970964979 22.294665598801487
2010-05-06 20.60711828035337 20.301821314817314 23.70840290139186 19.970395976166913 24.05811255101949 74.91894908153621 20.400126166395165 19.699011058052307 49.58871532722276 37.88258823257027 19.862500924216683
2010-05-07 18.35906126982243 18.087072594574224 21.12199176329397 17.791806185211353 21.433547641868536 66.74540171045123 18.17465226083191 17.550029709540432 44.17872892853821 33.74975530552442 17.695682621735212
2010-05-08 16.356264414151624 16.113950052024308 18.817755649096274 15.850897586413025 19.09532038194744 59.463593088209876 16.19197466442844 15.635499234161314 39.35897323411108 30.06781400184869 15.76526122692905
2010-05-09 14.571969676361801 14.35609212175558 16.764909062287664 14.12173901733883 17.230291185987895 52.97623353453459 14.425604148929816 13.92984090142824 35.06505347781916 26.787571627758815 14.04544569444835
2010-05-10 12.98233835113653 12.790013314462573 14.936025239017345 12.581228434145485 15.350633576467304 47.196647793506024 12.85194149036744 12.433486727082133 31.239600440597442 23.865202470948756 12.513258810579691
2010-05-11 11.566132562120265 11.394790433481143 13.306669706180873 11.208784251239562 13.676043742545339 42.04761698638415 11.44996216601156 11.07716135380096 27.831503954373204 21.261662256156466 11.148230200732316
2010-05-12 10.304431508266072 10.151783025498043 11.855073818785312 9.986070356172839 12.18414867429674 37.46034690885749 10.20093545128697 9.868807685566868 24.79523003170076 18.94216648437452 9.932122830197727
2010-05-13 9.180378668067181 9.044384330443075 10.561843914802946 8.896751125761638 10.855016281750295 33.6602712859057 9.088174163571919 8.792281962833066 22.090212497425068 16.87572568591817 8.848689344023569
2010-05-14 8.178956584127615 8.057799403063955 9.409702201599938 7.926273170258311 9.670889087507499 29.988061537573106 8.096811709266023 7.833201726920052 19.68031099410734 15.034731377976144 7.8834549905163245
2010-05-15 7.286786219021683 7.17884744171857 8.38325591198461 7.061670889510195 8.615946973834728 26.716489865834394 7.213603455305691 6.980966587370104 17.53332811975036 13.394587194720186 7.023524228064956
2010-05-16 6.49194820168328 6.3957856833463005 7.468791645623684 6.291393243187753 7.676095814348666 23.801846274475395 25.105005076913987 6.221361340763334 15.620579246413735 11.933380261589386 6.2574084314048575
2010-05-17 5.783823576040233 5.698152511720673 6.654092148070535 5.605149420599881 6.83877916625277 21.20518958023066 22.366172086856505 5.542758088501038 13.916509272166705 10.631588423058332 5.574872395346258
2010-05-18 5.152951924173855 5.076627682789839 5.928273079433473 4.993771348127236 6.0928105071891885 18.891827129280113 19.926144956216433 4.938186990337309 12.398351185891201 9.471819412228076 4.966797585139681
2010-05-19 4.590904968420768 4.522907799608715 5.281637591788648 4.449091197267994 5.428223775262325 16.83085127734002 17.752323703507294 4.3995711641642945 11.04582188309971 8.438578477346262 4.425060306398961
2010-05-20 4.0901739636447125 4.029595373112882 4.70554677238087 3.963832256710059 4.836140215334653 14.994726440367453 15.815665043641543 3.9197149226957055 9.840851168634575 7.518061360568977 3.9424231668390655
2010-05-21 3.6440693751531166 3.5900999865015604 4.19230422163458 3.531511710397372 4.308649752559638 13.358921198559466 14.090294347888278 3.4922076340762143 8.767340325517457 6.697969863002367 3.512438379674752
2010-05-22 3.2466315018789604 3.1985502427104717 3.735053223849162 3.1463540226311975 3.8387053082116536 11.901580538275017 12.553159939494314 3.111338071418988 7.810947024244188 5.967347531832013 3.129361616739749
2010-05-23 2.8925508506855167 2.8497153185257367 3.3276851367006666 2.80321377296534 3.4200286457917843 10.603233852780727 11.183725106093652 2.772018106915919 6.958893698748752 5.316433274194566 2.788075260338528
2010-05-24 2.5770971979340325 2.5389350772420247 2.9647577755638412 2.497506909910723 3.0470264894416985 9.446534800487159 9.96369371395532 2.4697147310157597 6.199796828792705 4.736530941961143 2.4840200284169454
2010-05-25 2.2960563905229003 2.262057806116874 2.6414227022068406 2.2251495049465135 2.714715793943678 8.416029544982527 8.876765758066163 2.200389488394664 5.523514847862373 4.2198931449856465 2.213134059511996
2010-05-26 2.045674042012133 2.0153847467462174 2.3533604463802114 1.982503188544806 2.418657167857102 7.497950280373502 7.9084195820105485 1.960444521537629 4.921012644507064 3.7596177404742632 1.971798643609309
2010-05-27 1.8226053715705437 1.7956206772447656 2.096722794811275 1.7663265391926715 2.1548955602738036 6.680031283273719 7.045717857938126 1.7466745010320925 4.384240846752714 4.859404042608847 1.7567898738313612
2010-05-28 1.6238705155558912 1.5998298859716467 1.8680813765409916 1.5737317759320097 1.9199074187222367 5.951345033753919 6.2771347343635675 1.5562238003259052 3.906028276738505 8.969681404377626 1.5652355729862855
2010-05-29 1.4468147146567487 1.4253969485768587 1.6643818576643237 1.4021461757966605 1.7105536122098817 5.302156215704353 5.5924018423608155 1.3865483427719496 3.4799861386883664 7.991188219209378 1.3945769194832545
2010-05-30 1.2890728446661484 1.2699917843201445 1.482903133481052 1.2492777006544933 1.5240374904199807 4.723791645942711 4.982371102676793 1.2353816112070117 3.1004226600954845 7.119446810903685 1.2425342599076046
2010-05-31 1.1485378169912501 1.1315385247882368 1.32122097283322 1.113084374203057 1.3578675187016385 4.2085243942210635 4.438892500762882 1.100704365927132 2.762267045660986 6.342810509791079 1.1070766514857981
2010-06-01 1.02333242670594 1.0081877790729825 1.1771756288899793 0.9917469999722767 1.2098239896284246 3.7494705458866253 3.954705196705148 0.9807176664686883 2.461001727953406 5.650903310392675 0.9863947275045283
2010-06-02 0.91178427201505 0.8982919248521609 1.0488429836354156 0.8836448558261139 1.0779293663666798 3.3404972278666376 3.5233405151988406 0.8738188367458246 2.192602009606135 5.034481240395119 0.8788765231454588
2010-06-03 0.8124034100353199 0.8003830952431975 0.9345088405278701 0.787334040223379 0.9604218616184925 2.9761406691343337 3.139035519439158 0.7785800524203268 1.953482290626627 4.4853088544461865 0.7830859387505168
