2010-04-05 41.073528664336884 42.78746947525686 41.073528664336884 41.14708550641724 41.073602986102685 41.073528664336884 41.073528664336884 41.073528664336884 41.10981544841871 41.073528664336884 41.139925944072054
2010-04-06 35.89074761579206 42.78918233358439 34.096741006957004 43.376052362314624 35.05780638123265 38.25582521624083 34.07390078716226 34.53672144742237 40.21920637150619 42.87203902972883 35.66502955022677
2010-04-07 47.12718162761592 46.01462449809281 37.64079339330319 42.22541075199008 33.1878635055896 105.97123427386585 36.009311944290275 42.04506635053206 54.01196643219707 38.29491210373171 31.075479326650623
2010-04-08 48.802549760284805 40.052494979120674 47.45332032393662 36.60119301174939 31.817106532196473 110.83528889570024 59.47565445985946 70.58682542178627 193.60055979893423 40.27551190287733 26.84546332735047
2010-04-09 64.24139425927929 79.32012639688494 85.98955187593386 54.056455996378055 32.8548314237653 114.45729284809191 105.85603736244795 93.3684780141361 269.8903530745158 33.41187965480025 145.51384548569982
2010-04-10 53.546150451771034 66.54436985346548 71.33546969625368 48.999210528544566 27.255809342827654 106.10423759787867 89.23181805747971 77.45690131717977 226.2031609655489 27.71792708082537 146.44116150946303
2010-04-11 44.464326435705225 74.17267588310725 59.20432682465825 41.815939649115855 22.610955854584763 88.02227085365112 74.02519857488011 64.74746180485012 198.8819660521596 22.99432087016944 121.485096866356
2010-04-12 36.886848946428636 87.16184457548289 49.11490256608216 34.689792312952044 18.757664402012193 73.02177878698083 61.41004569155622 54.98405301369992 166.3080435492726 19.075697498536528 100.78197009980859
2010-04-13 30.600702501681255 75.55244529655376 40.74488780558288 30.228568705198654 15.56103935107098 60.57762570202555 50.94472942243171 45.61383519238693 148.42097607898788 15.824874198730729 83.6070082602175
2010-04-14 25.385822328070528 62.797668008316265 33.80126592037703 35.804756176891765 12.909173578113997 50.25416795720398 42.292074217835626 65.60232551668788 127.83246998715742 13.130314593006702 69.3589520357807
2010-04-15 21.07160030041385 52.0962056143572 28.129538661373974 132.57251704834314 10.709230836718621 41.95874065380853 35.08478545290056 54.616869525849 106.0476428825092 10.892685661430782 57.53900692785342
2010-04-16 17.696996182996763 44.30792727443298 47.212442025074104 110.7228967570187 10.727569855150497 57.98459368210789 29.105741277569116 46.43022137873073 87.97532084036293 9.152427454834287 47.7337189268571
2010-04-17 14.693735479780162 36.84112058817109 55.54295608450039 91.85383193632195 10.39816116794546 48.12077916715108 24.502291901884707 38.518634631505726 72.98282985449887 7.592698148882412 39.59908135013046
2010-04-18 12.236351638218872 30.562767033434383 61.713769662118224 76.20037669264903 8.626137649409799 39.92017994222394 20.326684618354776 31.954404152046077 60.54531433009531 11.09557251450693 32.85653110606958
2010-04-19 10.866757739150694 25.354351708832343 52.82753158697515 63.32813059374548 7.156097077621143 33.26379604804217 20.221017827725102 26.50883019298744 50.22736299261349 9.258537362582706 27.257219370358257
2010-04-20 11.654051971472194 26.086633736901188 56.69192913377505 52.535940033836674 8.133023141676928 27.901620867006343 17.39713401857005 22.143186535296685 41.66776605432161 9.647536864031336 22.635501102868634
2010-04-21 9.801863935933238 21.66593275507942 72.66741459485714 43.582922302643986 6.747017669067912 23.1467101108575 14.432366485338244 19.28973277344555 34.56687001889823 8.003432493760204 18.778026722514188
2010-04-22 8.131459607761808 17.973689311941843 65.5632564834419 36.2139419829799 5.597211102651637 19.206392415783313 11.972845765560177 48.44820123969543 28.676087442405375 6.64047105203693 15.577931585829823
2010-04-23 6.753158548208786 14.910666950467705 54.39774823198202 30.360305864756548 4.643351131460218 16.710830019265106 9.932469208810874 40.248597584927325 23.819939196967983 5.508821841344405 12.923187088760741
2010-04-24 5.602305471540665 12.369635696331883 45.13347313197647 25.19899250792521 3.852045122939912 14.14256687569571 8.23980752076142 34.9244069289194 19.86982838353705 4.570024903634824 10.7208562068043
2010-04-25 4.819837251167 10.261639386638732 41.56281338287898 20.90465559140107 3.195591117077574 11.7324329384126 6.836256471065598 29.08677008503329 16.48367167407426 3.8880669656000246 8.897404903224778
2010-04-26 3.9984550061116813 8.512881501647193 34.479803067740626 17.342146725019358 2.6510080390108097 14.301407129721389 5.671242094984432 37.916214104948885 13.674573660827738 3.953169645596855 7.381135777578658
2010-04-27 3.318664080642725 7.062141703736808 28.603858180589704 14.386749961851345 2.199231179903842 18.58776032753185 4.704765983554705 33.27205043340823 11.344193727148458 3.2794823011128904 6.123264700172048
2010-04-28 2.753107276316906 5.858632642074303 24.692408992440328 11.935003073536906 1.8244447815656686 16.546207683203757 3.9029938396723747 27.601927137021832 9.410950170075578 2.7206027384362055 5.079756248661605
2010-04-29 2.294282612037408 4.860221994217215 20.484402523102272 9.901075555149822 1.5135283600009164 13.726452470367441 4.8451748309676415 22.89808928975672 7.807164196402596 2.257360288497559 4.21692730944211
2010-04-30 1.9032978329960162 26.123264463499105 16.993511927368044 8.214087333686008 1.3350877963845251 11.387231505169803 4.673886843591055 18.995865416165685 6.476690630389704 1.872667701375 3.4982911729573267
2010-05-01 1.5789435103075335 34.360749352095645 14.097528463420884 6.814267143990619 2.676829262867235 9.446653578720618 3.8773770303615525 16.564459294860356 5.372952389179713 1.5535332740826053 2.902122856941355
2010-05-02 1.3098646809355903 45.79209018376551 11.695069837618135 5.653000123244975 2.2206520280387236 7.836783136958538 3.2629203156034063 14.544148751081403 4.457309917033431 1.2887847811494713 2.4107025916401392
2010-05-03 1.0866414606743502 37.988339168754145 9.702031023498938 4.689632754065284 2.163466445633321 6.501261999705672 2.7068631969494064 12.08660025623403 4.856111169146905 1.0691539343460084 1.9998778679631228
2010-05-04 0.9014592738032987 31.51448005559554 8.048639921598737 3.890439569879021 11.391350949005435 5.40838269107526 2.2455676689257182 10.026837999497964 4.087503239187497 0.8869519193951991 1.6590646646495628
2010-05-05 0.9363436904146483 26.87248506381482 6.677014784909712 3.227442497232019 9.45007099926165 4.486702292875092 1.8628847447510473 8.318094264458178 3.390923165563323 0.7358002267468414 1.3763318278493872
2010-05-06 1.7733432804041227 22.292956552426972 5.539137900586943 2.677431402247441 7.839618170914631 3.722091910787032 1.5455561470935215 6.900549524773277 3.011060072141042 0.7021191519814912 1.1417814752577649
2010-05-07 19.669235095666725 18.493857589583563 4.595174590756143 2.221151552627047 6.503613895656327 3.0877841425644452 5.506870639377325 5.724578518821609 6.7043262456918535 1.2307114936217851 0.9472024920612112
2010-05-08 19.082513975726368 15.342189706397079 3.8120786841747734 1.8426295499473573 5.395287472124563 2.5615732065727563 4.672343040709953 4.754208546550093 5.561795023929003 18.443235403002166 2.801615611068363
2010-05-09 15.83052903226983 12.727619635162373 3.162435639240729 1.5286141345573359 4.475838721961527 2.125037564051532 4.740109687456735 3.944010548996921 4.613970554920492 218.41859463619457 21.902224316363558
2010-05-10 13.132737634062325 10.558616773577615 2.6235028185169034 1.2681122868324892 3.7130796771284307 6.193378616339218 5.561843781117905 3.273662117739852 3.8276714963572247 181.25931706738754 19.54082580961436
2010-05-11 10.89469577507803 8.759248890757329 2.176413316800111 1.052004384665414 3.080307746804379 5.137921560991904 4.614011003055089 2.715774413301362 3.175371171019313 154.6419845794865 16.21073673453717
2010-05-12 9.038054314254223 7.266523899440558 1.8055154704286367 1.314270818568851 2.593936525746391 4.2623323394542005 3.827705051441693 2.2529602624460994 2.634233915668384 189.0522172852975 13.448151477159245
2010-05-13 7.497816136754543 6.0281846354268 1.4978249254376261 1.0902967175135994 2.1518856231913857 3.5359584135906554 3.1753990077466354 1.8690175145996188 2.4227925749472217 160.91518962278315 11.156357734643525
2010-05-14 6.22006074160414 5.00087944410324 1.2425700826202173 0.9044916127070791 1.8547560208774316 2.9333709591130654 2.6342570085438783 1.5505051412171365 11.768953682807759 142.7160986139133 9.25512462547266
2010-05-15 5.160056598292802 4.148644530143008 1.0308150064814805 0.7503508579970235 1.5386740485896078 2.433474655894166 2.190802945287343 1.2939227917034029 9.763323804826047 118.39484804536454 7.677894457546862
2010-05-16 4.280695189918589 3.4416449406275977 0.8554192914811493 0.6224783095687838 1.276457820411059 2.018769185152878 1.8174528614777983 1.073416340512246 8.099487370498672 98.42298324420597 6.369450653699083
2010-05-17 3.5511919220141346 2.855130106059011 0.7096412949469606 0.5163974182932054 1.0589276973783697 1.6747365800798903 1.5077279820166676 0.8904879390539918 6.719196963685888 81.65003288727272 5.328972367307221
2010-05-18 2.946008418604338 2.368567374947946 0.5887063484647386 0.42839451515143756 0.8784684071379621 1.3893329823367941 1.5829893969195599 0.7387336485136938 5.574131518650362 67.73547855129861 4.420824838915127
2010-05-19 2.4439584773457774 1.9649232088453148 0.48838077376644484 0.3553888034888077 0.7287624492684927 1.1525670118921536 1.3132210796547739 0.6128408701708776 4.6242047011177885 56.19220093772459 3.6674410954481194
2010-05-20 2.0274663851166097 1.6300668739660646 0.40515238336877896 0.2948245067998542 0.6045689328706461 0.956149989808734 1.0894258719646848 0.5084023624855537 3.8361615699764307 46.61609416155948 3.0424467556790113
