2010-02-15 5.148930562704202 6.100191083210567 5.954986074421472 3.485828642113364 3.721027736273481 2.2224791654627714 9.4448341837757 8.859080257075362 3.834481713842093 5.871207529828697 2.760057352438759
2010-02-16 4.295134964075468 5.064837993012487 5.018754260741287 2.891784153320869 3.111056111687828 2.563396701216625 7.835273797857789 10.508669862131091 3.1810208116150567 4.892624395081768 2.3154272953437927
2010-02-17 3.563170913058917 4.208811363351691 4.163473174005742 2.3989749491325987 2.580879236340562 2.126550304194221 6.500009877659695 8.71781378253643 2.7853690637102395 4.058837982714961 4.961384268647351
2010-02-18 2.9559459858331607 3.491558322120083 3.4539465313662814 1.9901488152072793 2.1410535179840084 1.764149963258933 5.392297640093653 7.2321500384039314 2.310694800736221 3.3671429563429527 4.115880004333241
2010-02-19 2.4522025140981105 2.896537398401976 2.8653352965069607 1.6509936079590135 1.7761815827432383 1.4635088042492628 4.473358408161484 5.999668664954103 1.9169131055968953 3.0135476482907606 3.414464047287026
2010-02-20 2.098715668322857 2.4029181604069634 4.467858356508706 2.194484572360409 1.4734900311354704 1.3745733405383487 3.8066628511112692 6.257371582158423 1.5948558755920348 2.499987873563921 3.0567207392079228
2010-02-21 1.7410588227610728 2.0299064076750866 3.847320302129287 2.0949764658692214 1.2223822682041818 2.5078054873334463 3.206545193334403 11.125213997737443 1.5974326989689531 2.073947419252682 3.282163445036614
2010-02-22 3.8026635517821585 4.942795627721604 10.827728860730492 21.700458544115776 13.174057187165573 16.447677737262023 9.508350873117314 67.81572730452167 39.88663306952893 1.8234356680865966 8.99540967068563
2010-02-23 11.398577346485611 15.519493687219233 12.296759296829016 18.520797550151308 51.39148101697277 13.79793216839041 10.639856562151788 96.41876478464037 33.946209283337645 9.449564391100571 104.32595624032383
2010-02-24 17.52577391442531 74.79277542921098 10.20187197284121 27.097271520822304 43.04613326850774 21.379563723936304 12.640399196338096 92.18017684513075 28.161197852596853 15.647114609716557 101.21872028534716
2010-02-25 16.79739189253495 125.61452801042725 16.113715132259536 90.2255794388522 41.33509366616263 28.417359429168897 24.141555293638056 81.36789525363298 23.73201079652556 40.06332254749119 90.02168433360629
2010-02-26 35.78115669517337 120.81433651432283 20.802893945404005 101.56328337354716 39.65803636927722 53.6954783009902 39.02165239151796 67.97411342829729 19.69309864633846 37.609848157144796 104.68701060731121
2010-02-27 46.741159565479705 113.84731289183948 17.431346751045112 88.09184861275537 41.699718687940404 58.55340971332543 45.008372437427774 61.64339602599565 22.887741365833026 68.31628395620805 88.3801366208157
2010-02-28 60.844063832386055 95.20248714158494 27.444893000986585 73.71572823778263 76.5641442546483 49.48539033635026 50.43855063954167 53.362474890891974 44.45396127580923 88.2147594624025 73.89713221817127
2010-03-01 82.74242462469653 79.16440501737675 22.79844381702497 75.81883295954954 102.23779918364946 41.43699378695575 134.8891204355195 44.567949472758556 52.89029434858104 96.79243807456741 61.48275982989174
2010-03-02 112.0769216878784 65.72782388174518 19.211367063489416 67.73075630816253 85.8695098525092 34.37542527094604 149.8864594254752 36.97717261069589 71.3597400976573 81.28774939510764 52.11970715611113
2010-03-03 113.96433229015574 56.667633812245555 15.937423362300585 56.68655812994838 71.58263950341286 28.538710731841697 159.5452457076826 47.310046299559794 61.29989459968312 104.63437774808803 74.49053400593768
2010-03-04 94.9535796760836 53.773939821229646 13.221415352160506 60.07726183777365 60.73856164372096 33.18281532190816 135.80151805185812 85.02402869439014 59.34117657617261 94.87624327395594 286.8037568898021
2010-03-05 79.28135437903978 103.92804451061096 10.96933265380078 54.420768860305515 57.50014768805352 36.61333722353961 146.023772009009 71.63528319848237 64.14110274716973 110.53499987266638 294.1280219160727
2010-03-06 68.83030413548754 102.64649222240338 10.077105716612659 47.146677456791366 174.808872993029 54.35103676774175 163.80232912231853 59.427993014514875 53.70705353531815 134.4323606534141 331.89869362288266
2010-03-07 63.67142036691008 85.15378410068507 16.545541971307376 40.33831583139118 212.75159780412224 65.4683633071341 158.0084292405172 49.33984253284178 44.55445814476966 128.03040057225067 276.9722123373082
2010-03-08 59.543382488168135 70.64213096493413 22.18928177893113 33.61772537569778 183.53984142510836 73.20991544058884 132.0635555109779 40.931494176149634 37.00982971235117 142.07234724126764 232.43546407481483
2010-03-09 56.5781000790721 61.052604632759696 18.47940026956192 31.293688718917416 171.49617386630712 60.73370066996517 111.7735526986592 34.66704657363741 30.70272525339087 122.32458217997385 195.4343191238934
2010-03-10 101.30764716830659 53.12002932850784 15.4888713440007 25.960711907340173 146.85149613517228 51.561294561515346 92.72543823558722 29.01304459727055 25.471360415652324 162.4995355600236 162.385519284044
2010-03-11 88.44092155050316 44.28025968761739 13.897181244043747 21.643833769056013 331.3245228219704 46.84322082738261 76.92505457503245 30.188871149613913 21.130607375123866 186.4768548096381 137.9924167990166
2010-03-12 75.12809141414417 37.4035986164134 13.359173623222617 17.955356369003848 298.3257579748841 43.10835850650396 72.34448133531025 44.70421710270851 17.52959248172965 157.20897876451266 121.18693072401888
2010-03-13 65.56486900328626 31.61053707353128 17.50353149062282 14.895458252819195 256.3771617315644 36.62562072031985 83.19356092403528 52.689185048066385 14.670722714080965 133.15416407384134 101.22704974962808
2010-03-14 54.81093495036077 26.2283264532517 54.82748428672248 12.357018819437286 236.42321012250645 30.383992008360934 69.11072984445768 47.57908026121569 12.188096430706574 111.51843047578465 85.01587125826936
2010-03-15 45.83768895976505 22.86305586502662 45.48394843946101 10.251172640159004 208.94281030133465 25.206042988698524 57.33308601978027 64.07012986012371 10.139404595008555 92.51379317869733 70.83346737086804
2010-03-16 57.11102331229503 18.966802282870116 37.732710018660406 8.504198466789482 194.24627246575247 22.56569277782972 47.5625530210653 56.71935524792763 15.188412132094815 76.74786931447433 61.217080928574234
2010-03-17 48.62573300848275 15.784526853310338 33.35865003222078 7.05493840570274 161.14352098082495 30.916405169554206 39.457085025934056 64.21126878158569 19.626382587904043 116.23728416196374 54.93997777126121
2010-03-18 40.72141587210477 13.094575008818566 84.63151004948948 5.852656908541258 138.32718912580512 28.946308761846804 32.73678897177976 53.73727922644711 17.79377756683164 164.6581276773473 49.72532351108792
2010-03-19 33.78179400358182 10.863036710259006 75.65301902964605 4.8552646273153774 114.76910885634068 31.80513877380084 27.27187976619725 65.0482561763965 20.78476643410475 139.471177340073 61.01836060061694
2010-03-20 28.024801732942795 9.011790492548753 62.76045785429642 4.04839587924486 95.21050067454493 35.89620111483496 23.0519553476841 57.165930846306225 25.10977016669639 117.9116739755205 54.81477013751552
2010-03-21 23.248898862135242 7.476028116971916 52.06814215431093 3.3584803649063297 79.37109848159041 31.29805087164921 24.34323025566369 48.890535919284254 38.28854238399502 97.8527203858868 50.15356918288833
2010-03-22 19.70783094049796 6.201985770970717 43.27757002183438 8.258455281519073 66.46622364553141 29.359606828447124 21.268348045442615 40.596163214807085 31.975209839038946 81.26223282246178 49.973326431513605
2010-03-23 16.383709775436632 5.145061910080734 35.90233601024405 22.70906821936259 121.85219146820546 29.962064870338224 36.5321491507149 33.962382055030844 27.62538690274089 67.48923401344601 46.65989181979273
2010-03-24 14.174707929658256 4.353054959077162 30.03200256821803 20.000669560571467 121.62319133757997 65.83629217886495 68.05293543177582 28.447206096148495 23.07832466874739 56.0019934319963 43.024419494741586
2010-03-25 11.759096610113405 11.329052304273986 24.91845295331203 16.59794232134029 100.9523969338944 78.59749683840114 56.5736563155335 23.599318337451194 19.14538562107046 46.45830124992242 35.74281540080743
2010-03-26 10.269373985256172 9.489939240564171 20.671924748407317 13.769370646244612 83.8236353583114 65.94960262753419 47.02237458457675 19.577593107386704 15.882686279904517 38.5410165380896 31.051286472371057
2010-03-27 8.519297993107118 7.914097819165208 17.150542748792958 11.654758242859653 70.31262253245973 68.02270855025728 40.81993594721767 16.412329807663394 15.135047125795534 31.972971801068283 39.54887951993128
2010-03-28 7.067464715917684 6.6366436828374225 14.227798562040213 12.337077995268325 58.33015575154019 56.43048205955364 45.548078059135975 13.615389661860014 13.687486879418021 27.7559460472525 57.092843758560925
2010-03-29 5.867018593763242 13.973782013613707 12.688293578056088 13.740427451042818 48.38970511202644 46.893061513206696 37.78591086040379 11.295095688226354 16.505266433659024 24.865671492573227 173.27120379437957
2010-03-30 5.12990699235363 66.04219453351163 64.11456377781182 15.794413956481788 41.372515287387614 38.901686257957316 31.34654897395847 9.370219272061838 20.992091694725296 144.97329826586557 197.76773031170018
2010-03-31 14.987215938275366 77.12643278264687 54.69405526248717 30.374670328243937 46.73026508877683 37.6527041103743 40.764845434010915 8.421403775122478 17.41468222919322 121.09194640245835 244.18569731776785
2010-04-01 13.972621634949196 180.65308444736726 45.37325799036203 25.937048219077717 38.76663311314813 44.67777663165007 33.81782242947393 6.986253337696262 14.448224217289653 108.81983022458758 202.57230130007162
