2010-01-18 15.99165249489165 15.99165249489165 20.28575436337591 16.352616806782084 16.744787476607716 15.99165249489165 18.661065616921615 16.46832015973937 16.114872667937053 15.99165249489165 16.080055285051582
2010-01-19 15.314404422206202 14.251316682400084 25.083729611981727 14.572899325157685 14.94479481353791 15.000677128047599 17.75597209072443 16.8284212347168 14.361093376615264 14.550114449537132 16.063187901478123
2010-01-20 14.424184231880414 13.062417637788316 22.652868052455975 13.849998288863441 14.008952209488145 36.377570454605774 16.73453692473612 19.10111574101323 12.800320178312791 12.966930272514329 18.60015057757268
2010-01-21 15.450997412645638 12.578166835320213 22.768328787744547 16.031212378838234 16.855679598282883 35.66821952260662 14.912910846004944 20.80336440551098 12.081983832208627 11.556354909083538 17.295037485113692
2010-01-22 14.78086767750365 11.649814612914946 21.09070588507801 14.811759617154094 15.24527617109608 31.981315481094153 26.530453811918527 21.07451073282279 12.038376788565724 10.29955982506541 15.81239385980046
2010-01-23 13.1721620325291 10.38271087085764 18.793588803330028 22.37416418336436 13.585902964164077 28.49601893218769 23.63985325835881 18.77916056294577 10.72888041506274 9.179770611199631 14.804978095801056
2010-01-24 11.738859277634667 9.253740813386486 16.944134245075414 23.65856383848841 12.107460543270463 25.390863746506504 21.064511972615236 16.73412708099764 9.562142816578033 8.323982283453448 13.193533015362611
2010-01-25 12.517989157273647 8.24783691785453 15.185050348135125 32.23223011431698 12.109436314468669 22.624423988642782 18.770037803860312 15.785899755551377 8.522591867169792 7.5320696562572484 11.774836079600151
2010-01-26 15.867039905887399 7.351575462864936 13.531930015367866 44.33510515358617 36.274755278273055 20.159658455463166 16.957767027984993 24.508263548282354 8.27185552719368 7.21373816301044 10.493774494946162
2010-01-27 30.436471000073702 17.648419197306296 12.817823514686449 40.360629764259016 32.32062101190222 17.963701909753432 15.503124470279003 23.556628993906298 7.465393356231399 13.34585792805154 11.00717526662381
2010-01-28 35.21612569359997 15.799730008340864 22.191597140814167 35.960624054349296 30.833019065246305 21.7780793984176 13.881289870142757 54.46738222252747 13.693369703684425 13.40762057723455 47.75818471542677
2010-01-29 35.46068690925889 14.079255360025812 20.224376808359473 32.040570022177924 90.80987533581947 19.64278444063037 12.370119500076147 54.024370465411394 20.74017975423203 34.39983363781848 47.82187544007895
2010-01-30 48.54757104210612 12.945627504612643 18.02118598611606 31.805923721482102 199.20628014070334 17.50853231661459 11.557686330617571 48.47473447655519 52.49865081485614 30.73576254344043 44.71086286645479
2010-01-31 46.80777923459408 29.767600707739486 16.058166314077265 30.090846363847422 184.42881702028086 18.288102165100973 16.249321018862915 43.18919362703414 63.71247268091358 27.385566270694756 39.83596523435089
2010-02-01 56.0258322462453 26.52294524361607 14.309227715873318 27.293998173798947 164.35967347987818 16.300616824704548 14.479527197333347 38.48022517081714 56.7643881719548 25.593853416153067 35.49283829414383
2010-02-02 49.91628559698557 23.63220138490392 12.751016095709703 24.319131452022198 146.43076588324814 14.525142100086082 12.90273568544241 34.97517836445108 50.57426412447512 22.804474666782458 31.663485390401096
2010-02-03 44.47321620999463 21.056759277958363 11.362725251967726 21.6687443942061 130.45784297900704 12.949140114652911 11.49789203997737 31.16220292893231 45.05940843669894 20.582033681991447 28.211819903476815
2010-02-04 39.62391285207338 18.954217253353413 10.12581890056991 19.307438143519878 116.22750662036202 11.539153868174926 10.246238818742853 29.053431522091312 40.14615075542808 18.33928896301847 25.148019820799668
2010-02-05 35.303597114877746 16.888991801627125 9.023783025900016 17.203675839896817 103.54964060798939 10.470088281924978 9.131064976638855 25.88636884787034 35.76885819354075 16.34115297601949 22.55782273605614
2010-02-06 31.454557935340624 15.049009666705356 8.041905250503934 15.329361273019051 92.25487060150363 9.349241347243046 8.661976523135213 23.064761343828753 33.630709681320795 14.560940759224007 20.09936387954247
2010-02-07 28.0253805409753 13.409698618058682 7.167078275789322 13.659463504752138 82.19230115779173 8.427967597896146 8.7812357171723 21.047474035459853 32.088946064171346 12.974878654019392 17.909052712429922
2010-02-08 24.970259518186502 11.949167228313158 10.96523256740692 12.171682445704823 73.2274996613178 7.510949448330387 7.825675562953363 20.917082940346297 30.49180952587341 11.561786679728726 15.957636023447984
2010-02-09 22.248386825662145 10.647912395826928 9.771326267691713 10.846150917767885 65.24070021016834 6.693909864812619 6.9742989568955185 45.77157310639076 29.92905605518336 10.302795561660561 14.219052107118095
2010-02-10 19.82340657624294 9.48855877688296 8.707609318987693 9.665169221966194 58.12520346038725 6.266374370711585 6.215741273195843 40.780183080320484 26.666104947283333 9.181094631715489 12.670082567972324
2010-02-11 17.662929302744445 8.737966455952611 7.759879775147846 8.618977161008534 51.78595104930025 5.584986689049266 5.539877727377015 36.33329462658071 23.75908051012532 8.181707233315318 11.290042113333639
2010-02-12 15.738099217957494 8.766732156270288 6.915485088141391 9.607527385838198 46.13825555103898 5.418182452454655 4.93768810951343 32.39109432646218 24.474761850571127 7.291290629899191 10.812973888984796
2010-02-13 14.023208687095268 7.812426708152353 6.163153068195259 12.816159291124386 41.10666899550348 6.199464572500584 4.473646564233752 28.981234041546678 23.652002372556677 6.497957743617319 12.611956702670186
2010-02-14 12.495354761749843 6.962177058060478 5.4928412863600515 17.33066122666693 36.62397483331548 10.261551894704036 3.9876621076909795 25.821440375941293 26.340895793258117 6.09793785253337 11.28844097039117
2010-02-15 11.134133186394669 6.20463226293511 5.292238413644325 15.543011838691315 32.63028987864776 14.153647053884692 3.554640706561648 23.00632577790625 28.550286024647612 5.434682662564383 11.242905560826411
2010-02-16 9.92136578913137 5.529679735349631 4.71682922457734 13.84923012889876 29.07226423120352 12.62777872207349 3.6971252423771754 20.49828695042427 25.548841353281915 4.843732623346683 10.750098867559675
2010-02-17 8.840857614418008 4.928310138629053 4.204142660542299 12.38555176888596 25.902368487695906 11.251997427134576 3.2956896899175723 18.263823118885288 22.829639335818435 4.329324233243008 12.17612707928672
2010-02-18 7.878180552891621 4.392497022048023 6.634257217049663 22.83639578311699 23.078258719432366 10.026261921297953 2.9379975570812578 16.273088441902154 20.341095412414063 3.8588612467554637 10.849567843795773
2010-02-19 7.020480577419063 5.508473138788999 53.96768110150666 33.5903092627064 20.562210731623164 8.934203514993408 2.619277879072908 14.499493254644767 18.123675450059793 3.534436374406535 16.409328367898706
2010-02-20 6.256306009907367 5.9122154431998 50.564518624631084 53.21171188782084 18.320616045690183 8.154712033488778 2.438266952910628 13.363523522400184 16.148128089205382 5.443125789333246 19.4822628846815
2010-02-21 5.575454524391808 11.367557867425166 45.04958434593878 47.40796543078428 16.32353287051835 10.892842934555677 2.4735539777355573 11.907265495816226 14.388066134910712 9.024441738025274 17.358442550307487
2010-02-22 4.968836842250613 10.129014285895405 40.93884079561247 46.8260340165709 14.544286063286684 9.73224651305973 2.205357621435741 10.759246494873002 12.938907145818153 8.048648647481244 30.926995325090665
2010-02-23 4.428355298414886 9.025550768334725 37.58101312206651 61.70652276640599 12.959110735053834 8.672070868116025 1.9777647478335847 9.654979613275822 12.670180232779046 12.962395281785168 27.55444541606086
2010-02-24 3.9467956561299444 11.458395029087427 63.19419438876536 54.97584163079091 12.069922496286946 8.016960767941608 2.1502310203960535 8.60318855844068 12.023840826443227 30.751348442864654 26.56105635100723
2010-02-25 3.5177307248349874 62.487198301510745 62.33736698447484 48.97944237158488 10.754614014022245 7.143835605567528 1.9171735938033991 7.666105192661396 13.865831313642476 35.29297257935287 23.69289393367021
2010-02-26 3.1354344934266107 59.45788674941007 58.81462918746048 43.715236932591445 9.58276453909478 7.356695777797967 5.66949246182244 6.831215989179271 12.354544043182491 48.20516992711905 21.109461534450052
2010-02-27 2.8271862227402065 52.97240614904122 65.39790999377435 38.966228735462025 13.366214298333723 14.563206262529356 11.698679681595408 6.087372628757925 11.00809851193797 42.94737515646592 25.087403823521175
2010-02-28 2.6634244476499114 47.19445931793631 58.33774183281282 37.62128405089148 47.19881234610339 12.975752374246818 10.423749315213842 5.424643054749082 9.808511436394173 38.26317205733379 51.23947527026647
2010-03-01 2.7245359681426127 42.046854544045885 51.974390652425036 42.360250457965265 87.52753585371684 11.561452391492999 9.287876137510292 4.834178778214894 8.739761499918469 51.12901168840108 47.169633447895556
2010-03-02 2.6389894428321976 37.46082179855652 46.30525099180342 37.92247364906461 165.1403265694853 20.130918560590782 8.275889928586894 4.567788141926347 7.787575300562382 55.730518875109354 45.2682438000731
2010-03-03 2.352368111320294 33.37509392033288 42.218575425835446 42.73202009336877 255.51117205337908 33.116393517225774 7.374275528363809 19.78423999083442 6.939236652207595 88.20037149123777 53.06838925716384
2010-03-04 3.4852075037200803 29.735088044290663 38.41041591950876 38.26534522168853 349.87936811232674 29.580583980793193 8.609514943825568 21.241334393220068 6.183416691176873 84.50143947929072 89.7983047423506
