1999-04-19 1.5761658094214832 1.4584230630966528 3.2796588085665315 1.82021205324076 1.3821886110034876 2.274609759875026 1.7974686516883414 1.1165209559708735 5.242404601810678 2.2319879501610926 1.7136770000226795
1999-04-20 1.3134927754257388 3.607607455618731 0.29407391262435256 3.633098524692134 0.7236985233935962 1.3506144222153682 0.9951518272052067 1.4685143767635562 2.6041646660110764 0.876574889778016 1.1569882091024117
1999-04-21 1.3484978818094027 0.8423262960434766 0.06815923364017921 1.239636053047405 1.695873340461858 0.4761964879788464 1.2157485370706869 1.2611807123508463 0.013736925727477459 0.12748120376563943 1.1535263091189834
1999-04-22 0.901050462646263 1.9379027499668584 0.4800763210152821 4.835635020286189 0.06511227454763585 0.6532714490987799 0.4753138256358259 0.4399135495168673 0.017420257628987385 0.29927896669847054 0.017417201982902766
1999-04-23 0.5490645183079682 0.946456616803347 1.6545575769163898 6.60079461794218 0.6508076410559588 2.0534943630214197 1.0377361593534005 0.9622714133509853 0.2916679832456543 0.08331023400866114 0.2644608493532101
1999-04-24 1.3035104034531844 3.4815565585196278 4.571948622433713 1.0016352631704333 0.067733001620626 3.8720753294647308 0.04881141040832114 3.828499107447943 2.3525385671398324 0.1583934137791789 0.21358514360551645
1999-04-25 0.47753704302389866 0.024125004649846633 9.08694599257939 0.2772435229811734 1.8080870671493616 3.883753300321708 3.3812245188859738 0.1620956297754913 1.9361036805774043 0.07604082763347231 4.505769131292254
1999-04-26 5.0766361004531255 0.7568276690364506 1.4598938581318737 2.5131297705436983 0.45746748581258945 0.7514119677290564 1.7350129027559515 1.5749474900356537 1.4544833840060003 0.470048031034074 2.986436120906618
1999-04-27 0.2697547386503537 2.056675087483553 6.37994023971809 0.7603644766163168 1.0692888003921848 0.6134538453173013 11.37967240798024 0.5098491951631925 0.3553335008642282 0.005653774572259635 3.984086191378495
1999-04-28 1.4930391125382036 0.6050498452963293 9.281971643273783 3.8794316901610513 0.0761679817710025 0.5244005690386259 1.9799977684810504 1.7401496962600054 3.625489802637089 1.8199020226168212 0.4195127654982409
1999-04-29 0.7968269034872686 28.127565743329377 1.9487243767338256 3.8049330279357862 11.547688625772517 1.3383389214467505 4.057294667325089 19.029391480466764 34.684499230667925 6.225941938438485 1.6163036505564292
1999-04-30 13.977292053732333 9.389616742680811 2.5786088238266043 14.037009455074342 15.825735079392029 6.35543558068492 7.924475343033572 4.575131176060822 6.978204932015318 21.71946742146781 1.906128036712977
1999-05-01 1.91800905071868 4.685913014047156 4.0358735257835665 0.4711202631846668 3.5708744613041716 9.524304250632149 4.622680891916721 5.905175831625183 0.9520890478797103 36.77904405674097 3.067854950702951
1999-05-02 14.070754612479693 2.4725090962126366 10.669728708238125 2.123218795246006 3.0531188280655326 29.57856977332368 2.476829120758816 29.56310675834761 0.9489389161508239 11.679528234287494 0.15528735092288443
1999-05-03 0.9391137362958625 5.805342151461902 1.3490995822162393 0.06622861203834493 15.708636775644518 3.5204817953358285 0.6362895562073856 1.6336622463708872 1.1372093704799395 3.1406809079399496 0.0810136189583211
1999-05-04 0.0 0.6862903918365627 4.766465934949942 0.7566795401381317 1.089914880884259 1.3413659804369664 5.581374045935773 3.299256466447452 0.25420703257552113 0.5596422840236636 0.029274435912106364
1999-05-05 1.008085600523911 2.1363376660809448 0.312394208166732 0.7884222972521976 0.13330425801204032 0.023897611428504304 5.805961838916584 1.0990765748921993 9.199821432680231 1.3803257382579592 0.07458557283199724
1999-05-06 0.5319296708997677 1.684407751185415 1.7242654489525018 6.059651916579852 0.8025713680289714 0.04996433109045027 10.924497048066685 1.7955122350671182 10.630807941918917 0.25532924486256836 0.5037976668920726
1999-05-07 0.4635780909751771 0.9894560004382874 1.725222126284149 1.9998854720546655 2.374024079687708 0.18305744731802887 0.7587336391117312 3.0735409575928525 6.225306875436632 0.25194666306635166 0.33636196030297416
1999-05-08 0.8681256161168894 0.7999955820920364 0.18339452001687456 0.6221377564065598 2.325958109124091 0.13736314765334853 1.163540379391324 1.4261172106179 28.69520370686672 0.15909452440990385 0.31693810197884587
1999-05-09 0.7362822484124466 4.933541752579196 0.49349879780620776 0.7008184208364314 1.1743965207255513 0.0 0.5339650877023558 2.043157205976491 1.5252775073283547 0.2775904359748487 1.208463199366012
1999-05-10 1.4880682843789574 11.526937280091834 0.1700428611823927 0.9320329152652758 2.3585351558683683 0.05339628590137911 0.644535511933592 0.34281217045263757 1.3898476765710182 3.9746069745797 1.0251418126463108
1999-05-11 0.5295063846594128 1.5409020273763347 0.22486993687910767 0.9932618808653013 11.882322147800831 0.001973498316834329 0.02024317168022656 0.6898331096167614 0.04373489453510129 5.146686225652247 0.6006061589763327
1999-05-12 0.45000582538945944 0.03175527781652189 0.39734988759141837 0.49992230641132873 12.130768999186945 0.008356960793652295 0.6413117373918955 1.2233553356919422 0.015984233682746256 5.666962867803057 1.861467385552943
1999-05-13 0.40039893412202426 0.0609533393170332 1.0150285651250324 0.412991320722617 0.3145858544463399 0.2668447029364215 0.2701527140415863 0.6482236572967479 0.23168925324342987 0.35521512381132847 0.8156943496188528
1999-05-14 1.7334012168672275 0.30538587830040376 3.821892136574913 0.8884974548139146 0.17008702984473764 0.023786369183694832 0.6168214661318195 0.12439272725911284 0.2256842867148685 0.5988505498770835 0.004976019863320481
1999-05-15 0.5629783687654719 0.1414295754315705 4.573604945271393 0.4820642230467518 0.6953919756161695 0.4155181068722482 0.08581748308501896 1.1137791345984245 1.141305354140526 1.388177364434752 0.49579355855246265
1999-05-16 0.5277958874825663 0.4252141771027181 1.9982558406120534 0.5230915237820618 0.14328548394096824 0.23814803042874014 0.328116403288759 2.1307928793084283 0.0030678865193423614 1.8361289216512868 1.2542424563694148
1999-05-17 0.3135131826374438 14.856837735772494 0.24902295800577648 0.2623043431589288 0.17422196674836837 0.5652554548422314 0.09699750466772483 0.7012574274346234 0.11585887219563479 1.5601307458867613 0.3641208993988714
1999-05-18 0.18845008684794046 0.16382421264637048 6.167930531138812 0.35490132406584063 3.3706025204477923 1.2471438938537445 3.6402836531348797 0.3746615322015628 0.30742770283775533 0.744254056656273 3.7099809924599385
1999-05-19 0.9822909505036483 0.015209532005023532 3.5687393655006616 0.725399872429598 12.68221241498909 0.9242921881188254 3.5249036987683775 0.004879072894536907 1.3424834173430753 0.8491203785877838 0.5383238544765824
1999-05-20 0.9952486661859132 0.23922244408137436 1.328445555979315 0.17566700688599296 2.8092214858348354 0.2471266604694618 1.615456682200258 0.12189063383785764 1.178943216248832 0.023845248213824735 2.304290567367824
1999-05-21 0.393450022713116 0.4548405046001487 1.1298015627573346 0.0 2.683937002433128 0.1419649703318504 9.19585761634551 2.0743599610042986 0.14274480613659857 0.2104869150822668 0.9135905507632995
1999-05-22 0.37464069074165995 0.056805808550056985 2.0558135218849642 0.8995876559123757 0.5301588863837912 0.02828044594909355 18.360997800801307 0.8429159868237529 0.008108987662365386 0.8973879581706903 3.763418814428438
1999-05-23 1.0337753904576816 0.08833829127542486 0.0 0.47855033729448615 0.06694100480168122 0.1783263693287561 1.9940511510862327 0.19582931560874683 0.0270240294980994 1.5595811231185177 1.138051566301661
1999-05-24 0.1918881083263702 0.10053420894854334 0.3901682542160753 0.8750704852967691 0.2810780089530114 0.7634847788376229 1.349776360033549 1.8123731694162561 0.18906045702259333 1.104540906328868 0.22548696996008621
1999-05-25 0.009500827446348229 0.01266837403211699 2.9991815571965335 0.7936667734454945 0.0 0.7212062157554087 0.6580860976549869 0.5170129420765412 0.0 0.4568947969968601 0.15141946563443262
1999-05-26 1.6611728116236248 0.16866185150875523 0.03752335027967562 3.1241920588894123 0.3169317483361769 1.1310261331614893 0.020863306577283164 1.8963085721863888 0.0 1.525682101901767 0.2964759271612961
1999-05-27 0.22183188241861343 2.7064234700277954 0.0417441010502622 0.09788344835715382 0.24481078177920587 0.06322050824731175 0.2478855121630007 0.7429326996892978 0.16574090293452415 0.42385307294623004 2.1956348481750108
1999-05-28 0.013241567449693587 0.0 0.0025858880529172736 0.19972352471018098 0.3760369399130997 0.045221989467993245 0.03458599210295395 0.056996508362841716 2.0529947433019826 0.5990613462519618 2.2950337496944466
1999-05-29 0.007200444391483698 0.11435448180045399 0.011831793046683064 0.08823805813681657 0.3227312205515769 0.07094373219179378 0.0618996204229816 0.3152072845036888 1.7986489012237579 1.0013899697091273 9.221367087161173
1999-05-30 0.3711969952319226 0.04562928140193285 0.7150423457534825 0.14014133936365075 0.03452837156351386 0.08754949409002658 0.0 0.028932217530694315 0.014654762080823135 0.14467542786506882 13.011273086211862
1999-05-31 0.29797914164938977 0.20234296263318077 0.08569708038392286 0.10851673545273208 0.3766597549371907 0.06868032973940613 0.0 0.08892819147614911 0.6053091817394396 0.9124365925544959 0.2783345046690733
1999-06-01 0.045496649824739166 0.0025858880529172736 0.4445830893980719 0.04733250981633322 0.194093502826864 0.047274945093126436 0.4587476949939398 0.5559547749026363 0.517027215772667 0.3268581313930834 0.001973498316834329
1999-06-02 0.04182171636911709 0.03977060273342787 0.039288603881400354 0.012916347163403896 0.527285014319482 0.013150372498542074 0.0 1.5120003684370098 0.11600646548730247 0.026610743761988985 0.0708882561244327
1999-06-03 0.4027311803751121 0.4576725046820268 0.0 0.4532432223857277 1.618731272810706 0.17542702757891995 0.004976019863320481 0.14080161637058625 0.045705246472779154 0.5782928713859209 0.0
