1999-04-26 9.746312140273476 1.898693140514157 2.3049726602934544 27.684808636845005 5.990599813269757 5.907996026069367 8.069875186050742 13.106525113964823 5.728784032815586 6.331185703134828 2.8001667387855544
1999-04-27 2.1862177166273473 1.3476229111091502 0.7570966701921376 3.1112019383601357 0.2808219059690482 3.9637552280493478 0.5394198719138331 4.21450325408297 0.5070385117255469 0.8431987350351738 0.7985596065847927
1999-04-28 1.9613178959414892 0.24872085063369936 3.1493628456697365 3.7575262985838247 1.3755270255284548 2.1170842431330614 0.701696578721197 9.272064361732646 1.6470126874345725 0.5531767533898004 7.311649412157211
1999-04-29 3.1680887243035913 1.467532894299754 11.118051148214949 4.539899111736671 3.571877273042813 13.294008372195252 1.075062939100841 8.184639038025818 19.538866660604576 11.280492514489909 3.7597100717918743
1999-04-30 2.6083763378950464 15.688826171908538 1.9107481720430515 1.6646763683519838 1.0971244245532032 5.319075530426431 5.00255829707671 3.7373495335746605 1.3675771253480131 8.818599014071136 19.979799918212287
1999-05-01 2.294092413011966 2.2966181856645247 7.42984598221671 1.3643896483371907 20.59223711325385 0.643098416069039 0.7386432482211882 1.1132835576149382 1.0466925916177512 0.849006603990963 1.5771528789402796
1999-05-02 3.0360332362922255 1.0061137803191758 8.081036422573645 1.31831584325715 4.407076295336896 0.3841541692962076 7.604770783839129 2.4933409098388495 1.9642525640798334 2.75489922235868 1.2240372973332492
1999-05-03 1.6184141125657874 2.7331889576977875 0.48788878594650675 2.3763656081506928 0.11961115431371613 0.6736248142364962 2.3791074679946016 13.198604041515654 0.8439606331160954 1.3338267605993994 0.0840080612410088
1999-05-04 4.158560566276579 2.438004901670502 0.7648690482373053 0.9498265353463439 1.5586905546132397 0.9910582607950588 0.2209723757042358 1.1997482144381904 5.1808267410477535 8.787603084556416 0.9221740785458041
1999-05-05 2.0509669879555643 0.9936886729101377 2.8598520202627356 2.3451968811668937 3.3172449413194816 2.566163252358727 1.2272651669926604 0.3233065689481539 23.955172049721856 6.900719951718857 0.5311711418247078
1999-05-06 12.39614686845686 2.6248294994037464 3.133416882586514 3.884661147289973 0.1894608726097497 2.6675024383153496 1.2705266472362804 0.8757680414260142 7.010153584313255 4.827462419090805 0.8238856206982033
1999-05-07 4.772175899793998 1.2073908374402837 7.263555221693822 1.3710472909234253 2.6539471980800364 1.7928327380381004 0.2825397109644263 0.859617738726586 2.2016670529534927 1.8268001995369514 0.5172259445065749
1999-05-08 0.451714254268749 0.4674079163489342 5.054781909814745 4.212307414340609 0.5753852932857659 0.028226946249638937 0.40809872948120707 3.8808275074045504 0.9272629594229016 0.4388592759235773 4.996105896235433
1999-05-09 1.398079999359531 0.03788437474369773 1.6062335230715785 0.8171698869440402 0.3023491508544058 4.735986205912774 0.5550702963402836 4.935413864802221 3.242304681536285 2.8288468157388085 0.33414691478511693
1999-05-10 5.386516580476174 3.007292865840153 0.7718272939005608 0.37802316561905025 3.1333483551248222 3.0788547414433443 0.08598464730348601 6.977446545864625 2.2907381082590526 21.918425325077443 13.295936763620112
1999-05-11 0.0 7.035784043122507 4.370347640541451 2.484556198492528 1.9125694850878943 5.800146108397346 2.768746517292925 5.845566904574285 0.0467176192140003 4.832108787100973 7.665205967390532
1999-05-12 0.9192052543828224 1.608155863748125 2.7048372595914953 2.254200587068877 1.2010985720551004 2.385007974984976 0.042555804318799406 0.3009588014579367 0.014563281590431769 2.2225441676039157 0.810301000233334
1999-05-13 1.4065352764969616 0.4972200953185431 0.8232630439242853 2.3597414678981665 0.2842082557481484 0.23487734197238877 0.7947332199032741 0.41141054607158456 0.0 2.2210119102087185 0.14561488079487542
1999-05-14 1.4474525190618754 0.9562664199532478 0.9586800587719919 2.4290818119432602 0.7876092117520949 0.21635527022843434 1.4599566178336856 0.048651473897836375 0.4631700415721791 1.2527847509654775 1.6347987855349149
1999-05-15 1.4210879535915373 0.8883404666571236 1.3311755609533198 0.12042092037811337 1.341231651883784 0.3660358879791036 0.30402864144374975 0.18516986284042816 0.026113499599840384 8.834362966208012 0.24293637799322756
1999-05-16 7.398947387615719 1.6673962818314068 0.2179826528489936 0.06711175144534605 2.0105934974339794 0.5425173285429019 1.3708018160270372 0.09332406867835855 0.0338015756890984 0.35380532259421654 1.8517011299526374
1999-05-17 2.909999187465179 1.5577998569185523 1.2561657180506505 0.1397201768112063 0.4684790987327248 1.6675171405565667 5.33987214429812 1.114956844196171 0.9675762541499195 1.515892085334078 0.0
1999-05-18 0.10070886657800752 4.60825279030349 0.20628438322856713 0.5928371155173557 0.06502544465942461 0.019390458846821012 0.48642088516658044 0.2671907446374584 0.20455971971742334 1.055848539861815 0.007475167371515676
1999-05-19 0.06927624829584368 0.5168279800114941 0.00581247746494039 0.15703109706487955 0.07596479951665534 0.07817855065273474 1.5147338844094125 0.08672151214798798 0.24607239375240658 0.8566758021233902 1.484548731931592
1999-05-20 0.12424656960203762 1.6271504864774609 3.8702713796712658 0.1426179583402146 0.35565711918805065 0.034725958010686786 1.9279223657074067 0.102361490193361 0.21863909825389058 0.05410894814041291 0.025592590990798973
1999-05-21 0.025311755085990897 16.950169856370746 3.4687660983897763 0.031813111536738416 0.011388583888540976 0.27874785578066164 0.014656109299086291 0.23330800004038443 0.41907503616338815 0.3807694108193337 0.3425190075736314
1999-05-22 0.5806030645001947 1.4524525545609621 0.3450816275340871 0.0 0.0 0.11023651369544146 0.045028945264927206 0.857529231711744 0.343114422518611 0.0 0.0
1999-05-23 0.6484808775160534 0.03968085939949656 0.016733192603075157 0.1273392886450586 0.23923276477772654 9.037818933237133 0.9707430584373498 0.3163080724814705 2.461964315794854 0.056716216182062615 0.05549764317766177
1999-05-24 0.37568079747466737 0.3933663229846086 1.404689397658787 0.2503520226390504 0.059578539352385676 13.414668466039327 0.010046935004020952 0.15066901195998114 0.0 0.022882206004568653 0.4133507431414075
1999-05-25 0.4639604255679292 0.26760008104092226 0.10916092597079931 0.3321217867014373 0.45113682146437856 1.9289298120259426 0.1802490519656465 0.05509517399441361 0.027864526956867045 0.7374003311782487 1.2150405675065208
1999-05-26 0.6550815376312771 0.7068850229131514 0.00467176192140003 0.015866697008833284 0.18225037918347448 0.04555263957762955 0.8528086072511681 0.08618496851590476 0.007609294467037569 0.6817282858832279 0.32933508446020293
1999-05-27 0.2115022557955617 0.07865704956337326 0.0018896447107517032 0.9332777470604169 0.8073033944322363 0.003330113036880005 0.20224487357634252 0.2548152043847608 0.05835695307392282 0.5463695475811006 0.23678457678350345
1999-05-28 0.16551734954999242 0.0 1.2035927131181818 0.8342712349455204 2.2834742952374008 0.1599019635875167 0.07313076890858361 0.346800870281412 1.5405506943699963 0.7059235926112862 1.9779152055096567
1999-05-29 0.30816399579773635 0.10107778978063706 0.030078882160975925 0.15772277912691265 0.27366661364252104 0.73350529624318 0.012367533780677595 0.25896475982356754 6.078164048749329 0.024679023006665836 1.0401712512983252
1999-05-30 0.39255244285429436 1.1190931009430756 0.0 0.029437393850841962 1.6952371564447584 0.007889560768929256 0.2393166330170312 0.5284119278586337 0.025292759324361765 0.684986213038658 0.5362187847853237
1999-05-31 0.0 0.2971229038475488 0.49502848336465516 0.3052965340884095 0.05727789951126759 0.15973064314552693 0.19580404972619792 0.002476014111645858 0.01750081413606931 0.4925285347557968 1.0118150665691155
1999-06-01 0.0 0.3770174836723493 1.8491874359467464 0.0868398641119241 0.09307878716310482 0.351978545391893 0.21188180775744775 0.0 0.011936579714772655 0.01637684392710628 0.06210502412097001
1999-06-02 0.26324917958407407 0.04618622147695893 1.089794263154016 0.19733535877040675 0.560600988237702 1.4820426608147508 0.015111277416663446 0.0 0.012367533780677595 0.00467176192140003 1.8830635993420408
1999-06-03 0.02156311420239268 0.0 2.31001150525133 0.04761420764517499 0.38180245504055366 0.0 0.17222442439801056 0.013287373197375999 0.009891519669031738 0.015684291660882643 0.0667640762429649
1999-06-04 0.01262633221857852 0.0 0.7576100666876487 0.015111277416663446 0.06417291544299727 0.005740666356673118 0.43413156840274425 0.14470139169459156 0.21559850046976697 0.01993845467305269 0.0124727035387004
1999-06-05 0.04810197345021832 0.07186854801850114 0.5830584696272701 0.0 0.5812828064502394 0.0 0.5382018559630835 0.01753124697361995 0.015859140829881276 0.029961175625401428 0.015598827375949325
1999-06-06 0.012672110300144077 0.6820327342119301 0.29775946337329373 0.06101900767851398 0.046314269895146365 0.0 2.1149233018257814 0.09665572121503412 0.030092429555405264 0.00467176192140003 0.0
1999-06-07 0.07594655990608148 0.005806127148525863 3.8012024454945914 0.0 0.054798687948336776 0.09224900797286148 0.8436767366928151 0.0052197577476317085 0.0 0.0 0.0
1999-06-08 0.9903777742363651 0.3008711629802091 2.2286754122018966 0.004952028223291716 0.0029375325456375396 0.13849802308530235 0.03837451816889015 0.01765595783197845 0.0 0.0 0.0
1999-06-09 1.1587371615608173 0.09010465646549531 0.4575790002157449 0.0 0.0 0.521725023689499 0.002476014111645858 0.0 0.0052197577476317085 0.018180011245617987 0.0
1999-06-10 0.35780146032398435 0.0 1.4998011444878814 0.0077647098020267825 0.03569757071626462 0.0 0.0 0.0 0.0 0.02512050362126968 0.0739031780312182
