1999-04-05 2.4902363582426226 8.356082798731384 0.526176834667067 9.623984319035928 2.306198369936304 9.485195748111641 2.087769113640121 11.30376266845396 7.522518127430443 1.3645281166739491 9.202634546406784
1999-04-06 5.925677584731291 1.1347527463539588 7.006745226730979 1.012354326906732 0.7060399193226783 0.8031667997922382 13.978284181545117 0.9813879412531905 3.3661052924877906 6.967549336344286 1.1818554813337685
1999-04-07 0.761181866757255 0.3351347744504152 0.4946904988578316 8.433673955186949 0.40279002050709817 0.14479810769352175 5.256410080740261 11.355346123096187 0.8744727799447894 0.28054913355459965 0.19750827414545002
1999-04-08 5.281520218340516 1.1071022350237922 0.028429546412739853 1.1439884515008156 1.3840353650062176 1.2062870334364826 1.4801436384865814 2.5995794770446867 1.1020785062236276 1.4832739216080162 2.085056854757701
1999-04-09 2.288756805061664 0.9205829284349483 1.2780076199529518 1.1628310060261708 3.454795943280984 0.45892167171464393 0.8740998490402884 1.5723336312532503 1.2920881132960624 0.6879084394167413 0.8051207837234217
1999-04-10 1.1943009875942072 1.4867942563546823 15.224428192150352 0.8504369336433659 0.050564024629386375 0.848147421543708 0.5170279990938808 5.759269269175617 1.3601501985612496 0.0930921182485997 2.25624577774739
1999-04-11 7.477772656622639 2.0351860392606382 1.405839688099086 3.4070459470284686 1.6497126329827658 4.365943225626915 10.672849042161346 2.8967979289491907 0.7729800879650196 7.396540720385362 1.8383428248886278
1999-04-12 4.459409381621002 1.7608076222778077 3.7492875652596256 3.3424434392139344 0.8397076694624566 8.612732137257922 0.5495101750900019 2.838345852222615 0.17365955539163008 0.09592937216244847 10.848096090351385
1999-04-13 4.977575074755191 2.9891018916299084 14.730404801861734 2.298410402012528 0.23850352340458073 12.22781424574471 1.005326306561447 31.496767185503987 2.2855474971831375 5.048634536562494 2.5802060080362557
1999-04-14 3.063920896573542 4.189386457277097 0.4991164028372064 6.352982411813219 1.8137005646915982 0.7970551970978615 0.899080362960774 11.373632846321419 1.1051820017960057 0.7950418372981177 2.4875980072362442
1999-04-15 1.3780604918210462 0.6299730131738575 7.440254881187032 4.161901441411383 4.615596682573657 0.3870079735413885 0.5903190646695421 10.441052956317893 1.6580812302401888 5.9847578350504085 1.1853026191089036
1999-04-16 0.8129477639093741 0.11941310390557648 6.968719056057973 0.8339497375767578 2.2549418849426344 0.703387619205345 1.1496541003842446 11.627302863396709 35.47094376494052 10.732261690095903 0.6522672800289929
1999-04-17 2.1023656943127715 0.38852606661642525 5.749503999056975 0.872139460704002 1.045289126293657 0.8408365317794415 0.05312688099133425 0.19298827010623806 21.287931827277845 4.628810896653528 0.4965435770790011
1999-04-18 1.1138324555906998 0.4442377478159556 7.606990657345678 1.2294080065978616 0.821695020598604 0.8005065680051691 0.19247082833252235 1.0244976326407362 28.95706662083575 0.05740280991143203 3.828089122121247
1999-04-19 0.1757160246419046 1.5709676723229125 11.250848621104062 1.678057009355945 1.5209713352755674 3.717657748052423 0.47237449894101186 0.36515481106132397 15.747330248630618 0.7722237967106333 0.2553616203112346
1999-04-20 0.03334910305304564 1.0833774963516167 1.9507929540533806 0.5420590196087265 0.137518578753748 12.948209321238343 0.0 0.06804307735163367 0.38892367550421525 0.0 0.0
1999-04-21 1.1651434867242512 2.9182483907464714 0.5511980205775104 6.934029716290795 0.43002746077027787 14.342908249608097 1.0562051358933329 0.45959347709513276 12.52595279857924 0.32203655720989627 0.6681768378343471
1999-04-22 0.30668505376667377 0.40735918954485917 1.4999442579220021 17.46479451133842 9.731077147011154 13.645968357157743 0.6495133674190768 0.6037928276690516 13.821089106526042 1.0168548603902874 0.09149159406537188
1999-04-23 1.8464913471649962 0.7735120618782765 3.728995991627307 2.850746643941713 2.1851943863269603 1.7246395841697 3.170126156514178 3.2694773201550538 6.598240829998771 1.1195619621690396 0.0
1999-04-24 6.365076809547883 6.955853009887712 17.286391916834024 4.298046689972197 3.005677038941073 6.023156866229823 3.089477652227767 0.8360837187885417 21.763891357833376 0.43041673278538334 2.229292240943066
1999-04-25 9.365819324634245 5.174650432918905 3.199394715551813 21.769334524763803 0.3090400503774136 13.974462042593855 0.4053564531982323 0.2791503630265487 1.8605241877103391 1.3377447999253174 0.06358033405876698
1999-04-26 2.68770190485285 4.205572862486476 4.036076497796005 12.979861203352542 1.8919598882596844 11.469162176727306 9.736234350819124 0.33819527346230005 4.824462021626352 1.2934949019062125 3.058463367133056
1999-04-27 1.939863229868211 5.020162877309571 1.9934583115039917 0.9248129300951293 5.018324608061531 2.722547362137492 5.9769959917750635 0.19865201532857663 0.061246906009446815 8.39542863402816 0.5657929509058817
1999-04-28 1.746635744429185 0.09859775883071789 1.6795569392270802 4.68106744493932 5.923350012500769 1.7520074011210327 6.965955013557444 0.0941619554818815 0.24404301903376113 5.201564377610852 4.354103411727245
1999-04-29 0.9728285340279346 0.7663296972168089 0.6125632291492049 0.163512804181567 2.6660044336828927 0.3289814138953274 3.599331129969552 0.6635996652041614 0.011442075139769345 24.033076549712703 1.221613115161688
1999-04-30 0.9818264004081626 0.6437247209015768 0.568971275709095 0.8555979798166692 0.2542279665120498 0.03278737882213033 0.7582774239578465 0.7590908839919575 0.13304914967486026 9.537767482645066 10.405969669562854
1999-05-01 1.4287953809800622 1.357894263216803 2.9345931625394526 0.297102093826607 1.150769514854305 0.08362659992950643 1.3178814160682362 1.635655495139835 0.17713883442128217 2.568264360891815 6.35595145110902
1999-05-02 2.558733217645115 2.858721726316574 0.33055152278682165 0.7417944124843245 17.15092939270059 0.08629691851393924 1.1730837813858357 2.7274656039945198 1.2510051124809718 26.500198350125824 3.6172395654760265
1999-05-03 1.2378277853249415 22.201485188859266 0.24824100504327665 1.8045871151321053 16.570856568436692 0.08456482081066029 0.3044033876446152 15.146864605713562 0.7348252820743009 11.536364547665688 7.603420539904632
1999-05-04 0.24296923651508062 2.8338886601843125 0.8385131875496313 7.841332709350296 3.9494598776475236 1.2525915254558782 0.2715658475986298 1.7408589958918583 0.9313706776966174 21.984739024867697 19.23719591795168
1999-05-05 0.5690383987510497 0.39569195285913616 0.8417264411683537 1.6187339247080152 0.7780548590222413 0.6010677997758878 0.7289634499855913 0.25778070991686153 0.3889626334304851 0.5180904547980846 15.742284491746842
1999-05-06 0.0 0.6253191613423721 1.2836881777479165 1.2253749558730074 0.2407356870861755 0.278074374723861 0.8658620999128344 0.747505125076267 0.042137045922992306 0.9732394284765187 4.288066764379677
1999-05-07 0.044820857723534356 1.0410456542890405 7.864823140451676 1.8358772727642816 0.41846607845865635 3.143916289378806 0.41627800578161633 1.4763532138581312 1.1920344523511588 2.8663929365727068 1.7563251384480374
1999-05-08 0.12827643715177572 6.375337480778608 7.223463422272039 1.81280165823468 0.8212717226341427 0.8204055409828388 1.0931173400291745 1.0238104543851954 0.5908479776249325 9.420554985798468 0.951252662489039
1999-05-09 0.5567227532193098 3.622397375195974 5.400330983438339 0.9239623068656533 1.0037422981208277 0.3240234613690174 0.744474710565516 0.045727547442772444 0.03219173946919192 0.092631671857361 0.0632014347921051
1999-05-10 0.861669013443402 0.6152857164004458 1.120176551094362 1.7795950351208365 0.09308792359390558 0.907061006353579 0.8134219165217931 0.1464677802104555 0.049833009865890544 0.2081222969464516 0.07075023898514943
1999-05-11 0.4269413848775515 6.251298774220322 18.95793904002921 0.0 0.3490579092027206 0.5834561130903893 0.6640185693870366 0.0701462895913734 0.05982190099983529 0.08909872430458834 0.0
1999-05-12 0.280980974247801 2.2547998799046844 5.221930641922707 0.28820503346242254 1.0431386794765611 1.5988726737601435 1.2143963072096495 0.4918226441761947 0.20296448899727632 0.03377957685701699 0.0
1999-05-13 1.3891022257241845 0.03130293264985084 11.161376661757384 1.7450739337449481 0.8949170723972038 1.1153854369549276 0.5401954371114867 0.6926788620174524 0.01127450919213677 0.09188822199693217 0.21525099716181012
1999-05-14 0.4877164825188217 0.4473595671780982 5.474309750889629 0.6656320070510335 1.9416571078387563 0.8415735892558518 0.28446827144123066 2.29266693204443 0.07788773637497103 0.05606801792308228 0.3332015621882328
1999-05-15 0.011452984361764914 1.160471477738527 2.661701167553648 0.10219631797952664 1.989388559907288 11.438395995656691 0.05711412421143029 18.348344841162067 0.20604622377499554 0.19876948731470212 0.044707846405618853
1999-05-16 0.09756537190092504 0.8215006443636244 1.8316126052233983 0.43441692046178065 0.08557560745822086 1.2619937047017284 0.2682286300619353 0.41088595486273033 0.017073134179040366 0.29767734060731743 0.13907683766674567
1999-05-17 0.30305755988627836 0.8701710946375325 2.0677129128126204 0.8221768223613921 2.59354266977097 1.3376648802952893 0.1952181961745974 0.3705845679906443 0.05683534872137429 0.39025787667183065 0.40370675671468803
1999-05-18 0.09544553582672655 0.32434195104590363 0.8277931681117281 1.0643695103229747 1.6794031600331594 1.3301217974236288 0.8367757072675466 0.3860693166570618 0.014721863260206712 0.01686599563752387 0.172318877362807
1999-05-19 0.5535438888606472 0.056000267228445234 0.05124569320149505 0.438651176338989 0.6390161119750482 1.2184500979378339 0.10397521193670667 0.1267263392361534 0.4132633498751895 0.0 0.03853032253765581
1999-05-20 0.27177382767491975 0.24679638552852867 0.025374625143294714 6.3568460807372595 0.15472951447696695 0.07720618306392676 0.005712962080833738 0.30373579902085934 0.5140842574895813 0.0 0.0
