1999-02-08 2.8007055080475443 0.9934664782992668 9.925453662219425 4.296281079111275 1.6682954884648318 1.7652378511839464 13.056074938721514 1.178029394616725 5.527668283108302 3.456918849994435 3.3777249170165877
1999-02-09 0.6015641701119521 0.41095387254539645 0.5168226926954018 0.048557486421353435 1.0065792662959585 2.3668861631085854 0.6813432477865295 7.297643261344546 8.546663718811557 1.159679740669823 0.13862526966241842
1999-02-10 0.9722274204469463 0.5924704064917002 0.7695852781726268 1.1928636601613183 1.4208192262649888 0.38973175733122645 1.058200495962787 0.3883947114254666 0.7805477568004889 0.5892467934932649 0.49819099692611085
1999-02-11 3.265468835714749 2.306092809810666 4.799224543696187 2.3992908539136812 1.7614804290572872 0.4473657969924883 4.480838802788199 0.7027277962666352 12.035402524460238 3.1656717657575517 0.17953040425599237
1999-02-12 3.542862155267815 1.3678430388764122 9.488830977763605 2.4846404218446136 5.765311851754695 3.414355767623873 6.47538714520422 5.869218977102043 9.693092270198381 2.463020675397033 2.5225814629243395
1999-02-13 8.848533270680186 5.067524411362244 1.7408109459680643 14.591371687274897 1.6065870600651477 5.155120581682516 6.108698689592975 70.71494265473092 3.2789710176574127 0.20176810376772114 7.167965508057096
1999-02-14 16.047983835457153 11.47377064545592 8.659167080497829 24.885521068090767 6.5684378570803705 4.3481010718078785 1.0626459356382383 24.69799367343778 6.753375534841475 5.119571415657652 14.694765471144509
1999-02-15 5.083102649358944 2.8173543768454294 0.17023466334104362 3.7302648958411795 2.861435011044968 0.13172416290156777 3.6472828622561866 0.6889281814879976 2.5251216693484855 1.2804761841981067 2.9537360090594014
1999-02-16 0.5828595592898229 1.8718947843709843 0.4137754258078335 2.3030442993278486 6.41138289546919 0.6145405531122534 2.0872168388552863 3.261812457237226 4.264044032784436 0.11486432890756176 1.660856935435406
1999-02-17 0.7340549268896794 0.3800470978551317 2.0619300342957985 0.9779920068757677 10.161354194559667 4.312365830222113 1.7659130787871355 0.6756488448412789 14.365562903948028 0.18348349538158146 5.665827556292907
1999-02-18 7.257293641783171 0.3889555583315405 0.6397254040993055 1.317385258572092 8.34113643665822 1.0659054009186617 4.575129041654357 5.250406293375269 3.4549319542869803 3.963430334683001 1.720727685017232
1999-02-19 11.58062040148428 3.268801115669141 5.430475247532665 4.7419604490186735 12.550712727145898 0.38685385405189676 0.8113355126555823 8.081382952897876 9.623094745119909 16.09285500264793 3.114033147388952
1999-02-20 5.392754727141989 2.795203760104176 1.7766572251781347 1.7130625634664363 16.732140251169316 2.687246792301199 17.288861997982387 19.404456428138282 9.925089596952386 0.9749495661766574 3.608535524282802
1999-02-21 3.9662816783431825 4.216913396787399 0.746002229064082 1.0824570422240956 5.314237919851262 10.436106662681874 12.073884748319978 21.93401170349974 2.3629284833979103 4.815875354396263 0.9943254794641421
1999-02-22 5.7999200369601915 13.845715007185241 10.107349677645526 0.5295905123165461 2.504802339842871 9.222223978283541 10.67900136826683 4.158974617042964 0.5046093878478781 12.641202778788408 0.7984712203295488
1999-02-23 0.023666383921784266 1.119428188189239 8.347074555416315 1.3911283183481438 9.023157517879891 31.45763529804927 7.950112773598292 0.0 3.8166513991284132 6.632078828910303 2.5170277920589204
1999-02-24 6.666731531301256 0.4243807322612785 1.600429398268254 0.9927645908861811 2.347780651290244 2.0106107647944613 8.340788486282971 2.0037378886989607 0.7188416707804564 4.766911766223424 3.097065663278623
1999-02-25 10.804794732588327 3.3754592197353004 3.954567427499595 2.828594148510854 10.487212273432657 1.2656052121053274 1.9995217286307758 0.5323489504217757 0.5666804280446136 23.984807058928695 0.9356300783371714
1999-02-26 2.6771486361653016 0.4465603375096207 0.9776863194887745 8.607701608861209 2.4589521679665545 1.2347072414979865 3.159613021582005 0.8568640495354477 1.3772219911341248 8.306797692439748 3.1465650836727805
1999-02-27 4.680126080831705 2.101210050694342 4.232641385384721 2.0206933600683104 4.6720861413026995 2.69938941605603 1.6892637460544417 0.36589652281080276 2.3354500479393385 3.50212282906091 0.21486918823618864
1999-02-28 3.8232294748006344 2.0262959267795466 0.1535203511088848 1.720210204572913 10.645836400597572 1.1890471990328726 4.159414704625544 0.2021344411706712 3.7848348832019623 3.0095110268547467 2.156900105918677
1999-03-01 6.0585591554520235 6.748451099817073 0.963799084398871 1.2192757817918711 21.933181337577345 0.28279766182351374 16.069300357300037 0.1826806725788513 6.692440771435535 1.9818987389910103 9.501536079465765
1999-03-02 10.579681031930807 15.305689264966908 7.933930687287942 7.9608806559387 7.363462157569924 1.3032099748532069 11.417469692748007 0.2965542415916387 1.2917995260462471 8.551916898896579 3.0711099807558893
1999-03-03 3.812885844465442 13.857573028512695 5.293561449788693 15.457292633618927 5.513430694705752 0.8371976462511057 1.363406223913876 0.9498383929267558 6.392982053307929 13.8770742323979 0.7238129560921811
1999-03-04 4.232205093667988 9.745699120388503 2.025635425130915 4.3587277381776754 9.412418479203176 2.518706726458869 4.691235498651432 0.756683334641866 10.645706059839974 4.213859132885637 2.5954530834532292
1999-03-05 4.401169745758876 14.50644272249037 1.0046152845667473 12.980820268122972 6.069938590767476 9.771049580597115 11.264783516460607 0.6668535711568078 2.127286009840214 1.2350657486714187 4.44621155644008
1999-03-06 1.7393509719962712 12.411932773639663 1.0133958064269604 4.163276367985523 3.4673518929198224 4.985143227202677 11.157419854209216 2.007452148076947 0.8373569269435003 1.370497079941112 3.8547783357298835
1999-03-07 5.985279116173649 4.602786303049399 0.1249325711782887 3.7782038633465507 33.67040716851717 10.392533249710155 4.126061997181923 1.5004893232824548 1.7833994425768878 2.807565571894818 4.341219478456819
1999-03-08 11.36218727349239 0.647855123550481 0.03651493318940194 3.425411440932622 2.648841195317835 9.57333410509466 2.1169008094011112 3.404519539728963 0.7071952844711442 0.9912786328501816 3.6445680038008352
1999-03-09 11.493172199705391 2.5618337541165594 0.0355642780312327 8.754395518284086 3.580119747933767 9.997445617283837 2.5928446536911607 2.822895983342351 12.673429574198318 1.2060994266475498 14.772423248168714
1999-03-10 8.07683164487787 1.2466816946214563 1.6468174646300051 2.1437314395334557 0.9547691660071284 1.3597782339526585 1.5084987448706064 1.641106269384475 6.393869044576197 7.056437357529152 6.809687904544774
1999-03-11 4.84157790119324 3.2131898978830673 2.9075725784631796 2.2941729693222497 2.8279601700248502 6.284102341595404 1.1416198796316017 0.6514086855919066 7.106936463961632 7.527014328579592 2.760109310231812
1999-03-12 9.15865495019015 5.080066662175582 1.6323969755985488 6.022884738752303 1.3092330421870846 5.217953455115886 1.8568558600060563 0.40013195106326727 2.6559314972362538 3.0462599886125794 2.1389620362887274
1999-03-13 5.154441671579567 10.62193441172502 1.455872843580034 4.4411192064732035 17.618053464153533 13.974676863021337 1.2044820842190993 1.352044696391318 24.104911398507106 2.33202392973197 0.27087997006649417
1999-03-14 10.66398883444675 4.417959508983161 1.183538810273697 7.600405558990889 5.527760203893822 1.9179257346855993 0.15423083948697036 0.6840791836972943 10.377742518549223 1.2986269794261716 0.1830516462057629
1999-03-15 9.103379350635201 4.257347375478506 5.078171683803716 4.1548001315143885 14.554279752373843 3.12659697521355 0.2414891510301925 0.23447276498436742 7.774158272552373 0.7096862463283584 0.21884542665649212
1999-03-16 6.948054906860121 1.830584194089883 1.4787293040338616 1.7472849049523917 11.513272627984302 3.517915204183722 0.9559879789161743 2.0002169211892684 11.254590481475784 5.028072557622036 0.1918054755649915
1999-03-17 6.299729761984359 1.8054192216812077 2.083218696147746 2.62949036169831 23.6889601903628 7.588176872165736 5.798899962945569 10.91629966058876 7.413586732849016 10.218003970815756 0.76860360021356
1999-03-18 5.103969484217609 11.304594956752965 17.630845927294978 1.215323929828061 9.105653516346884 15.750753496076051 27.04811352497857 14.09755427253984 3.302797447209674 8.344856602663908 2.442091734782534
1999-03-19 11.051948592943837 8.839878672475956 7.595262925903812 1.0789569759094153 3.5872798623831788 9.514224412527273 21.27202197622696 11.736156886742377 0.3898907909525695 2.1988477525449004 2.425267212926239
1999-03-20 2.3781404672591924 3.3730835384242837 2.8382386385337415 0.15417512658544474 5.149269914014145 8.23763666135423 18.60169832938042 8.169132530842775 2.550573865900274 0.39219280711701393 0.8021771565589934
1999-03-21 9.467202117431272 15.110437840223398 5.8711305112759895 0.24489566643942434 11.283820004025912 4.733385787718874 14.507422794218167 6.333610468400348 4.342066548296652 1.857529865877252 0.7349393264597655
1999-03-22 2.298964474797611 2.0238378402538686 3.8556242383978034 1.1972878281066688 5.803009154169155 8.235203051430593 1.996940395974856 0.4451803568759436 1.6175378698307554 12.06505926736154 1.508878420375039
1999-03-23 9.842207156719232 0.2474239180319586 4.350073848397507 1.4344064259941223 4.52982021658494 18.204063876865675 8.122778401090322 0.9127316781706101 5.471929146635083 18.467370576408207 1.3829841253311117
1999-03-24 10.104435063057933 1.1517974558398445 5.705562359624455 0.7959236025042343 1.2057898101129978 13.18325719004638 0.5246227998541823 4.751411171474611 3.019458883665969 11.032537661762925 3.6001327348946526
1999-03-25 1.45860415373821 3.0804992408089866 24.52910216068682 0.05336982900629902 1.3397608459563792 3.7958426580133864 7.849818930531095 2.934963550292582 11.90135412535561 8.714954466297915 1.4205943995780723
