1999-03-29 7.314914939914463 4.251283314369257 23.786281837281425 44.38416239060042 3.0741831994899442 5.3397011809208905 15.764585641019808 19.92010392018031 2.3738393172520325 3.1858206963352362 19.010565914875027
1999-03-30 1.3074964772581221 0.4734141265893341 0.9103616709184914 2.081687160035475 0.5039779101753269 0.578087492993659 1.0907146202174918 1.653834999433859 0.6453556368515247 4.954187011242843 0.6053335154472153
1999-03-31 0.9861563644631373 15.680800931259935 0.5776292786982112 2.5612545309021697 1.3047128495949962 1.4460330387823377 1.690712713768818 2.1728456707632686 0.23524248608552598 3.332219514074806 2.4002344683664383
1999-04-01 0.7616316265080969 1.0735544393060465 0.0071373671496207484 2.2018500756394914 0.5404030554073717 0.7650816511893005 3.5279936995511223 1.8195725945138692 0.1365349826487075 2.077539230337325 0.8825632166532043
1999-04-02 0.5847058225258568 0.6032172864430586 0.5770411373616418 0.16720675262120302 0.2510212077712013 1.1249297448208952 4.065931882118288 0.7638052220113729 0.4465520470129293 1.0140201676709026 1.299788197962816
1999-04-03 3.831710871061823 0.390154182176184 1.378730814550967 2.55055075978005 0.8589708992245227 2.9810354603525413 19.060736631745584 1.7725699175571505 4.399285141965313 0.7966926269135439 3.0585125826571073
1999-04-04 6.882066339856013 7.538935248278198 5.661660772920632 6.236468575236478 5.635091823084059 4.292866603750481 23.588042765840704 2.155343634790319 7.876482499007101 1.656652115620831 3.541734950960545
1999-04-05 5.4938292862494915 0.48856455131425314 0.003915264896313532 3.7304165971713394 0.1710615963316376 0.2902863702049397 9.4721540106562 16.573304119605176 3.0962897157995855 2.4811843917264995 1.1211431213099232
1999-04-06 15.204919952979598 10.256720468481017 0.5866572979816501 1.4686979933233826 3.8810260124931872 8.43185158285311 5.620716926747495 21.08734755856917 20.38622502685106 20.509698230090855 4.613851865258603
1999-04-07 9.701231958850776 2.34013055046814 0.7906382824455838 0.291487510884748 16.855057515183773 7.68517481341674 1.6871399891921106 6.54354220981697 11.410417245513031 6.466525082353271 3.1298003221672155
1999-04-08 6.8445906420627 2.6049088246871475 6.083887415302374 16.026373210864783 2.7196833636452546 1.5863176215251102 7.354765524872828 10.388523981699063 0.7867598894421318 9.793426451724088 7.952103650005184
1999-04-09 2.27274674430066 1.215316755970992 1.359962649195021 16.65712963127517 0.7329124264824785 2.3628396402506477 9.132690076579628 12.557335368723445 1.5113931500272684 8.674566162955502 3.5549827557832625
1999-04-10 1.612130489825426 0.229580032499146 3.39614463243809 0.8066818645388094 2.317992198072068 26.888643883554057 1.812547676019607 24.510739027481318 4.599347534200268 2.6369750414900692 15.675217442852189
1999-04-11 1.659802189640092 12.339987213316506 3.9558077147452124 1.6978678248115702 0.5219653605213361 25.9069277291091 6.753094905043595 5.127734642026866 2.5422724924535007 0.6365190732357044 3.134166817969939
1999-04-12 1.1071632062184504 1.8466620359952193 6.919369237125945 0.024658495494931633 2.5713859689395897 2.833969097460169 1.4116733971586917 0.8572677427584704 8.093614429798503 3.706302054927282 2.750935629526332
1999-04-13 0.04142159475777714 0.3411713684790737 2.603454421168909 2.202493114685317 20.194448841523464 0.22550828511204887 2.275033252869547 2.4875029095715 9.407869578530121 0.0 3.732890655885975
1999-04-14 1.6676101067028204 6.099447186760178 0.7000332701605343 5.751977834797044 9.289256751981274 0.9367890607825564 7.20965284339721 0.5857662364610527 9.103734685236681 2.211903583817798 0.4907058617287093
1999-04-15 2.8288910937508276 8.037505141206736 0.7070845716064429 4.559187298049512 11.885034153123591 0.5757346992101602 7.406980516562596 0.6950217159228144 2.862235569130054 7.263932228935556 1.0105874823816188
1999-04-16 4.055802639470828 1.0068934217217098 0.13374099230071254 1.5042363979996933 8.42676500293612 2.02072950155426 7.076902474206657 1.0326774398760987 3.5597493109488223 23.09325719437679 4.955150326002858
1999-04-17 2.8449637179036564 5.994603415471494 1.498563886256974 4.1675902143723 9.866525612751989 0.47384809381049525 1.950523477553023 1.4112311465732024 5.183768344558936 11.039153099696941 5.279220866411377
1999-04-18 0.7712559890207469 0.6368548405865759 1.2151433960539 1.8345745868917955 3.1695754457926304 0.29635480119150676 7.228777212376663 0.3129481026870698 2.6161250093159922 4.436859166941473 1.289450715292773
1999-04-19 7.558731828374376 0.842564051611059 27.38208280905834 3.4600036783094104 1.3537410499713016 0.008916145361357021 1.6913953804656507 1.9148252464143145 0.6788857202383003 1.0232722378984984 0.5238776234754191
1999-04-20 13.243449714665699 0.4499155689738471 3.374958677003183 2.4327925598543922 1.7716203507538828 0.2731531541272776 1.5180406371149435 7.293460667302174 2.0116403744743105 1.9132502627499703 0.8155215173539796
1999-04-21 3.7429781120467087 0.3570798417369243 2.2068417968336886 0.458234906267237 0.7702571226189171 0.07295957452568429 0.9079205735748095 1.7108473994379223 3.2196766424843863 1.7333606347389026 0.7259924031513545
1999-04-22 1.5684419274051375 11.93172822394312 7.3173072243835415 1.2350781081946813 13.311029364024133 0.7850449022138564 0.18423954363007938 0.1394280856881885 2.0273685678344986 0.4498437871108786 4.969932285606614
1999-04-23 1.2786057249329674 4.704389723285878 12.82594327310544 2.101101053326754 18.522554060644907 0.8407253413383591 0.5311676710431388 0.8990426299486441 1.5538714020266724 1.0946505264285271 14.782207402474768
1999-04-24 1.0161735466933097 2.4737804889293296 0.8400970081097487 0.9374014537253593 8.76205035727031 0.6673198944405017 0.599547089303801 3.719371271730878 2.1568775612011972 1.1542111803329163 22.474750141010503
1999-04-25 0.7466913798773869 0.26084432277544967 2.1866948163202773 7.739164164741265 15.44739691481726 0.8716157812222248 2.80668556726856 9.640865926046752 1.384813089625495 0.592020059641535 3.9517900432566617
1999-04-26 1.4653997933057674 1.0538404567888175 0.6820845271131225 2.205314402781658 0.5706333354591279 0.9650901169588377 5.669701060354086 1.603172300534205 0.796655773732762 0.5005131180387927 1.5781266317742584
1999-04-27 6.536535852239765 4.449843695376883 1.4573254365679906 0.9816795557155359 0.7085846754790794 0.18225168942368475 11.127877081296916 0.5834493383192055 1.9821851482692434 2.707820369878826 0.5669415836597258
1999-04-28 1.4300062480834626 5.923597428146734 3.5083741319516695 1.1329910456553025 0.30968340020136664 0.3615083211762611 9.394254489754982 0.23585025538412735 3.364482601895654 0.7431131134021427 0.12045435953256733
1999-04-29 8.882506589188822 9.462204700170023 1.936303285475926 1.865411879147831 0.460051632363441 0.82541499245 7.164129819166989 1.1852525867190944 10.028111287129494 1.265430283809147 0.06803573692286126
1999-04-30 3.835849445446213 3.0188875511361672 6.946933504160707 1.1464356511337819 0.03504669937374121 0.525280060921556 0.9161478598155464 0.5959226874479921 1.1630060825729878 2.396681110824529 1.7664498265017607
1999-05-01 3.3782467305649435 0.06494601937463804 6.103423896268876 8.978717209954238 0.10642782793115929 0.9339921478714055 1.1758066450895541 0.9785864982805059 8.789683672514652 0.269656607441029 1.7742320734228956
1999-05-02 6.046103115164822 3.4377324963177323 10.450534667408771 9.688671165320539 0.014044940312490524 7.038729587203049 0.4987439042209985 0.3518426514885607 21.095824937441453 3.9221315978503766 1.05148459073671
1999-05-03 7.234691739568955 11.418203278750248 5.137779318015593 2.456119345825887 0.03560267471667226 5.429287114669282 0.6710926845961966 0.2854433494019955 1.0851267183052773 5.522132296332475 0.3433164037665296
1999-05-04 4.317838134855471 3.090812251014664 0.823581382848851 0.09920928666632434 2.7053127270147117 0.2401552236634666 1.1567104738870926 0.4304870801929838 2.577120368713329 1.0880115340835546 1.3312328748502542
1999-05-05 5.8629378376070935 2.0061286631691404 1.5978913939605874 0.44671776996921575 2.0360197852908772 0.015073673761734234 2.3597370773973836 1.308967275966079 8.696335915908383 0.4247277271601895 0.8315997903208343
1999-05-06 3.0352243093446925 15.101480793861171 2.3875738992551083 1.3572763995640627 0.2050524645587239 0.0085848227598353 2.3392887502008444 3.5340377071326303 4.333558272256534 0.3896689363835726 1.3300247762696042
1999-05-07 4.851979418133799 1.3172034852782724 1.027860115816558 3.18416848466234 0.13491843474327347 0.0 9.792642746969308 3.717919804776383 0.7082951641649977 0.542053862899551 7.656463353405277
1999-05-08 3.6589918498962795 1.186555502355351 4.712574902419157 10.076302105381432 0.10067108021017449 0.08289950523783174 1.6031153072521103 4.8531992578162395 0.98758210901019 0.9001802761244417 2.9597106672642437
1999-05-09 4.64502545648765 2.5396860131047 2.6745960170813947 3.767700554287007 0.26174004923011907 0.01572218990945605 4.679555805962036 1.1085503908894399 2.0402760698910836 0.2934777409039572 4.816152576662859
1999-05-10 0.34324656959963273 0.9625418231312994 0.9782275443331673 2.3551728578259583 0.8742525713692051 0.29669509916811415 2.0372947452405503 0.17505129831419808 0.28829912749167674 0.3578834244196613 0.3190047334345309
1999-05-11 0.017641091225521276 4.1116835109647525 0.015492395922705075 2.79084454195639 2.7593898965548362 0.17181778902142203 1.1991772688285542 0.03494991036423477 0.035368632525205605 0.1253965280828133 0.418842509125216
1999-05-12 0.6233991497405507 0.3055025351916894 0.03926365896946645 7.630758312346789 3.9672102719624105 1.0465183613874862 0.876369193852524 2.455564158749868 0.2660401496526886 0.17090538602497596 0.716751020147826
1999-05-13 1.3142998712630924 1.6082059727711977 0.4206578057793177 0.10939430200952972 2.213468650817021 2.1272567236092206 0.05986963677172677 0.8096562023172273 0.580815290202402 1.0041548353439573 2.115144901240982
