1999-01-25 0.7538081004768663 0.42248814454893746 1.4296755966777197 1.9835434727553205 0.4616470968608909 5.68211784626487 0.8630486895873992 0.7561290998143888 1.577265553255876 2.3712512794427774 0.9827413852435452
1999-01-26 3.2748545240818188 2.4364872870849132 4.158573035272401 5.22726650810068 14.962086265925848 18.20916799836548 3.5069104715727315 8.7987648833012 6.066462999720926 7.969021251203968 0.13493003124686884
1999-01-27 0.8390728537548406 2.7317156604456447 2.893597167056001 0.7355519290333132 2.4819278553867044 0.8754916352926724 1.1404709653808882 2.7345647635119446 3.65874274884143 0.040991125658144736 0.8352006453302391
1999-01-28 0.38209761224296274 0.6489856872143434 1.2130294383881723 1.020649860070428 1.8212501743315275 1.207760548095371 0.33848956297275523 2.470088191903484 0.6654363168608842 0.2613487380732037 0.6218974624415667
1999-01-29 0.31830701925677923 5.67792932774454 0.7694339811119366 0.8578213456797046 0.45681156485857655 1.001940787023459 0.36822045829287936 1.3559012647083497 0.25972511123463216 0.46873854875651577 0.39564810026321606
1999-01-30 0.9265218208500714 3.459362598821031 2.5026484004063043 4.930277339480676 0.13485162772482273 1.1753159051366164 1.4328160513471002 16.03134300957633 1.1252676759521794 0.44468154080135125 2.168934342782455
1999-01-31 6.369619633169481 15.231192718025813 2.149394105821435 18.145327781544815 6.033942462077167 2.9710330201971513 11.040799820620348 13.264936438606563 3.0208511035508825 1.0140626621794326 7.859363383378582
1999-02-01 7.405288760011906 9.955883615416365 44.636140178757344 11.355753130012541 24.859855591818487 13.457954958048873 0.8040954469849986 7.371589875705734 12.10090797189661 4.654568890054357 12.397431861469553
1999-02-02 2.058435161552349 10.804118821561216 1.4009224861678398 8.059648136717225 2.544516638301684 2.4145573773836815 0.14836006517429412 9.539818154665808 2.9655672971211686 3.0810706531781054 6.850012516765215
1999-02-03 1.4944527024832446 6.448786489493974 2.993565437738178 5.196614794338097 12.489656947088971 1.6756401516016521 10.773368461072169 5.17452683766898 0.35527310437604553 7.835244889716136 3.2602025581033542
1999-02-04 0.5226867877211878 1.506055965298075 0.0 6.018389816266084 3.852339125804569 0.9064245988792248 17.125543137303154 12.898586906391714 0.41577429382266473 12.14494569054722 1.0635441028326142
1999-02-05 1.4958912754126603 0.588301882874973 1.7015579201642663 4.541013018820353 2.631820094401865 3.710485610271245 3.375573585829897 14.46127351683225 1.2599429850925352 0.4340469637509766 1.8250377378977582
1999-02-06 0.705736978861516 0.8564649674021559 2.9271797784342675 6.474987885933381 1.060328743598228 6.351773431511226 1.232592700631061 1.144570784329182 0.6913763983625051 0.043601808037191464 5.796557505405595
1999-02-07 1.25578487471845 1.149553475730645 0.16114348644755672 16.957223456538813 1.030280688717294 1.3190521884186788 2.2767969469254554 0.7564080656068254 14.589133041649575 2.5440981232433137 1.3686145199935935
1999-02-08 10.727525111955085 2.77182131415445 0.5075907721367093 8.885681646263134 2.40077706418697 8.23787917479165 4.298465943526329 8.072143166276625 1.4843103078079094 2.8767402409849727 3.788080334991502
1999-02-09 5.051445297143191 8.099167818099055 9.169843341290527 0.17690539478592385 7.12718889256476 0.5009042976406138 1.0395038222266444 7.015789072624431 0.6064444310206233 7.187968977875946 10.665251447657331
1999-02-10 2.436412686977718 2.0908002108088377 6.117588994369972 3.6445297486754256 7.232007690094774 3.405482975382264 0.6246680419278221 15.298153619957448 11.600223574657416 8.506068140964867 9.13097456977072
1999-02-11 0.9858460026804181 13.927097797835383 0.8086609378852089 11.291981241393403 11.594878510690945 9.471995803118958 10.553646879009515 0.9133555924717554 4.763765904973676 7.720499765844451 4.108618802168561
1999-02-12 1.9114463623665496 12.875912518987395 0.6022787920618853 31.102331249763036 10.538338631851868 11.700820118746964 15.74999199019263 1.0883565653877076 4.111099458807045 1.3682404885475208 20.231336178012405
1999-02-13 7.054238451996314 4.437157705740213 0.33014015600802854 8.091422659990208 14.711801913784988 6.593690195803394 7.573650743719297 0.6254045425902979 21.337385501360348 0.7074751677148376 9.210794920313653
1999-02-14 4.724183822531774 1.414772028621196 1.3276704108031003 7.402272809176736 1.4180429820585525 7.089395379951615 1.002401181136996 0.7855619392185552 17.87634518087177 2.0978533915263604 8.764573005808764
1999-02-15 6.263008691208146 1.299520662752053 0.21946557891376484 4.3990541016385585 9.978422256225926 0.9506239746415122 1.2683263457758285 3.623171744502941 5.940959968908425 1.2377617936424656 6.740224162190575
1999-02-16 9.716687224064497 4.555350666488652 1.4007155037633696 0.9587004004378947 1.075145460539506 0.433472231102232 0.9356876491990358 0.5664461204989099 0.9938051878202702 10.51104192551602 15.227218119053584
1999-02-17 8.8110471119602 2.065101859255902 3.5397267314112804 4.17412928651818 0.5095546198475839 0.7900989700032205 0.24145998364346138 5.69815869088024 1.0554858524352722 6.058104204170764 8.87763427218143
1999-02-18 6.207096793918695 10.126889261936107 4.331214649062513 1.7964299601192326 0.3135491428859736 0.5328112572675661 0.8721342549684954 5.007875863321714 4.348514163636922 2.4222038483437203 3.3785913404460075
1999-02-19 8.564322669880726 9.916585921010572 3.2173077888098005 5.953053901915299 16.433645062486246 1.2445397334279276 0.10116899917704239 21.773629231854827 22.535272114323043 0.9557154746825423 0.6752848853967554
1999-02-20 9.672852061245901 6.301744403311888 13.275239127997569 5.425701257087928 19.86436532468252 4.125680057810412 3.6267865616157193 33.83449110803721 9.781105294020108 2.2947463257017358 3.378090814148853
1999-02-21 6.522019349606245 3.295897859397956 20.37376648657731 10.910226814454028 9.73862615435481 14.78157705162566 5.160644362689077 12.41936583567362 0.4643458898661172 1.055930095984622 3.5088112137232237
1999-02-22 10.072639742570995 7.142348436395682 16.913928134276585 6.727257278100819 5.747242060976861 6.975065181793606 1.9613468237054361 9.726906186383664 1.637338653301381 6.37577646070587 5.6219319525032265
1999-02-23 15.071408348474586 2.650638623091357 1.1420820318490925 7.204102485043593 0.635465824453572 10.478432054453455 4.071317556432256 17.117501880720347 0.6934329953596141 1.6578214428772682 3.7424664072593945
1999-02-24 11.738769080795393 3.011354629311927 5.671808542094803 0.7491396844927731 5.967430975297419 3.8040552833024583 6.161444519369104 2.483734937867296 1.4245343272522726 1.4863797768036 10.1365288479033
1999-02-25 5.2127687188538285 3.820778281470591 7.572900195181553 2.7352154028665097 5.762270328768905 2.311737473959579 15.243565391077471 4.6882044297179215 4.771761931155371 0.5213876498818907 7.105047637810342
1999-02-26 2.2343981307871017 1.5345474084684332 6.602850866465423 0.8943857374569557 4.523866963358953 1.146853885182155 1.889750950776501 1.1364607104971756 7.073037467157894 2.5665762452798893 3.978660532185978
1999-02-27 2.7962618343592465 7.3332740280533315 1.01579595507478 3.2498557376295487 0.28468728252015796 0.02214790069980974 5.053360027831493 8.06689400446411 2.6815612961987343 0.4501505967178631 2.5375813037458004
1999-02-28 0.7793612570931634 18.02206844088103 0.10335428889443624 0.9085857127262336 1.8728679460500572 0.5409443555721148 1.3208676230171272 22.54721193498232 3.9198283013857402 2.2024755599125925 5.329451418111463
1999-03-01 1.484169001945902 3.1781810322075024 0.47200687723637924 1.5544799235036721 1.780139556471504 1.3903257843357961 2.374311675539169 10.168336035512706 9.45737788910844 1.775409137675617 23.607251252908533
1999-03-02 1.822389939982565 21.19493041405125 0.5329243478261717 0.6875085170199707 0.17140279668040806 0.6547521724851337 7.369623500333327 3.983338327486832 19.485465051578984 0.2796562532027907 9.937308710868548
1999-03-03 2.090315550253658 28.43251685912865 0.03235011547803878 1.293863782465835 0.5693058094645831 1.0066781926878412 6.197455931757524 3.994842114696749 18.439995441987477 2.7410637353236957 2.5623526749045364
1999-03-04 11.557601088998119 5.712448214026785 0.11337040670318863 0.7367081379945581 6.269978412037163 2.0620705467931693 10.581315850289037 1.4344552939455153 18.383711609508133 2.9013237617293672 8.285699589732094
1999-03-05 10.6911748674673 1.076444986230385 1.0263646091196477 1.5624798926984098 4.942486944310962 0.5195082119102459 5.706223227485932 1.3836003290573786 3.711561439107891 1.490247651132151 6.766036146453601
1999-03-06 8.358502501789756 1.1000029870997736 0.26580248860932915 6.229136996445648 0.9973056568066656 2.538436919187716 3.4256329764348807 0.987701921074002 13.050002881197035 0.04325635227634255 1.5324330371042998
1999-03-07 1.5139337340683086 1.1288107689484492 6.130475274709703 14.29922664473196 1.842102768019834 2.1926119857022894 10.952449206555858 0.6796179145435755 14.338942056046397 0.6972951276501766 1.3796433783542248
1999-03-08 1.388938198568302 1.5430600966147765 9.201642274713427 3.4204318636249447 5.168395751169555 3.0487457707395356 31.168771777203137 0.46859665397632905 12.281101703358015 0.44767296901173476 1.5076425181699906
1999-03-09 0.890006772507478 3.8413585022424797 2.547201805136809 10.530657768150686 6.359203353074701 7.786819712373078 46.87035035033399 1.075966136724149 20.7983014538149 0.48024292407557956 3.0029144286095635
1999-03-10 0.06422195409035655 6.1329277099260695 0.32986283719246307 3.508384860078235 4.471190726602014 13.20617738515304 9.80064352121137 1.8519789823914063 4.6850345281201395 1.6326248623644195 4.839091735129748
1999-03-11 1.97475381627418 3.4348456625092725 0.016155293232692238 6.069880588368706 5.376237865262732 15.982162648181742 12.81534385322583 7.957964359493847 6.094022354260931 2.8732872716143607 0.5079740911965247
