1999-03-01 9.632265563051757 16.844757158361958 11.578002912147099 3.1419481899193755 15.986101561924624 6.690189895197852 3.3325103280397212 13.629722374704674 2.1367496980553056 7.440133980208842 7.887323855624386
1999-03-02 26.333539278497675 16.42542659490929 4.849952339806364 25.741187680309856 6.926242598800145 18.915496245709768 15.95910900734384 23.509416334951126 19.304247401676513 13.471489476864331 22.899016873030263
1999-03-03 2.8434351290569624 0.5901869971487423 6.702920023721976 2.1886578819250606 1.1608708073968035 3.257465184172523 0.3095936146646754 8.617025149046162 0.8829278881173478 4.511805050538525 1.3228004087300855
1999-03-04 4.728193436539987 6.8091228066934075 2.4038274027290605 1.3352195643007245 2.4299262546165252 3.570824223072616 2.4799769686789963 5.635763111741493 4.42648947048027 12.688166153708238 17.77679932522414
1999-03-05 8.638053998753472 17.503703304800993 2.095245797326465 1.7398560585218756 13.31764036289185 10.210316434291066 3.258952326203857 32.74745729732988 21.682376511265545 1.5321169949758888 2.5253590119546026
1999-03-06 5.440895557679754 3.8432926377132572 1.8445457455590575 6.426500698440893 1.681387771150487 1.5242728217078725 2.460219331588668 1.4084345894929515 10.914653044483973 3.6030042194436662 1.85763004795323
1999-03-07 1.4322812761521078 7.4057409597046675 2.5471242215149315 3.791463038676114 1.1608169507278476 1.6893577262371342 0.4715508287842979 0.8402584310966631 1.484384707726583 2.702177772091337 1.016519716596091
1999-03-08 3.187236651035122 3.3285260894259503 0.9026238507712072 4.53687919856719 13.073544075510846 2.02186421091709 7.21961942205331 6.971955168152224 11.536359418205375 1.9075994960016756 3.243562216956339
1999-03-09 0.7016187958609615 20.174064535629977 0.6221056789897914 3.7655672172203825 16.886961385292757 9.457108890770458 6.864537472706136 13.157227010761204 16.15895325348944 1.8877014747622203 7.309766881179602
1999-03-10 3.3840642997947192 7.555228091523893 0.17236004999033933 2.626640796082758 2.581987654463644 10.183538565166412 5.9520852360598875 3.2613985935368266 1.8540576080427487 4.174181507661178 10.81563180126161
1999-03-11 10.866525510836055 4.3389761269942415 12.834040019594863 1.3204008626659616 3.7403225923435715 7.098281890374768 14.883177160920173 15.990097071206577 0.7912576455579505 2.0560941942706448 0.5930234499755227
1999-03-12 14.946705520294836 7.989955855482138 1.3568880804536125 0.8716217722439232 2.7030808738727607 16.080532236397946 3.91233220455447 1.8331901884326118 3.9677725351616466 5.536256567082868 0.8967403234816369
1999-03-13 9.815851555936948 7.26484193886259 4.10301755705191 0.8926698328939071 1.0865574408643712 18.480752635237266 14.145005042018298 0.7918512435064653 11.244326535170792 10.228989860443443 0.2334689857772162
1999-03-14 10.23096463304245 3.732542277011075 5.0963074286608325 0.3283478739058979 4.902764321956765 0.5559811539402372 13.277933660484713 8.563845240039347 3.4337394775497154 6.092345493510193 4.875027736551001
1999-03-15 0.5058248365242399 1.3416910394004633 1.241737875339012 4.031543185045275 12.617645452385572 1.7436896540351805 3.476000342297427 8.230759917907076 4.120576303640926 6.179699245656883 21.181243526745035
1999-03-16 0.5167807031482355 5.307302324814852 4.429533621888069 7.364250889631398 6.473566973792322 7.120426226640508 6.635239941543858 0.0 0.32093467912633916 1.060427286490446 19.73171027583009
1999-03-17 2.243544945294985 1.3038758766834693 4.519551837549704 1.321004149819494 9.443876888234007 11.864088008343849 1.681723807169201 3.372284100280115 2.206660696544265 0.7743510601377095 12.851090054927344
1999-03-18 0.6834729459032407 3.1071937063307864 3.879984914312673 5.64092195090155 0.7897047191460111 4.701068642140227 1.406394375787944 2.791775486266774 13.544518961707332 1.4317374523703117 8.736632346672799
1999-03-19 0.55393150980414 10.264258867653975 6.199612999131148 1.0857573352511596 6.819051960307418 1.9845874896458753 4.6974848692199895 2.167394268293524 3.2603128639994767 0.7755509258150544 6.967685713680052
1999-03-20 2.9520304275819416 1.5311055155089972 10.763193891343336 0.14512555015720013 7.664880298051839 9.167609179761632 13.523958511246388 1.6882371422739024 1.7072618966899835 1.4227664264365618 2.054001186142192
1999-03-21 5.688113059377082 2.9266517767954996 0.9010503270212563 0.5045884104152535 11.43958095039601 16.674039612231002 6.2721007917652845 2.1059580825199165 3.8584860796335403 1.1902088187358384 7.182391257508469
1999-03-22 2.03311781816003 16.21927072732012 2.0955939936861743 3.3906322160926683 1.9251766643574784 17.89906117774639 16.260773025818292 3.9961942057661117 0.3160826831142798 1.1173052930581044 9.049563578880067
1999-03-23 2.7538291519815057 3.6351821240050333 2.8364200798383985 0.9653978235040843 0.37740464852279443 7.450904984601282 6.5482106366308 4.665818649457181 1.055291411168882 2.183986530729756 2.3146557020066507
1999-03-24 7.017382427559927 0.8377553570453691 10.535553132312746 1.6870749850184361 0.5210588343297307 6.722409794553186 0.20678104889000937 3.3004963169728496 2.506369175080806 7.850351275232091 8.00607977303596
1999-03-25 5.523105014608523 2.5427278098069515 1.752391574561599 0.029868772563137146 0.5808303619998914 7.069239800696926 9.140474578527677 1.9951448765246944 1.479055962079649 27.99636588723228 1.7224859631818341
1999-03-26 7.099617167723748 4.418557017095974 1.7167235857652545 0.032788824290037155 0.4154098384325329 1.7210820447226023 5.5089441990146355 5.0559591107295905 7.516097650727767 13.766586437271119 1.2885947554189405
1999-03-27 5.224624512406272 3.1820620663561865 3.2496070394898005 0.31575263068417425 1.9361396204553003 1.4442569177708355 9.787879720582545 5.7696025019213835 12.1350974048899 11.174383220733617 0.47830558702025655
1999-03-28 4.239548941452708 9.796520108563666 4.323058278580138 3.138616567236995 2.636209195009421 2.2933003978877373 6.3409069839572 8.506460425165125 4.888185016798851 17.99223761269063 1.4085475750846446
1999-03-29 11.388851245107245 18.17486143020674 1.3974841913008023 4.762636121390349 0.9183703086121016 1.3386191262743106 13.140491884800163 2.2201500273317225 3.8077809830106744 2.8139773910890513 0.9829540828443267
1999-03-30 1.5403500834508836 7.604050518634946 4.2545669153123375 2.6130703918077103 1.1250082951783942 1.572200950910195 3.9921921235087385 15.018400314205923 7.774516949953249 17.013146569232173 2.092658682191413
1999-03-31 1.251308881554582 25.5244362727758 3.1806970702122177 8.993712098669887 2.0538723767488127 1.2080922805481613 2.4051710703814457 20.328423568257406 6.051058124506627 8.318133345205753 1.3321723679163757
1999-04-01 2.1535891600643016 2.4755939352930607 1.8170475605375873 5.078893175472574 7.049436491291956 2.5108692392405185 2.6440103022251473 7.132363250868448 4.849175173084712 0.7842296392321677 0.2074452756604671
1999-04-02 5.769599338483087 1.108843770698679 7.659087565303231 3.246928507218807 19.641161216556977 2.7969826340925614 1.6151021357865156 15.878820240756532 5.085497917890587 1.4642226933832867 0.8847273709309893
1999-04-03 9.520126453770224 0.5258419461212489 11.706442808692403 3.776719626247963 15.648258482414617 10.349279882178658 3.0086132207743503 28.476863216669216 16.074555561800725 6.292790826011791 0.4334836743060707
1999-04-04 8.291810581407072 2.611042453077132 5.553377805482109 3.762605101307845 9.009915736999957 5.020961560887098 3.031447711519929 9.334669106894205 15.890438268075432 8.65067433332935 0.29710774790174665
1999-04-05 8.287058440826264 11.839873909761153 1.6347730728357723 1.2616649411873502 5.180026783489886 22.152614249897592 28.22760727972878 5.920781204970933 20.238611317720594 8.016205576897597 2.022566516473803
1999-04-06 8.198316751934367 1.684617049905556 4.715335878725089 7.181668886866798 5.669788182182365 3.2285135811737993 5.5816945022447015 8.34220598765926 3.571433519181948 5.53019477569463 0.8288341792526721
1999-04-07 11.47530203731937 0.465652597879887 6.635569409845042 2.75544397729721 12.803767640937988 3.885519578034137 7.956963561828814 15.919654700144076 10.58169446760944 14.724457564069237 0.6280109354579029
1999-04-08 14.963686417997444 0.13989649894497094 1.0546599845853986 2.984522976396102 14.509458887528545 6.010872289552016 15.916597960392632 4.172263139195694 9.316363119915781 35.71784924600341 1.6168149815437587
1999-04-09 3.6510455960949013 0.5400243575182202 8.23096836601747 0.9109103682376782 8.42944224126677 6.507445987217379 8.229674559283055 1.6480574160943875 26.552262991382648 7.180385931600274 0.8507869428195506
1999-04-10 5.720347703838068 0.5703844971084212 9.980290620993621 0.6771846447508981 8.407354040497747 20.13345033241317 2.8393017431232 10.117157435355422 9.219060970032963 6.439075705690589 3.1543756241498944
1999-04-11 5.681284035798655 1.0177437869904153 6.03358472446854 0.7342462716948975 3.733791914969601 28.673395537482044 1.0872713472073992 1.6509371105403825 20.600587887690644 7.345121327174375 7.14268094926472
1999-04-12 3.788154146316245 4.505063468767476 12.500624701657078 0.8064422028919589 12.614257813790465 4.604411695964779 1.0324024593814234 3.4335817970379203 16.697803556573398 7.730751664557165 3.7787501983936362
1999-04-13 1.2430054006123101 9.551782232944841 2.421125167520728 2.351120780786247 10.300447381481003 0.4166131969036241 0.7792528318282161 9.63030483738337 3.3264084300356367 10.996619136277094 6.930428968781037
1999-04-14 1.3798761211099795 0.0 1.8926344294364568 0.7941756241698092 3.552029454052117 4.034250346002105 0.6349896742512907 0.0033939503301792994 4.994917255532245 6.448056460466759 1.5373043325414018
1999-04-15 0.9537341431810962 0.2711257470083744 0.6109429716385331 7.416395095542571 2.6191009268112033 0.9835326287584818 4.027074230138445 1.0395757828609946 0.7646771249878841 7.075341574765568 1.8393502900702052
