1999-02-01 4.292791992137857 2.568083086554977 4.752581661925052 6.386484340214979 1.899587692403241 2.392610844979051 4.182333502981751 2.9352060577226475 3.1856504545065008 12.287111423745277 5.177222310907334
1999-02-02 5.2876987617142746 0.3083894702274518 10.386076404008127 1.7398553442319349 1.3301902765331373 7.654755881546704 4.679228550364231 4.410133495643055 9.125517363566466 35.39549249703652 0.8714127095701334
1999-02-03 6.158915998098506 5.760286869699 16.343630846130537 21.7098230294842 4.343882618440588 18.652065118689166 5.463295153036142 11.701141602116001 3.100263225241301 12.262252828969604 3.1173591070771423
1999-02-04 18.646144659922083 9.019384450403063 16.74384959689641 21.64058449162129 4.005871171179742 12.02436621549664 43.893991471576804 8.141474545356647 9.467396637636849 21.93607456528705 20.569231124986562
1999-02-05 11.111519532749911 2.2427251108765702 13.156052246185698 26.721349232964485 3.122815096514809 6.664974360973972 4.110608048485183 10.474486082569353 8.688895653774773 10.481526882484797 1.6207233079366212
1999-02-06 1.0119554151982286 1.0737689854915624 9.102262437109568 0.3762886760524432 1.717402316636215 7.098060357686782 0.6541315028991566 1.1212822053402256 0.07616853913552224 0.44930831571918645 6.346023026153513
1999-02-07 1.5824247922694694 2.0438655271228647 1.0726668236674262 4.354979691682549 0.15302618644902094 1.889603063260366 1.0546083935920199 6.328207320243546 8.230325463747334 0.9048768133802207 4.966722745210921
1999-02-08 2.024373469603746 2.36269898316975 1.8191052312596927 6.588544791350751 1.5649899824049154 2.2434403229589903 0.5907638215843916 6.267580172169435 6.862639543885145 2.9071253506040704 6.031376753052648
1999-02-09 1.0832510233031674 2.4408559592282013 1.9187928780639787 8.56490225224578 0.6026067670481843 3.652905721016136 1.2010377310387936 7.94052057362041 3.33103054033866 0.8065930999459086 5.701509113126318
1999-02-10 1.2881519547618616 2.2913584029512695 1.6955056771620274 2.247497953577458 0.6201568841872556 0.6718217016229862 0.3067486956022981 2.502671580053565 2.971603489326185 1.2104585047437106 1.2975585318571872
1999-02-11 2.2820348031022464 0.7796308166798553 9.981167759630562 2.157081679238513 10.791958183987724 8.69354970662564 0.6458179374849284 0.7966413322367348 4.584026119187192 2.0114449514689325 1.07901841849677
1999-02-12 4.580613813369217 5.3270710940525605 16.613307165912353 1.2890940847306807 17.34960069493355 8.13637429780384 2.6870317412905056 1.2662605837862744 5.440054968197982 4.733092990168764 0.1596948114279644
1999-02-13 7.841091109430871 9.481652835777277 25.20435836358621 1.1396376348697879 4.991972295596008 8.388495747190749 2.0405690463194883 8.606442917559509 0.9845340883890438 10.454116728839937 0.462184413748831
1999-02-14 3.288867928809393 8.281868281286975 2.7904840411027543 0.7091202638018244 3.817759034692141 4.194520941720146 16.490204148934126 2.4203178265502654 1.2679910729901893 5.649076687257297 2.9331849720950913
1999-02-15 4.7685541974134065 12.2295170373906 6.068883622614402 2.6954334331696006 1.0479180640602759 1.8910143955140337 15.496981496630237 9.047678561374296 0.7105759157955542 1.6639554707109037 2.4842253753295416
1999-02-16 4.860742540532099 4.024193064687456 6.911280444436562 1.1431744704963154 1.620379229931522 0.39003894288209995 0.0 6.851743261574137 0.0 2.176776077318042 1.7953876697712654
1999-02-17 4.013298078647767 0.9853068114037103 1.9807894165703164 4.642147202044287 4.179921707523256 1.4059542699787946 3.319116590401662 15.186740077537664 2.0880527420016697 20.618454758184818 6.9696264788242885
1999-02-18 7.459290116021752 3.5344613081232175 1.0827600736796947 5.422445814072742 4.339934699959417 4.764032675641946 9.409182552792126 11.338475863832157 4.439194040609651 3.711678865588132 2.511173776866666
1999-02-19 1.1647521280897508 0.7956722114865762 0.4699778948696717 6.47745255804667 2.4141136941219 6.217760043965068 1.6922252538478835 12.856099282126358 9.233446404685544 4.518805212027546 5.253097792152634
1999-02-20 2.5484185083600024 1.9507908152903188 0.252010410408126 13.320614325250883 4.806216020852712 12.102654581398792 10.785364512903664 8.167612141440939 13.68763949225486 5.302324689435672 14.04720476143848
1999-02-21 6.017997224143831 0.286279688050864 1.0339543145565162 4.7664654954155345 1.9896213660371993 4.685001090444523 13.092307853485755 8.55157739942532 5.684896468830631 6.97216926260229 7.980714859899496
1999-02-22 7.642316469093648 5.706807368289935 1.6495799208280748 0.9392171013181376 4.715063349088734 6.375614385509239 0.08499734157940404 9.346210331082649 11.88383188958881 0.5987707722989808 2.317198092829087
1999-02-23 1.7250528213325562 8.924705168204596 4.290868473630489 0.5242498519024846 29.02541139109381 6.0243899143036295 0.45593271231359866 4.145476487849167 0.5734376765962492 1.636625269403897 2.0788945722902277
1999-02-24 3.8680204885096123 10.750517972273775 1.3305291360171423 1.3128486297172381 16.043358136859055 0.6247999792040475 5.721295738063362 9.207435255540894 6.469412375223242 9.243764286689235 2.4164934960918094
1999-02-25 3.3987975488077375 9.76168396147348 4.286508381887234 1.7168844721928316 6.089352301518117 1.0975244188780462 7.915263742742006 8.664948146735696 2.903988096403247 11.526934403352932 8.386846298440172
1999-02-26 3.037411487295044 0.38009206277873014 2.2497010616127433 2.9592015253405552 5.619299852471103 3.855639706388577 13.81198633823307 37.80289685392287 0.2272983859573151 5.786029773627304 22.884727634424806
1999-02-27 2.69624371580474 4.807072372598003 1.548135746620003 2.291321033733038 10.885983505156643 1.197749410176821 9.3686966382497 3.620624339372876 1.27545689499925 3.6897290534347915 3.1923778143806034
1999-02-28 5.906196400828616 8.465964339029451 1.4734943315034126 0.8434558847955687 6.685215249741676 0.48670352548013873 40.365861479290906 14.371301771548325 2.9460822284370476 0.16277950712695705 4.7349237880885315
1999-03-01 3.2681715804010647 5.1630647030593675 6.138266884964267 1.5799732368257073 4.169590963789407 5.040357659590132 1.703753855516568 14.41479566972304 9.065948648000049 4.409275456438775 19.355239044552917
1999-03-02 0.22369786720375506 13.475050271567566 10.922959465649924 3.8298516746886726 4.242185545946759 5.324906484788336 0.6304618792654857 4.788891968637969 9.468977517971934 11.118551168319383 4.240842468473386
1999-03-03 0.33912866467456027 4.949839640569849 8.038592043456955 14.037181820808437 9.534302913712224 11.2959980416186 1.345561562337188 2.3602799658739975 8.678673162651396 12.273093946616125 3.0947459430406106
1999-03-04 1.7422106562317683 1.172565696496291 9.718974200193706 0.7241809158811472 7.868057782690167 12.201626261520348 1.289199142920745 0.6528254391400117 32.33898312656956 6.490698931338635 5.820729035059147
1999-03-05 2.2186281294311825 1.4281975952939672 7.086220419050743 1.476335349186091 1.6003726166823529 1.5941601267365886 9.72158140967548 0.5130715161314184 13.487828469674465 12.041970045042788 7.511647877965283
1999-03-06 3.267832225432464 0.7199014447602936 7.391743157698926 0.7991066206045307 0.755308032366989 12.716718250721245 15.985458495147082 1.047365750827133 34.891528151387234 9.463792863578547 7.533131910846679
1999-03-07 2.3609208143263327 3.199712805206863 27.881187348259584 4.792735788161883 1.442222875961978 5.368449528202844 20.570776160118882 0.7626456736206122 7.639815108550561 8.624934578193425 5.903241196282466
1999-03-08 3.6171299515881365 1.9609008242411028 6.259101159785102 0.84585734270171 20.218211929731424 8.823582499010147 5.094035611012977 9.387235030458346 12.832276700055939 18.647728439739915 2.142233008314081
1999-03-09 3.5431278025551114 3.9746566516098802 1.6363429009550157 0.8524657587272023 2.412989844464601 3.639149210492885 2.7902580872661042 14.480345790220452 29.615348384758214 22.00445411725557 3.340272744822637
1999-03-10 3.9680702615108068 5.511711631454057 9.597829601430753 0.5277389843908257 8.026506952506596 3.1004386778436173 0.8538834393766472 0.4204708165435188 1.426010632284809 9.145921233845055 11.065438965768616
1999-03-11 6.000458644122297 5.066545837230022 4.862997367776871 1.112404554992714 1.5709951798966677 5.194587577800902 1.5809166641423107 0.11528925462885864 11.321876504143379 6.864606303016257 6.8796109402685595
1999-03-12 5.477711547634418 4.878358824856727 8.50884796619307 0.4108999329881494 2.0951839666099223 15.292383973905393 0.7650232871912548 3.9725205181315864 1.6049030099628543 4.227181803528154 1.3847910926356832
1999-03-13 4.965012745798148 6.789359641039246 7.518044259083788 1.296237048748947 1.4026559025909393 43.90524756747068 0.1132461498291107 11.269560233548283 0.9841400367683499 2.1802582693619597 1.4845338218071356
1999-03-14 4.763682287475392 7.360199979974795 9.264189630990163 3.0193952691122323 4.362567715587495 3.0031164864921687 0.25632696919513903 9.508043929185536 1.9593409052036104 2.795450435216485 5.067339506179399
1999-03-15 0.8697900382813797 5.794848112100066 10.047895511342468 3.5709014710931823 7.015681078228813 24.63846087651392 0.6986354184246961 1.0985834240887764 1.8488878552484573 2.767505281279595 5.157575622156713
1999-03-16 0.28521963068659517 3.1319931104970724 5.38967111332293 0.941104587576284 5.333988464945444 2.3484827618995388 0.06034597702469635 1.1389121082755087 1.4434910856250782 13.14443528313047 23.495836922239814
1999-03-17 0.5743678029183026 2.587416353079934 9.436107225944161 1.1536636090747105 3.760887877571469 6.801564715944853 0.11733343771990093 1.2164292449083733 15.168839612492834 3.971355703623656 20.438952180146988
1999-03-18 0.19693366767594747 4.413707130851478 14.502183468333985 0.25387857713620643 1.2554937403726723 4.867094581356703 2.389229723919019 2.638213724722117 1.9652923616191913 25.35282759988931 16.946096064057983
