1999-03-15 14.781243064193545 39.98988510268667 10.425038871359554 18.243327262107243 5.7581136667001225 16.51186670699313 42.80371173152997 14.867586220829942 9.337510024096577 5.972903976186009 37.52308085469487
1999-03-16 6.9133662255707655 19.514330962772735 7.2983377643201255 18.522901624668023 7.944668127385245 29.101833122193838 11.366045705059683 10.393664670102606 1.966429689380224 5.160111353478278 5.144357578572871
1999-03-17 2.553293654506203 3.3205911488960487 1.260478715720383 1.1093595697957888 1.5179888414319387 1.586788355823224 5.138236791041763 2.560596192771943 1.628338299349307 10.905793634426258 9.719094130745454
1999-03-18 5.129542857351603 4.498795067282975 19.29488187540684 6.579542558873764 9.227201457211825 5.381019248834356 2.1550484297351895 2.352513822769819 5.101682261404511 5.429168110538253 7.449660505700285
1999-03-19 19.18821161653224 10.83050585429603 12.156968907088107 22.059934732143137 17.57292338602976 0.7005337717893819 23.516491076491626 8.320121048912146 17.085489488425875 8.769378011634284 3.821690389889972
1999-03-20 2.7012278762495456 10.423645839699947 2.6483098796723006 9.963497623246742 12.2055082084234 1.1189199299539199 11.385878713924363 0.7688665551053995 4.260636137494415 1.6019271484576108 3.2544493676092907
1999-03-21 0.6968569931866452 7.823583345668942 0.2973289496373237 8.26034755040765 2.4907067510288003 1.0822778127415116 5.430614009405819 2.5904648370343715 3.6405146358690677 2.0006172440154817 17.733063661185074
1999-03-22 0.5927862431306967 2.4056361074537467 1.6185151106072544 11.362724230261716 4.0719148924411535 0.9027506103473742 0.6390692686623063 0.43927023175491187 1.5949794015215133 5.445886183267221 1.0063364068184555
1999-03-23 2.807327374912872 5.228976252085263 0.07812142799189244 7.296576256533983 0.786354629664554 0.2495108242449687 0.9688528416925841 1.1997078246563064 1.2347753115212938 2.557298738098602 0.3178913679117844
1999-03-24 1.8631004022351376 0.09263888188776026 0.11932766899087432 0.5109226290813865 5.110498850999335 1.1461363108626639 6.692820914287246 0.2858235001146764 1.9628048355315728 0.2989479360746956 3.7675768109120686
1999-03-25 1.8599547986133156 0.13196504591736025 1.6700506610479298 0.5006276583955204 1.6731338133555704 0.5891958106444983 4.9930356010163965 0.9792678827598492 0.3227970450078561 14.052576033343371 1.8072369347021828
1999-03-26 7.765411828531063 5.132070127944948 5.652511038243636 1.0896592161284597 1.062020163599077 0.3274100790943015 1.7935732417753272 3.2097117577305507 1.7953021333709716 2.016289714564038 0.3042433626040604
1999-03-27 1.0370720027634208 9.96845541191652 3.654113534508889 0.5666212256872758 7.878749865663106 4.6046309895704525 2.9230775939974265 0.011022376265069335 7.9937033773484885 5.482890600835405 0.08770794483843072
1999-03-28 2.942441557281325 15.372468136490681 0.13971474415637686 3.7651479754628987 0.7645934914342114 4.078844243420754 1.1276429565556811 0.38040269965759876 1.0361099944383843 1.8149240414868615 0.17055951202933753
1999-03-29 6.499914838862198 12.994441313597154 0.2293440576013706 2.037710301564211 0.3697813165070861 26.987568244787333 4.755833471137772 0.0629611761402707 5.690257259095975 5.914924293560182 2.0894146045047073
1999-03-30 4.007385726710929 0.0 3.2962126962674203 3.464241489946599 1.838459314130641 14.91646608443004 3.195358412838492 6.49331761336493 0.4158722842216783 5.354322023958806 0.6450274049939901
1999-03-31 0.7983739310516267 0.03183413415471975 1.570809571621937 10.00461738315003 2.5303237412160104 1.0271928626670352 0.5956947567586548 8.388440568210015 8.078057102886016 5.135836114999638 6.453022852808758
1999-04-01 1.082286470863148 0.6415843115526643 0.5488329048550011 10.650581317024898 7.374143183897381 0.0 0.5675389280471135 17.6564077613816 23.132324423176414 11.447591540670143 5.182618778859474
1999-04-02 1.7511210758534916 0.5504724464259675 0.1945719437772344 33.06296171258818 1.7423063640026757 0.4638834262900858 2.217218995402261 3.2372513554784894 2.2454361505058538 0.29101335454480126 5.767547353536628
1999-04-03 1.2210648530716957 0.45833877275107915 1.5963153354343962 20.302814178341094 6.737730970956719 1.5134566664024924 1.0493722260660676 3.996502075763207 1.4843059737164332 0.4338548230754383 1.0113038969337484
1999-04-04 3.3630673433274447 0.6120842168910888 3.2865181791526696 1.5397711763005488 4.4482982648363585 1.2495212379084895 2.292003063602094 7.10148579888847 4.855160080249371 9.569520342109815 10.083383828542726
1999-04-05 5.989513043247726 1.134720606184271 8.542717624500332 0.6628829581876925 2.589478473073774 1.0037151711766596 1.6699594195375314 1.3508600949783742 0.6311774618001391 12.478790199327634 19.577676293992056
1999-04-06 4.1963356671403735 4.17648417717551 2.8098371740845325 2.3275266314003376 15.356698856406712 0.8329947622886162 2.2322324374953117 0.8785870816758572 2.9881719522963106 1.1035997583021389 18.952051560582323
1999-04-07 4.9672145897335405 6.51044660204936 6.538354870973634 6.846849680939716 9.194938991943879 7.278870758898671 11.597380209070032 0.0670990517268231 0.04228760153471349 3.289844785926729 14.008498792486447
1999-04-08 10.414550128267507 20.62010992965424 1.1346971793888863 1.4555728918566917 18.92096667410361 3.3825103466268676 9.704158124068227 0.23532087295074483 0.7655789506760792 10.61758055545042 10.233862887609643
1999-04-09 5.108561403131171 2.687978796739354 0.37689833185148636 0.5630598384757238 9.589262470353578 4.401624184681273 7.574684095394717 1.2760834850920606 1.3248867244320561 20.51433196515317 1.6531321259225469
1999-04-10 2.2106320469653733 2.052197604114845 0.07214443339475045 0.4859720860213503 14.493082729345973 6.34674134396645 2.8355925451261 11.024551899403228 7.169906242114786 8.54516978560963 1.047351133384173
1999-04-11 0.6527195205416927 3.155076807343144 0.4930904850240221 2.4896803304577526 13.76716235082186 12.62615815852754 1.7243215525414277 21.85941408031278 17.53849544500002 3.8219186571401935 4.922279122207746
1999-04-12 1.4929415581216385 0.6280310465187664 1.1635432172334288 1.4073299752611623 7.496299200000469 4.587666244347616 2.3992558654228553 22.196032184016858 10.990712272279978 0.8534684249802995 3.383551874975698
1999-04-13 2.3061549707708404 0.4100837677889077 1.3783187934958496 0.694026913992575 1.2371482756114518 2.802258527871015 1.2666939858898745 6.271187332047749 11.063885423577943 0.8112997280181303 11.150862077479113
1999-04-14 0.6945485879722297 0.20365781596126267 1.5481315964812379 1.9341515791711361 0.5053970118168736 6.050515423642541 2.3522345417842665 1.3206150050466083 10.561832959088171 6.984314310752607 17.28451617243849
1999-04-15 0.59932298671632 3.270353418016202 0.37612499745640154 0.04635359731162188 1.7601963441857476 4.112972929520485 0.8230268631674819 6.467826416046109 4.493791777200096 0.6809094926601972 0.6843536455490551
1999-04-16 2.5233537988323795 4.839733846365277 0.7561287884439725 0.636540752272382 1.623107736546377 17.3064747842442 1.2145780984136627 9.34672828164247 5.610450079124878 2.9266173432760745 4.033033531573999
1999-04-17 4.919732734209095 9.057696665290273 14.68666827540244 0.6046230446964536 0.26433774662293424 1.107503955412958 1.7027621267120592 0.7872110117781421 2.841168473990491 2.3864159087643455 6.162121960463894
1999-04-18 0.14725897532752596 4.377234730207299 5.416871480185278 1.9458415194739538 2.6359007832510652 5.359906823148021 2.276413438449154 0.25997918902651945 0.5475039432690245 1.1464233595601674 6.274795440472472
1999-04-19 0.23066724411808603 0.34398839995631403 0.594859143244371 1.864013787346501 4.097153375432155 32.79178112956894 1.4080966767202032 0.5175596212419606 0.34379586680052454 0.31099320319391394 6.638577771481022
1999-04-20 1.328434585292587 0.6681179135831822 3.1141742390273794 0.01301326727354828 4.367651990737858 3.8940339618519726 4.161908224395436 2.0179859810751766 1.3169629367153448 0.0895099499460251 8.544986794796515
1999-04-21 2.292780814753865 7.484861216192671 8.797672099857754 0.7370578183395569 6.344670981903879 3.0481890560054463 13.193910475363158 1.3369818323423661 6.089093582890781 0.3218129029648694 1.3602385580910026
1999-04-22 1.2256645441044363 25.805040464524758 0.6992545329165976 2.800588817091455 3.2885260450611318 0.3559123610069983 2.925590554637066 1.278480077792952 1.972580389724698 0.13500292043082437 5.11552110222879
1999-04-23 5.354001969084396 4.38352783580217 3.889848373343536 20.690924135459014 2.915525588682045 6.340514328121028 2.070064066548828 8.756477083555469 7.828228254030735 0.7884994513597237 11.151154156515688
1999-04-24 1.9407674309084366 2.817410844492864 6.99884967005735 3.4987525134925157 1.95733162352721 13.704053498802104 0.8043846426892256 0.5933307379201829 1.0489207083517738 0.6907944290957284 1.0048878012039673
1999-04-25 0.5874658184731456 2.539461481191796 9.06985726399551 5.4399485347904735 0.9534542009681637 1.7774726622926074 0.7569786592496288 7.172689343009835 4.026427975292954 0.01648881976445249 0.280736085663383
1999-04-26 0.9789341988444238 0.3836659496102595 13.361946476125194 4.601457919605492 3.100361484642482 1.2297707198653605 1.2694576654113847 2.4175905982572425 0.3276667866725782 0.2622370885636874 0.5941616744348854
1999-04-27 0.5291381366662193 0.43014394135395684 0.8508278801353969 8.96707735031156 1.659062825557559 0.04501298274235649 1.8344577733412677 2.367635113220228 3.2588649157122944 0.3064834890912569 0.4573061925898825
1999-04-28 2.1811191800606964 1.2152292525959747 0.5374566135585903 29.739565036911806 1.017300101893142 0.3735923989657125 3.722174151324554 4.770267657188697 0.6056654430293654 0.4094271089236477 10.292285721017876
1999-04-29 3.9153260326159205 1.3909309381929351 3.9185539752415153 5.649274529359015 0.2889715500039367 0.17812729121223225 3.9729046846578733 19.712778191885505 0.09218031665198026 1.1917419372970746 9.29584083181661
