2015-02-08 8.395408701670739 8.395408701670739 8.395408701670739 8.395408701670739 8.395408701670739 8.395408701670739 8.395408701670739 8.395408701670739 8.395408701670739 8.395408701670739 8.395408701670739
2015-02-09 7.479458850582711 8.937097617355663 7.479458850582711 7.499714746185743 7.479458850582711 7.479458850582711 7.479458850582711 7.479458850582711 7.621163535147743 7.479458850582711 12.468759768512761
2015-02-10 6.7070273128115785 8.808772495762943 6.663440302367552 6.681486253795079 6.663440302367552 6.663440302367552 6.663440302367552 7.257396763138839 6.980236847102827 6.836381106663009 11.571495191845642
2015-02-11 5.975282035516079 7.847724124865084 5.936450423783927 6.489595675013981 5.936450423783927 5.936450423783927 5.936450423783927 6.866894605381566 6.250412701128826 6.120482485019194 10.33792931695432
2015-02-12 5.323371105968272 6.991527363161319 5.288776072852774 5.7815724681190455 5.288776072852774 5.288776072852774 5.288776072852774 6.117707601539246 5.5684846632837655 5.452730000303998 9.210047976700038
2015-02-13 4.742584494492455 6.228742765683525 4.711763823835835 5.150795500682735 4.711763823835835 4.711763823835835 4.711763823835835 5.450257860168724 4.960955848503646 4.857830167636203 8.205219936453087
2015-02-14 5.021287906854581 5.836445091440019 4.1977043508353695 4.588837108961275 4.747180252383537 12.879786359471638 4.2066884678928 7.22918350218117 5.920581095143927 4.327834669290563 27.447034622217235
2015-02-15 4.4734589596303325 9.936991562708464 3.8701649604265302 4.242521072961417 24.869047960190624 18.71196257872063 4.160541986916367 6.440470315294495 25.802893933225892 3.855662359194281 24.470356458346618
2015-02-16 12.514492144245496 21.202827018568833 3.447925002235653 4.665100471708121 36.863411505796705 16.89015376153445 6.3702854151826225 5.73780674811677 39.01616322345953 3.4350046533881415 21.800609201178172
2015-02-17 20.711011464577698 18.889571411794325 3.0717519647357703 4.1561320302406575 64.86290580506694 15.04741633534427 5.675279110574297 5.111804676834219 36.05211606039857 3.191142219713898 19.491557286295638
2015-02-18 22.646685110076 19.45582789127146 2.7366198878281662 3.702692698163408 59.94179163296297 13.406043729043674 5.056098884699286 4.554100233975397 32.11878398445582 3.5272658594458264 17.365003400919775
2015-02-19 20.17590273469462 18.083128581176677 2.438051150103472 3.298724178461374 54.5921608730429 11.943427173538344 4.504472015169393 4.057242060731301 28.614583479978148 3.1424366327204694 15.470459270382058
2015-02-20 17.9746858836636 16.110279086961615 2.172056644387763 2.938829142089782 48.63608614230511 10.647024958241278 4.013028344213443 3.614591751090584 25.49269574243226 3.1594661924760983 13.782612333025703
2015-02-21 16.013624612731153 14.457626420112796 2.9306514704036726 2.618199115521259 43.33648299230002 9.487292567013014 3.5752018077206045 3.220235157647246 22.72921825648606 2.8660978763208385 18.84387326797835
2015-02-22 14.266517640262771 12.88028084503039 87.06913570811668 2.3325502358540597 39.078908199681344 8.452216786574263 4.553915237708678 4.384146048058773 48.58097984260149 2.908371078324253 22.89984626408892
2015-02-23 12.710022278036641 11.47502569412514 84.05909922772905 2.078066015120328 34.8153492214201 7.530069100603269 4.057077247794419 27.084421952823856 55.49502665214435 9.102287517405761 22.636655003347084
2015-02-24 11.40521074515692 10.694524335260047 142.83918701380358 1.8513463490817033 37.790256636964315 6.937219601888447 7.989878003902719 26.07029351986804 50.720214267610714 9.03454375042221 20.166966925467012
2015-02-25 13.26646529825229 20.254271628184608 139.72350077990822 3.037970367219864 33.66729119606596 6.433058850806272 10.041394213379172 30.886286966025366 50.53613309437402 17.35858671599904 17.96672498267718
2015-02-26 28.813544470174715 22.33032067048563 222.04648156419904 2.7069680316914493 34.228567769762314 8.794390070000068 15.794475886553407 27.516553466146668 222.8159056354919 18.48043550852039 16.623183272792684
2015-02-27 26.01879232672065 21.960902583045637 198.9180394743285 2.411634349480789 30.494187149860974 11.400688266004957 16.445595897339757 24.514462210630178 207.87848176364545 22.296268910090298 14.813016336818364
2015-02-28 23.28678007214767 22.207416890002197 181.91925024770032 138.78416524874712 27.16723224254275 10.233900699636584 14.65136030399401 21.923238363215926 185.58146029622276 29.888029716318407 13.196897266263383
2015-03-01 20.746162515892358 25.874590640660827 255.4725132062448 136.13090248033578 24.20325238030223 9.27332851409985 13.052878113840517 20.03842186953045 165.3418056950952 31.613221006441787 26.233054167611876
2015-03-02 18.482729591739655 23.05163963417075 228.7942746846681 121.27884651901867 25.110078746601157 8.261596486105814 11.629080099302884 17.852204357120016 147.3028027487694 28.27544546555883 25.464646568658928
2015-03-03 18.73437766978713 20.536676201115764 206.53581813854225 108.04716890133265 23.927170249315537 7.360245719264401 10.360332553620271 15.904505977737603 131.2318781473579 25.190558120113433 26.256388746967183
2015-03-04 20.245347411412084 18.296098502437246 192.22170470030665 96.25908427289002 21.316685303840874 6.557233476490575 9.230006991527926 14.66860778045088 116.91431202063035 22.44223593844877 23.395501859354624
2015-03-05 18.048926401731954 16.299970702790723 171.250070316254 85.7570947880806 18.991007612192845 5.841830898752373 8.223001397178598 13.068243868507096 104.15881071143924 19.993759229767065 20.84302261674896
2015-03-06 16.079765395112325 14.521639685132815 152.5697985772571 76.4015085100155 16.91906433789603 5.204479659291115 7.325861404012633 11.64248171079832 93.0002849147013 17.81241446860605 18.569022131431755
2015-03-07 14.325442378502956 12.937310180780702 135.92423797940813 68.06600599556106 15.992166950120076 4.636664257049924 6.526600534108641 10.372272032122568 83.77541050097639 15.869057217065565 16.543118014012137
2015-03-08 12.762518251801577 11.52583305624149 121.0947293800571 60.63991749037798 14.261587357836516 4.130798243052906 5.814540049651441 9.240643857620887 95.25174300922913 14.137722732779412 14.963454564230751
2015-03-09 11.37011115077271 10.268349895305091 120.93587093233778 54.02402476031369 12.70564314341392 3.6801228596322 5.180166276810135 8.232477767545848 84.95124197658889 12.595279060056711 44.229634454188925
2015-03-10 10.129617449336585 9.148059759143793 113.9648375904176 48.12993440774542 11.319441189616052 3.4103811115267364 4.700700111959737 7.334303890225438 75.68295258137283 11.264437962639231 39.40412463905269
2015-03-11 9.024463200865975 8.149994712892427 101.531127722375 42.87889686803899 10.084475645893898 4.1103938776944915 4.187847704107079 6.5341219342535455 67.42584543982113 10.035473341486666 39.77943462830207
2015-03-12 8.03988269755616 7.260819842566405 90.45395153920695 38.60367933131437 8.984246426044344 3.661944636689921 3.73094815135596 5.869015194047236 60.06959927186529 8.94059033586202 75.1162315861136
2015-03-13 7.2278777403856385 6.46865509039035 80.58530947700784 36.94920271283812 8.004053624419829 3.2624217827279405 3.3238969254910935 5.228698113122857 53.51592899050865 7.965160469637378 71.58428343199758
2015-03-14 11.346359454179034 5.762916528120744 71.79334891400882 40.776156917317586 7.215141463460869 2.9064873842654424 3.8182054646670407 4.658240446523964 47.67727253773357 7.114812075607578 64.49360904892846
2015-03-15 37.10061880377053 5.134174947652545 63.96060251849258 36.37965712976421 6.433061570551327 2.5893858849331504 3.5230523290545053 4.150020442597682 42.47562098829444 6.461592999706388 63.18842349667588
2015-03-16 33.34847147261888 4.574029879571895 56.982418795208794 32.410589903291985 6.955584436318639 2.3068805656576314 4.542894939216203 3.6972478925664776 37.91994663570884 6.22171433266031 56.38382096046597
2015-03-17 31.242762898982402 6.81124495039603 50.76556386118749 28.87455299901505 50.49655645027543 2.0551969388472444 5.835897378575741 3.293873408134546 64.1459368222211 11.55627946847266 50.23227381753353
2015-03-18 27.834137417865968 6.068129395247683 45.22697576960346 25.724302253697797 50.39510945337037 1.8309723183449595 14.397947802459052 2.934507597023618 57.92670660942538 11.559556675239804 44.751868353315146
2015-03-19 24.797397346118846 5.406088699735874 40.292654738503906 22.91774790287401 44.99094858503319 1.6312108913639698 66.28109995271795 2.6143490565614282 51.60682866442859 10.298394224241743 39.90096292340076
2015-03-20 22.091969508873927 9.720536560064017 35.8966744570044 20.417392229333903 44.34594589658951 2.1053422429401882 59.137095459948 2.3291202232619814 45.97645750442756 9.912683115873492 35.61466716875604
2015-03-21 19.681707316651245 11.151196479274114 31.98030125924628 18.1898285648821 39.50774635399244 1.8756467054821204 52.685162539810555 2.0750102212988404 40.960367055328284 21.581843480176985 33.051080752012155
2015-03-22 17.53440781921793 11.74610608864277 28.491209397604386 16.20529495164599 35.254820226639865 1.698716082243443 46.93714377173264 1.8521975564673285 36.49153850414976 22.541575343917422 29.462961915217537
2015-03-23 15.621381449491196 10.464590857512281 25.382781930593733 14.437276499507522 31.408474148181558 1.5133839801550628 41.81624121940542 8.1715903087125 32.510264876315844 45.36615497185349 26.248515002884936
2015-03-24 13.91706870893298 9.525632383162236 22.613487884801724 13.486695717855099 27.981769357358935 2.8067801644984494 38.36668424598106 9.7309338107128 28.96335330471268 74.42143042419676 23.384768369157655
2015-03-25 12.398980469867777 8.48637367963534 20.14632736925195 12.01527992698591 24.928922451769697 2.5005568506533993 34.22871727665298 8.680526305993876 25.80341433221429 66.30195696708734 23.016605855485086
