2015-02-15 4.137691641424181 3.801099686175142 3.8099727564204025 6.752999554912558 3.7675020540774344 4.508782300675927 4.413019787503283 6.815527403032001 11.016881305824292 5.885226299990837 4.172773901721597
2015-02-16 3.432558610437895 3.1533276492356195 3.446495514265644 8.271560091120055 3.1254556250875027 6.830950120999531 3.6609661575488355 10.50271660249436 9.139417352388426 5.174778143877984 3.470575086352706
2015-02-17 3.024270788287605 23.631112554034832 3.081548830907545 6.917305784567288 2.6488927811732084 5.672584246171089 3.3321721458906404 8.712875059596895 7.581905189173921 4.350398550459203 2.8791300628995464
2015-02-18 2.9921314368465253 38.75271979143044 16.437278749372076 8.312723773327146 8.60471052255614 11.890249155500582 117.46075154440882 7.476500401254621 6.4477237177788105 5.136054785275213 2.388477330944185
2015-02-19 6.603914163628077 82.96277205243919 64.41969423742 29.1384473109923 51.444123484520176 29.112658897443165 295.53077138463397 14.942754453651132 25.900069815305155 12.022568666441659 3.282710067896955
2015-02-20 29.415849240071044 119.76096375791955 73.69181427324187 30.194334848689948 71.72058045815402 36.963660820624995 255.08596062577683 37.99371667860615 67.22446969348171 49.04392197075117 12.527797757807107
2015-02-21 24.71411960012062 108.34522534914363 77.35798401225553 85.67116982531915 59.96454178004946 37.749630966884176 221.69065433108796 31.553257109368936 59.310235879604384 40.99640848454032 19.856029025800236
2015-02-22 20.647059816816668 91.48836240694716 64.17486780523608 73.07166525134633 49.83195562007834 31.32018568900084 184.89641828715116 26.56289176992067 52.483856815065636 34.514395833534 16.693742881079018
2015-02-23 17.51332076414863 81.44179766789638 53.48267017635918 87.45807634612487 47.90305438492124 26.262492589652258 156.71000909867703 31.636909695381107 44.456956834064606 49.187892254923284 16.553550650309315
2015-02-24 18.656762640983928 70.19641281316434 52.08549701659663 81.31263398269745 47.60897659740101 24.251262544618804 133.25615211152254 229.4368053115431 48.390052461499764 44.34218767248501 133.18461817993295
2015-02-25 19.41939740277379 58.38113837909852 43.83133420312822 69.24720888696994 48.41410102389789 26.813770526980615 121.63913383915461 218.46831185123196 43.928156912029415 44.601528361107164 110.48769399204916
2015-02-26 18.322934144200108 48.97081025971148 46.783988060909024 58.38968378407885 42.65283475655096 82.22244145932208 108.40388043844516 226.16479737045145 36.44345528358733 70.93047594789336 91.66071441313578
2015-02-27 19.267809222524097 47.398594615548504 39.81648365448142 48.795583710328295 51.35960976419869 70.5154816593113 89.93001544106453 343.6837416607351 33.237212324083195 62.34454103209844 80.89068068487346
2015-02-28 21.45416502731144 39.4382170050391 33.031077627241885 42.653989122523384 45.4418878493256 61.50078278848441 74.60441124911942 322.51055334059987 27.719335933550145 52.22942910523534 68.33360449960281
2015-03-01 18.379687626749067 32.77123891779846 27.402020195575236 42.69601145913533 50.194193388965886 57.00130330614289 62.440126313584884 271.6523278796326 30.819483003515735 43.46041103174371 56.688396051305475
2015-03-02 15.247476247072168 27.186462421647533 22.810597567276737 35.419884917978436 51.576911684666875 55.89423413993045 56.845669386089405 225.35815085224797 26.618053191876907 36.05401780224217 47.02772918832877
2015-03-03 12.672032015156065 22.834567109882094 18.923283771285956 29.462300591843746 43.0009303467341 46.3698186470227 48.78076191508307 186.95328897769545 22.122141348004096 31.814974654586518 39.01340427076477
2015-03-04 10.741943145205587 38.2328938743642 15.698434362908781 24.44906198157836 35.724767670125054 38.669061427888614 40.73278240672567 155.0932687697331 18.9121994023623 28.243846912360627 33.08609313070871
2015-03-05 12.579635767854631 104.06766489250543 13.023154143072556 33.59646545614474 30.279043054834094 32.079195663814254 36.023542564238944 129.99023482498455 25.538392529302048 26.955005412819023 32.23003542609383
2015-03-06 10.437293535902004 89.54664356573062 11.166825140325857 66.29943561793733 25.44493426987138 28.052465057565193 29.889615795063655 108.00917711373442 21.20798409925088 34.74634389006152 33.036642687741015
2015-03-07 8.658601196289542 74.44146827900579 20.358723518844588 59.867402922415 21.778901839345057 26.06804905968691 24.873583569351197 89.6025762761349 17.653257008223225 47.12777084227711 59.62827784362139
2015-03-08 7.183028283961183 65.75901845058341 30.575999170344193 53.77868809445674 18.067406542831293 21.62699913744238 20.828523291078998 74.33277328709212 31.372971871720843 47.57960082314798 50.490200276938474
2015-03-09 6.851560702109122 54.67216475433091 40.38220355827254 67.90072872964556 14.988413171238442 18.170334991829353 24.49797634178245 61.86735980608874 191.1830343771372 51.879473171755684 41.885824844336256
2015-03-10 17.087951779785524 45.35509799711735 51.0986972144151 58.288191761856844 14.09991718184884 15.583836527210138 23.714475973829483 51.932462112758195 163.39794485150225 55.53891733045959 35.02334258728155
2015-03-11 14.373375626569363 40.544353636730506 70.54525849248576 56.133991190926146 14.695990794724498 13.251230191979113 25.61078360324636 43.111771185537656 135.55215592007858 50.94291775279912 32.99664481636665
2015-03-12 18.654059373308282 141.0099552205891 68.09265806282056 77.95313417659939 12.721249757355675 13.153176829145249 22.662315770331134 35.76529006544819 112.45176303337334 44.94395745173049 30.81504005964038
2015-03-13 19.129541694889586 141.02376648205703 66.79795300930475 99.841053656187 58.36109300785417 11.76327076966479 19.491693346297247 29.670276329880597 93.30217714824812 37.706857323939545 162.14132537549457
2015-03-14 16.316463398065224 125.80739756246754 58.01553244818972 84.0962534276876 48.415433569183975 9.847490836716137 23.56277182301163 24.613956600954236 81.91299953543735 31.456045343589835 145.679352966132
2015-03-15 13.535860518986652 144.1955939563571 55.61475617949842 90.62906073040523 41.36687529565613 8.169310908612958 19.858737555720783 20.419319753470713 84.4733611274925 28.2391696399256 121.6862200305363
2015-03-16 11.229119663958011 120.71420840333664 46.137055811515395 158.96361099769743 62.623103143010816 6.777121383322869 16.498378985038613 22.221840933188897 70.07766363924254 24.28450659811628 101.06366876396811
2015-03-17 9.315486684472083 109.17321369865564 38.27451678624077 178.59956794796156 56.10804133645203 5.6272077233522415 13.68677459585655 21.65315977365251 58.1352378499895 32.9101711793818 85.57829318671396
2015-03-18 7.928119196074684 109.22423188466284 31.751888139654564 153.19676135883867 46.54627678775961 4.668235898248313 11.35431541533045 23.294272421352662 48.22800453613123 27.301718262848787 72.78826056118582
2015-03-19 7.041736324652482 91.9913043728982 26.40938623613826 139.79986902355998 38.69771073401758 4.412740185386076 9.419585535203609 27.812317286627135 40.014018551755434 22.64904111379891 60.383902953664176
2015-03-20 5.841704686647481 76.31442148785348 22.853622521384903 118.80419078586199 32.62944994809758 3.666873907433474 9.613982157847845 23.094111697091222 33.194949218278154 18.943414804736836 50.09345886006629
2015-03-21 4.9474927639910415 66.2503240845719 18.95897654143041 106.72694678328801 27.087784054029584 3.0419762261491834 11.75234181765223 19.26203268081773 27.562350229496985 15.715134725863697 46.51919350318885
2015-03-22 4.104995381511589 56.53858491280037 15.728835798349849 101.87728781200053 22.566180050054303 2.880101484914942 10.007172864119115 15.979454696697411 40.75879018628063 13.037008480134052 48.16290756540316
2015-03-23 3.4054343493228703 51.20330703888978 13.679258681053728 85.0052559720873 23.443439373569156 2.389283206125105 10.43744531892803 13.256283832292246 43.646835883820195 10.815280497173678 49.93104662912572
2015-03-24 2.82509041539495 42.72964248845805 16.01286607296251 70.65583546061998 30.678534360650726 2.9823076930650783 13.181627900001779 11.394745505615097 37.88846912465985 8.991796077143752 43.12424763621903
2015-03-25 2.5988521189387694 43.47265618020293 18.838261240471 59.59617421803166 29.984110409461245 3.6874738589354035 12.084674347087576 9.452887065689081 31.43162956563898 7.45944109002378 48.664229608691485
2015-03-26 5.221214273266176 36.71000336353912 40.37343297674296 59.37278656164014 31.984077568770854 3.059065595543997 10.025240298026402 7.841954331726047 28.283230764594474 6.188225455532361 70.83418489737046
2015-03-27 4.446954852213948 30.454016393553346 57.60278608919882 71.12429959659688 26.534281439178724 2.9784388184301847 8.317385241952731 6.505551934931101 23.60297139823499 6.223766340516098 59.12212630383175
2015-03-28 3.6891181100525734 25.427800138700167 62.11956008671149 59.0917155224146 22.08777604665556 8.62974038210057 6.899961331761873 9.969543447889668 25.888166364590962 9.412666522649383 49.19329446872601
2015-03-29 3.060429638304758 21.094470510252265 63.232826826937114 49.067260094065176 18.51844147542956 17.927154737432588 5.724090563903359 15.182553589066348 58.246881111076675 10.287345553943627 40.85769908188737
2015-03-30 2.5388803750936058 17.49961395326012 53.79452550585323 40.70858350003192 15.365165734789866 39.509949162329164 4.804141410838245 13.007426191790156 51.33531905875242 8.534206900823529 34.101256806644905
2015-03-31 2.88206755587417 14.517673252061295 44.627023403771595 33.7711484859674 12.900035412713109 97.6841620505669 4.31256014302782 10.991198666198475 42.5869075622901 7.07983289218331 35.55063978682206
2015-04-01 22.995208004229518 12.099447937532492 37.546720941403784 28.015970392592298 14.163196029920817 133.49279450237367 5.613484059673393 15.464431689907002 39.380786292168956 5.873308951111255 35.900631421155396
