2015-03-15 19.404170978448796 19.404170978448796 19.404549976280734 19.404170978448796 19.404170978448796 19.40419194281225 19.404170978448796 19.404170978448796 19.404170978448796 19.404170978448796 19.404170978448796
2015-03-16 16.101594872906297 16.097370210875656 16.097684621030904 16.097370210875656 16.097370210875656 16.097387602555003 16.097370210875656 16.097370210875656 16.097370210875656 16.097370210875656 16.111575598108466
2015-03-17 13.401138513250384 15.284537063255462 18.90745014089496 15.3840804408812 24.694184706398527 13.8086985461548 13.531708407106615 13.354104537307494 15.73633417637648 13.354104537307494 13.836243838171447
2015-03-18 11.120580221235796 13.89760796243406 16.205534878170532 12.762371475999043 20.48587562520056 11.45546145077386 11.22567514256352 17.753436535036787 13.054595183712625 11.078337992926178 11.478312556531023
2015-03-19 9.225444208866723 11.52921919031702 13.443884314534955 19.798224592067655 16.994733987814275 9.503255981115785 9.312629168109451 14.727948992883002 11.070426395004134 9.196918662525373 10.531520026952396
2015-03-20 11.721692670106567 13.435793122552289 13.692883636842039 21.452627421031877 29.628930190871028 15.447464171788415 25.85758103246115 15.472478150431408 41.01885799393112 25.34972945442191 73.04244747095404
2015-03-21 14.934295247914198 11.317689860170473 12.468249667601679 17.872070483617406 27.743223591665902 33.50260610880495 40.5840165989196 34.96609888638097 45.677722108197706 130.58174375707728 69.4760306751871
2015-03-22 29.459918822742075 9.442702714290938 28.69859075259489 16.163997170416067 37.92498791740562 27.857583249379207 60.29079376586357 34.818579101672825 51.39179078633047 128.29271515502532 64.97743813693327
2015-03-23 45.060417970222595 16.29418262283568 25.303762748264653 60.18174080025464 43.83846625152236 46.21923728833967 64.53705184511844 35.785344243248694 91.31522041163049 122.83197526392308 71.12253583673854
2015-03-24 54.413535773297674 80.95799293161718 23.28792866314171 61.14054458021123 98.89144393152576 41.66367251738384 56.54816265669748 37.713626330647294 126.77210531487819 109.9735300229776 67.38216534194964
2015-03-25 54.646844211974795 67.16137397454226 24.771100058720005 50.72115588422792 95.59777372572059 34.56347409027911 47.45049955189132 33.88776168260667 117.806082167708 97.07503359977225 55.8990983085226
2015-03-26 45.507502630771114 56.10293767632033 55.60228996055522 42.135986694092125 87.68857782719631 29.848154281893425 40.97797554328563 28.11271071712738 98.08447683170091 92.70367826882865 56.896486748125604
2015-03-27 37.88760658630137 46.554174672245374 61.76123166191791 40.34500772066107 79.74944238103689 40.80567104811215 35.282190977733976 25.402970396705935 87.6889733842199 179.54321361480058 52.47116617728112
2015-03-28 36.91884865792117 38.75068703602273 60.29165938458634 33.752027278691635 71.2914479762752 43.9834698106619 29.28316243413984 21.638288885530443 101.69186727947098 282.76283595876845 51.09468132946435
2015-03-29 42.68508431258999 32.54625485901933 80.05123514471296 28.010692305589746 124.22107473994735 47.00728455203949 28.067617000387447 18.730987188842942 84.67023024232583 257.04303386310784 42.387278594923025
2015-03-30 35.4108199430571 27.61925284739072 66.40914313697628 23.271487030728906 105.1885192067244 71.78496368902192 23.284417679790863 15.538908388760852 71.86531386786629 213.23852901606173 35.16376538486317
2015-03-31 29.774505006997877 99.61478858997883 55.70993256392373 20.68384342386596 87.2626064512042 63.53898747223158 19.454699355029828 15.95713598243459 59.63791829542319 176.89905683711297 33.010913723413225
2015-04-01 25.371708759338347 92.231778719728 47.618603153292945 17.232131755392675 72.39157411934538 52.71086331390204 18.85335685177581 13.237768606544616 49.47460267555486 146.7524487917617 29.193889866843236
2015-04-02 27.978496323316254 80.38704042736616 56.524494448444415 17.892384005567997 60.05481862849376 71.0687388484168 15.987076651484887 22.584837126750127 42.9805774851649 121.78788412143268 83.43504668709603
2015-04-03 34.0695596569562 66.82569084377714 86.58210185427103 25.63442255263726 50.368214213538295 85.29346303474948 13.327597607579637 20.694694870272105 52.80506690781417 101.03315725670959 69.2519743974301
2015-04-04 52.294102408690776 55.700708087306275 79.76941216554138 21.779059634469768 41.94566608494731 70.80708612365618 25.8532680308325 17.232413736115493 56.66071560186952 84.14236528331635 68.41928985408812
2015-04-05 73.55321524960894 51.56934711384023 69.27626345752613 18.06753744698292 40.214617199779866 60.96506839831508 70.94158261773013 14.656309747328285 62.36165904268613 70.3492740677627 58.49684947310498
2015-04-06 61.84575549928644 45.863575008209196 93.67614757257226 14.988521767096167 43.86324213734948 51.10997121164575 71.43806220974139 12.208468426764458 95.0143517301185 73.0476867436337 48.53191921946164
2015-04-07 54.18843804024381 38.64615830573054 82.05052504633345 15.101781784795085 68.69277155014655 46.285944399319604 59.26425415376307 10.127937760994163 84.67231273823494 80.45675008348199 41.966316453340816
2015-04-08 48.29341424279532 67.43152375004627 79.01734470033648 22.12771612398968 73.89292037272213 38.3980322263347 49.62986026719837 8.401964907055858 70.26608747122386 82.56016430239652 35.267832502911915
2015-04-09 40.267510847216336 55.940049075359745 103.4893903963055 46.54805745222811 62.01775825535272 31.854354447963306 41.58038338619606 6.988737438439579 59.397535168829606 68.49050809345594 29.575620225452035
2015-04-10 36.29100990391993 46.45273619959008 88.09284344799026 38.61547675691813 54.69931880090755 31.491912646842913 40.14355870719149 6.283204424190326 49.27518492225193 56.87051366100328 24.542714982006622
2015-04-11 30.153454318800893 42.56751311789322 98.24161812762343 32.034742732163544 50.12860877253898 28.28072173561707 76.68195854704688 5.212439523396968 40.87785532212315 47.17881085981453 20.528425446790855
2015-04-12 25.885836422934204 41.82893157686555 81.49957547127671 26.57547771262622 42.650808923053745 31.65955235860111 72.58461333629421 4.4902717403808605 33.911573510540926 39.248533043114776 17.81829632283161
2015-04-13 21.628456051645205 48.67160060409578 67.6119579258819 22.17547987014291 36.18747896431279 28.177839385263923 60.21504171146357 6.8918901083663275 28.722446193087965 32.57171935435886 14.94923452619123
2015-04-14 17.945041861570154 41.72305418479039 58.28515423039383 18.651225713585454 30.23257822054446 24.759378344985937 50.12295866772412 5.717394814252794 23.827652840493613 27.020944385315406 17.577920372703215
2015-04-15 14.887346650771578 36.509407492154416 48.88639703689625 16.392195846497202 25.167146956942858 23.98837264266263 42.99736191722498 4.743053494478144 21.311587261094108 26.836888004149387 34.65789001391918
2015-04-16 14.746228547638582 33.02591740801058 40.659527256987566 14.855977586610633 20.878237063945992 19.900345941820127 35.754769389213045 6.18829991334124 25.46386880984196 22.68335754952475 47.781684011886384
2015-04-17 15.805550704310454 36.828672896048595 33.73045226110354 17.945719077971845 17.32023036397782 16.508988521372448 38.93748129283821 5.304875678194875 22.193931920165834 18.817727616700747 43.02266356590796
2015-04-18 38.098818063694935 34.15479144492932 28.181496964615327 15.489741961821363 14.368568521492087 13.695576086748353 74.09388566241986 4.416435227669864 25.148819855228407 15.610866772400103 35.70253638779797
2015-04-19 54.67318684697243 28.884135064198873 23.37889056120409 12.850026476642572 11.921871501924786 11.949088743171076 63.942361440440386 3.6637995486192327 22.54526229346592 12.950509559366044 29.618216946238036
2015-04-20 47.334772377047315 24.15518262391629 19.409035088394464 10.6601634073317 13.044126928090796 9.91276078710415 55.25977421955953 3.0394257903666095 18.70316614104614 10.743522463708084 24.570769021728182
2015-04-21 39.38517617437876 22.056806117881454 16.304566472307677 12.921128557947798 10.848884010869263 8.2234577493208 62.61399686456205 5.8803840610111555 26.727182076274175 8.921022419441364 23.59999615003002
2015-04-22 32.67327227757491 18.409758177354963 15.19942734683126 28.989042374269978 15.341946647171763 6.82204068142574 83.43209473205994 209.56035061921511 30.230662119822885 7.400728467336716 22.14797548252526
2015-04-23 27.105190963168052 15.492247310435515 13.260671194399634 26.03883363713846 15.34110912893898 5.6594489176859115 69.21384674781028 179.40343320489123 25.078843121054895 6.139518462355754 18.373583759881125
2015-04-24 22.510322086462587 14.70444719350903 33.957585131611786 32.05101999360858 13.0967551855409 4.694982564249932 57.418630048953425 168.93991624792056 20.90536115173265 5.206777794095344 15.247911833245794
2015-04-25 19.786886572217828 12.260627077017014 67.83002946758047 54.396439746678915 10.940212750358585 3.8948776814165607 49.277360823185354 141.0657461800347 17.342935154034194 4.31945429930613 12.777535055582549
2015-04-26 16.749346150427655 10.940377417958913 58.37328710628284 46.0697500377331 9.075814422778434 3.510790553897788 46.60427801417175 117.07537372479375 14.387404029151792 3.583345819933708 12.84769574237155
2015-04-27 13.953369258585468 9.079756767089407 50.871640825312724 38.23212716074967 7.5963278990685605 62.68137976550813 38.662116378887504 97.1237387836633 11.935545676644372 3.038434066550637 74.31017247708269
2015-04-28 12.17416476487867 7.532411782336774 43.30122210331826 35.09346006205184 6.301784424097656 59.90314787448698 32.11485408202025 80.57220178080541 9.901525689458614 2.5206332228746584 62.441976174565205
2015-04-29 10.099480026541833 6.248760700764358 36.11374067055408 29.112937585779562 5.442044522783732 133.20316773584258 29.883323022445932 66.84132819749733 8.21413730340435 2.091074449896792 51.8008013997048
