2015-04-26 15.055620890966907 15.055620890966907 15.055620890966907 15.055620890966907 15.055620890966907 15.055620890966907 15.055620890966907 15.055620890966907 15.055620890966907 15.055620890966907 15.055620890966907
2015-04-27 13.413033352569329 13.413033352569329 13.413033352569329 13.413033352569329 13.413033352569329 20.61515364023452 13.413033352569329 13.413033352569329 13.413033352569329 13.413033352569329 13.413033352569329
2015-04-28 11.949654220177631 11.949654220177631 11.949654220177631 11.949654220177631 11.949654220177631 18.366013952351086 11.949654220177631 11.949654220177631 11.949654220177631 11.949654220177631 11.949654220177631
2015-04-29 10.645931626976548 10.645931626976548 10.645931626976548 10.645931626976548 10.645931626976548 16.367717534604306 10.645931626976548 10.645931626976548 10.645931626976548 10.645931626976548 10.645931626976548
2015-04-30 9.484446839883104 9.484446839883104 10.912952834708289 9.484446839883104 10.703841783974386 14.581978570462134 9.54033766109171 9.484446839883104 9.484446839883104 9.484446839883104 9.484446839883104
2015-05-01 10.774063894143492 8.449681531922048 14.701234141752398 8.449681531922048 9.536038924519781 12.991066016374612 8.499474592892607 8.449681531922048 8.540905080751667 8.449681531922048 8.449681531922048
2015-05-02 9.59859971245455 7.52781044548345 25.31730366767592 7.52781044548345 8.495644853991053 11.573724061264663 7.572171019674406 34.40753731068761 7.609081388199971 7.996826949773609 7.52781044548345
2015-05-03 8.551380179767989 6.706516676284662 22.58649413399847 6.8710207023892425 7.568759110196198 10.311015930290692 6.746037454967353 30.653630884457485 6.778920854972867 13.428121465036213 6.706516676284662
2015-05-04 7.618413640486004 5.974827110088814 20.122278671263526 6.921637807581126 6.742997789186808 9.186070875020595 6.010036121157132 27.30928046131029 6.039331900070139 13.788545540955509 5.974827110088814
2015-05-05 6.787234946571855 6.3686142199573785 17.926912274291364 6.166478250205734 6.007328086809669 8.189668146223315 5.354333476316026 24.329802956316353 5.380433048196547 12.284197547456953 5.322965813488272
2015-05-06 6.0467389136181815 5.673790244890365 16.065691551720413 5.493707568548571 5.554817083027006 7.438735940035609 4.770168830545854 21.675390266389275 4.793420905678223 10.9439758484121 4.74222341994155
2015-05-07 5.387031947071746 12.231199960601428 16.430247388396307 4.894337030657802 4.948779418772817 6.627160313562196 4.249737296446302 19.310577403517794 4.520457003006242 9.749974054709172 4.224840765961022
2015-05-08 4.7992998562272735 10.89676036621798 14.637686337050928 14.435054372363611 8.667089217102767 5.90412862826309 3.7860855098372017 17.203768655343804 4.039688592538463 8.686239387241967 3.763905222741725
2015-05-09 4.275690089883993 9.707909842146053 13.04069599421903 13.173934280831455 7.721498673524811 5.259980626655266 3.373018727483676 15.326815442228742 3.5989533887786678 7.7385595355539945 3.3532583381423304
2015-05-10 3.8092068202430016 8.648764434189902 11.617939344907592 14.471882242101092 6.879073270365585 4.6861099977301945 3.0050180605785655 13.654640230655145 3.206302960709745 6.894272770477752 3.594957092974667
2015-05-11 3.3936174732859277 7.705173147917541 10.402361778692146 12.892981338565802 6.1285575585621705 4.174849390042458 2.6771667381580118 12.164901478158177 2.856491197665887 6.142098773728475 3.2027426659006513
2015-05-12 3.062657615798203 6.8645288805290985 9.32149476851072 11.486340547535589 5.459924072972326 3.719367970017803 2.385084415272926 10.899198782225595 2.5448443463797017 5.471987924206048 3.016638281371636
2015-05-13 2.7285177440173665 6.115599980300712 8.304507740418078 10.23316606992286 4.864239357754625 3.3135801567810974 2.1248686482231505 9.710082223841528 2.2671985660563654 4.8749870273545834 2.687519177967067
2015-05-14 2.430832960568243 5.4483801831089895 7.398475300724991 9.116714534211487 4.3335446085513825 2.952064314131544 1.8930427549186002 8.650699806257713 2.425945584300929 4.343119693620982 2.3943073906284384
2015-05-15 2.165625968583533 4.853954921073025 6.591292161608855 8.122069292180415 3.860749336762405 2.629990313327632 1.6865093637418374 7.7068973684118784 2.161271811331914 3.869279767776995 2.1330853851448164
2015-05-16 1.9293533993825005 4.32438221709495 5.872173737665796 7.235941121050543 3.4395366351827916 2.4885445508848063 1.502509030289282 6.866064986357296 1.925474286268451 3.4471363852388746 1.9003630353094088
2015-05-17 1.7188584703495757 3.852586573958769 5.231512055583823 6.446490669282898 3.0642787792810844 2.2170411504184 1.3800563636674454 6.11696849501398 1.715402573448748 3.0710493868642366 1.6930309921584363
2015-05-18 1.531328807899101 3.432264440264549 4.66074738425536 5.743170273767793 2.729962036486162 1.9751591189721358 1.2294904453527453 5.449599391112796 1.5282499537801286 2.7359939621030227 1.508319140685818
2015-05-19 1.364258872008683 3.057799990150356 4.152253870209039 5.116583034961428 2.432119678877312 1.7596667272154776 1.0953514617305558 4.855041111920763 1.3615159248207493 2.4374935136772913 1.343759588983533
2015-05-20 1.215416480284121 2.7241900915544948 3.6992376503624955 4.558357267105743 2.166772304275691 1.567684831630475 0.9758472131688991 4.3253499031288545 1.212972792150464 2.1715598468104904 1.1971536953142188
2015-05-21 1.0828129842917662 2.4269774605365124 3.2956460808044277 4.0610346460902065 1.930374668381202 1.396648406947644 0.8693810313129945 14.782247094891751 1.0806359056659565 1.9346398838884973 1.0665426925724077
2015-05-22 0.9646766996912499 2.1621911085474745 2.936086868832898 3.617970560525271 1.7197683175913956 1.244272275442403 0.774530446372273 13.169484988072817 0.9627371431342253 1.723568192619437 0.950181517654704
2015-05-23 0.8594292351747875 1.926293286979384 2.6157560277919116 3.2232453346414487 1.532139389640542 1.1085205752091998 0.6900281818337227 11.732677294442514 0.9565958393557061 1.5355246934321178 0.846515496079218
2015-05-24 0.7656644039495505 1.716132220132274 2.33037369212768 2.8715851368838954 1.364981018243081 0.9875795594860677 0.6147452226763727 10.4526271619731 0.8522300070603803 2.217282433893535 0.7541595703429088
2015-05-25 0.6821294360043414 1.5288999950751776 2.0761269351045195 2.5582915174807135 1.2160598394386557 0.9191290121929234 0.547675730865278 9.312232139800726 0.7592506208508252 1.9753740781108418 0.6718797944917665
2015-05-26 0.6077082401420604 3.8574370176407378 1.8496188251812478 2.279178633552871 1.083386152137845 0.8188508587682717 0.48792360658444955 8.296255676373734 0.6764154048632569 1.7598582340366038 8.624861941587131
2015-05-27 0.541406492145883 3.436585694323227 1.6478230404022138 2.030517323045103 0.9651873341906009 0.7295131804247693 0.43469051565649736 7.391123547445874 0.6026176171230542 1.5678554448119313 62.331527747686785
2015-05-28 0.4823383498456249 3.0616497898519905 1.468043434416449 1.8089852802626354 0.8598841587956976 0.6499223573069091 0.38726522318613654 6.584742494036406 0.5368712626237149 1.396800406012301 55.53107817014315
2015-05-29 0.42971461758739365 2.727619873173777 1.3078780138959558 1.6116226673207243 0.7660696948202709 0.5790149950154728 0.34501409091686147 5.866338647221255 0.47829791967785307 1.2444076912142643 49.47256635873151
2015-05-30 0.3828322019747751 2.4300330485846326 1.16518684606384 1.4357925684419477 0.6824905091215402 0.5158437168433196 0.30737261133818633 5.226313580986548 0.42611500353019016 1.1086412169467672 44.07504595210678
2015-05-31 0.34106471800217064 2.16491332802271 1.0380634675522598 1.2791457587403565 0.6080299197193276 0.45956450609646154 0.273837865432639 4.656116069900361 0.3796253104254126 0.9876870390554207 39.26640194070848
2015-06-01 0.30385412007103 1.9287185088203682 0.9248094125906239 1.1395893167764353 0.5416930760689225 0.4094254293841358 0.24396180329222478 4.148127838186867 0.3382077024316284 0.8799291170183016 34.98238715496051
2015-06-02 0.2707032460729415 1.7182928471616128 0.8239115202011069 1.015258661522551 0.4825936670953003 0.36475659021238455 0.21734525782824868 3.695561773722936 0.3013088085615271 0.7839277224059655 31.165763873843392
2015-06-03 0.2411691749228124 1.5308248949259948 0.7340217172082245 0.9044926401313175 0.42994207939784873 0.32496117865345436 0.19363261159306827 3.2923712470182025 0.2684356313118574 0.6984002030061504 27.765539085071573
2015-06-04 0.21485730879369683 1.363809936586888 0.6539390069479779 0.8058113336603618 0.3830348474101353 0.28950749750773636 0.17250704545843074 2.9331693236106267 0.23914895983892645 0.6222038456071319 24.736283179365753
2015-06-05 0.19141610098738754 1.2150165242923163 0.58259342303192 0.7178962842209735 0.34124525456077004 0.2579218584216598 0.1536863056690932 2.613156790493274 0.21305750176509508 0.5543206084733835 22.037522976053385
2015-06-06 0.17053235900108532 1.0824566640113549 0.5190317337761299 0.6395728793701779 0.3040149598596638 0.2297822530482308 0.1369189327163195 2.3280580349501805 0.1898126552127063 0.49384351952771016 19.63320097035423
2015-06-07 0.151927060035515 0.964359254410184 0.46240470629531194 0.5697946583882174 0.27084653803446124 0.20471271469206792 0.1219809016461124 2.0740639190934336 0.1691038512158142 0.4399645585091506 17.491193577480253
2015-06-08 0.13535162303647075 0.8591464235808062 0.41195576010055346 0.5076293307612755 0.24129683354765022 0.18237829510619227 0.10867262891412435 1.847780886861468 0.15065440428076354 0.3919638612029826 15.582881936921694
2015-06-09 0.12058458746140618 0.7654124474629971 0.36701085860411226 0.45224632006565857 0.2149710396989244 0.16248058932672724 0.09681630579653414 1.6461856235091012 0.13421781565592864 0.34920010150307507 13.882769542535783
2015-06-10 0.1074286543968484 0.6819049682934439 0.32696950347398895 0.4029056668301808 0.19151742370506772 0.1447537487538682 0.08625352272921537 1.4665846618053133 0.1195744799194632 0.3111019228035659 12.368141589682876
