2015-01-18 0.5258857072630602 0.5258857072630602 0.8593852197461757 0.5258857072630602 0.5258857072630602 0.5258857072630602 0.5258857072630602 0.5258857072630602 0.5258857072630602 0.5258857072630602 0.5258857072630602
2015-01-19 0.4685109024889861 0.4685109024889861 0.7656251906606216 2.7924533033275716 31.97756383797854 0.4685109024889861 2.747099308120936 0.5563812261795792 2.00747186044239 9.890972270566843 0.46875254539555444
2015-01-20 0.4173957624622111 1.086510240468032 0.7228354887111633 2.4877930684012894 28.56908175378114 0.4173957624622111 2.468492200888846 0.4956793212007372 2.0226861174822885 8.811854517009644 0.41761104181792075
2015-01-21 0.3718573497347935 0.9679705804793216 0.6775330385954094 2.539911968627709 25.452158312890173 0.3718573497347935 4.368657765412995 0.44160007186641026 1.818508831363541 7.85046989364305 0.3720491418368372
2015-01-22 0.3379593002303362 0.8623637493465879 0.6036133155823793 6.960849530007476 22.67529521485884 0.33128723620979134 3.8920316032002757 0.3934209379564666 9.455685817238509 7.376669374792899 5.235738884556637
2015-01-23 0.3010875073588126 0.7682787588635719 0.5377583291047816 7.571948103473814 20.20139144037151 0.2951433740755589 3.467405966252816 0.3504982093149861 8.424058373715575 6.571865290148091 4.664513060769039
2015-01-24 1.8274885810000387 0.6844585614460071 0.47908820606874064 6.745838859209994 27.29091906969912 0.26294285363153014 4.3931398668896495 0.33673457012326713 8.820339765986606 7.3861994872700665 4.155608706588007
2015-01-25 1.6281072342290424 0.6097832550124285 0.435724231405911 7.08557977960217 24.31344481606669 0.23425545124449304 6.333612734908954 0.5822818964740583 17.242139357910652 6.580355655137733 3.702226469792088
2015-01-26 1.450478647969667 0.8273798998947387 0.38818615922221067 6.31253394292868 21.66081682020969 0.2086978812311056 5.642607466727717 0.5187541951650644 15.360999851959694 5.8624304180697395 3.2983088162030048
2015-01-27 1.2922295681661087 45.60445408429498 0.34583455165088917 5.623828397972543 19.297593938997515 0.18592867486739678 5.0269917590768305 0.46215744750247917 13.685095077464831 5.222831744645264 2.938459096386237
2015-01-28 1.1512456658222308 42.030830892138326 0.30810355875441614 5.010261510794977 17.884778783982657 0.16564361810489572 8.976042166979814 0.4117354775589699 12.192033662142086 4.653014106367137 2.617869442278318
2015-01-29 2.4583779561320176 37.44521336417941 0.28592282561993904 4.886052476828719 15.964946525752502 0.1475716870377795 7.99674446053595 0.3668146091701867 10.861867161126249 4.145364302851399 2.332256530384519
2015-01-30 4.261588779617122 33.359892586638935 1.1121373203738611 4.35369876334968 14.223150394971965 0.1314714268157651 7.124289389187337 0.3267946651048689 9.676823530458023 3.693099743635032 2.077804353294003
2015-01-31 3.796643981002147 29.720285542736036 0.9908017131171047 3.8787046474374103 12.671386454797783 0.11712772562224656 6.34702028448782 0.29114094823702913 8.621069678955323 3.290177827568866 1.8511132348960437
2015-02-01 3.3824252559100474 26.47776429278839 0.8827039761472809 3.455532998446965 11.288921949640203 0.6337628127032561 5.654552235460929 0.25937709758253213 7.680499925979844 2.931215209034869 1.6491544081015022
2015-02-02 3.0133983246957703 23.589006267667223 0.7863998408469932 3.0785299188080444 10.057286094120796 0.5646184774423467 5.037633338229732 0.23107872375123958 6.842547538732413 2.6114158723226315 1.4692295481931181
2015-02-03 2.6846327047177074 21.015415446069163 0.7006026101563531 2.7426583584227693 8.960023289222878 0.5030178777917368 4.488021083489906 0.27322938028437693 6.09601683107104 3.2588957036502615 1.3089347211391589
2015-02-04 2.891387997961196 18.7226066820897 0.6241659673140708 2.4434308158157325 8.013782077225404 0.8234940577313438 3.9983722302679743 0.24341970465363072 5.4309335805631225 2.9033460049350768 1.1661282651922589
2015-02-05 2.5759338610299913 16.679946293319464 0.5560686601869306 2.17684938167484 7.139468180056138 0.7336498004290405 3.5621446945936683 0.21686230284601957 4.838411765229009 2.586587234114535 1.038902176647001
2015-02-06 2.2948961748059142 14.860142771368016 0.4954008565585524 1.939352323718705 6.360543049815754 1.12851257831201 3.5569294439600116 0.1932023476184809 4.31053483947766 2.866763991094385 0.9255566174480215
2015-02-07 2.19866728791486 20.6170353305861 0.4413519880736405 1.7277664992234825 5.775650498338106 3.7101205375708997 3.168863882139604 0.17212372383500885 3.840249962989921 9.596498625439205 0.8245772040507509
2015-02-08 2.2306149357161282 156.51132961111117 0.3931999204234967 1.5392649594040217 5.145519625396029 7.412672422269326 2.8236999255910398 0.15334480492615113 3.4212737693662065 8.549508324039316 0.7346147740965588
2015-02-09 6.179823803060872 141.92788323597898 0.3503013050781766 1.46173631217924 4.584136838431283 7.241529620280895 6.446412779296264 0.13661469014218847 3.04800841553552 15.366760845380343 0.6544673605695791
2015-02-10 6.615407782114097 126.79378033002992 0.31208298365703546 34.16101768074289 4.095470781315081 7.776177062831263 27.87473227004983 0.12751052212196984 2.7154667902815612 16.872900624018 0.5830641325961292
2015-02-11 5.893658313061073 113.48181157941262 0.2780343300934653 30.440503273469805 11.922882152432054 6.927786177308681 31.0012585420615 0.11359896070786832 2.4192058826145044 35.61688890037705 0.5194510883235004
2015-02-12 5.250652636263265 101.88868855389123 0.3216294992268667 28.99885392993746 10.706424841520079 6.171955824914664 27.650897850897962 0.11175056307612552 2.15526741973883 52.393593361547744 0.46277830872401077
2015-02-13 4.677799703047135 90.77250202566196 0.2939062664326895 25.835041793720226 9.538340167176123 5.498587532835274 24.634149450794457 0.09955843339598135 7.4165153944882904 52.82865379911726 0.4122886020253754
2015-02-14 4.167445759161954 81.2217371772229 0.2618407160182961 23.016405617127436 8.497695028123719 5.014959249769855 21.946532168190323 0.08869648069254013 89.19785473870718 53.76826363029942 0.3673073870482793
2015-02-15 3.712772084756777 72.36034153631941 0.23327355825764862 20.76006440010564 7.570585607702954 4.7502132635273435 19.756576059872664 0.07901958095254336 79.94379298320816 47.90207714486557 0.6025855539391025
2015-02-16 3.307703891057048 64.46573551890413 0.20782311402777492 22.24101495921422 6.7446250134742645 4.382803457420856 17.601108286582672 0.07039844337860766 74.79474587841052 42.675899124620386 5.156063654825139
2015-02-17 2.9468291565305367 57.432441137765814 0.18514934588727824 55.594900971397585 7.705049507998368 3.9046339820772875 15.680804810365805 0.06271788296507681 66.63454322670836 38.019903825610726 17.131349702149574
2015-02-18 2.6253263181316324 51.166488189306065 0.16494931491549847 52.46928016624453 6.8644187298835995 3.478633409439864 13.97000890496376 0.055875281538062774 59.3646291445415 33.871883582055574 15.313007728124234
2015-02-19 2.3394006704199466 45.58415873959559 0.14695313321634476 50.11351694738662 6.467224176703408 3.0991100453501326 12.445863025841339 0.049779216697990694 52.88787200774864 30.17641766425212 13.642338955858989
2015-02-20 3.7330806439818396 40.610868588611446 0.13092035800914806 44.6460680099309 6.6419746577617875 2.7609931667782823 11.088003415872295 0.04434824034627008 47.1177373768736 26.8841318151497 12.153942288210787
2015-02-21 4.742080157446377 36.180170768159705 0.11663677912882431 39.77512476005384 5.917326708520596 2.463623072554573 9.878288029936328 0.03950979047627169 41.97713183072984 23.95103857243278 11.246732909668742
2015-02-22 4.224713133587715 32.232867759452056 7.501375689473316 35.435607662604035 5.271738779438593 3.2663887629300037 8.800554143291334 0.035199221689303846 37.39737293920525 31.33028505105585 15.571939067537263
2015-02-23 3.7637915152239514 28.716220568882903 6.682965986040882 31.56953744313792 4.696585320972559 2.9100215618423486 11.503498277541382 0.03135894148253842 33.317271613354166 168.2456111060562 18.69916331094537
2015-02-24 3.3531570362605034 25.583244094653022 5.95384583033931 28.12526044037502 6.377333663956501 2.5925344792060963 12.723060892395987 0.027937640769031397 29.68231457227074 183.56168347225693 20.392067606566748
2015-02-25 2.9873233053277417 22.792079369797783 5.304273618254495 34.26113445987641 5.834565609536996 2.535798178841025 11.401911859926702 1.7206860457716129 26.443936003874317 172.81276140895295 20.336877899557884
2015-02-26 2.6614025033872464 20.30543429430572 4.725570567168549 46.840631013904236 5.715305766887995 17.64314884510163 10.157948660357828 1.6809294960486563 23.558868688436792 174.67130195860113 18.118098451692717
2015-02-27 2.371040078723188 18.090085384079853 4.210004760772176 79.58026521732883 5.24802994578022 33.26935306345117 9.184302132129847 1.9942647776187081 20.988565915364916 155.63798055297443 26.203797501500627
2015-02-28 2.112356566793857 16.116433879726028 3.7506878447366576 73.64590183682411 5.387223425940747 32.64876762662486 10.997948538170379 4.51588338453211 19.29709213436826 138.65767736859596 30.62151763905202
2015-03-01 1.881895757611975 16.824814872020248 3.3414829930204406 66.28546453337529 5.236159897077914 29.839620323774312 26.35342512384479 4.094878735608695 17.1917546463447 123.52994702799889 35.35517991164101
2015-03-02 1.6765944000078015 19.07544285639064 2.9769229151696543 61.762767368209396 4.743943031879556 26.584079496244946 23.748415055129186 3.64812221649392 15.41124654409593 117.06251203378119 31.49788446290205
2015-03-03 1.4939197095665486 16.994287588717714 3.6123537519486244 60.45308290546251 4.2263727660322905 24.29648440200771 26.15625022806669 3.250107406293727 13.729859791079795 105.58354478205871 28.116683619714493
2015-03-04 1.330931154257426 15.14018902849689 9.710123024637543 53.857574068108214 3.785613516851798 21.64570680906542 23.30516869449105 2.8955165220855044 12.231914488119578 94.0642447030492 25.921596488162937
