2015-01-04 11.00226172853457 256.6906023022228 2.79498805414815 0.40748694711097155 35.13511212215919 54.099083827625634 3.0504017256113944 7.422584718183943 0.7721765614504505 0.5799178672811487 9.872724257412575
2015-01-05 9.801900870595961 228.77214199694737 2.490051274658148 0.3630295988400848 31.30182635134872 48.196804434598434 2.7175989871602706 6.6127712107181456 0.6879311087742213 0.5166480845874547 8.795597385481894
2015-01-06 11.899169806479929 206.1556361494985 7.413374567241185 0.35606585200231217 28.308546006006697 46.11516943681492 2.5564512328920728 5.891309394984136 1.2860846545292337 5.831790371962322 7.839378672485959
2015-01-07 10.946916190982439 183.6637919829944 17.53232941619304 3.084680142254966 25.22004734916819 41.08394533808296 2.2775391263718374 5.248559988159504 1.5899917496610723 5.215898126959195 6.999914054203375
2015-01-08 13.813315155611836 163.9001454055522 43.62941938415178 2.754367185138304 26.358007068297468 36.60163423784587 2.0290566881991383 4.675935365533976 20.955014276676817 5.789771890957521 59.82333739837402
2015-01-09 12.306264765403105 146.0184294448217 38.869393802548096 2.45386219452753 23.482314709880214 32.608349024338445 1.8076840025506944 4.1657848232612995 18.66879535770389 5.158100355979024 56.83113651526477
2015-01-10 10.963635504593253 130.0876316172572 34.628693113582145 2.186142683597616 20.920364074000315 29.050736346455906 1.610463360675211 3.764970055109501 16.632005853402706 4.595344995180939 50.6332195622905
2015-01-11 9.76748881720004 115.8949042537271 30.850658305765528 1.9476317144889972 19.468289845020564 25.88126377209053 2.3155529786730993 3.3542069959338168 14.817432694899091 4.093986965619322 45.10907040336296
2015-01-12 8.701843266693613 105.59880890563554 27.484811938392117 1.9435804068933473 17.344274467313404 23.057584718407455 2.0629231804859085 2.9882587130547957 13.200831794016352 3.647327739753512 40.187612998858384
2015-01-13 7.752461011755484 186.85737304965133 24.486183724241833 1.818811858485072 15.451991890003729 20.541972669041474 1.8378556171168878 2.6622358569322175 11.933852191818822 3.2493996079841048 35.80309290580297
2015-01-14 6.906657577805918 167.20439247347397 21.814709692075887 1.911443871349131 13.766159767519241 18.300817118922936 1.6373432134164574 2.37178251232816 10.631853620167664 2.8948859454787597 31.896929575239337
2015-01-15 6.1531323827015525 148.96217892205212 19.434696901274044 1.9265258572171644 12.264254090598003 23.931760471004008 1.458706969988506 2.1130179999408307 9.4719047616631 2.579050177989511 28.416933671193405
2015-01-16 5.481817752296625 132.71021425304812 18.576757790582732 1.7163394166589898 10.926208248261172 27.147501184370018 1.2995601697051384 1.8824850275547496 8.438507810513029 2.297672497590469 25.31660978114525
2015-01-17 4.975887380708168 118.71117339952956 16.64651587302643 1.5290845861952316 9.73414492251028 24.18567400586859 3.3825319043113833 1.6771034979669077 7.5178557914032975 2.046993482809661 22.554535201681475
2015-01-18 11.140132647804482 106.07625203725208 14.830359652782057 7.501135997102754 8.672137233656702 21.54698596918845 10.514169229445889 1.5053098610587612 6.698880086173454 1.8236638698767553 20.094125582482373
2015-01-19 13.681258248363385 94.50319696511941 13.212348404223743 9.056051265547316 7.725995945001863 19.196182179737864 9.367059888823942 1.3410786256212626 5.968023681747776 1.6246998039920522 17.901830723584542
2015-01-20 15.953476332492933 85.24617546064994 11.770864256946487 9.836111818659449 6.883079883759619 17.114911095746432 8.345101647697039 1.194765228491391 5.316904647900282 1.4474429727393798 15.94871804400681
2015-01-21 14.43861399686592 85.01693582378319 10.486647877917562 9.82294013751669 6.186717007863161 24.838734596460355 7.434640360684125 1.0644148105416296 5.103879071866947 1.2895250889947554 14.208692461387367
2015-01-22 13.463776067707812 75.74147914562793 9.342541152025866 8.751244776882908 5.5825198524109725 22.128796812214624 6.623511567167917 0.9482857902811299 5.923011498102291 1.1785166676075207 17.437631125455102
2015-01-23 12.7607225596408 67.47798668089315 8.323257936513214 7.796472753857321 4.973459780505931 19.714516713990037 5.900877964777607 0.8448265949921572 5.4868719896214095 1.0499389884785644 18.667265859284196
2015-01-24 12.232091857534593 60.11605183669861 7.415179826391027 25.048499661448904 4.430848943175268 17.563637669250017 8.652312595004805 0.7526549305293804 16.053364533612406 0.9353892989611174 16.630643225221206
2015-01-25 10.897554956052453 53.557313520972976 6.606174202111869 74.25814044486177 10.087727818890004 15.647422285416217 7.741622404363992 0.6705393128106312 31.389009319431953 0.8333371274066502 14.81621873119889
2015-01-26 9.70861774121103 47.71414196287509 5.885432128473243 74.44482857899757 10.95076061087932 25.198607685800827 11.593162932322127 0.5973826142456953 145.86072002887354 0.7424189785853373 13.199750275311974
2015-01-27 8.649395100559463 42.51903209516463 5.24332393895878 66.32280235320623 9.832455432824446 23.357131738517477 10.32833399559788 0.5322074052708148 132.86620789980816 0.6614201163447369 11.759640600048028
2015-01-28 7.705735007777758 37.88015119015012 4.671270576012933 59.08689959994652 31.74814913745917 21.99211143255252 9.20149951720344 0.47414289514056496 118.37033430210691 0.5892583338037602 10.47664873637388
2015-01-29 6.865029440758341 33.74737813826698 4.161628968256607 52.64044311247927 51.08813037093615 19.76964253295739 8.197604124845494 0.4224132974960786 105.45597909559046 0.5249694942392821 9.333632929642096
2015-01-30 6.116045928767296 30.065495923979363 3.7075899131955135 46.89730329124723 48.18391993394497 17.61274919070447 7.303235006646808 0.3763274652646902 93.95059659649596 0.4676946494805587 56.362232451577505
2015-01-31 5.448777478026225 26.78531177892681 3.3030871010559344 41.78074738641087 45.44253287869909 15.69117567692591 6.510691025666408 0.33526965640531553 83.70046607633837 0.416668563703325 56.52545212130042
2015-02-01 4.8543088706055135 25.170200961132142 2.9427160642366217 37.222414289498786 189.26074374194548 13.979248296688166 5.800366288974014 0.37203080379783654 74.5686379351588 0.37120948929266856 50.358452837169665
2015-02-02 4.324697550279732 22.941831662904214 2.62166196947939 33.16140117660311 193.87462049654715 12.454094388085007 8.051882785853074 0.3314417662122127 66.43310394990405 0.540277760899446 44.864281080165185
2015-02-03 3.8528675038888776 21.726588874518548 2.3356352880064666 29.54344979997325 172.7847809542052 11.095336725943726 9.853153395132155 0.2952810446566303 59.185167151053435 0.4813327646250491 39.97170154353873
2015-02-04 3.4325147203791695 35.392236865748586 2.0808144841283034 26.32022155623963 153.9337398662607 9.884821266478694 10.130849529796537 0.2630655041757322 53.52279565705379 0.42881874300340195 35.61073766702687
2015-02-05 3.058022964383647 44.38341669598809 1.8537949565977567 23.44865164562361 137.13937152540012 8.806374595352233 9.025560859768394 0.23745832874825443 47.683390042156546 0.38203406845628235 31.72556053958613
2015-02-06 3.128317178959725 51.69781544252571 1.6515435505279672 20.890373693205436 122.17729029855072 7.845587838462955 8.04086060046528 0.2115513206935671 42.481071065143084 0.3403536618736406 28.264261217001017
2015-02-07 2.787013764671621 46.88661603717333 1.4713580321183108 26.0705280222393 108.84759131283893 6.98962414834408 7.163592401699676 0.1884708004267948 37.84633175716463 0.30322064107759683 25.180594087409908
2015-02-08 2.482946990385428 41.771226125455996 6.0608981716620285 23.22619999625479 96.97217957327175 6.227047194042503 6.382035287954116 0.16790839450711517 33.717248448771976 0.2701388804497229 22.433358994485697
2015-02-09 2.212054290944791 37.213931810318996 5.602135362605779 20.69219180393454 86.39239047710258 5.54794889736727 5.685747057164733 0.1495893734313913 30.038653422230293 0.2406663823125245 19.985850771769357
2015-02-10 2.64121261164935 34.661073805771075 4.990935213394153 18.43464715363932 76.96686993313034 5.022566091005784 5.065424764898267 0.13326898103744306 26.761397828526885 0.2144093715017009 17.80536883351343
2015-02-11 7.8322129654523085 30.87950622292914 4.446417783934332 16.42340351854672 68.5699091971824 4.474597692252186 4.512780429884195 0.1187291643741272 23.841695021078255 0.1910170342281411 15.862780269793065
2015-02-12 29.045349685849146 27.510512510814202 3.9613079040235046 14.631589142174812 61.08884420676927 7.040644474623238 4.020430300232638 0.17428847212497992 21.240535532571535 29.591809362843872 14.132130608500509
2015-02-13 40.55409001626584 26.44465485257991 3.5291241338537342 13.035264011119649 54.42397299648563 6.272506982052506 3.581796200849837 0.16369583641329735 18.92316587858231 26.363305028810892 12.590297043704954
2015-02-14 36.162109844009585 23.807783144295424 3.3222379571850733 11.789811177562491 48.48624777867348 5.76387445531028 3.1910176439770574 0.9397562000206879 16.858624224385984 23.487034656110385 11.216679497242849
2015-02-15 38.9476005124493 21.21032348501597 3.040081058156257 10.503527665207068 43.19633599345508 5.4760243150057315 2.8428735285823654 6.432835305933058 15.019326711115147 20.92456906804647 9.992925385884678
2015-02-16 34.698367371183096 18.896250004142665 4.634336765180446 9.35757933288457 38.483560364928536 16.480375836226482 2.532712382449133 5.789041418222624 13.38069891426344 18.64167176036159 23.00723728310189
2015-02-17 30.912731012549596 23.780576876920197 10.503781686432742 8.336655432563392 34.2849545985912 14.682345706965194 2.256390214942097 5.1575714526156 11.920847510539128 16.666304904408236 22.74467941579258
2015-02-18 27.540112433297548 30.32966002810915 10.612664653355667 12.906657130418397 30.844539788773883 14.37463549309249 2.010215150116319 9.16811874476258 10.620267766285764 14.847989675473347 20.945628501746768
