2015-03-08 48.36378777457922 48.39558894130314 48.3734529246947 48.35991835674572 48.54991792391406 48.38151471335052 48.35589445630991 49.23611373957115 48.35589445630991 48.429264777608374 48.35589445630991
2015-03-09 41.10229184932901 40.63083002221364 50.589674333888254 40.51459359998372 49.27099436639614 40.329225523248176 67.94748800013502 54.99913905591051 44.67502966762819 64.28091723876723 40.14106348746733
2015-03-10 36.37872900387925 40.85858226284594 42.70457961076395 33.91171951352654 41.752144220860615 33.46496366338474 81.50840071657028 48.29921112297626 52.050556630200674 53.60431668796288 36.47746679865516
2015-03-11 30.17917483962205 33.895584908368 35.42699291083977 28.132585726175655 34.63686871072631 27.761964671475955 69.27875441636573 40.92769875774218 43.1969939569027 44.46922940358799 30.338689080190203
2015-03-12 25.049597289225655 28.11920073215905 29.482543610427904 23.33831462969451 28.73415716658434 23.030853706366653 61.45504121981196 46.783726147200504 35.835491477243025 37.68144594662743 25.48954124827989
2015-03-13 20.91140998929252 23.327210666314915 24.51068221711775 19.361106946753527 23.843546028866534 19.233009558570238 53.486673956380905 38.83939393580141 31.69220511978228 31.30959620325866 21.174409209597975
2015-03-14 18.260479641213923 22.789808129231634 20.333645081166917 16.06164502262905 20.160992794176508 15.955377608116851 44.88268760103365 33.084671232405086 29.674967513565516 25.973908485790105 17.5659297386131
2015-03-15 15.26582528929022 18.906037207077922 16.868446117673592 13.324467528764318 16.72521671691613 13.598146152891067 37.354469657832794 29.05748370859368 29.82035184123001 21.547512706599285 14.603243089353533
2015-03-16 12.664269013563516 15.684126906577552 13.993775994861323 18.18906014535691 13.874955320088093 55.82955012400922 31.195171869318663 24.105594264923788 26.500219829317917 17.875450053852077 12.11460208992314
2015-03-17 10.506138868893581 13.01128492064656 11.609587754039667 15.089334930767484 13.316111653475554 46.52900074367119 26.723223483283313 21.52965473346839 21.984131645504647 14.829169332843922 10.050067844462049
2015-03-18 8.715714113594375 11.197933843053091 9.631116540871492 12.517855613942029 11.824437137879023 44.04693660407608 22.171551344217306 17.860635383077216 18.237661699402068 12.302026658891068 10.311248986062502
2015-03-19 7.230408188761276 9.289615457869017 8.021032048039014 12.27046030459895 10.088371362039448 36.540589441219524 26.972959070733992 16.549483805174766 15.129653953371264 10.652583351627383 10.569558720855607
2015-03-20 16.146878317358684 7.820288910534802 8.128284797919367 16.421271658245598 9.131573000649754 31.0886450178397 23.307502202737123 13.985269511836217 12.551303589334202 49.75588563013179 14.484504581461913
2015-03-21 16.509329187514037 39.930441431629944 41.193951555711195 15.853158166958154 41.113079557125936 25.83051228875147 23.773191767439 11.806785873382628 17.54452483106939 74.77033811413018 12.692464266677982
2015-03-22 19.840671015553664 36.573203929239114 38.38521486895565 14.611016265597758 43.00224933143421 21.428553660467944 32.022633968043 14.208546882238384 14.554639396513856 62.29762732489911 23.468029374090328
2015-03-23 25.62845460829523 88.12402271951207 60.90159820684113 16.25467526621836 53.501271235911176 17.776763652477914 27.211764812879387 13.484170574870346 12.211412046285037 60.7282076836155 83.36226684892978
2015-03-24 27.06056441058067 94.13155857022468 64.53544691084763 109.94979456542161 46.06944336949323 15.297603431648458 22.72109522535083 11.18623856547985 10.142812776434527 50.379815649508906 71.45105403254405
2015-03-25 33.13018464079841 81.73634037116157 53.53750911605132 124.75617192004098 40.17384080307544 42.433797100566835 39.624860478338036 9.340818636644386 15.125116355367561 41.79748456528673 80.77723761667362
2015-03-26 28.150965831170556 67.8139885426032 44.433384564946834 103.90603896487612 33.340853273857455 69.71976490313101 43.46498822993764 8.238896873481908 12.651126985725234 38.300835442644626 89.40578044819114
2015-03-27 23.353562452182718 56.39714494451538 39.26434454382024 86.8736888497397 27.779484715731936 58.26798172333601 40.59461943249019 6.834848716236222 11.45761819815407 36.497477632171616 83.05618189167575
2015-03-28 19.419325306291107 46.888439177252316 93.16805754075679 79.78196292389188 25.511994832780076 52.91947547223776 39.77351713542003 5.815774265898442 9.745235585058676 43.397075404821734 68.90199584908349
2015-03-29 16.132604645589673 40.63840043138746 85.28810705517118 71.5566966437346 30.77358391792787 45.31780462785735 40.55421251941387 11.017375241666798 37.68146128989851 36.0014756433818 57.81904441676134
2015-03-30 13.383334425066279 50.11327850129356 73.14517629403818 114.90540268514165 34.08685035639254 47.521039783640035 33.84384409026441 38.107605247542786 50.289458650273815 29.876565084607794 48.45164987747896
2015-03-31 11.102586610658328 51.75240521909172 64.51270021264793 115.2533981606299 47.990276206449046 40.67104854554511 28.248167388124852 54.461112915691984 42.84849033329098 24.78729844341095 40.21126984998403
2015-04-01 9.216114348145782 44.53255946150532 67.7017234907925 96.37683338910254 41.40622650508402 36.22407692842523 23.494337229341955 48.67399521069882 37.67512695254736 22.065698134385084 38.54660919627403
2015-04-02 7.650083419353104 36.94345390410106 59.04475435724553 80.16884300074656 34.4562138707945 45.195666989796976 20.628842082551774 42.88110818755387 34.18695074572492 24.332274969785743 31.97766234437938
2015-04-03 6.352306765508234 30.698369368571885 70.46607089718175 66.50670861402644 28.586138096580434 37.838943428470785 22.75537073761187 35.73316580007902 68.26319549349459 57.90793288647659 26.5281247937635
2015-04-04 8.40581087146044 27.77589416607658 83.18728348596349 55.17283429710776 24.33255637570535 31.4447432351359 19.386984137278752 29.664131583666386 148.35519947480975 79.85906999863684 22.03734907199223
2015-04-05 20.903583542730736 23.042409378169086 123.49172070960357 68.0831968208608 34.30506905170954 26.31756435692622 16.115858298618257 24.608859024006872 142.98045299763595 106.80339575097103 18.281809971275365
2015-04-06 19.05537769325206 24.4157945413032 151.47031940815103 56.48827479674805 67.30337150015596 22.019638203548208 13.378548698772216 20.415090890336508 127.23716795575496 102.42759848209653 15.16627860882787
2015-04-07 24.952890082972644 46.15602754265934 136.5272399948868 46.86171199927907 74.8309037429293 34.41459941535072 11.09861645352191 16.955051451465614 129.3611403988698 87.08582129941685 28.315268272734176
2015-04-08 22.218707470146697 40.14728002838516 141.4100443447561 38.875679234406554 86.4680763769539 28.554423352632877 9.225803975482547 16.006020140242825 110.69111229134288 77.5765733590765 28.39249029104519
2015-04-09 18.577924143229033 35.85159546983854 117.32050907744946 35.13129430091608 94.7422488583703 23.68826394984259 9.63765244012272 13.385411824040897 92.65553436442485 98.3163655266787 56.50305363805051
2015-04-10 15.647891901121907 57.015194817307446 97.32709890287981 44.23796054674749 79.70748813229807 19.651380874608993 10.462674700732816 11.108787485681617 76.97649570332533 98.59071178400363 46.8749726028456
2015-04-11 15.867615618214552 47.709861644311616 80.7409058768884 39.27953811554162 69.73688746166671 16.302451336097995 9.888504075880656 9.236297624809886 64.75172810387542 89.51162474681712 40.868484566287215
2015-04-12 15.28579868935789 39.66255614882971 66.98128224623039 32.58719580579484 72.95839542996765 13.524236350700491 8.72476111723616 7.671081480100734 53.72975358439109 88.18801839688257 47.500181794894885
2015-04-13 12.733817117277322 32.903381986604956 55.56653251067159 27.033783386197747 61.295373253234985 11.219476451655549 7.237913429107386 9.711395071174678 44.77200458736171 126.08434474542139 49.2215017414954
2015-04-14 10.566549353733299 27.296086063993943 46.09705027606134 22.438173883142465 51.62796765368282 9.475579193736106 6.004449875855189 9.767177728908319 75.41067646648341 113.52915958198766 77.59156797920006
2015-04-15 8.866690309675645 31.41076231604196 38.2413288744559 18.616060541736 43.66009594428834 7.860779335198319 4.987006982095582 21.401648602794328 70.99206229771876 94.75387211221077 64.4562416050209
2015-04-16 7.3556554731743615 26.057834172286167 31.724356012509165 15.480705429731213 36.67059120952743 6.62495102784544 4.137136171609102 19.714666109394386 66.88287399113868 78.71141169148729 63.367246535217674
2015-04-17 10.430005698742237 22.103307757613138 26.317986169165355 12.842529923316954 31.66602661478949 5.623384574146178 16.836290284595204 16.354951690498694 143.65714716639303 65.29773558285352 52.573231905361965
2015-04-18 10.071630975629535 18.76131742041325 22.206489339089067 11.767932547367332 27.08452739656338 6.7804002470177 53.82540933788748 13.5678276722286 135.90699218488933 56.721172948136164 44.228951235695625
2015-04-19 15.940971363922884 15.56406983300397 26.31470608718905 10.343005735361423 22.731823049360937 10.309736526200298 44.988568667393906 11.255639070578896 143.402353913349 73.31103561265208 44.5078738196041
2015-04-20 13.81631093843145 13.729046729512921 26.021759368909215 11.471157346250362 18.857933771046692 9.858539663666022 38.97920566583468 9.402851399397056 134.047747411192 78.60181011368519 61.21449691265961
2015-04-21 11.480537724666489 11.389383658432479 22.24534932715415 9.516277029040994 19.678021336592256 8.17847682752802 33.0171095690757 7.865614777786161 117.58669708844766 108.53528673287968 50.88266335629777
2015-04-22 9.935342195115625 9.683556681510021 18.45436344521714 7.894541567164284 17.12272467483908 12.094233710874885 28.92135453099343 6.525180238557444 125.49575978326396 105.10289257253353 42.640206480079364
