2015-01-11 1.180573496302236 1.180573496302236 1.180573496302236 1.180573496302236 1.180573496302236 1.180573496302236 1.180573496302236 1.180573496302236 1.180573496302236 1.180573496302236 1.180573496302236
2015-01-12 1.0517714145261206 1.5461325359150957 1.0517714145261206 1.1139055127242117 1.0517714145261206 1.0517714145261206 1.0517714145261206 1.0517714145261206 1.0517714145261206 1.0517714145261206 1.0517714145261206
2015-01-13 0.9370218049779722 1.3774474943218307 0.9370218049779722 0.9923769934154577 1.5014716900559253 0.9370218049779722 0.9370218049779722 0.9370218049779722 1.128815613649729 0.9370218049779722 0.9370218049779722
2015-01-14 0.8347915249244224 1.2271662069969413 0.8347915249244224 0.8841073913457953 1.3376592039948327 0.8347915249244224 0.8347915249244224 0.8347915249244224 1.0188989956309789 0.8347915249244224 0.8347915249244224
2015-01-15 0.7437146994695871 1.0932808007587174 0.7437146994695871 0.7876501416483683 1.191718870147623 0.7437146994695871 0.7437146994695871 0.7437146994695871 0.907735809122118 0.7437146994695871 0.7437146994695871
2015-01-16 0.6625744724195829 0.9740024639633852 0.6625744724195829 0.701716501537588 1.061700813798171 0.6625744724195829 0.6625744724195829 0.6625744724195829 0.8087006687569788 0.6625744724195829 0.6625744724195829
2015-01-17 0.590286748151118 1.27947891356987 0.590286748151118 0.6251583317177605 0.9458678940613455 0.7189301833383899 0.590286748151118 0.6094040987234979 0.7204703891548275 0.590286748151118 0.590286748151118
2015-01-18 0.5258857072630602 15.049400288942843 0.5258857072630602 0.5569527563621058 1.0547851816360199 0.6404939787685706 5.754563655892486 0.5429173303822329 1.9515653309783492 1.9296731790936468 0.5779740262639981
2015-01-19 0.4685109024889861 13.407491426200028 0.6135006099801943 0.49618849670772885 7.122213477372463 0.5706152646615252 5.32607362568708 0.7970217889622273 4.733076125555856 1.7191433616843232 0.5149163191170066
2015-01-20 0.4194264478468802 11.944716925079195 0.5465669070096711 0.44205369567289765 6.345170857312975 0.5083604078382633 20.2577513523187 0.7100656901163683 4.216691453118355 1.5315826172240372 0.4587382886508831
2015-01-21 0.3736664847409416 10.64153299710227 0.4869357568328461 0.39382507082418416 5.652904583161567 0.45289763569640884 18.047604712186452 0.6325966131201078 3.756645010376467 1.3644849904109206 0.4086893533209647
2015-01-22 0.3328989922677115 9.480528106166535 0.4338104415790786 0.350858250768794 5.036165446908289 0.4034859230907209 16.078587903590456 0.5635795117286243 3.3467902242526955 1.2156179288788223 0.36410082099125163
2015-01-23 0.2965792854815149 8.446190337077226 0.38648116631869567 0.31257916585888024 4.486713340993263 0.3594650916691949 14.324393352815502 0.5020922645691898 2.981651120671346 1.082992454586557 0.3243769546949512
2015-01-24 0.2642221052624593 7.52470014447142 0.5564699320234127 0.278476378181053 3.997207164154057 0.3202469893842852 12.761583676161328 0.44731335489287116 2.7388998123111143 0.9832391562423627 1.9190731197392286
2015-01-25 0.2537117914847242 9.070392323267852 20.72964591004623 0.24809424835386448 3.56110673868623 0.28530763233076256 11.87034794954617 0.3985108944811136 2.4400823319027873 0.8759665039217098 1.7096997823932605
2015-01-26 0.22603150981082984 8.080800893829302 18.468014968763313 0.22102684783644885 3.172585428656487 0.2861239397449591 10.575277772130487 0.3550328450581841 2.1738662216490834 0.7803974354777257 1.5231693445389727
2015-01-27 0.20137118234979384 7.199175157859833 16.6695240720064 0.19691253541209208 2.826452291580783 0.49674445717223376 9.421501411169077 0.3162983065600539 1.9366946302757513 0.695255074907114 1.3569896165604314
2015-01-28 0.17940132822583585 6.4137359198051005 14.850857627760034 0.17542912538439703 2.518082723454144 0.46686272630608455 8.393603530167926 0.28178975586431215 1.7253987635419452 1.256028906791542 1.2089403099234386
2015-01-29 0.1598284133490714 5.713989109445014 13.230610023856093 0.15628958292944017 2.243356670496631 0.6264219194348285 7.477850625604831 0.2510461322845948 4.499301927286831 1.186996515234376 1.077043372418976
2015-01-30 0.142390928575092 11.889193165149814 11.787133510468118 0.13923818909052652 1.998603582077028 0.5704615398954799 6.6620075367962786 0.22365667744643558 10.041127343617765 1.0574936738593552 0.959536559869614
2015-01-31 0.12685589574236206 25.238040770977314 10.501142135025082 0.12404712417693224 1.7805533693431148 0.5082234546412471 5.9351739747730825 0.19925544724055674 8.945627479112979 0.9421197584828174 0.8548498911966301
2015-02-01 0.11345874505227796 22.49842140573488 9.355454067103352 0.11051342391822443 1.586292714328243 0.4527756242687419 5.310608576844414 0.17751642252909203 7.969648054102747 0.8393332851670279 0.7615846722694863
2015-02-02 1.5470927588711758 20.08365039555013 8.3347620360032 0.09845626770604607 1.4132261457903912 0.40337722326621406 4.73121437365578 0.1581491532800269 7.100149235429787 0.7477609478478252 1.8418486483335375
2015-02-03 1.5329348767938626 18.03759919063947 7.425428813880017 0.08771456269219853 1.2590413617270717 0.3593682511348796 4.2363955704798055 0.14089487793215608 6.333882885893549 0.6661792699130326 2.4439654807243842
2015-02-04 1.3676853927927701 16.182582307383473 6.615305011928046 0.0781447914647201 1.4489017473140138 0.32016071427639975 3.77419938327587 0.13266524131836255 5.642848143893596 0.5934982576171878 98.92390116169874
2015-02-05 1.218469163258345 14.41704183384847 5.893566755234059 0.06961909454526327 1.2908247093933527 0.28523076994773994 3.362429451043913 0.3294535779224559 5.027206178055396 0.5287468369296776 95.53630744665318
2015-02-06 1.0855326156403917 12.844124089151245 8.251714492170612 0.06202356208846614 1.149994078942414 0.2541117273206235 2.995584087772347 0.29350977025786423 4.4787315398567475 0.47105987924140863 89.9090894778779
2015-02-07 0.9670996157735545 11.442813686660298 7.351441863534857 0.055256711959112234 1.0245282507987767 0.2263878121343709 2.6687620238779814 0.2614874780843967 3.9900961877530845 0.41966664258351394 80.09989256500647
2015-02-08 0.8615878080066742 10.19438804536439 6.549390132706432 0.049228133853023055 1.0403672936205905 0.20168861163310697 6.902107558880928 0.23295885903513913 3.6325669694955254 0.37388047392391255 71.36089160934317
2015-02-09 1.2197173839119957 9.082167241840331 5.834843273829146 0.04385728134609928 0.926861888281718 0.17968412556743973 15.92506799466473 0.8472863475372187 3.2362492566825005 1.171949867382104 63.76072173032713
2015-02-10 1.0866446538206849 8.091291153691733 5.198254393204168 0.03907239573236006 0.8257400681633169 0.1600803571381998 29.984060753080435 5.7572212729887475 2.8831703143610654 42.01237391061586 56.89243075864888
2015-02-11 0.9680903291629008 7.208520916924232 4.631118175472981 0.03480954727263165 0.7356507682438156 0.14261538497386994 28.612601599589006 5.129101052155967 2.568612737244552 37.79545332114826 55.114149073701384
2015-02-12 0.8624704332952875 6.42206204457562 4.125857246085304 0.03101178104423308 0.655390326427371 0.5238690318768464 75.17663805787647 4.569509552578016 2.2883737950101195 33.67192091534401 91.49970811288911
2015-02-13 0.7683738034567147 5.721406843330148 3.6757209317674286 0.027628355979556127 0.5838864016957235 3.444356769824774 70.99044775953264 4.07097020292179 2.0387092806004588 30.037788953139998 93.9044426666602
2015-02-14 0.6845432365522042 5.097194022682194 3.2746950663532153 0.024614066926511538 0.5201836468102953 5.46972301787559 136.13043387609451 3.6268221353705394 1.8162834847477616 39.629207774621406 83.76229670902812
2015-02-15 0.6098586919559977 4.5410836209201655 2.9174216369145727 9.666875465010191 0.463430944140859 4.932847673184732 121.54762495794301 3.2311311913246215 1.6181246283412498 35.34521059494394 74.73227739335049
2015-02-16 0.5433223269103423 4.075470202677564 2.599127196602083 8.618190739625893 0.4129061305770068 4.394667668821832 108.28662326803412 2.8786106364943724 1.4415851571805323 31.874492580949454 67.26024200716746
2015-02-17 0.48404516458145036 4.040590296511535 2.315559087736489 27.996659597117155 0.3678575424433429 3.915203792806164 96.89000562507597 2.5645505260779826 1.2843063686222758 28.442837814585427 59.922063385994505
2015-02-18 0.4312352166476437 5.248026473257343 2.0931926077528713 26.10843481268248 0.34824966796039936 3.4880500402692047 86.31918181199045 2.284754776289008 1.310244252415104 25.627924338433047 53.38448945890665
2015-02-19 0.38418690172835723 4.6754600577915335 1.864822611067867 24.824269524910637 0.31025518277871866 3.107499309685194 76.90164842722518 2.0354851014608943 1.167294924927363 39.05190639165608 47.56017322751639
2015-02-20 0.34227161827610203 4.165361372202834 1.6613680737594831 22.172767802221884 0.5011486815027087 2.768467151620529 69.87461269326474 1.813411067685269 1.039941552309511 35.42898758682457 42.37129736292684
2015-02-21 0.30492934597799876 3.710915107086789 1.4801106872716083 19.753690412622863 4.4874232817924105 2.4664238365923654 62.25120287898224 1.7076220526374646 0.9264825958934182 31.563639626112 39.915521791445656
2015-02-22 0.2809263308290385 3.3060495120312403 1.3336120382730183 17.59853746714682 25.272820720704654 2.3748532350842484 55.45951684757947 2.9397295127701986 0.8254021570607801 28.120006082746805 61.54206446543717
2015-02-23 0.2502769080274593 2.945355272377126 1.4091914406787154 15.686033441953462 140.06876825504773 2.309211474034186 49.408812468191094 5.557933172726025 0.7353497236757199 25.052077373217667 62.994809381852725
2015-02-24 0.22297137654179106 3.7934213881775998 1.2554468481150056 14.240328584783436 153.73879851502355 2.0572735421320196 44.01824769274786 7.307513184140072 0.6551221262075516 22.318863618552218 56.12199492778762
2015-02-25 0.1986449135430686 3.3795542520935697 1.1184759876789874 12.686690482080795 156.74864713300119 3.502472635029085 39.21580044425302 18.220748167889596 0.5836474624636814 20.41574931118607 53.01354560351139
