2005-01-18 32.550006657262195 32.4764734393377 32.49356120293491 32.4764734393377 32.4764734393377 32.4764734393377 32.4764734393377 32.4764734393377 32.5119303931949 32.4764734393377 32.4764734393377
2005-01-19 29.17400619215571 28.934943575007186 29.669403714673685 28.934943575007186 28.934943575007186 32.54590508679787 49.60213586375752 28.934943575007186 46.869148763453325 28.934943575007186 36.86627147594978
2005-01-20 25.992732454821812 25.77975187564891 26.72123680537792 25.77975187564891 25.77975187564891 28.996752857757336 50.50823550619944 25.77975187564891 43.08558956232485 25.77975187564891 40.106934175326074
2005-01-21 23.158493796177716 22.968749671203792 23.807517388247813 23.023278040223694 22.968749671203792 25.834771722420403 44.999324039215615 22.968749671203792 38.38649828260816 22.968749671203792 35.73281801654913
2005-01-22 20.63342952646576 20.46438672875184 21.211643812683853 29.10855458291097 20.46438672875184 23.01772210034266 40.09139719310899 20.46438672875184 34.20003920326198 20.46438672875184 31.83587885587568
2005-01-23 18.466539975257156 18.26052564001624 21.370937931731255 35.84237775107577 21.7798667104619 24.201152825870768 54.45005483748188 20.029087377823 30.472056203643042 18.233209558152065 31.62251688750527
2005-01-24 17.567986305600407 17.187533877059586 39.84046030153753 32.45121306487887 30.8822772844915 21.562247460296472 69.05200588696118 147.8468723404786 28.59244568262742 18.07240673722444 82.35474560877375
2005-01-25 33.530499020340976 88.63394002728192 42.15370073259605 85.53888215727478 30.865214588580308 19.590229508616677 78.4834490611696 146.26113425624592 37.09716319672348 17.552433183600122 299.3600738836749
2005-01-26 31.396958070494158 81.02732894900568 40.98324771573474 76.20787094841778 51.862084983139205 24.882322592623787 315.093202970451 139.43088915832942 49.48031850768734 16.665194058399635 294.56709384322255
2005-01-27 28.631595815486023 72.18849519045646 36.513274550627784 67.89875553152275 46.20521672701577 22.183579706067746 281.3024455086682 126.64803866346492 47.28661532955974 14.84835171963995 262.4307980067037
2005-01-28 25.509166024493286 64.31395181921529 32.53094348181815 60.492228255915464 41.16548234305248 19.76463671345738 250.61330210297268 112.84119561853409 42.128898971857666 13.229691503081712 233.8005755342762
2005-01-29 22.72736064752927 57.29849456975756 28.983053183326717 53.89372594612702 36.675552786533345 17.609566848007777 223.27234692793508 101.58613221738108 37.533859426170956 12.929259132994785 208.29391037943935
2005-01-30 20.24901817147266 51.04839706744384 25.82220663269469 48.01509306508694 32.74688503507841 15.689582235772386 198.91428937815812 90.81091090493399 33.440108953511036 11.519902091964967 185.57001945735692
2005-01-31 18.041031398790384 45.48015857672973 23.00617785484763 42.77779192930001 29.417975849121195 13.979035768232016 177.21369249302256 84.09046007942233 30.76715199500633 10.264273073058762 165.32529952606205
2005-02-01 16.07390514191247 56.44639867569974 20.497347754992912 38.228190802622606 31.447234378342724 13.768240121463922 157.88062487375052 91.88616547911879 27.41158966798063 9.156487882384802 147.2892708187368
2005-02-02 14.322107541004328 50.28916488646859 20.177403126416504 35.46793768370325 28.173324538693922 23.988011612125575 148.02299890583507 83.01332133573536 24.42209076004205 43.7204022216612 131.22096323088704
2005-02-03 12.863197907029853 45.138943468357915 20.906673606120265 31.79977698576729 25.100687560843777 21.394304641329224 132.52049549124342 73.95942552848615 21.758718195998075 46.28679175498102 116.90569677910746
2005-02-04 11.471675579700289 49.988829527148376 20.899959721396353 40.35873358650205 22.363248284488385 19.061236492555626 118.0634174725629 66.26771499226005 19.38589206128307 50.239047267972 104.15221331590152
2005-02-05 10.221148912331817 44.53603199052743 18.620795168431734 35.956591861437126 19.92443707355984 16.982679000842662 105.18359512902903 59.047520322356306 17.271914230859064 47.347362558146955 92.79012117807086
2005-02-06 9.107027077508816 39.67811242500891 16.640764432684545 32.034700211640576 17.75167406209319 15.130865566030462 93.91444809206803 52.60637877814374 15.388544861693102 42.1827232239699 82.66761862722095
2005-02-07 8.11442894852334 35.35016969677008 24.801723233690534 28.540663553662018 15.815933865865313 13.481058936231713 109.62855842616601 46.867945618554785 13.710625090428866 37.66935865110024 73.64946566580696
2005-02-08 7.230096925921713 31.494383446137338 79.50892983420553 25.427803152073604 14.091357784533196 12.011220702704607 97.66890475068597 41.755555250682995 12.215740895207258 33.65755413850595 68.34310113678835
2005-02-09 6.447773705946731 28.059241566684438 70.83533939590426 22.65453295920762 12.554908312997881 10.701716853240603 87.729788201891 37.20090637397196 10.88392363057503 32.376796017907736 134.64319649844154
2005-02-10 5.966161726021275 25.53473047778762 63.1080226904314 20.183803997010553 11.186061346003722 9.535055450037342 88.5317991670156 33.14314942581481 9.697383234401062 37.10605326281313 121.92453652667287
2005-02-11 5.3161300833296385 22.889673557735424 56.22374076867611 17.98260935753189 9.966531963593242 8.495652927234651 78.87375064195149 29.52807358799147 8.640270542242854 33.11571357960975 117.80694317817063
2005-02-12 6.611275446910285 20.393240414271006 50.09051816290197 16.02619878342682 8.880139216792879 7.569625885672267 71.61602082146341 26.3073824917289 7.69846553350359 29.50360636141065 104.9549142484977
2005-02-13 11.800735917219749 18.169147348544502 44.62641402705744 14.278555557559928 7.912140249891239 6.744605603090063 63.8034567528963 67.1616285273991 7.407857875357045 26.285560692640612 93.50503417125854
2005-02-14 15.6213488299592 16.187682377853587 39.758427347237884 12.721559138458105 7.049727901707036 6.0095727814874325 63.37949952594923 59.83502105860984 6.600463380653757 23.418584622005955 90.2093652035964
2005-02-15 13.923411532955823 14.422375116236738 35.421521595074054 11.334410365342857 6.281383187012996 5.354710323742242 63.973567733972175 53.307733197159735 5.881134001100697 20.86437665655018 86.93871075268069
2005-02-16 12.409035676560839 12.849643112634036 31.557755792671422 10.098579274400127 5.596843838497758 4.771272172474405 83.06359923060259 47.49255878135641 18.69232532666874 18.588814027157373 83.9985014863051
2005-02-17 11.055940173992747 11.44847677399346 28.115510379463796 8.997557526988631 4.986967197736268 4.251466458743079 74.00200027505369 42.3118059359021 16.875752298235284 16.561496784930625 75.05110587547738
2005-02-18 9.887558758331595 10.200158663656023 25.048797537971502 8.016637848233932 4.709765965698265 3.788351399356656 65.92901256591216 39.45785384707697 15.391569111526977 15.855156672636943 66.86365940052349
2005-02-19 10.802135096566522 9.08801342463319 22.316646763889665 7.142717529140904 4.196629607935547 3.3757425519059705 58.73677792958343 48.382843570499695 13.713034337981789 15.27473313025212 59.56945359645259
2005-02-20 10.262658409925505 8.097184986561993 19.882557471254138 6.744110915169334 3.739457414333663 3.0081301883789173 53.65608473608302 43.55726384310975 14.093353038245763 13.608925641791478 53.07103532551413
2005-02-21 9.143835795234992 7.214438079653924 17.714011319072586 31.282191839018356 3.332144171550892 2.6806056834066787 47.80280346638642 39.850786845193824 14.05548290751986 12.124840764119865 47.281583696461844
2005-02-22 8.146879355307922 6.427981403713849 15.782037743732541 39.586626039699226 9.461313500928199 2.3887959336340345 42.58810409816555 35.503662683714396 12.673913928867481 10.802652860857435 42.12375007327034
2005-02-23 7.258674071322596 5.729597278478501 14.060826892368548 121.06640906028282 11.260331359803095 2.1288049320081917 37.9423170459178 31.63079727104292 11.300825749559914 9.841332132234978 37.52862464037534
2005-02-24 6.7511901579656355 5.105103002135621 12.5273847856831 110.77632302656198 15.11179706878124 1.897161716375678 33.80337375076125 29.071640636468235 15.346912737681931 44.729639799387286 33.434815716959086
2005-02-25 6.015221713371707 4.54872477629547 18.354263219426766 98.69107924038266 29.947225140489348 1.732685343187946 30.115977399090433 299.9120823362404 20.39629120047439 45.810921132664745 29.78762951921577
2005-02-26 5.359531770258107 4.053031528860153 16.352368031083 87.92433444362888 29.594898311221975 1.5442256076720118 26.830864116878413 267.5290239757498 18.753768235964497 49.084877847569345 26.538339411593977
2005-02-27 4.775362304247458 3.6114029139359767 14.568866037742996 78.33223916946353 26.372049264901285 1.3763109346865692 23.904144768616685 238.34182684562367 22.8845797124239 50.310137905840826 23.643534883654404
2005-02-28 4.296110750309701 3.234022955806461 12.979930712005698 69.78663809935968 25.29445711320789 1.2267002816969366 53.735436965102465 217.10072354066352 51.438259739147725 71.77564427378256 21.064541554376248
2005-03-01 4.492861344689391 10.236358172951963 11.564335018595466 62.2366456697583 22.84275247818837 1.369316599537491 139.61629851152819 196.4730892509119 66.85412952099026 67.60362966564637 18.766904454726873
2005-03-02 7.829266555244816 29.27723024201362 10.303167806789268 55.44706441111931 41.13053252736128 4.690721944576906 124.38449793799654 175.08277775460368 73.09786620563956 64.43332741635267 19.071351488129977
2005-03-03 13.293913459434851 26.987953962507994 11.314740018773268 49.452459680800395 37.07750549328036 49.15199279638313 110.81449192242128 156.08778029121044 65.12329745432879 64.0026988195267 16.991144746909324
2005-03-04 12.370748003793647 24.044021735673496 10.08077552406094 44.05762108375652 33.102699097321015 51.3493109714143 98.72497695030275 139.0588915240549 58.01875036837817 73.61822280762117 17.562847747500037
