2005-03-29 123.67679374030456 137.63915476875457 162.9800859634503 142.58177888765002 119.13117085475513 120.32315858529047 140.39524873681452 237.02604932656283 121.71066015155014 119.11017112000455 147.57020629389768
2005-03-30 137.23897147045986 137.7906536800992 149.2967875495904 137.99559470987174 115.14770893391658 112.24899421813335 129.12035328298822 246.476514396431 141.8011748499082 130.32359619390573 133.1839542607995
2005-03-31 131.96475954421769 144.94628609759445 141.98234399264325 123.11704434985455 119.51222880447571 123.62785000423939 127.1717909558425 237.67761009087653 132.34969473680468 117.12482564584461 145.5438377651106
2005-04-01 122.50991993715766 156.16218924836798 126.6354941537815 109.89459424946321 107.6394565511161 113.46690033540064 115.83086196061697 229.6934679033565 128.8425277939085 129.51368779510167 134.92665371847238
2005-04-02 109.14414552723932 139.12490911911004 115.11649865624132 97.90516804314942 95.89606875846205 101.08773095591602 103.59730226760871 204.65655598793697 114.7858577493041 115.43047046168847 120.20619773650246
2005-04-03 97.25488193553839 123.94641209678377 102.64702364208927 87.22379761013377 85.43389363278911 90.0591388295185 92.48804639231504 182.32847228984704 102.42446922302928 105.4681566371036 107.09175637715163
2005-04-04 87.16014090654559 110.423902728944 96.52573431834062 77.70777255602566 76.11314939701498 81.1562875092061 82.39768504804279 162.43640531733615 91.89169310893212 93.96164862644521 95.40811155362695
2005-04-05 77.65105521560103 98.37671080229792 85.99485038079284 69.22995236873251 67.809304640453 72.82328925208142 73.40818939606093 144.71458268556762 81.86638900752129 84.8950798271743 84.99916169234497
2005-04-06 69.68006874399666 87.64387745088244 76.61289387317093 61.67706772447287 60.508908981271325 64.87836694769483 68.65870086662066 128.9262281130387 72.93485292783141 82.86515468867816 75.7258360969659
2005-04-07 63.585859833076256 81.00232588960444 68.25451549371923 54.94820712347716 53.91387707397544 57.800240497829265 61.168135140342734 114.8603979096645 64.97775353024855 73.96326290083908 67.46423685798176
2005-04-08 56.648742362393214 86.99927397733103 60.80804170589869 66.39414322847323 48.03198532043485 51.49434151297372 55.78226531128729 102.32916260806371 57.88877867299164 65.89395745308876 60.103983482346464
2005-04-09 51.955741612345015 86.18687091973369 54.17398269499097 59.154474596636035 42.791810438292536 52.25070838277119 49.696524947371714 93.53520239293375 53.40265581531842 58.70501851473238 53.54673812613214
2005-04-10 48.768481372704144 76.78394419193937 48.26370310854615 52.70081695943008 38.123340435400976 47.90612233509467 44.27474174066461 88.27006137529946 61.51206055999505 52.30039711220173 47.70489172618933
2005-04-11 45.517381930836216 68.40688404299674 117.2056547177713 46.9512568627435 34.910354975132236 42.679669568048695 39.44447725139126 458.48328648205035 54.8011824917091 46.5945233341298 42.50039347652432
2005-04-12 43.25385849499014 60.94376724748607 104.65383633566779 41.82897649570143 35.21896381974498 40.29212857906799 35.14119616258569 408.5159115342685 55.37310331400036 41.51116305234183 37.863708010301
2005-04-13 41.56896617141932 54.29488154363102 95.20372115237834 37.272588148449316 31.376687145444272 36.15862318263821 31.30740403936829 363.9464593500145 49.33198418609799 36.982399376048434 33.73288635461975
2005-04-14 37.169195274660005 49.760119203524596 93.51957276553807 35.7992620265684 27.95360339018042 32.21382407594559 27.976099019514947 326.4656540603052 43.949954507527835 32.94772523068929 30.05273824531813
2005-04-15 33.1141371884263 44.333660208468345 83.3166162617738 86.23004738785355 24.903978191638924 35.12902254745941 24.924019518976813 301.2645658473401 39.155106897006526 29.353234937584947 27.89560493131766
2005-04-16 29.501486987607958 39.49694566430945 74.22681124152045 76.82238329713506 22.18706686164171 33.3696651588414 23.087306092867312 268.3963601486168 35.03915464176733 26.150903993282277 111.28829244585546
2005-04-17 26.282977520561303 35.187918842859396 66.12871156678295 69.22204597312862 31.99249316863795 29.729132494851623 20.568591983516612 239.13480966226982 31.216478535139117 23.29794742589374 106.31942586045669
2005-04-18 33.96241740154819 31.349008449679875 59.64132241778151 61.66996868306207 28.51036187536749 26.485782689637762 18.324668890616753 215.01855554815157 27.810857370361003 20.7562481555799 94.71997687104783
2005-04-19 38.78816484882191 27.92892428921502 53.13451053662079 54.94182889391942 25.399977694906653 23.596282693566426 16.325556871421174 191.5598883606601 25.201959153343985 18.49184772163347 84.38603882312366
2005-04-20 34.556455483470785 24.881971988939437 47.337596466728996 50.76284487788476 22.628936709824742 21.02202714521459 14.544546830315522 170.6605881282578 22.452522244978542 16.474492571888803 75.17954295710095
2005-04-21 30.786427431925496 22.16744248797764 42.9653980573908 45.40554367083644 20.160216245889394 18.728622574610768 12.957843665287905 161.3171494722157 20.036133064156054 14.677229852535943 66.97748398908548
2005-04-22 27.427710771529355 19.749068133295324 38.27794009002524 44.50878020910094 17.96083284720125 16.685427880561296 11.544248347574255 143.7173637151568 17.85028729965224 13.07604729778174 59.6702766664477
2005-04-23 24.435430999951496 17.59453811649105 34.122481291247006 40.41868678999523 16.33024231421223 14.865144942487165 10.284874686819663 128.03773374041418 15.902916705768984 11.649552408008228 53.16029162528969
2005-04-24 21.769609477863206 19.078799251059284 30.399790164939372 36.02903413598053 14.680649441109775 13.243453897031866 9.162896997521363 114.06876818572874 16.098422149654855 10.378686630002937 61.54444567949946
2005-04-25 19.394629284084495 31.36148943567532 27.083246195520168 34.82924770430474 13.088893858431067 11.798688206456758 8.497272726650273 101.62383146235362 14.34217576304994 9.250466266362924 54.8299798703642
2005-04-26 17.278759346616944 32.55247988455934 24.12853829728712 31.029441112176425 11.660987738970178 10.511545177488847 7.570318358480576 96.91881099119034 12.777534981263615 8.24133751752216 53.800478817806486
2005-04-27 15.39373049158867 29.001068540075327 21.496189778285405 27.64419525008135 10.38886496753097 9.364828062931306 29.539470507357386 86.45965139332598 12.21599422411127 7.342302968754604 178.67721316470278
2005-04-28 13.71435774580089 27.030495488650875 19.151030901822615 24.628281095765416 33.30347761077301 8.343216300316863 43.47733431426783 77.02689558062141 15.151395660649944 6.5413512865081715 166.00739898819057
2005-04-29 12.218203846548857 24.081533892234106 17.15969572521827 21.941404168914172 79.83785147179972 7.433060817816691 41.33504186753494 98.76509402634963 18.81771109477397 5.827781586752604 280.25848666236004
2005-04-30 10.88527946295078 21.45430499352754 15.296709237863094 19.547666166367776 71.12753685338821 6.6222016725351125 37.317732087676546 302.7080540315074 16.76477201075241 5.192060463322807 258.53273240667903
2005-05-01 9.697776123512162 19.113707420695516 13.627913255147662 17.41508533362228 63.36752601053325 5.899805584698293 33.4798169341066 269.68231191079644 14.935808497664304 4.625694614651375 230.32657450179966
2005-05-02 8.639828281633458 17.028469404391608 12.78253367038706 15.515169164413198 56.454139658893155 5.256221197069407 29.82721795455328 240.2597179508362 13.306384609343203 4.121117367086065 205.19774194169315
2005-05-03 7.697301340074098 15.170730963278668 11.388032260547755 13.822533719320433 50.2950100548378 37.26523229281379 26.935339307213038 214.04716414217359 11.854730390560395 9.470886924570346 224.71261929421567
2005-05-04 6.857602802217512 13.515671673642501 10.145670248268408 12.314564477199776 44.80784689191606 33.199634586075355 23.996746166676772 190.69443106104285 10.561451014055164 65.5860696517169 228.17650998452183
2005-05-05 6.958718700720762 12.0411790498162 9.038849099819304 10.971114188156236 39.919337839599 29.604844912276214 21.37875488039384 169.88950866974676 9.409267651086132 58.43062986153999 203.28224473590922
2005-05-06 12.365974436018035 10.72755310472367 8.052781200837087 9.77423369114379 35.564169034654 26.37500050743453 19.046387442723503 151.35442762371355 8.382786613336108 52.05585536812272 181.10397338025638
2005-05-07 11.01691060706897 9.557243143245032 7.17429228275468 8.707932099708415 31.684585431141198 23.497533976488523 16.96848199139092 134.8415453882955 7.468293681729431 46.376574652623724 161.34537756805682
2005-05-08 9.815029144193618 8.514613271761712 6.391645404759441 7.7579631517725085 28.227834151900936 20.93400050560186 15.117276461406771 120.13023754498398 6.653570874237512 41.316908516251395 143.74246765974002
2005-05-09 8.744272324708252 7.585733490909315 5.719165114573609 7.853422893053425 25.859032469709284 18.650149657625995 13.468037662876501 107.02395008035677 5.927733204550182 36.80925627628612 128.06005562202765
2005-05-10 7.790334342324766 6.758193580377491 5.119179722132015 124.7346627251626 23.037852216785552 20.476541566936625 12.239694896464565 95.34757327407766 5.281083250583823 32.793392569414685 114.08861273581712
2005-05-11 6.9404701708745575 6.020937289115336 4.560741943790191 111.12602242092767 20.524464300053584 18.242595925343974 22.29878709496473 84.94510209908059 4.704981589750304 29.21566269497723 101.64147013216181
2005-05-12 6.183325281243771 5.36411461559659 4.063228454211928 99.00210022955943 18.28528823815526 16.252374628161487 21.68688397866937 75.67755187509154 4.191731369902809 26.028265747296107 90.55232475336292
2005-05-13 5.508783936407894 4.778950204495924 3.6199923908718215 88.20091155721894 16.290407221702203 14.479287092468706 19.527708730921248 67.42110132702112 3.7669372813393904 23.188615959185267 80.67301741690179
