2005-03-15 31.814531333937012 31.814531333937012 31.814531333937012 31.814531333937012 31.814531333937012 31.823264269861394 31.814531333937012 31.814531333937012 31.814531333937012 32.93716716645949 31.814531333937012
2005-03-16 28.34387280446551 28.34387280446551 28.34387280446551 28.34387280446551 28.34387280446551 32.97236796482243 28.34387280446551 28.34387280446551 28.34387280446551 29.3440276285982 29.80029324227325
2005-03-17 25.25185787248371 25.25185787248371 64.3781844223633 25.25185787248371 25.25185787248371 29.375378277764455 25.306449022956667 25.3753003186883 25.384343009583766 27.861207002579604 26.549380973600016
2005-03-18 26.292524725123748 52.99890473345299 57.59389607622777 26.621014739473978 143.64387838738634 26.170815349927235 32.71543451994135 26.91794504641418 23.8395641648728 24.831628272421927 23.653137974179085
2005-03-19 39.15589939630055 50.68628280682838 72.20473915344327 25.554720388192543 127.98742270663011 23.31586518179767 48.26447069581003 33.26437889186919 49.84883719822012 35.314857996986134 30.66568543980962
2005-03-20 42.69334029952668 48.663185663701434 72.23585655904955 35.20374730358306 122.29110032349483 28.64672265943869 332.5627221441862 30.575549118020742 61.88462923459507 44.2577001606694 102.44761999262872
2005-03-21 56.667574685376835 71.11047657158886 151.56795172563142 79.83251767623383 144.80100910861339 47.92853792757804 299.8310397017104 28.47996040258996 76.30287385871522 47.33671363802647 105.51676844057026
2005-03-22 65.17621051165044 63.791857272251995 137.61280649509038 79.66382682316221 189.4993274565667 45.292675523797065 267.11938227763005 28.153025746499047 69.27185756451873 49.42045175400156 106.4554888836031
2005-03-23 88.1404490403166 82.0047739269211 182.109718218238 91.50290758591062 249.36288527317757 40.351471730950664 237.9766004272334 28.852340819805292 100.37268197720424 45.10069392481517 94.8466070594424
2005-03-24 95.35334754225687 147.49438737900238 165.6075391693671 81.52010028528558 223.68706581497673 36.984887273811225 229.93682088478528 48.621626473737436 111.77748754300214 40.265510783636 100.7985416480183
2005-03-25 98.63646745751895 181.59962809079434 153.28070208314352 72.62642232484747 221.06317239241577 33.57710577327071 281.73466956555126 50.79637944534131 104.68794957185216 40.8640125598608 134.92427845847465
2005-03-26 108.12023362024867 182.13506751632792 177.42151240971455 67.39288179125656 197.80546290676443 59.722226899240226 308.7205097362216 93.66679222500895 93.26662203915929 53.683314485305864 122.37249095503483
2005-03-27 118.29265837005299 233.12467607591745 317.06288837619655 63.82448451782042 194.33277526708727 57.58080996562187 275.0666136595253 111.568345400808 83.12467057563428 49.08892933689736 109.12523055853535
2005-03-28 122.26392582198294 213.32786565931718 766.1662437407898 56.8613989926619 194.10301069174872 60.34362885262806 254.92215568622788 205.57802189493043 75.03763577755782 53.45692108043912 128.5809484686637
2005-03-29 118.37467243823173 191.14026663934206 686.4636617261599 57.61344487831706 209.64001239032325 66.42472446357058 237.28928781474212 192.23891625688566 68.89236782098793 250.77769112622025 129.09298061191006
2005-03-30 108.68946609232052 188.39741516445812 611.5698302132272 88.84811857662352 201.1477729496767 60.18609296566737 235.492596790007 231.38402572002514 69.19652322339074 227.4836184636242 185.88498758125118
2005-03-31 96.83153342289535 167.84324307685816 544.8470051961581 79.89440023526106 179.2025204835401 106.19977138702357 209.80028001764617 224.31485901448914 82.26728290461779 212.04058061513518 166.55019745508443
2005-04-01 113.06074350168979 149.53155116803333 485.403719574203 71.72964857021292 165.02939337131428 94.61346125783943 186.91102159554825 212.8921093254605 77.45362501221301 188.90690252610025 148.98572607198955
2005-04-02 138.39254746468453 133.21768215288932 434.3710550517239 74.53576558789638 160.28838110506064 84.29122624918165 166.519004441527 189.66552219599757 85.47657076550827 168.37423930268358 132.73140727449504
2005-04-03 134.670826127064 118.68367116481551 386.9808250440269 83.63503042199612 143.2733894658512 75.0951543170525 148.35177650414113 168.97297950101157 76.15117622720257 150.58620922855712 118.25140914394574
2005-04-04 125.66242870449615 105.73533357875054 354.5342407968603 95.35706903499293 127.6422820925753 66.90237979343989 132.1666105952083 152.52096972804432 67.8431883595207 138.54811973050988 105.3502318984569
2005-04-05 112.50849448188823 94.19967055647997 320.75655983447604 85.90689021978974 113.71654290581286 59.951977056057494 117.7472613692544 200.02791491124415 60.44160695308054 123.848080092058 93.90929238492767
2005-04-06 101.2544735322993 85.31477211252162 295.07812964881384 76.53453027848754 107.3347644396531 53.41133141147466 105.43371124514995 184.61804420463676 53.84754205909568 111.92064166989012 83.78251249009931
2005-04-07 90.59861368706123 76.00700766257168 262.88728061737436 71.20655803484556 95.62459060027324 47.58427323774264 93.93094474617378 197.44871307302702 47.97289274454736 99.71014274624036 74.64191952909748
2005-04-08 82.33146804096732 76.66445854878616 238.94581476068015 63.782395223502405 85.19200653373406 43.40619588114535 83.68313961333314 190.39413535136833 42.936495554732325 88.83181970347168 66.71111768172679
2005-04-09 73.44513732875113 117.2318659049528 212.876696361872 109.1608677446368 75.89762570329015 38.67070055644395 74.55337809806062 169.62206741255542 38.25224513773249 79.24259339796285 59.43302551494281
2005-04-10 87.5772433855843 104.44189042894587 189.6517472797653 115.72686248081241 67.61726881797973 38.971612075786666 66.41968034961751 151.1162537951831 34.079047528219164 75.44575249364536 52.94897761548789
2005-04-11 78.05039032216135 97.8076514515861 173.5904810593725 105.83317878143083 60.24030470272894 34.719925830820955 59.17337467140537 134.62944338493887 31.178203605640824 69.55672303419597 47.42392405663249
2005-04-12 69.53515462997355 112.6067074368452 164.06153803157318 94.28680525470091 53.66817218165153 30.97036601256327 52.71764558439994 119.94136047719627 27.776783567790776 61.96815733081466 43.6069390507519
2005-04-13 61.94893754973757 152.6491888893017 146.1623713526649 84.00015136316473 47.81306322577221 27.59161680513361 46.966240298722475 106.85576172534638 24.746458298810303 55.2075093557455 38.84952352654263
2005-04-14 55.38531652636491 135.9951197394564 136.5007007823606 74.83578020585293 42.596803604026135 24.581489075927973 41.84231631081799 95.19781417983559 22.046741009738458 49.18445234956946 34.611143742974775
2005-04-15 49.36266406202506 121.15802661314872 121.74676192408354 66.6712494203516 39.62728257000922 21.89976587165003 37.27741472925541 84.81175938650281 19.64156206867309 43.818514314591084 30.8351723579123
2005-04-16 43.9772787509672 107.9396752161842 108.46417875001998 59.40705421755353 36.57353409997661 19.510617956743452 33.21054561199634 75.55883233477913 17.498787083371656 39.06228365428114 27.471160141417382
2005-04-17 39.179441846605776 96.46179216125338 96.63073839260615 99.5820629248379 32.583455227599856 17.382125107857338 29.58737309453752 67.31540745130425 15.589787561655243 35.89199926093873 24.475546322910546
2005-04-18 37.32615139422301 111.37958768083472 86.0883376254786 88.71766886806 29.028695153403195 15.48584963569645 26.651724855461623 59.97134686801295 13.889058413310206 84.9988410935195 21.805369503416845
2005-04-19 33.25395327665123 109.28989386814597 76.69612248379735 79.03859031737947 25.8617601478793 13.796456436181725 23.744120356385494 53.42852889628809 12.373877183020072 75.9239613606513 19.426508585596228
2005-04-20 30.183155214152556 123.96746071276485 68.32860634778984 70.41550793801312 23.040338105238902 12.291374494513654 21.153735529514094 47.599537046467454 11.024000461418897 67.85957650349856 17.355524333246134
2005-04-21 38.48751350471218 111.92784418380751 60.87399334579057 62.73321129740554 20.526733221706117 10.95049531957384 19.234222535919635 42.406492077000216 9.833165142104775 60.45613525874193 15.462139919371214
2005-04-22 36.139044735752336 100.03509034531154 54.23268467615579 55.889059565993065 18.28736235113411 9.755904279517535 17.135866237984246 37.78443235059539 29.397309021051996 76.62594852177361 13.7753226701818
2005-04-23 34.461717268829084 89.12125238976415 48.31594789136948 50.064215077073946 16.292306308866348 8.691641248995088 15.266439897717547 41.9138465447381 26.529840291678322 130.70373729549505 12.272535940907586
2005-04-24 32.62499871867878 84.27175232280837 43.0447313649572 49.46107779704082 14.514910128919503 7.743487370066132 13.72028428094015 37.34110748183877 23.63551603112485 155.4483794038387 10.969694393001893
2005-04-25 32.604722270562 76.84775511864682 43.21488484416509 47.4715198622608 12.931426933617978 6.898775077769193 12.223495784251993 33.26725689535216 21.05696304055593 166.28548848115994 9.772998778958021
2005-04-26 53.49516699089672 71.70575311063506 38.50019449086899 75.81312177858717 11.520700657505651 6.146218852143027 10.89000570400388 30.74392088205139 18.759730359379716 148.15555313670774 8.706861063180737
2005-04-27 68.45443712170992 63.882669468185576 34.29987985870209 67.54191894939392 10.263883386483501 5.475764435417363 9.701998060871189 27.393884845883345 17.156129710008617 131.99169831349903 7.7570372988469005
2005-04-28 61.90975974961891 57.851882568136034 30.557821981932918 60.17311199620132 9.144183535607663 4.878454499799377 8.64360061927779 24.405279877529125 15.284476950343658 117.59171383629953 6.910837569557094
2005-04-29 65.9566249124478 51.54026813265553 27.22402454356241 53.608248454628516 8.146641501010551 4.346308971074924 19.548197120448148 21.742732669444603 13.617021033204415 104.76240723138255 6.156956442692202
