2005-03-22 18.981039297417986 18.487671655109555 19.25446353485504 18.62679268328027 20.21811313005202 18.40275450030734 19.76929483537816 19.003801912237535 18.40687948705728 18.561430108875907 18.470720565718608
2005-03-23 15.80779250549421 15.39007051182562 16.670969736453767 15.505482950577509 16.829008747524423 15.41698680036362 16.45679303919676 15.818243394617168 25.1169565501233 15.451259270560909 15.53614091488498
2005-03-24 20.145730465828134 13.56228733344783 17.694753522263255 12.918207248352678 15.384606924490868 12.841947193825035 20.741688083740716 15.991484004531394 21.334724284349033 29.44094047611495 12.951310703619093
2005-03-25 32.74716883814333 11.400314412614136 26.65480545803401 15.081975176318554 13.854684759996033 12.797915887270689 47.91521557260462 20.486855663047894 19.932729465060106 28.387657786655943 11.91694646064468
2005-03-26 41.209694699967 13.866918612987003 49.65139463107105 89.20015761691012 23.296363364209757 17.73743413116364 40.01439124979587 43.6143816865012 35.7536152709448 25.432170560501937 26.333022122829597
2005-03-27 79.26442924209555 24.58261377436885 54.85205821913564 134.3222823715084 43.70522058782626 21.752783922753824 36.90923017649225 108.11627185678763 47.361098185677385 28.275366120684616 66.48590531286038
2005-03-28 150.69429743224075 45.55463594232905 53.35763034884515 125.66099173920186 62.76191220030462 46.051751757168375 62.43293718979123 122.02816815417137 48.390311062916226 40.53069410506002 77.89413900384919
2005-03-29 150.86149074913962 85.57885355809499 64.66873234863093 126.01395817254956 54.26361042311971 50.80445313170233 128.92537426166314 136.8943632926012 57.6842152650435 81.29937727329758 73.05594404619957
2005-03-30 145.7031545540134 106.0039844625775 57.023515354588405 124.61285547717424 49.420902962323126 48.29786903857026 136.1336851722296 183.22519871311079 61.55360318880911 73.12736600204423 64.23062244140776
2005-03-31 131.3038670472949 113.549378722568 63.46360742313485 109.88951230460064 43.26434210361248 57.849550322648284 185.51870435812063 202.43764346754384 59.82721699465033 64.04258644225106 58.500583494382205
2005-04-01 117.42427592707632 136.87339777824883 52.91044797298287 96.12163759713144 42.51505931697809 60.36893310860065 173.5750019973375 176.5677493949402 80.45459208735429 54.02767260173661 48.59681160159446
2005-04-02 98.48803719530686 131.09515957848484 44.35136585378838 81.45214239873857 37.283305518290646 86.2150029175245 160.11981666165678 146.73531070092233 96.48205326859284 48.065287048576145 40.361189490478225
2005-04-03 83.69277956945554 108.79977629700792 84.02138017178876 103.21209096899297 41.55598144602813 77.16840489950003 133.3558300043522 121.77457965508528 84.18929458978458 83.26016844156293 33.531342930140376
2005-04-04 69.55601050387374 90.30327489094583 93.31744445110857 89.72431858596622 38.971936352078124 79.95988437494593 111.09359958910893 101.0669510768662 74.18494792312603 70.80016523813981 27.870520354674436
2005-04-05 58.74700902777567 74.95827002431201 80.24746521606114 74.48949274859717 32.863139775822575 100.02416421445514 103.12319342285063 83.8876327158262 61.58678011788554 66.532515793586 23.858569706224355
2005-04-06 49.97044345470495 72.17675597349017 114.67620991717395 61.83881205716247 27.47040560677904 126.10995627786808 86.89476340676612 70.40408804774827 60.1694744010818 60.83870457495052 20.20958498086504
2005-04-07 41.502034003943706 59.97008039914352 95.56813493748665 51.34341776181981 35.62859184698029 104.6630643828214 72.12940884116912 58.601252535602235 54.53974416001817 56.77729280509933 16.80851902360791
2005-04-08 35.11226662129597 50.24405313736594 79.32409397171398 42.636020792058055 46.142547237612064 87.31279441520911 59.8797254561647 48.656997076625245 45.28763880777914 118.24196822839053 13.986456180333187
2005-04-09 29.170345772132706 41.723418499208535 65.91936635135458 35.486920041647274 83.15380268698568 72.47501578534172 49.74326711119825 40.996524656628424 37.611661471791585 119.67775518265174 11.684993719766295
2005-04-10 24.24044935723697 34.654264984618806 56.508755559254716 33.02380334103865 79.18575957653754 60.16526705939809 41.30739498876798 34.05124621607609 31.41216543656624 163.31324176693093 9.762990184200138
2005-04-11 20.15011924508145 28.821570962363477 46.91935723976902 29.533211575852633 66.03071718093099 50.335601733309026 41.38598675863845 28.288989453750023 26.383184360974923 186.16695704448125 8.807185095194507
2005-04-12 16.756286991379344 24.140635645473317 41.91570666657713 25.53858935286845 140.16015613555882 41.8336387398516 35.335550879393544 23.859892255946704 21.92713179739844 185.19961919469503 7.346381745178174
2005-04-13 13.940265338056737 20.08662533761471 41.26824247729276 21.39507605675452 230.41917973710648 34.795206706875575 29.36446508527432 20.03464444366068 18.22991024161427 158.54596380726426 17.493534113935336
2005-04-14 11.607003797245913 16.70250896218262 38.093823012459936 17.78797742419887 203.2321754457655 28.92191517613362 24.399247016135458 16.677702723195182 15.162209698192832 131.65394530036934 14.680461774724844
2005-04-15 9.702112139332288 14.595950900172195 41.82085765947922 14.795048932785265 176.84653987973113 24.03157432192828 20.296230449542065 17.511875450344803 12.61675668725581 109.73099460928778 12.217106803681977
2005-04-16 8.849666802771798 13.34462776081497 50.383745800898424 12.311633046649781 174.63568883036916 19.97409741146614 16.875319666954343 14.565466116892615 16.463546946745538 91.26776608758597 10.173016102876565
2005-04-17 7.872679181551358 11.107862395360987 42.683384611496834 10.25090755002073 146.13137144688062 16.60755766122971 14.03686434946579 12.120649131122223 13.695264704353324 75.79639203109629 8.476747307802723
2005-04-18 6.567908302017307 9.251761271079342 50.52672650982476 8.540846106769305 122.69996315423722 13.814214922925826 11.681611474726955 10.377185025870245 11.398226219186505 62.916265212011844 7.069032945355936
2005-04-19 5.528128294455485 7.711459921109384 77.29773911210859 7.12169679228864 101.84949072994337 11.496393870892373 9.727222322323234 8.64509232648766 9.492130734241261 52.230619646073265 6.024019464701012
2005-04-20 4.743617274886305 6.433147787181453 97.51677846422109 5.943890326406927 84.53255691283309 9.57306461645643 8.779808416381352 7.207673351140582 7.910362007490928 43.44569306487927 6.354419833851507
2005-04-21 4.1264522124348835 5.372184446968689 80.93361527476453 4.96630477897016 70.16212591586157 7.977006043744376 30.323461622974158 6.014717681430654 6.597656239167328 36.07937475953064 8.597866170946194
2005-04-22 5.320319858563052 4.491536868318753 67.17601470812268 4.154825999088871 58.24017034119126 6.712738923864178 35.52027592607249 5.024571511201038 5.508167423878883 31.053334879423343 60.68338875605831
2005-04-23 6.00338818925423 4.19018765936466 55.76617148875795 3.4811533717069816 48.47740549631712 11.60441544948611 53.697001714225884 4.202679455622912 4.603862399614001 25.79569883969518 53.01716774403059
2005-04-24 41.234115111925625 4.822742249909245 46.29658176199975 2.9795149098654288 40.52851396297767 17.810625627141096 44.741736406604524 3.5203748607963763 3.85318940767319 21.4335764802848 45.856599944097745
2005-04-25 34.24055372915756 5.24873249130476 38.44028995787629 2.5353767513898275 37.675972901755244 15.493387435953546 37.15041669638769 13.090452052851111 3.2747771253477818 17.844877703274985 42.84379292720627
2005-04-26 36.55934202131883 4.603249042121212 31.92238011517185 2.1362748022460645 31.288315685182525 15.615575524386655 30.85232319605122 34.44448728431096 2.7496687765044285 14.836776402645633 37.318277008512766
2005-04-27 54.5882643934135 3.851289132635736 26.51477561761361 1.8047292623859656 26.284424609773573 22.707253756965542 41.92750397588602 28.696498282622674 2.3135904706139523 12.340849375555935 31.232124331463936
2005-04-28 45.75613679209058 3.227024974775258 22.028267894300484 1.5292337150137745 21.83717261608595 27.23389671129853 39.06643769718605 23.83818790969874 1.9513763184723802 10.269819758926582 26.553694302188603
2005-04-29 38.95647649195007 2.7087012969292914 19.26875063359427 1.3002425444518004 18.14736325233643 25.5850932849933 32.44046852232078 19.807371505957775 2.242285208543647 8.551284063572997 22.06010942289595
2005-04-30 32.461227418390536 2.2782702090027698 16.01620547965646 1.1098367835007794 15.099569594950884 27.701740526696433 26.94323861101294 16.463036194319237 4.871150190870523 7.125177499543036 18.33186925486593
2005-05-01 26.960072276506992 1.9207594027533212 13.31751684373563 0.9514469060764739 16.506176938533702 39.334146258289834 22.38239767875222 13.688200004768614 11.82979590268258 5.941671253110856 15.238552126039439
2005-05-02 24.990667881398064 1.623748021520234 11.078304154568984 0.819622860679136 13.723562335380324 39.13435515145739 18.598375116671967 11.385816600254609 9.844116165543413 4.95942810351815 12.671962351136083
2005-05-03 20.761731133753948 1.3769318506497252 9.220270812268017 0.7098432940546548 11.414732007603554 32.495093532272904 15.458793778462203 9.475377906930836 8.196409448068353 4.145733321299822 10.57008878091163
2005-05-04 17.27738435884846 1.1717626068508962 7.70582908609558 1.1572060667339688 9.498950890684869 26.987411902324443 12.85383575298866 135.06970799942215 12.637381200194458 3.468713214169687 16.35319284309425
2005-05-05 14.362098574239559 1.1270462106633174 6.478940705809561 1.7444354894679082 7.909242467336308 23.140527726280116 10.692397888062082 144.79721975272474 19.097057052320082 3.168411083240773 13.974144118827782
2005-05-06 13.254829452723977 0.9636494175674621 6.147808281335314 1.4758250624934783 6.590044078164979 28.115217671940854 8.898902478329608 120.14998179608632 16.157959344157995 2.6700238849648366 12.283310903012786
