2005-02-22 6.15684755253728 6.15684755253728 57.118609606712695 6.15684755253728 6.15684755253728 6.15684755253728 6.948608182938278 10.31617516371781 6.15684755253728 6.15684755253728 6.157886726634733
2005-02-23 6.148648801742131 5.522842581615354 51.13768367182095 5.485757289171095 5.955378088133401 16.374607303764957 36.8462539881324 49.10592089143139 17.691752009519856 9.439728207808086 8.900368242597645
2005-02-24 7.919358664507604 4.92090550772625 46.74510697364777 4.8878662682258005 5.30625083603336 21.074203828202712 54.32152005870944 70.36990488215818 16.834417751450403 10.010089680694682 7.929938789581476
2005-02-25 7.05594153841749 6.502612303156923 41.64575093786991 4.355188848517844 4.727927123667298 18.775576232088103 59.56307590643253 64.29633666982639 14.998356251120212 8.919986286564795 7.065367358283565
2005-02-26 7.9637065366855175 12.980765466503614 37.1027245830212 4.240720671668862 17.323938091207694 16.727715253994578 55.661459154948226 58.245330333537886 16.758295092767455 8.126135842633703 6.295105179166488
2005-02-27 7.392208869687414 14.92710468049934 33.0553320908156 4.839194153309098 21.294234090262986 14.903262397488323 55.86474769856524 53.2828754964149 14.95440666711797 7.240126325924587 7.2739783964189435
2005-02-28 6.586256040448286 13.299085059621644 29.44949962162896 4.311778502233422 18.971552489013735 13.277844000249587 56.66139232545063 47.47019211280545 13.323408364502866 6.450765897158462 6.480924663368279
2005-03-01 5.868218449494709 11.848669217771524 26.23705284849891 3.8418893262600915 16.902263179309767 11.829745585205016 50.48009317650608 42.291664688889284 11.870338818911142 5.747510454517152 5.774378860674172
2005-03-02 5.22850485699566 11.972483458925769 23.375073313081355 3.4232508385755036 15.058721162691059 10.539621740358823 45.62145493249684 37.67810642192585 10.575786200232782 5.203993900334675 5.144903287604629
2005-03-03 5.645554466585708 10.807152668742438 20.977887974303066 3.712787466816512 13.416297533601048 9.390237651096509 42.68610954389857 33.5678788661758 9.700648867057794 20.940143999127805 4.584089896809767
2005-03-04 5.030105382713724 9.628566604570633 18.90381713702368 6.444714192693479 11.953050420115622 8.36623883163608 38.02948842029838 29.912686573565153 8.642783786032371 18.656035591738128 4.390680189888863
2005-03-05 4.4817889658738075 8.578552173844187 16.841860983637105 5.742062141354803 10.64943182545118 7.453945979063843 33.880897013480045 26.649648652826265 7.700319524443679 16.62111272256337 3.9515174568667315
2005-03-06 3.9932813358861017 7.643082426391418 15.0048536526337 5.1160570924287745 9.488026453431 6.641172209048924 30.184909009967818 23.742599114906945 6.86066608481151 14.808189309811398 3.520863128245354
2005-03-07 3.5580576466905987 9.165217814077579 13.368253308390681 4.558337128953515 8.453319028419237 5.91706023136686 143.07059591107245 21.15269954016648 6.112607043923403 13.193045297466384 5.828779075219529
2005-03-08 3.170304910995995 8.165716716528626 11.910195650710516 4.06145261952611 16.84978190473761 7.9660963427042235 129.26458958982747 22.651439630252533 6.246945926859135 11.852996015766037 26.581753709859246
2005-03-09 28.285272444667584 7.2752503099949895 10.611201792561141 3.6187666870660324 61.201665408595524 7.097408774840135 117.35022177744656 20.331349783567642 7.2422613193841725 42.19140147416982 696.3428090568045
2005-03-10 27.51216455157501 6.481923109124607 11.19770666156386 3.2243665365560545 64.48879100312257 6.3234843134230365 104.54757408881164 86.74029629989985 6.596964186307485 65.3276918584799 664.3770390822183
2005-03-11 30.5730092120024 5.84826788975376 64.03300202592159 3.411413141849471 110.32586680955785 5.633984511809226 240.07744825482723 97.59713254557815 85.08837257366609 58.2585663980828 595.7868124685984
2005-03-12 38.705338970922625 5.588153589416682 102.27784336251253 39.14426121464891 139.41917521118822 5.019698851938013 217.1569023334657 86.94954955137301 111.64834096577435 51.94449407669929 540.4689952165878
2005-03-13 56.703823942767876 18.762767424870983 96.79429803536232 41.270009867397725 124.20874289332288 4.472421686134048 205.1872888018539 77.46362065169006 109.25268896904088 51.34544991964638 499.9937524196434
2005-03-14 66.75122092272927 28.075858513107843 111.53286315698287 115.75822496232652 110.65777768303407 6.417981603846409 387.495944002131 71.70844157398759 98.03319159121457 110.7413075147218 445.4966378599214
2005-03-15 60.06723571497836 25.013103956085583 107.16104129845957 103.12921182920597 98.58522988614197 36.35897665349713 433.3254671072274 85.83138621922936 87.33800231988762 114.00947234618955 407.9247155881394
2005-03-16 56.69818411063732 22.284489872021172 95.51852101307499 91.8780302422966 89.87664652458682 37.284512689927396 396.51778642511493 93.69423065657868 77.80966193255934 148.92073514287924 371.94406559856037
2005-03-17 65.8935572638885 19.85356138525548 85.52275257528342 81.85435729198181 81.58351259395914 33.21706248580398 362.9385115127424 126.19062006559089 69.32086599851071 139.96134238874745 334.26988740492203
2005-03-18 104.97564203089077 17.687840886031623 86.371096714024 74.32389510215798 77.02694128778391 29.593384370113842 349.6606860581142 179.74298067912676 61.889508602256655 257.23447494027766 300.3563707907136
2005-03-19 143.47068868406916 15.758394105903289 187.2572131575375 116.57636556806759 82.48583494232147 26.365178274295978 312.10170148830014 180.4273498906873 94.80844829242167 351.0751662938107 267.5874250565986
2005-03-20 129.986592776191 33.95981479967734 212.64552320559804 207.1675748620891 73.4979603774434 34.05599161660368 278.051316211312 172.14972308982112 85.05005662505548 324.6032641678411 240.53711120017127
2005-03-21 118.66412425786403 106.54366117695974 189.4459258087031 193.07792486404983 70.32762177333055 43.39857997219533 247.71586295644607 157.76960474114065 75.77128819157923 289.43882189141027 215.81772192228706
2005-03-22 110.544224906249 97.81145443623956 168.77742580858134 172.8162008955725 78.98541378963712 40.564839973400225 220.69639486584987 140.55703197408815 67.86351114524155 258.3655207123821 192.2720251612317
2005-03-23 98.60367915783203 87.14038454234822 150.57169904977562 153.96613583784313 70.36828906263216 42.31841775153628 196.66202967667735 125.22236477698603 60.4598002534585 230.4210126533113 171.83827786588998
2005-03-24 95.72252691882998 83.06624499285584 134.14441088254844 138.84743266892423 62.69129573451821 40.06642553601956 175.20622735671964 122.53814446984586 59.10697540486381 205.28206201632432 156.99729248962203
2005-03-25 103.36124770974288 78.30159690372669 123.9002013617017 128.0402193470121 55.85186448646009 54.255787277333845 156.09127284032724 467.81873066584075 64.54511142833286 182.88579538556985 173.59893211325019
2005-03-26 99.0909038963549 69.75905427073347 118.90066047657807 130.05849898880746 49.8100347840767 50.804116852051784 139.06177684720328 420.1512422176673 59.828752393139716 162.9329826359424 181.32464149272744
2005-03-27 90.57533889170394 63.027153340495715 106.23512428276746 134.45638300424838 51.99297932507132 55.84608400361572 123.89021338888718 387.72757850419464 53.516665724389405 145.15704002653908 180.91787401424654
2005-03-28 80.69370086351938 56.27037949907462 94.64498359477068 138.29565491086532 46.320726182776724 49.75345220175248 110.37387984806621 362.993416120294 47.67851661413871 129.32722227967955 183.57596927262543
2005-03-29 80.35856649105658 50.13144960930458 84.3548690963558 123.2076623287772 41.267316223874005 44.3255274339065 98.33218871712658 359.57465511852945 42.47696997867763 115.41622507177813 228.43778895899501
2005-03-30 136.26018721243173 45.199194600668214 75.94549167169147 109.76578236524877 36.76523305641475 40.155025994601466 87.60425481149537 326.24018269380787 37.84291203596294 102.82440090051739 210.7092412664657
2005-03-31 125.30216245148934 44.35331282778915 67.66726020469 97.79042221076601 32.754326407985175 39.10563252705438 79.73205552201937 290.647187973678 43.61129403231661 92.43217064412005 187.72082035051224
2005-04-01 113.05773252994116 56.68828933496976 62.908182898955594 87.12158285632219 128.22632109519142 59.33603963530832 96.02619192708553 258.93742825919213 40.71496991939339 82.91728733180724 190.53696108157993
2005-04-02 105.73282569084934 89.18933533214056 79.47145574366708 77.61672138481165 114.23687999131444 54.79186569406949 94.08503153833117 230.7027189453581 36.85653251010299 73.89475556005023 170.87774337640704
2005-04-03 97.85395414437208 101.41072739250862 76.49983851730161 69.1488464891687 101.77369884979797 51.55783786978626 83.82044289487679 230.19437697152847 38.251070045590374 65.84751071702833 152.23497143393902
2005-04-04 94.41575526140741 184.84933022288132 68.15381114683855 61.6048217719151 90.67026091951752 49.35858721666001 74.67572820283283 206.5381960698637 34.07803234494439 58.66366596436439 157.6109837049938
2005-04-05 84.1320131330024 167.82950596052186 60.71834039613179 54.883854156897776 80.77821663568281 50.469608277772444 66.52870794113471 196.2659651815164 30.36027274189053 52.26358221809983 223.4813008510445
2005-04-06 75.75435760751535 152.61237123668806 54.19643322347738 48.89614721724005 118.20372006145452 65.59804507103115 59.2705325265484 174.884236348263 27.684680991425115 46.56175030578586 222.75934029706815
2005-04-07 72.37544463264516 135.96235245621838 48.283719435669866 206.36774499638054 105.30772923126469 61.739006484318224 52.80422800049263 155.80432853471498 24.66443335648022 41.58447476045825 198.45619727354102
2005-04-08 144.49481207455278 121.12886686385008 43.01608509754619 294.3301628318855 93.81870232766379 60.79328079944053 47.04340038328922 150.369954493543 21.97369340620617 37.34734169504713 180.27544050370872
