2005-02-01 30.890296850085978 30.890296850085978 30.890296850085978 30.890296850085978 30.890296850085978 30.890296850085978 30.890296850085978 30.890296850085978 30.890296850085978 30.890296850085978 30.890296850085978
2005-02-02 27.521266529365295 27.521266529365295 27.99577304493806 27.521266529365295 27.521266529365295 27.521266529365295 27.71340695209256 27.521318503900144 27.521266529365295 27.521266529365295 27.521266529365295
2005-02-03 24.51976991617976 24.51976991617976 24.94250716265277 24.51976991617976 24.51976991617976 24.51976991617976 24.690947572490423 24.519816220226236 24.51976991617976 31.93249014936511 24.626946796401143
2005-02-04 21.84570949951211 21.84570949951211 22.22232557050509 21.84570949951211 21.84570949951211 21.84570949951211 21.998211454093543 21.84575075172776 21.84570949951211 28.449692453189897 21.941193244715617
2005-02-05 19.610430853555435 19.470622483633985 19.79888920831527 19.50301330797681 22.403699253586463 19.46336243343657 19.599226229287066 19.463399184982613 19.46336243343657 114.96518595729287 20.336058711845844
2005-02-06 17.622652174203342 18.175854753667018 17.63982362988155 19.887283330068044 26.73369273290274 17.371923515980175 17.46194413780524 17.34093599814561 17.340903256240352 102.4233554137088 35.399307752442425
2005-02-07 15.921233271747667 23.47872767486059 15.716286459184515 17.718545425152733 25.600321093990047 16.66187483208696 15.557813847710282 15.45616344655874 15.449978681481545 91.26388257416257 34.99291430833842
2005-02-08 14.227832673928086 22.074118643753128 14.002582037655264 15.78639198382135 22.80825582385823 16.706118774099856 22.577818789840155 14.179229117669339 13.765328779868884 81.30783857507328 31.266471383230886
2005-02-09 12.67649361701813 19.66673972969779 13.175043170938773 14.065012108347732 20.320781602392586 14.88439552684618 20.115485544173826 12.633340187466558 14.385775370236328 72.43798488719477 34.69878753485479
2005-02-10 11.33962118683343 17.600866816757755 11.738538696017402 12.531410881539765 18.10466790476577 13.261398518745487 17.921769909659407 74.46663184768056 12.81717846038283 64.53581750425553 30.914014959410537
2005-02-11 10.247113298065525 32.37971198660881 12.525193013686266 11.165102140253007 16.130309678111697 11.815447190497878 15.967366088720997 83.48925330577819 11.419692109930361 57.495761338079454 27.542140549309455
2005-02-12 9.130003457577445 28.847903485656865 11.159537983387121 9.94783476769106 14.371331798470113 10.527226339303127 14.226165563552755 90.94637485578772 10.174648645328 51.22375965763156 24.53811729325454
2005-02-13 8.134743981715319 25.701395841150635 9.94285368918072 8.863348847550572 12.804236681969229 9.37952805600108 20.469230897687062 92.22351362866664 9.065417040393763 45.63601742205549 21.861812846880472
2005-02-14 7.248045281042363 22.89815290463089 8.858887901680395 7.897158422045804 17.133211274721358 8.357021817185057 18.26790404931387 82.16262236950955 8.077180716026739 40.65788171767177 19.477473336842156
2005-02-15 6.458063886047791 20.400724706661165 7.893161511900039 7.772803212183403 15.264745598420882 7.446049660545031 16.275641936788453 73.890071140708 7.196739582240104 36.222844340719334 17.35324566454933
2005-02-16 6.990918893581203 36.726359257873376 7.032775082066007 8.915862490699977 13.60010989541115 6.634443706828476 14.500716147435583 65.82933727159485 6.412333677647149 32.2716531995835 15.460751927161
2005-02-17 10.058363027997189 33.86089294619021 6.2662365019688835 7.943876660467101 20.037045891008944 5.911363590374689 12.919415624254238 58.64801838767887 10.905824248132646 44.580586155396844 16.74628649211858
2005-02-18 10.339224163684545 30.2033436696229 5.583307448214083 7.0779149149209 71.08924193616797 7.801851184700593 11.510616199816173 52.25016978409995 38.873950162711324 41.60362849858784 14.923023731667055
2005-02-19 9.564470805588298 26.90882530517314 5.186935339729483 12.469386407910322 68.1454781226822 55.87030802110306 10.396356404855096 46.550314429623704 59.25792058835698 50.204374578080184 13.295607859674005
2005-02-20 8.521660256503402 24.90217081885575 4.621719521355912 18.65783010315536 72.34153445885349 103.72247485230774 25.690118384802613 41.472300930495585 52.79349096794335 96.5077913955992 17.31252464332972
2005-02-21 7.6395067083814965 24.75303696180329 4.118150351760808 45.542901158192265 70.1630776050184 101.83457086168924 27.462315161253237 40.27831496184967 47.034319784074945 269.00677182765094 16.994137217535357
2005-02-22 8.368050823661157 35.99934569744375 3.669502635940208 40.59767563216517 63.58374656373951 165.43271598575464 24.46678914077383 50.79428155527284 42.30516433124671 244.64897629370972 15.680307096561515
2005-02-23 11.808556753217147 32.07240063257835 3.2697848914065024 47.189674223250414 82.55556448926696 199.42262585211563 25.173161383616886 45.253190023286834 38.19100467355102 234.21268320857268 13.970195189208292
2005-02-24 13.257106962552053 37.02353555269014 2.9136592996274495 54.833044229865585 81.63948686275701 330.7348208532369 29.636549714666323 42.80913141926434 50.58004147610341 297.87187078958505 13.94626903205204
2005-02-25 11.813460665967359 39.4299238536386 2.5963703908542217 107.39081803795837 77.76886681098944 336.0821718560284 26.403759206617114 43.42287637153906 65.11589595278033 265.6073505347344 47.09365687757059
2005-02-26 10.525175420596955 35.12864707406313 2.3136815095148746 104.92461465227163 132.3477748994117 461.447120788976 23.533029272779455 39.30340919748317 58.07032340466976 236.62982657653197 79.66477361220484
2005-02-27 17.514597232152003 31.29662896857931 2.061818211303894 95.27674491614195 135.27233215722723 519.789798114743 20.966107933370385 35.01591919287506 63.50040272985562 210.81377149109525 87.33642311218561
2005-02-28 16.66906934179781 27.882673264443252 1.8374178357111863 121.06228134623262 120.51449395295005 535.0781870621518 18.918234338476708 31.196184157660237 56.57297402764582 187.81426542196928 77.92884354146375
2005-03-01 14.850983894919269 24.860264426294997 1.6374845802424614 108.9154358942477 107.36673956573404 497.86806983576935 20.804013408074084 27.793171862648634 52.394623614057 167.32401969862104 69.4272382029683
2005-03-02 13.909643706821349 25.19637319548452 1.459349476089713 97.45151290742724 95.65340721259724 492.9287823595558 18.53478544000476 24.761417748064943 50.10972786173173 149.0692712261675 61.854129917906654
2005-03-03 17.185357167570718 22.447918734573236 2.639298389005861 86.81993008299412 85.21800002438924 471.52362251565086 16.51311874243694 22.06041748401898 46.29021413379535 132.80612480243764 55.10626720847952
2005-03-04 15.31090081661728 22.290276377538145 3.5190498506516987 77.34825256521799 75.9210951294564 425.66309984722454 14.712004465380918 19.654085803397873 50.63227661721814 118.31729449292226 49.09459096277806
2005-03-05 13.64093643940503 55.81856742444084 3.447128055128272 71.46895940402318 67.63848085895029 395.9522983496038 16.727365747687916 19.815283252972957 82.59796437371593 105.40920052588429 43.73878268467008
2005-03-06 13.204811589701103 57.2277210244163 3.0715032567963783 76.78946507998627 60.25949718541569 359.86363283597984 14.902849993696783 131.97709808212215 75.45309409246107 93.90938291992528 39.082094193825384
2005-03-07 14.153750607416905 91.56913181544391 2.7368467376229955 123.8670941208457 59.960382000993484 385.5600323729139 13.277378379401451 134.85699809033764 67.2215132300752 83.96440810421046 34.818636042898255
2005-03-08 15.895488074127119 118.83823123344915 2.4386891647880082 131.56449771966763 60.6915018479861 349.4468992335601 13.468067760677934 121.28701381518783 59.88799588262097 83.67566518254142 31.02031413250619
2005-03-09 14.308790296923204 159.57117342354937 2.173048805397983 118.35847927591105 55.11510867112158 355.2274072815685 11.999108058360813 108.05486888956607 53.35456251836655 77.2549355034192 27.636381851506023
2005-03-10 12.751355673535782 184.00232416918217 1.93637832898845 105.44582940175208 49.102391599070714 330.9977733333332 10.690401921824057 122.62718292960754 49.30889457477332 72.84341400987132 65.49277795014088
2005-03-11 12.730622712026147 188.24380005216247 1.725517413933585 93.95055070939385 43.74565817604011 295.6535735101627 9.528250048054778 278.1075552206732 43.92963141238571 67.30321674473338 64.21287819755645
2005-03-12 11.360111801232504 182.65309697482118 1.749473309062814 88.61904309968354 38.992259402742135 283.37119799974147 11.47490550714769 447.9331361679645 39.13724158601951 64.2908957377367 57.38695049359514
2005-03-13 10.1210874551437 177.67820102846022 8.990032624010059 359.89195706460833 34.73861091943542 253.3677932168614 12.65972904549448 466.4323581485191 44.01495998908307 108.15494993408896 51.12633904622175
2005-03-14 9.01723169752623 235.4901522412263 15.688066331881295 320.62765107543004 30.948951795653453 225.7254100525008 11.64275091342733 415.5555591437812 60.69206963988628 114.93223494235015 45.54875777703976
2005-03-15 8.491532798594907 494.4719507158044 335.8613813552132 285.6471209395194 27.57273907860571 201.09883606354632 10.842387888661648 370.21827255335745 54.07084463952979 104.53606197629954 40.57968751252042
2005-03-16 7.566156774871067 453.81642655696083 299.41662500826396 254.48300150633239 24.5648655215839 204.06942947314997 9.660592151760206 330.19753283330965 48.17199379895856 96.35096484664805 36.97852947710499
2005-03-17 6.741017295844405 488.6703477575648 268.4280031482592 226.7189177543605 21.885145128331846 204.75395967743842 25.895810248285834 300.4721456628261 42.916705449619485 87.84540846468431 32.944462433730514
2005-03-18 6.0058921652190325 460.65335308902314 252.73603116489937 201.9839217029142 19.49777623853553 188.67114586376738 34.24173049034716 267.80530000773524 38.234766369261905 78.26169029309115 30.02398835422404
