2005-04-12 16.108480347909072 16.108480347909072 16.108480347909072 16.108480347909072 16.108480347909072 16.108480347909072 16.108480347909072 16.108480347909072 16.108480347909072 16.108480347909072 16.108480347909072
2005-04-13 13.402855964060828 13.402855964060828 61.66894769385797 13.510038105204153 13.403212343932356 13.402855964060828 13.402855964060828 13.402855964060828 13.718792379254111 14.478739226822851 13.402855964060828
2005-04-14 11.157767569059574 11.157767569059574 51.19849634172658 11.246684050361173 11.158063215739565 13.220033924846408 18.830428243598558 11.157767569059574 11.419863045548162 85.84067933281914 11.21829019486079
2005-04-15 10.578895357035334 9.330413862394098 42.527464712339764 9.368503205755177 9.29498486864688 11.155913158443333 16.310343783115954 12.40408372368994 9.51216955467409 72.47611634139496 16.922748182031363
2005-04-16 8.813983749341208 7.778264735991672 35.31797349419024 7.809863007407305 7.748873445367553 9.292667903271054 13.56869588116162 12.381210855780358 7.929046166943509 82.68061944787136 14.076736154516132
2005-04-17 8.990648311849425 6.490102303939409 29.336576284854484 6.630441970740083 6.465719789134871 7.747615242150937 12.06717920475942 10.308628116417355 6.615188014514352 90.8638530584443 11.720480428001162
2005-04-18 7.497292599413398 5.420946039050308 24.373992272890447 5.596058538344372 5.405307344832599 7.24781253394928 10.421920563539793 8.588730106275008 5.524715017042275 75.41650490879559 9.759978770692772
2005-04-19 6.255982551068331 4.53348075981116 20.25660555544293 4.678751110851595 5.867777663307142 6.101050153554827 8.682204167024196 7.161420543214319 4.619565739014647 62.61816490188081 8.81477467870031
2005-04-20 5.225708515629829 3.8950622812567706 16.840387232623222 3.9172641389235765 7.147886786788139 6.9903486982511405 7.238460702210876 5.97684447391178 3.868164961092907 51.98281636638323 7.348438943892291
2005-04-21 4.370513363214886 3.3479633897049244 14.005853280362034 3.2850501627736377 6.279769022751506 14.627589191444306 6.040258343617567 4.993642978625561 3.2443183199411036 43.15941477514666 6.131494422368518
2005-04-22 4.33175571861564 2.8122775072536994 12.020774784271508 2.760085764241416 5.248275269713519 13.823569420979783 5.045759609536383 4.177505303934935 2.7262953202088083 35.83918044968902 5.1214475086934055
2005-04-23 3.8154943833912145 2.708956073345332 10.00661069651643 2.3241005944995408 4.388260288251975 11.51181562513788 4.220256741025375 3.499967736667782 2.296068616849643 29.765954924869718 4.283046134840089
2005-04-24 3.324525270970496 2.292461113333865 8.335217502379109 2.0471515854033395 3.7169591302779517 9.59925673045438 3.534956677212027 2.9374171701213427 2.009674500153306 24.727233400463984 3.677688827874533
2005-04-25 3.0601907548463787 1.9352199044528986 6.948187827515319 4.131009989940221 5.812558330750478 9.12543404648425 2.9659730914521667 2.4702644795282285 4.186773976442095 97.29486104254168 6.490436448495209
2005-04-26 5.449797284905724 1.6383948891249738 5.838904165510706 6.715253267789394 4.854968900469177 20.869392175646123 2.6051984942556534 2.1288557300793953 3.819571239879658 97.23130051436063 10.333218983777002
2005-04-27 4.678872309798837 1.4688436422059592 4.87636760598086 209.3546547575611 12.179817406403448 17.559829486769942 2.19374038109155 18.85254575770815 3.4231364208977917 93.73883074407348 17.023271507329273
2005-04-28 4.231548687825054 1.2978502712518465 4.0782047108884285 214.1997916918148 10.136230375643654 52.72464502677019 2.710594639404802 22.218248728058306 2.9900641805409016 104.68215350399885 21.094044876684638
2005-04-29 3.630114902158188 1.2611275752068705 3.414825528295956 248.3443614717104 8.440460582782258 43.97204559161422 2.2802794737779895 37.60328548439634 2.5164704525978183 97.24217879343854 22.222040409763824
2005-04-30 3.0781753412038984 9.631413554813353 2.890436356700684 206.62918418723572 7.0332402242571535 36.50963881410381 1.9228587507169599 32.79375778240861 2.118798769528076 82.96744421070397 44.948224931386086
2005-05-01 2.6009794385468132 8.02080205709555 2.9053744054855963 176.26730531954894 5.8654016526962645 30.629143628243185 1.977732013975812 48.306365801679505 1.7884646083721032 73.45712062971113 37.32849310389848
2005-05-02 2.4332850081364614 6.986814230359598 15.026461942147158 146.25867716724213 28.220023388759106 25.43973529233293 119.67761566012376 65.61836680636719 1.5139985096862578 64.55099516679842 30.99740167248486
2005-05-03 2.0485099653380923 5.826040360095336 52.09117788547623 121.36360906854492 24.893414085512003 21.134269819448203 101.2164323213253 54.48314011505858 1.285885521766346 54.099520925403844 25.744815321711283
2005-05-04 1.7288923878473554 4.8626673537951985 43.24343855139927 100.7106692514175 21.294440631541665 17.562114145615965 86.80548516099768 48.70318679348146 1.0962321204403944 44.909525778730575 21.386944276541747
2005-05-05 1.463334088714144 4.063060500136575 35.903095492244965 83.57693265845516 17.69458013407502 14.59830556205012 84.81102772444139 40.43240977259092 0.9384898913778543 37.553886738877274 17.77131958463312
2005-05-06 1.2426281209958898 3.405930423497872 29.813268417998014 70.27194559950884 14.707793773583738 12.139177051140116 70.38645715481032 33.570710508830054 0.8072263016172396 31.31295403113494 14.771455516555633
2005-05-07 1.0591364794005471 2.853775275362823 24.760853730467076 58.32468418508124 12.229608884595384 10.09872813957729 58.419681023707234 27.877963781147383 0.697934535508672 26.00496740795415 12.282421583783938
2005-05-08 3.782364389877026 2.395324548329308 20.574339450092715 48.413047111437855 10.17335664312959 8.871286681151267 48.564255767985905 23.154965712679743 0.6068757378308368 21.601159778048405 10.217169160119768
2005-05-09 4.960940647087933 2.0146148559827814 17.09561642351616 40.19013480900493 8.467137990370524 7.90117996459479 40.31557493866809 19.236460078774815 0.5309481413488473 17.947449103073108 8.503484109287145
2005-05-10 4.216408431894997 1.698403168991196 15.525295618337436 33.36816521957854 7.0513066145352985 6.581797462361491 33.47222821761802 15.985353050722688 0.46757849724723866 14.916011469224815 7.475984445289127
2005-05-11 3.531231938210011 1.4357032210363403 13.33024247710271 27.70839916794308 5.87638087542754 5.486884068358109 27.794728061177185 15.840640956231347 0.4146320076490401 12.400806257259132 6.22868638075357
2005-05-12 2.9558159013353915 1.2174009190449162 11.084908379442222 23.01278262150417 4.901311572547262 4.578191646098798 23.084399603019524 13.660331979098869 0.4506730965318934 10.313863899632503 5.1935782276319165
2005-05-13 2.478094795788384 1.0359352940431568 9.221851653210887 19.117013251017156 4.092044914962858 3.8239901197166164 19.176425480795924 11.35837926779119 0.39987093325819983 8.58220626695179 4.334504361048787
2005-05-14 2.0814248172987018 0.8850338233981908 7.675930806068607 15.884788567279685 3.9230997194314203 3.1979566865766467 15.934075942600408 9.448357776324203 0.3573656480935128 7.1452918729379 3.6214706181831255
2005-05-15 1.7519984785455553 0.7594928586372832 6.39310549353731 13.20303427314759 20.250203481322497 2.6782543269385446 13.243922241416946 7.950267674645194 0.32174831516725144 5.952896459902482 3.0295942813279306
2005-05-16 1.478361253484732 0.6549954720875006 5.328544695569448 10.977945785511404 16.831239258256776 2.2467673512318993 11.011865748550962 20.793248159143584 0.2918500441352767 4.963354768493409 26.621003454631442
2005-05-17 1.251010593689877 0.5679603455325639 4.445057291992448 9.131704349241678 13.987497059392494 1.888467223064395 9.15984377365684 17.54742496948286 0.2667010750063692 4.142101939766685 22.10891892901135
2005-05-18 1.0620632791159395 0.4954164107993692 3.7117900945773936 7.5997527811581325 11.62803582449829 1.590886456762332 7.623096769047891 14.581291470224773 0.24549684389264997 3.460463487140256 18.36542927558353
2005-05-19 0.9049794579371641 0.4348988537075514 3.1031477565743546 6.328535473548376 9.670330571872878 1.343682171705203 6.347901248859104 12.120301225574668 0.22756983172012302 2.8946514776943233 15.259557586976406
2005-05-20 0.77433371467733 0.38436284070185706 2.885700158343687 5.2736235395128706 8.045919914676654 1.138274024411889 5.28968905733085 10.07837389903988 0.3249473822259224 2.4249317812383704 12.682647582901392
2005-05-21 0.6656251522115412 0.342111947920918 2.4171788430268224 4.3981594654184555 6.698009386079259 0.9675438431447371 4.411487145752371 8.38409864282705 0.2939936595854999 2.0349332342880873 10.544559796571503
2005-05-22 0.5751198390124712 0.30673878715738045 2.0281789898821803 3.6715668210150705 5.579483198552814 0.8255864498731884 3.682623237938293 6.978234168361856 0.26682067356679906 1.7110745342379732 8.807664063262852
2005-05-23 0.4997201060531069 0.27707575015182717 1.7051532634822877 3.0684798568818175 4.651254833185853 0.7075029464004593 3.0776520723099616 5.8116348472994215 0.2439603620581557 1.4420888005020516 7.329298772533241
2005-05-24 0.43685611772802435 0.2521541468844912 1.4394879888466927 2.5678555166617154 3.880898716619615 0.6092292280378132 2.575464630576693 4.843530240183832 0.22468218415994942 1.2186291585103568 6.102558419605144
2005-05-25 0.3843959209217678 0.2311703073849404 1.2161622680923627 2.1522367775027393 3.2415150834951767 0.5273937214533228 2.158549168988165 4.040097822674337 0.20838003436129893 1.032941538888671 5.1912883678707775
2005-05-26 0.3405708232339494 0.21345746035799926 1.0305900378771182 1.8071415298051292 2.710788285634487 0.45919936639890463 1.8127776216493978 3.3732789434862376 0.19455103748242797 0.8785932372112333 7.520817998628243
2005-05-27 0.3039134880122068 0.1984624041583348 0.876341692394852 1.520555602242118 2.270205581341759 0.4023257097465842 1.5252312081755248 2.819796563225453 0.18277795730773672 0.7502477317765618 6.260524420593294
