2005-03-08 9.122038415223635 9.122038415223635 9.122038415223635 9.122038415223635 9.122038415223635 9.122038415223635 9.122038415223635 9.122038415223635 9.122038415223635 9.122038415223635 9.122038415223635
2005-03-09 8.127236085486995 9.134025823736058 8.127236085486995 8.127236085486995 8.442278769654877 8.127236085486995 8.127236085486995 8.127236085486995 8.127236085486995 8.127236085486995 8.127236085486995
2005-03-10 7.240956144379212 8.13790383162215 7.240956144379212 7.240956144379212 7.692676274181893 7.240956144379212 7.240956144379212 7.240956144379212 7.240956144379212 8.247658285245183 11.660665722714612
2005-03-11 8.44220204299041 7.250448534736742 16.168796590432503 6.451358989933067 6.853795874532464 6.597395272980395 6.451358989933067 9.692392245944964 10.0654167402029 7.348228636779696 70.15734155668473
2005-03-12 116.33317624894954 45.7412988690075 66.45717222404606 32.082983946021024 40.65796134781824 11.573294785071466 8.17546571410089 70.27469095177625 94.49840468997802 14.43124663021645 136.55380716199926
2005-03-13 125.78445652071285 250.88163805530004 212.81330820909466 28.583067685114536 48.79488506781328 26.32149492177178 22.3325424305648 91.05003576327161 138.3066183527277 88.15999475090807 145.3312270720169
2005-03-14 138.93287379963883 380.50747670866576 203.51051270923 29.459773714375416 65.39390112385888 85.69382661822057 19.896401281750162 179.86955683686628 133.74241281884406 87.85901554881806 130.75518478126457
2005-03-15 134.99988407037736 377.5009613434048 181.30761249680015 46.499194568262006 58.259700281505864 76.3448778827771 17.732449851365654 160.2643003089669 123.89215157003716 78.27384192557807 116.48998410789572
2005-03-16 120.27157128822284 336.31547017841433 161.52706718331387 43.66998568746763 51.90383992086318 68.01590146317609 16.157034002250818 151.93870645178234 113.85406124265646 69.86445908657677 103.78112513874201
2005-03-17 112.45228895354144 299.62335919657113 143.90459502243905 79.45641057736091 46.241402375914696 61.04913504497259 192.49160757606188 135.6566684239823 103.85067983084002 68.05357192980597 92.45880927712373
2005-03-18 100.19688948528157 266.93439513051067 128.2047619066667 70.7879428287863 42.541933676815496 54.41774692253253 182.0140363753937 120.85668050349787 95.0722765777957 75.48094402908595 82.37176316315461
2005-03-19 93.60967340999474 239.83073934736734 115.97578194443712 104.99388299410253 47.73155802339362 48.48102031123316 162.32004509047223 107.6713810731263 86.10027829158915 67.24728863683627 73.40834418790666
2005-03-20 83.39704847246296 233.69938350605963 113.37977164859328 102.83568544790474 49.65835789314342 43.19198927537622 145.85601019967544 158.33814443336317 174.15781835163241 61.50312417915725 80.04030390973462
2005-03-21 74.79840558711489 208.56095149183736 108.12841224393877 97.20534657278233 45.24267015892103 43.52099192048985 148.17426639937216 150.77427168174242 156.58588105546312 55.49848496803061 96.03529184306869
2005-03-22 68.6406093254063 209.1568725714936 98.22859350374958 173.61572405449922 40.30693019852331 40.035886848079436 132.246586214075 135.85219316411195 193.95798651575103 104.13564482798165 91.58274249105493
2005-03-23 66.46203155901998 202.77508113694506 94.77264954465186 197.5611494361613 37.29249795755729 35.668205438222344 117.81859930221198 121.1715155222937 240.67155994783963 109.8887875131845 90.73425801587737
2005-03-24 67.51536381430991 180.65233706659464 86.94075640359198 184.15687109139193 35.98253637213039 31.777035714165546 104.96471630231791 265.5451956446161 330.3520422133528 103.32822803433068 103.95978292076948
2005-03-25 68.45910775812334 161.11288286584892 77.45567791212919 165.10827242296418 32.05706500738671 28.310389862067474 93.51320068171701 323.51944158894105 314.6181192149606 115.84976154046096 108.86149143079739
2005-03-26 62.57698755894951 146.34074109389803 69.0054261254655 148.72403356493587 28.821468397348845 27.59624562573553 83.3110525774006 301.7329176496265 735.3151651657307 112.4103403746214 122.68411464067297
2005-03-27 82.12614007362325 136.00839156144542 123.07585918475696 157.68130592443046 25.677263903513122 27.34003996824709 74.22196460152136 373.2618794742913 677.1257889806682 102.0988390237711 145.23924780721293
2005-03-28 76.58285523249916 125.83288740199178 110.78228005507961 165.12984124106538 22.883927231607796 26.354206690353344 76.46809074541798 411.64104594575355 721.1095525976992 90.95997235966503 164.65531005019028
2005-03-29 86.11855821009983 116.85730856941306 99.13688928397774 149.58418878230898 25.89777873588318 23.479169602346996 69.12313596063507 399.9690871799478 644.254454030975 81.03636342161191 160.77852431903958
2005-03-30 76.72314704894268 108.63683712392219 99.02252779346038 160.03854586310112 31.246509112841107 20.917796033201075 64.07297533950111 378.8072337138804 573.9657011838702 74.8699146564987 143.28590858735
2005-03-31 68.60138870468992 97.87413492375957 98.42882086342719 145.36723767033652 27.837702320882237 18.63586507819157 60.43893680195917 347.2219374789635 540.4993055417182 66.70173840064295 132.04850157062197
2005-04-01 61.820685920029604 88.9052251796023 87.69033139763788 129.50770676245037 24.80079437599184 16.664119864969802 54.52139479651364 309.4992154517468 591.7802025164995 62.12267133252902 121.51744804874656
2005-04-02 55.6884916738723 80.46783620077467 78.12341873121134 115.37846483971622 22.94099744093432 14.846257922392784 48.57325563119158 284.2750754573964 954.4818856139681 55.345223153357935 109.23434083862107
2005-04-03 60.55103854356359 72.04541310558004 69.65960385525607 102.79073532788499 20.43831411417078 13.22672105342218 46.95478219831392 253.26050922542422 867.9782912507452 49.3071972636992 125.5810241116236
2005-04-04 75.92326411256664 64.18536925748155 62.05985485464058 91.57633741414473 18.208670919093468 11.783871905522775 120.98780292774615 225.62966609832915 780.2399026837653 46.37844261672881 111.88017647762564
2005-04-05 67.64013608394819 57.54039170815991 56.37985264805318 81.58543902328087 16.222278989891787 10.507536460390135 380.9567717975304 251.94551058162622 797.9929907762471 43.38468911430397 102.39005624039457
2005-04-06 60.266861718687316 144.21347126261318 54.107736352055426 73.8422621244229 14.4525994596657 15.342017261914224 365.9551329769983 262.7173469182982 795.6578257879935 41.22839229722548 91.21936175714093
2005-04-07 54.61599828208303 132.6765744790502 48.268584788038034 67.03468072935014 12.875988881505025 13.781926926622539 326.02914541517833 500.4920033624487 708.8507236219458 36.76364284500246 81.26739900810982
2005-04-08 48.70943627924902 124.28941705830233 43.00260165936926 59.72129247798286 11.471383334579992 12.473625516979503 297.240063163918 481.76175041234706 656.5687789745873 32.75286363003985 72.40120294818244
2005-04-09 43.45419701381411 112.32247389357332 38.345971221601836 53.20579920090425 10.288591187220684 11.655666824591053 279.43913539327616 446.68973552337434 600.0754842475668 29.179660510012884 64.50231518493932
2005-04-10 39.05304948761801 100.54584658766109 34.16254797619658 47.40114967474306 9.166264069190072 10.384190002124221 248.95213888913963 397.9575016594714 536.5844641885047 25.99629351316593 57.46520128437176
2005-04-11 34.79247831663202 89.74490314935544 30.435536789043283 42.22979007224885 8.187335233434416 9.251428150460097 221.7913080032721 354.539994691397 482.1366022041006 23.16023115592145 51.288953304122074
2005-04-12 31.12321125399527 82.56538429780932 27.115142652880458 37.64837911402026 7.294248406060619 8.242247421821014 197.59375393639297 322.7360716203976 431.4040517393927 32.91039562684232 81.38024513508824
2005-04-13 27.727786434800983 73.55755245788842 24.157003255849254 34.44617660261847 6.4985939789622345 7.343165086901473 176.03617951867574 356.9683230130231 386.15434655773964 66.36682648492958 74.20266651706868
2005-04-14 26.97584101240368 65.53248222709024 21.521596267564803 30.777347171751725 5.789742078388676 6.542169395830111 156.83055971232756 318.02277442182555 364.79561270971317 59.12627367528277 66.10721351546825
2005-04-15 24.032890942634744 59.931808197335265 19.1737112910341 27.419647907000513 5.15822255992636 5.828559092528708 139.72029337687127 283.32623083576533 344.84471124606426 52.675670189651 58.894980544687066
2005-04-16 21.411016348118363 53.393315712957175 84.67052104057205 24.42827378632469 4.5955984806394765 5.192800438257547 124.47677488176525 252.41512048123576 310.0624540391492 46.92883166326185 52.46960728628043
2005-04-17 19.075187598690775 47.56817710600626 75.43299923939055 21.763258382688193 4.094353375559673 4.728226330447313 115.19865832350862 224.8764478560425 342.9705584252695 41.808976552694034 46.74524645274453
2005-04-18 16.994196838512966 42.37856466656647 73.5508813552838 19.38899565424677 3.6477908324525474 4.212507435425776 102.72355927107806 200.34227579345398 459.88320309180943 37.24770027610747 42.027133187055036
2005-04-19 19.67826992050675 37.75514178449873 121.58604501576494 17.393887875634363 3.249945023103251 4.558536244879963 91.5164201238438 178.48480954013365 433.2792218405595 33.18406127608691 37.52418012140139
2005-04-20 17.611002240430217 34.43129549737942 110.24489102338718 27.520341952245182 2.8955009957510196 4.1633419489839225 81.53199051776694 180.51127434518395 569.3672644114129 29.563766794198052 36.45123142740731
2005-04-21 15.689744859396088 32.261555009276506 98.2171576324872 30.184723348201505 6.647947127793128 3.709241543759843 72.63687137793904 160.81738846223365 811.3021183754599 26.338447478581138 43.36222106442133
2005-04-22 13.978095619493725 33.190790984368114 88.51181460449901 26.891653374642264 6.354714540370084 5.338034971167112 65.47052721603771 143.27212727198972 804.258482710715 23.46501113278336 40.17322241866499
