2005-02-15 17.40386935486834 7.157285728178709 5.944076053497824 20.40193177910619 10.922475569493416 48.99413026753636 7.763828969613244 4.144648949011098 10.432971247043378 11.409479992206371 56.68938915798298
2005-02-16 64.59546990592642 8.624491847337604 43.033040410816724 137.72857523247197 690.8420951989344 271.21959484217996 43.43492194996991 77.12560574895514 43.40629814394672 32.47511057082763 129.34662245699522
2005-02-17 60.79183810796384 7.239972490950456 35.784719146724456 124.62631509016286 576.0333051667527 239.1869429826285 40.69506629518061 72.14664925179484 54.525372230587486 27.878514127036798 111.34307621758629
2005-02-18 58.33489517972097 9.439772537568508 29.77045264895218 124.93492115336727 478.06115941778717 206.14833387159814 35.046616273369004 92.8043437406471 66.13992006168357 24.650159954337653 98.8145261629604
2005-02-19 48.58887482660591 8.627304591117694 24.82565480265465 103.72677788023914 396.67429905127324 171.1000437654862 29.156969003154448 77.07179734661396 55.55610898909992 20.532245667408947 82.05774246090485
2005-02-20 40.3902464870551 7.238807499894511 20.90647822856057 86.1317130558341 329.3280106689186 142.02342852643937 24.318344115734664 64.02401430696547 46.17014544713307 17.114944133432623 68.1567329863412
2005-02-21 33.58766993235292 6.085799999738529 17.445043171823993 71.5340126111367 273.285524744254 117.90082913993355 20.26320282456736 53.19384174445777 42.48746887827292 14.278874974175913 56.622274870159984
2005-02-22 27.943249923689972 5.30149947049998 22.23655362991531 59.422890405495494 226.80273710517966 131.4175734869375 17.326043093291407 44.208196590464546 35.32637175836825 11.925002037045621 47.052366399571355
2005-02-23 27.170151995646915 19.02470637999426 19.910659859772622 52.182138655768156 207.11492930936416 117.47609086343827 16.68445442536666 36.752755513870795 29.384544698310716 9.971166396087026 39.112230412882525
2005-02-24 64.25402752494985 74.78757109356646 45.45793578476407 97.16821805887301 183.88061905205015 97.53625970156426 51.84108817309956 40.4004398859442 26.601178598378223 8.89333020791626 38.87713430103738
2005-02-25 107.9395811287467 67.38672341217568 88.9265056071849 129.37909989052685 153.0776884342171 81.18685620086083 69.09116336851903 66.32768987829387 48.82826988600828 7.453983312005522 36.21429302022755
2005-02-26 98.35514367137229 64.40244534207592 82.28323924364646 144.10385963580228 143.65028588085215 75.75252647320241 57.49126303012671 89.25012003215369 78.54061202922198 6.25886817606743 101.44661925684797
2005-02-27 84.25975266108736 55.63813025567838 70.37121687771332 134.99988792241896 137.3575270887033 64.8851351244089 47.7679016155603 98.834641855702 71.12629650688429 7.831916081600611 111.69989731634152
2005-02-28 74.32575467446435 47.17072564470842 59.34627610997887 151.6071046434986 114.63806776812888 60.70429831541652 40.969203991135 82.79624317948905 59.200649731894025 24.89749758266425 102.43234321140604
2005-03-01 62.654742675559994 39.20411700422089 50.20170870164189 162.12561460014066 95.19860063473119 50.43133870815808 42.065729408108766 68.77234557126451 50.801772051559475 25.930435276884644 85.52723000130362
2005-03-02 64.91114001621177 32.59415400801353 45.01315605952545 134.56773772226612 79.04622525435117 41.90806617713206 34.96809898698594 91.43562323557053 45.37293508761466 31.955412874881038 108.94172047518711
2005-03-03 74.28939498647644 27.10965503553721 39.20814358571016 112.58340683535448 78.6104609774693 35.197379432146136 29.07903941321589 80.77204599481904 37.71506062978404 37.32241102640045 90.87651961253817
2005-03-04 136.356002918304 23.345503394060362 36.2216334283277 97.54055930217083 97.7081068380058 29.967950967645244 24.192603337727423 67.1002773322137 31.35689965455822 31.76368992542514 75.45874183817988
2005-03-05 183.86881330664139 22.52042795698186 30.20734684540939 89.3009824134436 112.45775953891767 26.159284149337733 20.137940152798276 55.733416710072525 26.0813185244128 26.46040951037003 62.67239199413673
2005-03-06 154.38011083879962 18.943187483436553 25.127813094207898 74.42646408670886 104.9937900761745 33.39217391959556 16.773314913024045 46.302716844768874 21.703840523081617 22.046536361986316 52.12447995750545
2005-03-07 128.13740396991636 74.42788318665423 32.16426048258698 61.99658461587492 109.59027108288923 39.523431523923186 13.98114653384577 38.47823614973794 18.07142671986558 18.35572135913163 43.75337839276369
2005-03-08 106.36598112528073 98.78811522765604 32.955438258964506 53.14166328798535 109.99352962346433 34.207505365986876 11.663891565404434 36.72896438345677 15.057118438827143 15.292964436180759 36.36242873915165
2005-03-09 88.30387221430297 127.18269100653282 63.52571678246898 44.3054076655563 91.99163528727874 28.725001778713295 9.793167656679385 33.53735417511055 36.8563848036577 12.75124657037549 30.230115799388017
2005-03-10 74.32020636046474 137.50681179990627 59.454615766640394 37.22537683875707 89.11782445774337 27.42126022713448 8.187814468923445 28.585694528193642 60.66256492218139 10.641786423697026 25.722222046760383
2005-03-11 61.901377962772095 168.47057730949797 65.90957122902489 30.9442267990869 81.48551526649203 31.992454524066677 6.856028016858208 33.03289243663129 56.445602420349225 9.35460017176112 62.119583686020896
2005-03-12 51.414148035572055 174.39978861112135 80.67472650208036 26.09654641921403 74.77506985795154 111.4710133379633 5.750130331982198 28.506544392917714 58.739176864050506 8.313815134498636 52.41959764574063
2005-03-13 43.931933022718404 334.52173890164545 82.8041913649742 22.56842082857843 68.04455774367494 146.23682593746042 5.7726533396953705 23.709504561911906 72.66144121520598 7.332923362262267 44.01559684055771
2005-03-14 64.11089952741477 294.40798575637655 68.75306333751828 40.36775017689998 56.509061042010515 125.78798318200145 5.00621518193739 22.371802897338 242.5917432876864 6.269624601624896 39.959631552651786
2005-03-15 104.016607969852 287.6601008346046 64.77003297119832 49.32075108831966 64.73550522401511 104.51266093319434 4.469792811089293 34.00363435238658 283.57309541563876 6.065925461285507 36.321788869376775
2005-03-16 95.64642181585792 276.2908254244467 73.31186078088115 84.52074539366303 54.50790977467259 88.45891884587395 6.248223534636651 28.26729500747272 324.246088970975 11.785412122545369 30.745282895184406
2005-03-17 85.87616644497724 245.77982861315564 199.55797487193607 92.1805071742898 45.41495306883731 111.77483225860635 33.44157705211576 23.50771451949215 313.3307417659338 45.11601962367199 28.3637250223115
2005-03-18 95.71638812036674 204.06874206936743 183.51100871654816 117.28928246760637 39.016091008098115 204.2633974347787 82.5546791088883 19.55844781542967 267.46344716889496 37.99882503502595 23.678022801587105
2005-03-19 97.61013215395617 175.1636666569522 177.10499477151703 124.29115599963397 32.63786122722722 198.54810473422899 98.52288635695665 16.281414737617556 224.57537908087616 50.24135104534886 25.74110193737267
2005-03-20 92.9129444367384 149.94174805334848 183.7790585687112 103.54222085798742 31.310542183195913 264.1304532761872 92.68130968758724 13.73037049667226 186.74843683042604 48.954856514123904 33.20502667954561
2005-03-21 144.2734597096933 126.43586461530668 154.31913964581634 87.73099528129477 26.11018874724851 492.67988104504013 82.76489102536908 11.496744723206177 172.1694540766723 43.26267192269827 42.44794632726729
2005-03-22 232.20223090824345 105.02580452985872 145.00238706578386 72.83389987224845 21.732517764659573 409.2221616120382 73.01397739593497 9.591262227744217 209.79265406723795 38.1380639375346 42.457146856380724
2005-03-23 304.42316512184465 93.66082806983167 142.5256980054933 60.4748976915942 18.087690644445633 339.5367576919139 106.92550280960339 8.00976062318427 218.81653883308516 39.05815209677968 35.94537013458317
2005-03-24 349.2956098422884 95.53438238034863 122.99545812663861 53.093805481318164 26.030420003758696 288.36918658110693 107.97618724916921 7.891887252941063 194.2358828525049 76.84037639765299 30.837432313796455
2005-03-25 399.4502650237942 79.30525077163702 129.6593650045706 71.54867372436108 21.934490060874673 262.9918527364988 93.67292079099715 32.31415638358384 246.4207144785556 63.80918741089865 47.44029869499134
2005-03-26 401.2790030901638 65.84112409029206 115.0369112022392 85.88082748270588 18.24731678637363 279.6253853789798 77.77585262696547 32.6069346831775 353.36594370460796 53.15565307667524 42.41401488794133
2005-03-27 489.8831265104357 54.67080838880182 234.03407279231212 84.5172270881338 21.823051985245222 354.35712053823653 72.59330429722692 38.715127853569406 293.3894463181114 44.35786523130091 35.28813849508678
2005-03-28 553.5528358774858 45.40777608363638 264.1375611641849 72.85292023654813 18.49192855886162 364.9284862422214 61.91682337725028 32.47645352033179 274.1992946497878 36.84796680756546 32.64876696652109
2005-03-29 529.3943315918972 38.8292659332761 249.79723122712588 66.8250467876603 17.30758019166008 495.7572987826156 51.76650822162987 27.000413321209393 335.17533369100016 30.694725425965466 27.13361225993679
2005-03-30 512.2005725591283 36.01040895204287 209.6772662692256 76.94251807994934 15.152238640985813 752.9366671594233 43.124154897671644 23.825452012034674 447.26817133747375 30.677685320166784 22.5576574525836
2005-03-31 478.4620746984548 33.19280599270793 191.48109701653365 107.10770421732327 12.753988988910633 1955.166650630626 36.54778816177245 19.83504188176043 379.92075385442035 184.12431709402347 18.77340062938471
2005-04-01 425.1582356959271 30.7944752547137 158.89621100832218 90.39700436318942 11.919076912794035 1727.4063281554077 46.72068885126843 16.501563083954473 323.08897202428153 155.69992985369856 15.620843557744989
