1998-03-22 150.55867724174195 150.4642195344244 150.17976841927594 149.54050117296788 149.86909822587717 160.58295836534543 149.81650933363508 163.37219937391814 149.3052458962439 149.7321775313125 151.7870393316756
1998-03-23 135.70779295123975 156.70377409075496 130.90596534959127 147.49372555048225 149.0110280826937 144.97059844940756 131.25327885115124 139.06892614730836 156.5517061606932 130.8182257397869 144.56628717074278
1998-03-24 123.3865329703402 131.42248619393376 125.7054109046057 125.80089723859949 124.09831703387346 137.25826517953874 110.21594672199383 125.74697529690626 130.70590047428033 109.59230725347007 120.06353872503314
1998-03-25 120.06401014304794 109.33929524693887 195.85687743964297 132.33780918745575 153.8117222358499 122.69139234766709 149.7909024479978 118.93994276208198 119.7526167104857 113.01654760493285 100.73030883564064
1998-03-26 162.234841313108 90.7558036136044 165.7069776387229 110.26178115864928 142.88851539484497 109.42159750455633 124.2639849754127 99.25233636524706 99.51248480575497 97.5839385609476 84.00204361991837
1998-03-27 134.58726500709426 75.31500510731917 137.6892083911506 98.18052160366854 121.94377167470215 90.78378510150633 103.0872884107925 82.36220448456159 82.97911973855149 80.9539756888044 69.6866666512907
1998-03-28 113.11522337009225 66.09772231232081 114.22462541564799 81.56812541259379 101.94687890270863 75.31268403821262 85.5194611213591 69.56646728563925 68.83806639755169 69.59519896768911 59.00445784528381
1998-03-29 93.83846540500988 57.381196216784325 94.75880647290946 67.66752950341639 98.68483913614914 63.64525756538057 70.95601695311294 57.71115804964505 57.24404113974208 57.734993364395244 49.3405741768845
1998-03-30 77.84698551171645 47.60246442222551 78.61029415939103 56.13583156330316 81.87763372942365 52.79902317570018 59.11588235334161 47.87619514666185 47.48868290309222 47.895968518379334 40.935383385747656
1998-03-31 64.80616373375415 70.26809636958642 68.39603182326933 46.56933108729002 67.92429233883395 43.801171602525116 49.04153053697194 39.71727719879575 39.395803632472585 41.097718655127814 34.56406572743931
1998-04-01 60.61383921338691 60.2439126398642 61.78593020370699 38.6385327277186 56.363108353734134 37.832675781778974 42.62848040423651 32.94877763894282 41.13539781817756 34.120830977241255 30.833382751436112
1998-04-02 54.486878992582 50.11720553049146 63.299628004652504 36.34540528764656 123.2736777237302 83.57089354641423 35.363862303426004 31.294023644282362 34.12522638489625 28.306061039833107 25.57884990576098
1998-04-03 74.74216610252692 43.17270036893119 65.51332664665784 49.513587705603065 139.12785860048763 124.5846824818366 29.356383643111776 36.668084534136895 28.80298265903094 23.482226799376413 21.247788307130644
1998-04-04 62.178032701708034 35.81533792985537 128.35509429144906 41.1356626399447 240.0116579470025 141.65380834446117 24.353556566806468 30.540366046602806 23.91614041553768 19.480455958933778 17.626803789868962
1998-04-05 51.61770937865047 29.713237710027837 106.48120311637459 34.13884986638716 199.76955493730728 117.51359010562777 20.203296314115835 34.391191053932644 19.841709765989037 16.16065493320432 14.622896621305006
1998-04-06 42.82117376868594 25.0743682217165 89.14252442397762 34.658059910661 165.72542502634545 97.48727563986809 16.7603109975447 54.57484159600834 16.814208539402337 13.406604466582564 12.130906325755838
1998-04-07 35.523717441177766 20.801269403215358 73.95112209526349 28.751737025622592 137.5065212147274 84.13506385080574 13.904068938401691 45.44043350298121 15.58113927501647 11.121891041315491 10.063593561200596
1998-04-08 32.761543086834884 17.256379301728607 61.34859310398437 23.851952016976014 114.10779808975742 72.89347303107381 11.534579106088911 37.699613578457466 12.92584813315252 9.226531642909611 8.34858605329567
1998-04-09 27.5641276111451 22.323647575470442 50.89375139191645 19.787173711039976 94.66188851038989 61.33762827918722 9.568890642304357 31.274958216630317 10.72306376397178 7.654173722919905 6.955323293875692
1998-04-10 22.907941505100474 18.566598890244542 42.406817040159936 16.41510276358995 78.55849166833092 52.720288907645674 7.938188925857554 25.945173401217737 8.895671317017424 6.349772335703456 5.77001790605805
1998-04-11 19.004038646445085 15.525142853461343 35.17997414671496 13.668913116978702 67.47323481805253 43.846880557065326 6.585386517431757 21.523674569173973 7.379697623946494 5.267663130578364 4.786708716408285
1998-04-12 15.765427233833877 12.87939445423679 29.193095726285343 11.793441528578162 56.082562796901996 36.37462634724157 5.899766218497011 17.855674340491003 6.12207163237944 4.369963738893988 3.970972137137421
1998-04-13 13.43984403115434 11.64134342228002 24.23235152415191 9.78363850517978 46.52514022469689 30.237894276660874 5.12465520503076 14.812763737391423 5.078766499912989 3.6323693666921497 3.2942509453040145
1998-04-14 11.149466018734065 9.89607803901358 20.102746672226672 8.170024051448124 39.6836841489682 25.456683393005484 4.251326796187883 12.288416855935397 11.623249974889431 3.0133518460155626 2.732854554466957
1998-04-15 10.323065324715605 94.19348666868477 16.67689672481631 10.99816878007035 32.92090941616776 22.165263088206498 3.5268284020832796 10.19426161804383 15.444419365509805 2.4998254393262167 2.301093528862899
1998-04-16 9.018572785935135 80.12740956632116 14.186555469620913 16.09298325461211 27.310626521446903 18.38792526352098 9.391415416340141 8.456986050805154 12.812427621605087 2.073812666571354 2.0179752319675277
1998-04-17 7.481654592209827 66.83602796722556 22.79510498310675 13.35046519300552 22.65643125361728 15.25724353859373 88.11587837571558 7.015771788407317 11.478197380203941 2.100703328585496 8.4172387106357
1998-04-18 8.642797226735329 55.446032031344366 18.91043138696152 11.075318854791895 18.815920905454742 12.657149739146641 102.4582100963301 5.82016494899242 100.10096807543165 1.7427077519076375 15.606341069505996
1998-04-19 7.1987285870365465 45.997085127925445 15.695984953443862 9.187896149085242 15.6093679554797 10.500156146419453 351.59832276166355 4.828309850308222 83.04437811531292 1.4457207104081848 126.68728922817472
1998-04-20 5.971942797342711 38.15839948780433 13.021122154640622 7.622122374368803 12.949266166341399 8.71075094878561 319.90769289253666 4.005483730254173 68.8922036369754 1.1993453120384825 105.0976204024869
1998-04-21 4.956427935029897 31.655559203834862 10.802101471744557 6.440502295437138 10.744122387339104 7.226290831650714 290.99090556948227 3.322881175968397 57.151800394822196 0.9949564719888992 87.18719834924673
1998-04-22 4.111768314262561 26.260913506809224 8.961239655084807 5.342931162006674 8.913141192790352 6.165387904993439 241.4011059865326 2.937194905712665 47.41216154996864 0.8253989665997897 72.32901684052823
1998-04-23 3.4110530591367705 21.78560719055556 7.434092001997981 4.432404817581985 7.394190335753777 5.114700942935215 200.26225169297098 2.436646936954335 40.124943756461384 0.6847369440216292 75.50051292148294
1998-04-24 2.8297516014916773 18.07296918814835 6.167196283252319 3.67704764879406 6.13409453959746 4.243068909658745 166.13415787488694 2.021400855565286 46.270612134185164 0.5680461225190716 64.39912491291348
1998-04-25 2.3475137992054242 14.993027847181825 5.126291055561301 3.0504161889434167 5.08874049925105 3.519977799871493 137.82207170582134 1.6769197690938065 55.073436980489255 0.47124140171836054 53.424418705176464
1998-04-26 1.947457520495971 12.437960895422979 4.252683869964665 2.530573387815786 4.221532567122523 2.9201137137755215 114.33484656171298 1.391144118810447 45.88565207851579 0.3909338518302266 47.0120770504977
1998-04-27 1.6155776359740692 10.372448178035953 3.527954207406678 2.0993206416663455 3.5021116164009647 3.2425319466081812 94.85024406100497 1.1540694999063998 59.394352088446624 0.32431207434158127 42.148367773249696
1998-04-28 1.340255728502481 20.129779322399934 2.926730805801178 1.7415606983565324 4.993481930732821 161.5056102090748 78.6861492272723 0.9573964283106541 49.991236873967885 0.5094946860329292 34.96556903068037
1998-04-29 1.1118533568342084 16.69932255161911 4.057085171484641 1.4447691342914797 4.142507678870407 133.98230728620223 65.2766910777202 0.7942397931983929 41.47187984240738 0.42266812587245517 29.028419007978606
1998-04-30 0.9223746340446829 13.853473960973917 5.309427768343775 1.1985559006766102 3.436553913189572 111.1494433072375 54.152432669551324 0.658887823733693 34.404366149194104 0.35063828833945737 24.081482683635322
1998-05-01 0.7651863083380911 11.492606373351222 4.404610972036398 0.9964799897740598 2.850906676286413 92.20768769953169 44.92393709936684 0.5466021319788453 28.54127699602036 0.29088356023044093 19.977588448163164
1998-05-02 0.6347855468452657 9.534070777111454 3.6539903472566295 0.8266628510416579 2.3650636894421857 76.49392941530608 37.268134135784514 0.4534518318928667 23.677357955994456 0.24131205412025516 17.26002601377838
1998-05-03 0.5266072930120287 7.909302957921368 3.0312882437543758 0.6857854410578382 1.9620166109416641 63.45806280774532 30.917010209739853 0.37617592727402577 19.642333447605335 0.2001883757805398 14.36493706156147
1998-05-04 0.43686445356509485 6.561423209733974 2.514705169821521 0.568915937826932 1.6276556097816501 52.64372958863837 25.64822582280438 0.312069151137517 16.29494574453736 0.16607287167563198 11.916907462457392
1998-05-05 0.3624153203371374 5.443245095842385 2.086156637910301 0.47196298570346573 1.3502754101467758 43.67234268398491 21.277331908708852 0.2588872600048616 13.518009839599332 0.1377712297184707 9.886063743974283
1998-05-06 0.30065358566780104 4.515623550917798 1.7306400647383078 0.39153246563114613 1.2828878309411136 36.229832696334064 17.651312659249797 0.21476936792464293 11.214311043948523 0.11429266891490307 8.201310336412664
