1998-03-15 28.10987250770847 28.041362636027763 30.236149816173352 35.958680309988175 27.93833235931731 28.09324312420668 29.61437053482671 32.72257896749865 79.9981560967678 28.42284820324103 31.832808891631995
1998-03-16 25.21701173067096 27.11746499558355 26.937347112728098 32.29285042976059 24.970870668140904 25.028234287760633 32.483431912424265 47.47619206711665 71.2958198343458 25.82800827463805 35.44371054808223
1998-03-17 36.212068495751986 87.42559378652446 24.269679720388996 44.56358489322509 84.11466278153361 23.444758829956832 31.46232654254171 62.81325243391538 102.02338594755511 42.188275170697366 32.25949836078842
1998-03-18 44.05040381654424 106.7676331152751 21.621826552571143 140.06302567273087 146.92878136118796 22.544403111487743 51.24169056133468 63.86793990501365 136.30997136254334 131.05729970611532 35.8956738058208
1998-03-19 40.28820577564742 96.3120541007487 19.338466776935185 124.8163013019925 131.95036326491805 20.084779833263507 50.394407334837354 56.9849773278476 124.00572616519257 125.79717445339425 33.563047990359706
1998-03-20 35.89599270337211 157.68880487332618 17.228615262371097 132.8346059524633 118.98267857249964 19.531939351857005 46.09913386204002 50.80754388793328 112.93012291847378 436.842107217991 44.64621600766787
1998-03-21 32.32363822976143 140.54777055998827 15.348951252579498 118.3523166722123 106.00151582114394 20.592867581942183 42.45946984079165 45.30649187477372 100.60930174749923 389.1820733502328 56.28663489814962
1998-03-22 28.84582377181041 125.21382862937607 14.522810764464687 105.43992721221343 131.05443198689207 18.35687993681123 62.475213537598364 40.36349553467161 89.6882439611111 346.7218102709218 50.145690879194774
1998-03-23 27.346055314686783 111.55283941935525 12.938353493856312 93.93629599417162 116.87487227139427 17.99215624344202 67.02685943931336 35.959786431502245 79.90314157721188 308.8940163216622 45.62049219287734
1998-03-24 25.670701619159278 99.38228164361871 11.526762542523166 83.68772568805898 104.15252017773571 36.1474223566167 61.34584769561588 32.48447353180935 85.3777153043846 290.1953667903183 41.34566305246815
1998-03-25 22.869995166272133 88.53954732216206 11.174155976407917 78.2700664158399 92.78934671743056 32.4600978368754 54.93393051114031 28.94037582895273 77.14041247743641 303.67910807712207 38.55550253289561
1998-03-26 20.753925884958033 78.87976921404008 9.955041235682023 121.24163344900784 87.94112976237415 40.10828525373472 63.29497292726978 25.78294372851364 70.90000567029651 334.5915975239109 37.25731671597673
1998-03-27 32.87456744144782 70.2738852799941 8.868933475903335 109.31951060472295 85.75357622317588 36.289853137358854 59.860849248599976 22.969991517617306 68.65598213655286 298.08722533458047 36.07490654602287
1998-03-28 37.3393501166696 62.606914314688 7.956102537574582 97.39261186547688 258.39144150507747 40.07225958284807 53.32995386236979 28.34044198186358 374.54934080231675 265.5655269445882 32.139087998884314
1998-03-29 50.971109795615305 55.7764197096776 7.225859393096695 86.76695306729296 230.7842755464474 36.47826609230019 47.511587534468696 30.403860598678143 333.6855276010931 236.59198753719738 28.6326723004056
1998-03-30 45.66840808439106 50.17197988840561 15.421134604608879 80.40523147640235 205.6054152512768 32.56930652666008 42.32801243127068 36.01474457295731 297.28000880179667 210.77949841916424 25.508811049363747
1998-03-31 44.51921744520682 44.69815256914344 21.1519495776543 71.6329176541041 183.17360089007468 47.80946203677893 37.709972016447395 57.165489902915276 264.84637877026944 202.90169983077453 22.894290876329677
1998-04-01 50.76767966678184 40.69178408610974 18.84424476490131 64.32055969861328 163.18912623011764 47.02617631275022 34.01089022821765 50.92866167637172 237.58269853449923 212.8027008566556 28.71416754698157
1998-04-02 47.56362625678234 36.44582841081077 16.788313505373374 100.2021385037844 145.38498337285384 42.000843917363866 30.30025850713089 45.37227940408259 222.29681348505477 214.67221205729498 28.463585188373816
1998-04-03 44.762731115064966 66.68050273700057 14.956686981675285 90.39502125870472 138.7473436694728 37.41849800679193 27.374701860920496 40.42210556020249 198.7656652739651 191.2511985421952 25.358171558000578
1998-04-04 39.87905977087206 59.40557441334718 13.388149954980095 80.53280856564876 144.74382054246365 33.33609190898777 25.01245066769162 36.012002028117884 177.08007640288727 170.38544762404524 22.59156253540553
1998-04-05 35.52820323051189 52.92435009524155 50.97762779488442 71.7465759193778 130.46894613799915 29.69908154952574 22.28356023739494 32.08304644451752 157.76041307552558 151.7961768780298 20.126794103580096
1998-04-06 31.69394939747032 47.15023565826123 46.86040323305204 63.91893251753223 117.18980518867319 71.80595827681027 19.852395251098187 28.582744951457624 140.54854978227618 135.235019399241 17.93093506715405
1998-04-07 28.236098891011082 42.00608450795985 41.74787317186547 56.94529504476831 118.80413770237972 72.30220365166227 17.68647348121873 25.464330838185848 125.21452283751353 120.4807054304677 15.9746470663852
1998-04-08 25.15550430728563 37.4231668422362 37.19312669390042 50.7324903595075 107.34240653682816 64.41394055198766 15.756856552840874 22.686139702041284 111.55345788849503 107.33610602864749 14.231792594186905
1998-04-09 22.411006541534547 33.56300107602412 33.13530889522711 45.19751062935236 95.85659400582135 57.38629706813383 14.03776330484714 20.21105278010124 107.45981191381765 95.62559927109757 12.679085779000287
1998-04-10 19.965937000087887 30.701649698133398 29.520204219942016 40.26640428282437 85.39851672508514 52.20989314077883 12.558325747485949 18.00600101405893 95.73580868562209 85.1927238120226 11.29578126770276
1998-04-11 17.78762767984907 27.420629780595903 26.299512098787375 67.09885898802071 76.08142908146468 46.51372687336394 11.18819631042405 16.041523222258753 85.29090923814947 75.8980884390149 10.063397051790046
1998-04-12 15.846974698735155 24.51358015067903 25.473443196646624 59.77828746110702 67.78084764296203 41.43901964740979 9.967549751259261 14.29137247572881 75.98556170929139 67.61750969962047 8.965467533577021
1998-04-13 14.118049445505537 21.839117133270413 22.694257890513224 53.25639967172496 60.3858702795805 36.91796948486972 8.880077296396932 12.732165419092924 67.69543952398135 60.24035271523384 7.987323533192596
1998-04-14 12.577752153642809 19.456441459347335 20.21828526380451 47.519454569140514 53.79769442586708 32.8901716904146 7.911249480347156 17.577629398447986 60.30978029586185 53.668053014323746 7.11589629709345
1998-04-15 11.205503270767272 17.333718755705092 18.01244442451915 42.33502116237537 47.92829700291066 29.303301341781154 7.048122020929707 15.659887499023254 53.72990595690881 47.812799635548785 6.339542889500142
1998-04-16 9.98296850004394 15.442587820062819 16.047263648378213 37.71621608600436 42.69925836254257 70.62733285556261 8.6625360540349 13.951373699101739 47.867904342811045 42.596361906011296 5.647890633851379
1998-04-17 8.893813839924531 13.955580912904786 14.296486614000214 33.601328564125325 38.04071454073234 62.921800306691786 9.300528059964735 12.429260944826583 42.645454619074734 37.94904421950745 5.031698525895022
1998-04-18 7.923487349367573 12.43300914621066 12.736721598323312 29.93538054559162 33.89042382148101 56.05695123631413 8.28582852665084 11.073212643177785 37.992780854645694 60.167720806046546 39.73255535735954
1998-04-19 7.059024722752765 11.07655191098619 11.347128945256609 26.66939215511082 30.19293513979024 49.94106599928776 7.381834013123889 9.865110949502485 33.847719761990675 53.70398219010665 48.64363449984292
1998-04-20 6.288876076821404 11.589910617616615 10.109142631902255 23.75972728457025 26.898847212933532 44.49243168132755 6.57646645981683 8.78881469922399 30.154890147930924 47.84480889219763 43.33655162159723
1998-04-21 6.824235563762525 10.325436512595749 37.07541406356026 21.167510581187685 23.96414850145532 39.638250351841336 7.520937109737445 7.829943749511624 26.864952978454404 42.624878911728366 38.60847828830361
1998-04-22 6.425097416510674 9.198918153311011 33.03043886374814 18.858108043002176 21.34962918127128 35.31366642778131 6.7003932302791975 6.9756868495508675 23.933952171405522 37.97444998334598 38.08482422060289
1998-04-23 5.7241110522961645 8.195304391062674 29.42677564332606 16.80066428206266 19.020357270366166 31.460900153345893 5.969371739891945 6.21463047241329 21.322727309537367 33.83138881224736 35.91014177090598
1998-04-24 5.099603198983602 7.301186176767629 26.21627669964255 14.967690272795808 16.9452119107405 28.028475618157064 5.3181056311729 5.536606321588891 19.12177623498448 30.140340925738585 34.04409944591669
1998-04-25 4.543229952998864 6.504617405786246 23.35604730612399 13.33469607755541 15.09646756989512 24.97053299964388 4.737893489746857 8.87114942714223 50.9063916961863 26.851991095053314 30.329844556609412
1998-04-26 4.047557741343483 5.872847304134514 20.807872605850985 11.879863642285125 13.449423606466766 22.246215840663776 4.220983236700932 25.431957758146474 45.352439107282386 23.922404446098803 27.02081963687907
1998-04-27 3.6059640033619162 5.232112135087385 18.537707031780123 10.583755290593839 11.98207425072766 19.819125175920668 3.760468554868721 29.168266029131225 40.40442986521566 21.312439455864173 24.07281357759687
1998-04-28 3.212548708255337 4.661281994315865 16.51521943187407 9.429054021501086 10.67481459063564 17.656833213890653 3.3501966151395983 40.18064944584629 35.996254774111875 18.98722499167298 21.44643875831241
1998-04-29 2.8620555261480822 4.152730153626648 14.71338782166303 8.400332141031328 9.510178635183083 15.730450076672946 2.9846858699459715 36.25542600852644 32.069017236109346 16.915694406123674 19.106604798455812
