1998-02-15 5.820802864134661 5.820802864134661 5.820802864134661 5.820802864134661 5.820802864134661 5.820802864134661 5.820802864134661 5.820802864134661 5.820802864134661 5.820802864134661 5.820802864134661
1998-02-16 5.1857458102051845 5.1857458102051845 5.1857458102051845 5.1857458102051845 5.228929018776922 5.1857458102051845 5.1857458102051845 5.1857458102051845 5.584438830071322 5.1857458102051845 5.1857458102051845
1998-02-17 4.619974294913433 4.619974294913433 4.619974294913433 4.619974294913433 43.27928749258332 4.619974294913433 6.008382970375305 4.619974294913433 356.52624787923315 4.627810572660727 4.619974294913433
1998-02-18 10.186016096489706 4.115929177179695 5.24607364114048 4.115929177179695 46.05422824426855 5.75302307987921 9.15987291884685 4.115929177179695 337.18991114697394 4.546575519714147 5.445578020216723
1998-02-19 12.754835552021163 3.666876027905812 5.711532609179854 3.666876027905812 45.56673155838464 83.6349201299953 11.483721803842057 3.666876027905812 357.2842814127022 4.05053830244158 39.90260330430601
1998-02-20 11.838564069410562 3.2668151528408274 5.69081488920769 3.2668151528408274 58.359582677963395 213.56272861491817 10.664041201006755 7.787728602666562 330.9033696352551 8.10037053050536 35.556889369600405
1998-02-21 19.61447630085016 2.9104014320673293 35.874698758953976 2.9104014320673293 56.5929707009361 206.98044092810414 9.607616463628927 24.894657858357206 324.4444624149639 131.1791830456345 268.2473077058225
1998-02-22 21.509929590873313 2.5928729051025914 31.960723138022914 2.5928729051025914 82.84044414948329 195.5604384019155 16.230635689827704 123.44534019770869 303.3778047636169 121.20803549984505 299.7120856602027
1998-02-23 19.163168699797986 2.3099871474567157 28.473767274502897 2.3099871474567157 73.80244550295103 181.8949098872017 14.599064224464264 109.97729534253676 350.5470883635525 110.33532437868777 267.1585078509874
1998-02-24 17.072442430157096 2.0579645885898468 25.367242765480977 2.0579645885898468 65.75050409420132 162.57159115331382 13.006287603623699 97.9786314452075 312.30195167091716 98.29799659313049 238.01117218473044
1998-02-25 15.209817076551698 2.678395308597305 22.599644062521794 1.833438013952905 58.57703981460508 144.8348221645226 11.58728495383294 87.38549115401473 278.2294084163463 87.5735591605834 212.04384820245593
1998-02-26 13.550406536648948 6.084657491639326 20.133993925728596 1.6514319364663679 52.186209683287295 129.03315740845716 10.323097312096605 77.85162205317566 247.87422330706787 78.01917159915091 188.91280443382612
1998-02-27 12.072039813781021 5.420813559624487 17.937349379476984 6.8369351092841235 46.4926273114436 114.95547453279511 9.197280834601328 69.35791029232038 220.83082780429893 69.5071799680547 168.48143188036903
1998-02-28 11.643338631417288 4.829395851547224 17.24834882486562 6.091016724869905 41.42022207474163 102.41368490448158 10.99436072734351 61.813704674798494 196.85489309128593 61.9238575350898 150.09989169266964
1998-03-01 10.373035461603555 4.302502573535695 21.653770016306634 5.426478992357967 39.71534533629228 91.70504527651147 9.795620581177332 55.06975025828348 175.3848134363446 55.1678853003165 133.72380110200316
1998-03-02 9.330668080557151 3.8330940275584613 19.291315950433294 4.839644016809605 35.38235025060369 81.69990728384583 8.726905819160011 49.061569913413365 156.25010547172192 63.20249742113419 119.43951345807321
1998-03-03 18.268475137758077 3.4568983907267126 17.1866086514813 40.10574780345236 36.75334826551628 72.78634267136283 8.668498346793589 43.84977060234439 139.20301867404987 79.29858047467877 112.84715447217826
1998-03-04 16.560133417826556 3.0797463450398297 15.311527616784355 35.73026053464629 43.927004990167056 64.84525938404062 7.722754065360059 51.72422062550023 124.01579089797676 70.73029294924547 100.53538526504848
1998-03-05 17.31126882170436 2.7437420709933797 13.641020326563588 31.91642448016691 39.13451243748412 57.7705584627196 7.183861991334752 46.08104185206626 110.72796146124878 63.01352732217346 89.56684586037683
1998-03-06 45.25826636184079 2.4443962939557213 12.152767523061813 28.434301657003644 34.86488696560177 53.20181566431014 6.400093439377237 42.2075897000512 98.64739892811944 56.13867071682559 83.34814105588106
1998-03-07 54.22844551216021 2.1945262947106876 10.826885008153315 25.33208289744027 31.061083105762435 48.39717416505048 5.701835041119575 38.43602958447053 88.24114326382498 50.01386977972252 77.49942509983872
1998-03-08 48.31205259352676 1.9620039293583365 10.859673249952117 22.56832018115435 27.672279122974295 52.52218005337599 5.079757529181099 36.23786239483217 84.23337503806398 44.55729247599264 71.11186810076487
1998-03-09 43.04114572630165 1.7479467856516508 9.81036976083205 20.106087519971158 24.653197998679474 49.98415781378183 4.557167192398424 32.28426515570198 78.72880344820632 39.696034750666016 65.52422959110363
1998-03-10 38.34530155485368 1.557243550714582 8.74004584440802 17.912487598359775 21.963502495083524 44.530822123622656 4.059974410058964 28.76201044331772 96.14771022638199 35.365146474622726 58.37545214984751
1998-03-11 34.1617800019239 1.3873462831639318 7.786495639270902 15.958212240083448 19.567256218742052 39.67245234767088 5.506036679674485 27.88044236329981 86.15835886616395 31.506763661086723 69.60055551536087
1998-03-12 30.434686013106276 1.2359850252875109 6.93697898383179 14.217150828501813 17.432443482800878 35.344136942023674 4.905321019955688 49.987047028494466 76.7583714709408 28.069335358412786 62.722836540900445
1998-03-13 27.1142227560801 1.1011374746692981 6.180145684462214 12.66604144872013 15.530541552881212 31.488046295425505 7.609164385828612 44.53339612130657 68.40236146221729 25.00693488986125 55.87969467241424
1998-03-14 24.156026296763375 0.9810019646791682 5.5058838682079365 11.28416009057717 21.618925346921827 28.052660081338242 13.11506642751046 41.06442081485201 60.93957614446152 32.6472925994093 49.783148353727384
1998-03-15 21.520572863150818 0.8739733928258252 4.905184880416024 10.053043759985576 19.260272879144345 24.992078906890907 17.263997721684905 36.718457410134604 54.293181792569875 29.08543112756632 44.35174305332607
1998-03-16 24.329326504831332 2.0917460951282845 4.370022922204009 8.956243799179886 20.120068761294817 22.26541106181132 23.377271397477806 35.80548326765753 48.387848352180946 72.82915711591326 39.51291103349789
1998-03-17 22.471626448337382 1.8635339148248489 3.8932478196354503 8.333579251710908 21.211763741519558 19.836226173835435 21.50974768923434 33.536720928116935 43.108672070527135 126.54099172071633 35.20200178973654
1998-03-18 20.01994319735232 1.6602199759285061 3.4684894919158937 7.64880805686189 45.08340123997224 17.672068471011833 21.070571060688376 29.992230140359858 55.66527734876033 112.73520731619347 31.361418270450216
1998-03-19 27.655151288335738 1.479087848385691 3.0900728422311063 6.814313293159757 40.16474437409786 15.74402314771275 18.771744748452203 26.72003938621664 49.59212423493704 110.25498477749117 30.70413107058425
1998-03-20 24.63793883275546 1.3177174681437644 2.7529419341039674 6.082900736105594 35.78271927731818 14.026330040669118 16.723723333653712 23.883820327441974 44.19629429940159 101.84719568933774 30.94261407857101
1998-03-21 21.949908123721926 1.1739528032404132 2.4525924402080106 5.419248468371401 31.878778735738376 12.496039453445448 17.955911335460716 21.278064914012234 39.37442193789006 90.73553608581929 32.28560557687858
1998-03-22 19.555145010722082 1.045873047564142 2.1850114611020035 4.828001513756078 28.40396198518152 11.132705530905657 15.996898391803537 22.49614086380677 35.07862203198311 80.83618205306244 144.1564866853608
1998-03-23 17.421653623100752 1.0390274357858165 1.9466239098177245 5.558460300287381 25.30505332270515 9.918113086917716 14.251616271479026 34.73463436503064 31.251499402423217 72.01685097043243 137.33851465734463
1998-03-24 15.52092888070546 13.609482589096928 4.686764416987879 4.952025156359993 22.54423956767095 8.836034235505915 12.696746667688666 95.02175308162907 27.84192075758242 64.1597202140621 122.49099082885093
1998-03-25 13.827575644167865 12.12467059317972 6.5651132809099595 4.411752863999832 20.084634132286762 7.872011573856373 11.311515330796457 201.5209945672465 24.804331513495086 57.15981249495074 110.26524946531129
1998-03-26 12.318969416377726 10.80185348933768 31.16864600810753 3.930424971289421 17.893374802771984 7.013165020334556 10.07741450843136 206.61513018904415 25.63489837392615 50.92360368089376 99.20190107934071
1998-03-27 10.974954061860961 9.623357427190687 35.35930923547668 9.71008864806071 15.941184674994206 6.248019726722723 8.977955667730356 188.3129996412533 23.967439197513926 63.815488835991026 88.37884650866938
1998-03-28 9.777572505361041 8.5734367960905 31.50156327221404 33.85642994677024 14.20198099259076 5.566352765452827 7.998449195901767 167.76780998955473 21.781521222253634 67.5043743008508 78.73660106529535
1998-03-29 8.710826811550376 7.638063851694242 28.06470233863228 30.1626500403858 16.620201947182053 12.168737303634295 7.125808135739511 156.75248819707267 74.60829337153015 60.13956053349364 70.25218248250385
1998-03-30 7.76046444035273 6.804741294548464 25.002807338477677 26.879988113405087 14.806916609978062 10.966276580833442 6.3483733338443304 157.75979082526248 66.46843292733459 53.57825738881282 62.59371700041382
1998-03-31 6.913787822083933 11.95649248232417 22.27496900775963 23.94734695386015 13.191463027440353 18.417406051805234 5.655757665398227 140.5479954203144 59.216641691759506 47.73280082788651 58.4201938908072
1998-04-01 6.159484708188863 10.652023825957208 19.84474133562884 21.33466070405597 11.752257501542289 46.793902261695635 28.16267263318374 125.2140289571524 52.75603017576431 42.52545584444242 52.04647585083021
