1998-01-11 17.264014068278478 12.97547453528701 12.121866022542738 91.75675004869866 19.236912901745544 44.22183794914721 8.9488132776686 18.838546525411488 10.542655057368775 64.22931765315624 94.94921780702124
1998-01-12 14.347672974714271 10.802464094941636 10.069326781040019 76.81520708305679 18.45949874861872 36.68568462230829 7.423783290646373 15.628137784972122 8.746007322473693 55.1006424453289 78.76825616358856
1998-01-13 12.31075666507474 9.524283550704508 8.709566307627298 64.75760740045352 15.879401194185652 30.47716375233857 6.223894725696721 12.964837297645227 12.941730833830082 76.16850554900034 66.2776459692941
1998-01-14 17.94004612010095 11.83854760077265 45.375344439482376 54.94442811993666 24.210571160192167 76.59146132806526 6.83672051613444 11.355559537371098 15.052418322868489 82.54191095762279 55.46540139282658
1998-01-15 16.03082582430956 22.2502293575056 44.72281458334993 52.42754724253808 88.253690023829 97.57169016600784 5.8582509927723265 9.787904265884523 15.74840510513948 79.30730280513934 46.26881894490126
1998-01-16 16.937746873337847 40.44796550370681 54.374800464069175 52.32302496282189 92.38243233899904 86.94359776692572 14.739504155191579 8.305809440558917 18.476344464928555 79.48883762883266 40.642906282668676
1998-01-17 23.158852381453297 48.911569981607485 60.467983498590705 75.97537962378355 250.9524379091547 80.03842922289982 12.465774383303645 12.947798147427351 15.330409323842511 66.31606373688946 45.51889095036739
1998-01-18 25.39326355291112 42.73407516163367 65.16027477404509 111.98761095932382 214.28966930414762 74.04370652287682 10.341394406190812 10.741273122481033 18.28608932286576 65.4703199901275 52.1718582513212
1998-01-19 31.839721838807215 36.70627328045624 54.79090707867701 112.37754150512193 287.31387748356315 64.33260763201697 8.57904490936698 10.444706677963921 15.896283864427 54.31667375410111 56.37041834647115
1998-01-20 48.930071844903345 30.51862693963228 46.65823548475784 108.1999961347263 238.41916393183735 72.67999741815247 11.528578056347287 59.42126000721202 14.384252774171054 45.06018870964087 56.83359939834926
1998-01-21 53.82973695645678 25.3177338377642 38.70687857875912 101.2308526630496 197.79564810631948 61.009506565028076 9.563912273506833 52.16270963861159 12.220478033388593 51.956918935641134 57.20412046501036
1998-01-22 45.508441598537296 21.00316137904213 32.20402922014839 177.26082969710436 167.38817732219405 52.92449584216415 7.934058955777144 43.291585997334884 10.333894666346367 43.102576247772085 48.92270651242952
1998-01-23 37.75302912684237 22.165637516738215 26.715914903775722 151.14085196378514 139.9179178070906 45.09510690554992 6.581960364497201 36.19076330592502 8.572823252750094 35.7571641516371 40.585445228409476
1998-01-24 31.319270847060434 18.388235883062762 22.163068610658343 125.3838801333016 116.4078232898474 38.920725542845126 5.460282370131568 30.543288740116008 7.1118683609419655 33.40793338018963 33.66899507020834
1998-01-25 25.981934405738155 15.254567735118336 18.386104762271714 104.01633438621295 97.75466406731128 33.94795702834608 4.529757383892882 25.338192847988967 5.899885031123737 28.12109923701942 27.931225656339816
1998-01-26 21.554170873280356 16.067969051770444 15.252799793556898 86.29018186103255 81.09560666512503 28.162647752129445 3.9009908179388764 21.035259579749116 4.894444274537942 23.328785633656384 23.225196970415183
1998-01-27 17.88097355568609 16.225315410093433 13.609409174908295 72.22699422982585 68.36937847384539 23.519496010563554 3.503291537089787 17.69680773763025 4.0699542439668495 19.35316377763275 19.26722838447964
1998-01-28 15.377107882328248 46.49966659038638 28.30846075036848 59.99106968742035 58.84438179742588 19.845324089514925 12.391884267814998 14.68097070571636 3.376364817607935 18.848649075290606 17.927161449713402
1998-01-29 13.109013264945858 78.12163886540765 45.43645402882648 49.7847340425052 49.609447195328215 16.489300805315903 46.61801825916957 12.587567731901803 3.855601706105133 32.76699321061737 38.39874169132607
1998-01-30 15.785217669235964 114.37308978300867 70.25100808953536 41.30056860569786 62.45413277748523 13.919121566113347 83.89966289301613 10.442432096684163 3.1985415979798693 27.182940255182455 60.16522089966872
1998-01-31 18.55506112231899 94.88401235270686 58.337395979874714 37.86562705179836 54.431832620588246 19.105717534255483 222.70691801218166 9.185282329414427 3.1595721340278384 22.550504898856587 55.632823287015825
1998-02-01 17.85335976353759 78.93893699281695 82.01139272509343 31.413695252500553 52.9180121408727 16.481905911231273 231.24921924191506 8.892855651907826 12.855678419354216 18.7075153173105 56.3540893143883
1998-02-02 23.108310863141423 65.48639950851465 151.60015542073302 26.06463363890975 62.54538286533341 15.224617046550353 193.3307413482302 20.116324881951712 10.664852162875368 16.329575395378676 46.90044762045441
1998-02-03 25.42441080173527 54.326403216945224 126.29645072719467 21.62277675054218 102.88887917118994 19.057625291295004 160.40484161815672 17.10443134973692 9.319578280162041 28.552014371135108 41.26109856585337
1998-02-04 21.122509811647472 45.097754895979094 104.77932337997247 19.228588360659558 85.54499301785297 20.6980338607514 133.0758729551435 14.18954532966227 8.152501049383742 27.714979698149815 41.46529221170272
1998-02-05 17.522874880795797 37.41233042350118 90.81558158536018 18.067013154739904 84.65177706551248 30.779400649585074 110.39822809081129 11.77140546479736 10.23100869786232 23.03870063383772 35.861269848565726
1998-02-06 14.54077616692489 31.320871559235435 95.74819214354254 24.66039333779167 77.53434238545736 27.40261738819557 93.29074190381901 9.765357761464134 10.297628244194694 19.69407467125102 32.10750116216568
1998-02-07 12.122583376685181 25.98326232933277 93.83322029764724 20.925877210575617 64.32117171207965 23.047802267278414 79.41229080494931 8.101174706331653 9.477895324541826 16.607320146425746 26.714706568706468
1998-02-08 13.397889892792954 21.55527249610838 77.89433375187494 20.695751338261182 53.35975005561982 28.265484682156757 70.12774896594058 6.720596748794399 9.417989971397756 14.65661203899226 22.162066196436324
1998-02-09 44.866819150816376 18.70281834883148 68.84191958972443 19.049399268695172 46.19197117475429 52.42511173112418 59.225701055976316 6.374081928451946 7.821158311136622 13.274659512949478 18.59305816898027
1998-02-10 38.61705969779458 19.64022583263696 57.37276032138275 19.801854046790574 41.135654157592654 46.57345680639047 59.079673276075 5.28782995525634 6.977449587818169 13.17180457559623 19.876025263149
1998-02-11 32.079276576977094 16.376082136489142 50.60944007419977 21.66223219086115 34.12543903971464 47.36100868997501 58.780551549654184 6.274083880310658 7.43041790164807 11.886158819682576 17.217264793001604
1998-02-12 26.999694971700922 13.585319210366942 46.7091013169924 32.25956669073752 28.309883810085037 63.0169119065393 72.80930494526928 5.590251519815964 9.56254529383891 16.191110821087047 14.28315003508428
1998-02-13 22.41445728952677 11.301734486420633 40.48397185106611 29.608655286672136 23.495147287535872 58.01715994405331 78.56923914291637 5.43310619716412 22.68721463635096 14.776828308195071 12.322875595553484
1998-02-14 18.594652534554978 9.388427039911907 33.58481448225811 24.638013615287445 19.491174576154272 48.35321561767987 65.17970446018573 11.83924921040704 73.69131920103972 25.470824572805398 12.243522992987078
1998-02-15 15.425807478390059 7.837857733392412 27.861390872348387 20.674696940834814 16.169546915744036 40.882185317029574 59.183971402997784 49.93081429023991 71.06906716634361 200.0037267707286 69.96411561078796
1998-02-16 12.810918682968435 7.291681386155113 23.113335991534488 17.328373124553114 14.395359042619853 37.99328936404304 52.159704087700185 67.95459904141114 59.062726803691056 167.3970375154496 85.33946998123368
1998-02-17 10.627720246858487 22.301726761634118 19.174430418969973 14.375323617170407 12.634273760586174 32.759576284012994 54.88370633895863 61.80051551176543 50.410789320406224 143.11334203575157 70.86288590687697
1998-02-18 9.208163856922626 21.262301887348748 15.915182714116415 11.925523972332524 10.481178623688049 28.722165845918042 45.75113536579027 51.28562391117892 43.2635920662502 122.19412148857549 58.80819432240613
1998-02-19 8.657241029275074 17.638844009165357 13.2029648887031 9.913088818269863 11.301932539805668 45.88945793807163 37.954376357633976 42.728436559213776 39.547228807716095 109.26790907662915 48.7862777797716
1998-02-20 15.234398802285318 14.632884982448541 10.980843053318615 19.597291984207317 9.37589100784855 38.0726362116256 31.65015397408 35.44678422950568 32.80770838594433 106.71534057084051 40.50240381374313
1998-02-21 14.448701500979704 12.139198059950578 9.109520631059855 16.26004554525496 7.778079711717075 32.35954642866464 26.382950346687352 29.41189939342883 27.216716872135482 92.79802554677879 33.600105324997635
1998-02-22 12.08269992787326 10.07047224285934 9.620671767677718 16.34754944084163 18.295727561014253 33.77914939183772 23.390925114282812 24.399611489037817 22.578525405796007 76.98366365271208 27.966290456865767
1998-02-23 10.023602353427744 9.217285307090561 13.325473632953472 16.738997229449403 35.7981438997107 28.03327151124662 27.820518407013854 20.24150269428033 18.730760653284538 63.94639626746107 24.984086650780647
1998-02-24 8.315410027511058 8.60787430726637 11.05635524421577 13.886387398901205 46.127090058435634 24.51141992242337 23.18158319068047 16.798808360071423 15.538720458714014 53.04884272107423 22.218150663880262
1998-02-25 13.47829399094204 17.809583265080253 17.031118323333782 11.519910801652488 41.26051582318475 30.349088376006996 19.610667715818103 13.937674162033357 12.890658204621337 44.22905821238697 19.82280097963727
