1998-04-12 31.377208555863568 31.377208555863568 31.377208555863568 31.377208555863568 31.496292034518312 31.377208555863568 31.377208555863568 31.571321468350877 31.377208555863568 31.377208555863568 31.377208555863568
1998-04-13 27.97099449626109 27.953914881240934 27.978391219107213 27.953914881240934 28.060006199726143 27.953914881240934 27.953914881240934 28.126849826150373 27.953914881240934 36.65568890091163 27.953914881240934
1998-04-14 24.91932314182949 24.90410693470171 25.040366864781536 24.90410693470171 25.08319471464253 24.90410693470171 24.90429965382878 25.058174455443194 24.90410693470171 38.49351939850549 24.90410693470171
1998-04-15 22.200593043980785 22.187036944555686 22.59628958064351 22.187036944555686 22.346586018139565 22.187036944555686 22.20187344809767 22.32429550129133 22.187036944555686 34.293827088838825 22.187036944555686
1998-04-16 19.778479884837814 19.766402773237008 20.13100542212321 19.766402773237008 19.908544838373366 19.766402773237008 19.779620595224248 20.466005823405713 19.766402773237008 30.552326593572953 19.766402773237008
1998-04-17 17.620622376166494 17.609862892922497 17.934686925445785 17.609862892922497 17.7364970765463 17.609862892922497 17.621638633587537 18.233138353524865 17.609862892922497 27.219028598419143 17.609862892922497
1998-04-18 15.698189887761707 15.688604277931779 15.977989592127951 15.688604277931779 15.801422509794973 15.688604277931779 15.699095270195414 16.24387958683076 15.688604277931779 24.24939768735685 15.688604277931779
1998-04-19 13.985497248130542 13.976957440620467 14.234770446086475 13.976957440620467 14.077467058770246 13.976957440620467 13.986303852180162 14.471651501533549 13.976957440620467 21.603757315341525 13.976957440620467
1998-04-20 12.459661570914742 12.452053467350849 12.681738743440425 12.452053467350849 12.541597357321262 12.452053467350849 12.460380173428593 12.892775772089953 12.452053467350849 19.246759699252742 12.452053467350849
1998-04-21 11.10029652199039 11.09351847227784 11.29814479032175 11.09351847227784 11.173293009069779 11.09351847227784 11.100936724048834 11.486157408625763 11.09351847227784 17.146913544419412 11.09351847227784
1998-04-22 9.889239942418905 9.883201386618502 10.065502711061601 9.883201386618502 9.954272419186681 9.883201386618502 9.889810297612124 10.233002911702853 9.883201386618502 15.276163296786475 9.883201386618502
1998-04-23 8.810311188083244 8.804931446461245 8.967343462722889 8.804931446461245 8.868248538273148 8.804931446461245 8.810819316793769 9.116569176762429 8.804931446461245 13.609514299209568 8.804931446461245
1998-04-24 7.849094943880852 11.392430589507196 7.988994796063974 7.8443021389658885 7.900711254897485 7.8443021389658885 7.849547635097707 8.121939793415375 7.8443021389658885 12.124698843678422 7.8443021389658885
1998-04-25 6.9927486240652685 10.149501808694751 7.117385223043235 6.988478720310231 7.03873352938512 6.988478720310231 6.993151926090081 7.235825750766769 6.988478720310231 10.801878657670759 6.988478720310231
1998-04-26 6.229830785457369 9.042178151129209 6.340869371720212 6.2260267336754245 6.27079867866063 6.2260267336754245 6.2301900867142965 6.446387886044974 6.2260267336754245 9.62337984962637 8.637151175869812
1998-04-27 5.5501482609951935 8.055664924037595 12.703515926225776 5.54675923613892 5.586646504534889 5.54675923613892 5.550468362024417 5.743078704312879 5.54675923613892 8.573456772209703 7.694826910966739
1998-04-28 4.944619971209451 7.176781554593187 17.375968311991283 4.941600693309251 4.97713620959334 4.941600693309251 4.944905148806062 5.116501455851425 4.941600693309251 7.638081648393235 6.8933294895089
1998-04-29 4.405155594041621 6.393785487360302 15.48022789560019 4.402465723230622 4.434124269136573 4.402465723230622 4.405409658396884 4.5582845883812135 4.402465723230622 6.804757149604783 6.141258405922478
1998-04-30 3.9245474719404245 9.205548594086059 13.79131518871053 3.9221510694829442 3.950355627448742 3.9221510694829442 3.9247738175488536 4.060969896707688 3.9221510694829442 6.062349421839211 5.471239241604918
1998-05-01 3.5240925338744193 198.21334774870684 12.286665023091603 7.911993555900242 3.5193667646925593 3.4942393601551154 3.5525287143671935 3.6179128753833845 3.4942393601551154 5.400939328835379 4.874320026984944
1998-05-02 5.976499558951626 207.9318859934924 10.946174119292051 7.0487849168861505 3.135399339330314 3.1130133668377122 3.16494327778648 3.223193943022487 3.1130133668377122 4.811689924813184 4.342525463846671
1998-05-03 5.970789179611111 191.31859021750066 9.751932491418245 6.27975344690083 2.793323252267444 2.77337961806946 2.819643909166859 2.8715393521564385 2.77337961806946 4.28672838610485 3.868750369232781
1998-05-04 5.319368426401747 203.63361706677668 8.687984155995641 5.594624296081326 2.4885681047966695 2.4708003466546256 2.51201714428897 2.5582507279257114 2.4708003466546256 3.8190408241966174 3.4530940616538603
1998-05-05 4.73901851239751 181.41692841507205 7.7401139478000935 4.984243613855652 2.217062134568286 2.201232861615311 2.237952853793599 2.2791422941906068 2.201232861615311 3.4023785748023907 3.076357073145442
1998-05-06 4.221985517938279 163.23068176744934 6.895657594355263 4.440456246483173 6.905272710710598 1.9610755347414721 1.9937893287032316 2.030484948353844 1.9610755347414721 3.0311747109196046 2.7407225730072406
1998-05-07 3.7613614859382896 145.47140335833967 6.1433325115458 3.955996777950121 6.151898606381537 1.7471196800775577 1.7762643571835965 1.8089564376916922 1.7471196800775577 2.7004696644176893 2.4417062270704433
1998-05-08 3.3509921262848636 129.60028677802106 5.473087059646023 3.5243924584430752 5.480718582554651 1.5565066834188561 1.5824716388932398 1.6115969715112435 1.5565066834188561 2.405844962406592 2.1753129477723414
1998-05-09 2.985394589805555 115.46072936115931 4.875966245709121 3.139876723450415 4.882765159685875 1.38668980903473 1.4098219545834292 1.4357696760782193 1.38668980903473 2.143364193052425 1.9379835167244621
1998-05-10 2.659684213200873 102.86381578340547 4.343992077997818 2.797312148040663 4.350049221744456 1.2354001733273128 1.2560085721444847 1.2791253639628557 1.2354001733273128 1.9095204120983087 1.7265470308269297
1998-05-11 2.3695092561987545 91.64124162445992 3.870056973900045 2.492121806927826 3.875453275499516 1.1006164308076556 1.1189764268967992 1.1395711470953034 1.1006164308076556 1.7011892874011953 1.5381785365727207
1998-05-12 2.110992758969139 81.64306469202046 3.447828797177631 2.2202281232415864 3.4526363553552977 0.9805377673707361 0.9968946643516156 1.015242474176922 0.9805377673707361 1.5155873554598023 1.3703612865036199
1998-05-13 1.8806807429691443 72.73570167916982 3.071666255772899 1.9779983889750605 3.075949303190768 0.8735598400387788 0.888132178591798 0.9044782188458461 0.8735598400387788 1.3502348322088447 1.2208531135352212
1998-05-14 1.6754960631424316 64.80014338901051 2.7365435298230114 1.7621962292215376 2.7403592912773247 0.7782533417094281 0.7912358194466197 0.8057984857556217 0.7782533417094281 1.202922481203296 1.0876564738861707
1998-05-15 1.492697294902777 57.73036468057965 2.4379831228545603 1.5699383617252074 11.694162332420852 0.693344904517365 0.7049109772917146 0.7178848380391096 0.693344904517365 1.0716820965262126 0.9689917583622307
1998-05-16 1.3298421066004362 51.43190789170272 2.171996038998909 1.3986560740203315 35.34538449200581 0.6177000866636564 0.6280042860722423 0.6395626819814278 0.6177000866636564 0.9547602060491543 0.8632735154134649
1998-05-17 1.184754628099377 45.82062081222996 1.9350284869500225 1.246060903463913 31.489157736105412 0.5503082154038278 0.5594882134483996 0.5697855735476517 0.5503082154038278 0.8505946437005977 0.7690892682863602
1998-05-18 1.0554963794845693 40.821532346010216 1.7239143985888155 1.1101140616207932 28.053650262415253 0.49026888368536803 0.4984473321758078 0.507621237088461 0.49026888368536803 0.7577936777299011 0.6851806432518097
1998-05-19 1.0048154244342191 36.367850839584904 1.5358331278864494 0.9889991944875303 24.99296105794314 0.4367799200193894 0.444066089295899 0.5229018500783889 0.4367799200193894 0.6751174161044223 0.6104265567676104
1998-05-20 1.7524354502858324 32.40007169450525 1.3682717649115057 0.8810981146107688 22.266196969052963 0.38912667085471403 0.39561790972330985 0.46585258794804857 0.38912667085471403 0.601461240601648 0.5438282369430851
1998-05-21 1.5612424962833364 28.865182340289817 6.321262368031481 0.7849691808626037 19.836926337589592 0.3466724522586825 0.3524554886458573 0.41502747344527613 0.3466724522586825 0.5358410482631063 0.4844958791811152
1998-05-22 1.390908938645048 25.715953945851357 5.631604540708012 0.6993280370101658 17.672692246002903 0.3088500433318282 0.3140021430361212 0.3697474440854202 0.3088500433318282 0.4773801030245772 0.43163675770673227
1998-05-23 1.2391589904888127 22.910310406114974 5.017189266390082 0.6230304517319565 15.7445788680527 0.27515410770191395 0.2797441067241998 0.32940752397136763 0.27515410770191395 0.42529732185029884 0.3845446341431799
1998-05-24 1.1039651561985604 20.410766173005108 4.469807486094393 0.5550570308103966 14.026825131207627 0.24513444184268404 0.24922366608790394 0.29346874085187447 0.24513444184268404 0.37889683886495057 0.34259032162590475
1998-05-25 0.9835211425288968 18.18392541979245 3.982145759695587 0.49449959724376513 12.496480528971569 0.21838996000969477 0.22203304464794957 0.2614509250391944 0.21838996000969477 0.33755870805221116 0.30521327838380513
1998-05-26 0.8762177251429161 16.200035847252618 3.547688552760786 0.4405490573053844 11.133098484526478 0.19456333542735701 0.19780895486165498 0.23292629397402426 0.19456333542735701 0.300730620300824 0.27191411847154257
1998-05-27 0.7806212481416682 14.432591170144907 3.160631184015739 0.39248459043130185 9.918463168794796 0.17333622612934124 0.17622774432292868 0.207513736722638 0.17333622612934124 0.2679205241315532 0.24224793959055765
