1998-04-05 44.04810906403301 44.04871935413083 44.04810906403301 44.04810906403301 44.04810906403301 44.04810906403301 44.04810906403301 44.050772165548494 44.04810906403301 44.04810906403301 44.04810906403301
1998-04-06 36.54156209405848 36.5420683803436 36.54156209405848 36.54156209405848 36.54156209405848 36.54156209405848 36.54156209405848 36.54377135778078 36.54156209405848 36.54156209405848 36.54156209405848
1998-04-07 30.31425840171329 30.314678408204337 30.31425840171329 30.31425840171329 30.31425840171329 30.31425840171329 30.31425840171329 30.31609116932139 30.716416669781538 30.423819145022698 30.31425840171329
1998-04-08 25.354126592143025 25.148541604918893 25.930656324197376 25.221640688689185 93.98649755630203 25.148193174677537 25.148193174677537 25.149713607512872 25.951734025748355 25.239082903880025 25.148193174677537
1998-04-09 22.76231512517427 22.537168124633347 21.51163144898976 20.92344413695519 249.5211335840255 20.862513328551827 40.46097963077116 22.213825708204343 21.54207225471662 20.938273095118337 20.862513328551827
1998-04-10 18.8832294785225 18.696451356251767 17.992215277883222 17.357733382849382 206.99848847961545 18.4396963709025 36.285602516404246 18.42821198710186 17.87093674750339 17.370035234325485 17.307186220530205
1998-04-11 15.665206002889764 15.510258049440834 14.926035776716946 14.39968038808427 171.74736042299645 15.297258480572628 30.101918689540213 15.287731231101985 14.825425170661005 14.48859192473707 14.357747321947892
1998-04-12 13.000735020378931 12.867046273987615 12.382385413190246 11.94572993521498 143.07544536952852 13.688955947846997 29.459816676022406 12.911786263833847 12.455169636981077 12.261242931112584 11.910942976760323
1998-04-13 18.434508566356453 10.674282741731176 10.280205910387144 11.062694601581864 118.81029946033492 12.164377055594088 24.45334591145317 12.485579907051644 10.33259688901077 10.201919276142812 9.919332290030363
1998-04-14 15.292954766157115 9.436874588207916 21.588064016738652 9.181152643663246 99.43675305837705 11.093983476094312 20.286079857183204 29.698331551705344 9.299375539428897 88.23848256293962 8.277562899201065
1998-04-15 12.803930529508794 10.961069961599428 23.66670489190014 7.6199743632360315 82.4910390825623 9.608320475682302 16.8289868168624 24.681412595276242 8.16568374941366 73.57090220832049 29.09896204643874
1998-04-16 12.137027538775836 12.176288453422211 23.89299844843109 6.321401128584442 68.43316298678742 7.972170649384515 13.961041230045707 28.038388458558693 10.06307170357795 70.82612307951526 25.9757435701322
1998-04-17 10.06867161541038 10.101241802437803 19.821225132443363 5.244126859699922 56.770988078948726 6.6135771772970156 11.581842350232481 23.260170178618953 8.367718988201576 58.77865091908423 21.556850578463898
1998-04-18 8.464893447617552 8.379818393891854 16.443351243627998 4.3504384488864565 47.601603868898955 5.4968265395734335 9.60809942577639 19.29624156316915 135.34837109125021 48.85038753074613 17.883196593529078
1998-04-19 7.206992119058327 6.9517548127265005 13.67448616047639 3.6090497434369984 39.489480945106905 4.560073805305987 8.42430008040443 16.007833803660105 112.28270660542039 40.57678391520024 17.06022210511493
1998-04-20 6.1529574152743605 5.76705755479074 11.34412113834538 2.995762559972886 32.759801741319855 3.783080274360317 6.98865606329741 13.279826656747288 93.14782365677081 33.661809792084526 106.01448159275738
1998-04-21 5.295873661501228 4.784252859347695 9.422820788843707 2.485233666790054 27.18247705563389 3.13837905167402 6.191476016916626 11.016718326556958 77.27385021527482 27.925264871817937 103.77382296054303
1998-04-22 4.640250165209441 3.9689347998901154 7.817011859833206 2.0617075802574454 22.55012063638942 2.6035458826346995 5.1363431968713895 9.13928214755982 64.10749383798255 23.166324775103764 86.08899850701489
1998-04-23 3.8494726140805966 3.2925608049754773 6.4848600844794335 2.836668433710791 18.707196539703475 2.159857382227075 4.261022955425577 7.581793025547297 53.182486525576216 19.21838901256789 71.41796892997552
1998-04-24 3.1934570074820288 2.731452442796984 5.37972962934381 122.35181707448588 20.70572183644369 1.7917809486962752 6.743978797186928 6.289726540239061 44.119286275504805 15.943248651824279 59.24713232280612
1998-04-25 2.649237617988042 2.352471866350898 4.462932200204075 101.50098644299591 38.43770479808691 1.486430999810318 6.254858282925792 5.217850159940749 36.60060949808836 13.432327327835514 49.15041327929458
1998-04-26 2.2052818587185996 5.758058882194758 3.70237264619732 84.21970429911929 31.887266138724225 1.2331178757119885 5.188924046725011 4.328639745689246 30.363243123797336 20.301238652358307 40.7743468892851
1998-04-27 1.829464321798377 4.780413276919217 3.071425376053098 69.86723424870726 26.453133639041972 1.0229736163971719 4.304643134150782 3.5909659100242846 25.18883006696889 17.076921821346886 33.825704675165795
1998-04-28 1.9462833735952163 3.9657495476122575 2.8162289757491252 57.96066920665741 21.94506974290958 0.8486415130757825 3.571058729234615 3.876685715936646 20.896225003229947 14.166723892801484 28.06122927924118
1998-04-29 1.932900794847687 3.2899183738615023 2.336295658887099 48.08653928650583 18.205256609387213 0.7040185652610121 2.9624895839732854 3.216032533931851 17.335152852462883 11.752473188932564 23.279118534972287
1998-04-30 1.628666811441335 2.729260326888078 1.9381511420900959 39.912917769900375 15.112315518040056 0.5840418275509466 2.457630971818857 2.6679658907583454 14.380947964132632 9.74965186741341 19.33378266081872
1998-05-01 1.3511142858451188 2.2641479469847745 1.607857222734853 33.11107772920839 12.536919918281207 0.48451116655248333 2.038808853985316 2.213299125288506 11.930189834911786 8.08814536375847 16.2340351162802
1998-05-02 1.2324443872373536 1.8782986274091096 1.3338510049908787 27.468386919496957 10.512906720014305 0.6050842060679839 1.6913611485019475 1.836115309784222 9.89708257425158 6.709787827803271 13.544534491704887
1998-05-03 1.0224149018134108 1.5582045945477245 1.1065401071429266 22.78730659659618 8.721328607773756 0.5019675658741279 1.4031244415436046 1.5232100317145658 8.210451370598948 5.566325859556256 11.236315444195153
1998-05-04 0.8481780129597782 1.29266002915586 0.9179668524705719 18.90396197814996 7.235065877638819 0.4164237550127465 1.1640081718804922 1.2636291350290931 6.811250810855248 4.625119428457341 9.321456181368518
1998-05-05 0.7036340534480203 1.0723687741805101 0.7615296877134677 15.682405331954614 6.002087595589139 0.3454580644808301 0.9656413815401257 1.048285238180427 5.650497824578647 3.8369204122195955 7.732921505515789
1998-05-06 0.5837228430906751 0.8896188958427548 0.6317520765683294 13.009972552897793 5.241132856629633 0.28658613462452825 0.8010796661646793 0.8696396039981911 4.6875568896515984 3.1830439143100735 6.415100156775237
1998-05-07 0.4842465424695186 2.7880487645198775 0.524090777664775 10.84674041613281 81.48768758597522 0.23774698292985452 0.66456206601173 0.7214382243472889 3.888717468068388 2.640599093001822 5.321857979821097
1998-05-08 0.4145653941869181 2.5139529411571933 0.5426786412496967 8.998271364114666 69.1115757288135 0.19723085335710863 0.5513093868633583 0.5984928804491764 3.2260138708599615 2.1905960953335097 4.414922864060778
1998-05-09 0.3439163999472885 2.0855326018047164 0.4501969707161776 7.464812877961007 65.59175176224679 0.16361936137587693 0.45735689048256645 0.49649951424819166 2.6762462381076966 1.8172812622744001 3.662544917491956
1998-05-10 0.28530719594858894 1.73012237499911 0.49721235038442685 6.192681799439929 54.41380165477363 0.1357358393041027 0.37941549746157854 0.4118875523862655 2.2201683606143394 1.5075856262362715 3.0383849697226406
1998-05-11 0.23668599715685076 1.4352800957811558 0.4124789091207042 5.137343493543957 45.140764364053275 0.11260414364592249 0.3147566434655036 0.34169490793508883 1.841813910576028 1.250667393989454 2.520592492981347
1998-05-12 0.1963506776053629 1.1906839557213285 0.3421854874239612 4.261852784531354 37.44801034669538 0.09424779810398758 0.2611167579304816 0.2834642839591354 1.5279374940075026 1.0375323982715814 2.091040661070186
1998-05-13 0.1628891825424887 0.9877711581033797 0.2838712603591404 3.535560582983098 31.066232454914818 0.078186370309217 0.21661802121632467 0.23515714871524812 1.2675509573408292 0.8607192308976999 1.7346917672827131
1998-05-14 0.13513009536298534 0.8194381524105162 0.23549476941467923 2.933040925607476 25.772018059378066 0.06486208298897365 0.1797026260881386 0.19508237094135641 1.0515387152663647 0.7140380345437811 1.4390707859017755
1998-05-15 0.11210162877500243 0.6797919539536489 0.4665697325358026 2.4332008657112527 21.380027842669296 0.05380848085216692 0.14907824215957924 0.16183701690579183 0.8723386332522557 0.5923538088530447 1.1938286477719735
1998-05-16 0.09299760456971475 0.5639438428646308 2.0395926370811894 2.0185420534738516 17.736507459375506 0.04463860052294096 0.12367277412253716 0.13425723664634376 0.7236772931102741 0.491406644867367 0.9903799411425327
1998-05-17 0.0771492310168386 0.46783822028988387 1.6920113616271486 1.6745481555021038 14.713904919649124 0.03703142376629257 0.10259682994397255 0.11137752002952511 0.6003503738119312 0.40766259456909193 0.8216023544486621
1998-05-18 0.06400168987197158 0.3881106303995075 1.4036638472929437 1.389176668511853 12.20640526216095 0.030720639314452194 0.08511258512036268 0.09239689627032481 0.4980404591488844 0.3381899547893822 0.6815873391549473
1998-05-19 0.05309471335609801 2.029240662107213 1.1644556537154704 1.152437336601622 10.126226194729705 0.025485319869192353 0.07060795299275928 0.07665089362868578 0.41316589406679904 0.2805566344427911 0.5654332638910455
1998-05-20 0.04404647114813986 2.6016425294384704 0.9660126048592279 0.9600980228770737 8.400545020793382 0.02114218790151134 0.05857515687948036 0.06358827765062175 0.3427553984506269 0.23274501213067786 0.46907381864076025
