1998-01-04 9.55380988106623 9.273671130721226 9.775389077818284 9.266231428508322 10.5858177354162 11.516981739352968 9.266231428508322 10.802115993046508 9.266265519517454 9.266231428508322 10.418370368545405
1998-01-05 7.925678182833684 7.693279840244172 8.109496515763613 7.687107989825375 8.781814346056088 9.554859978092889 7.687107989825375 8.961251701710657 7.687136271146719 7.687107989825375 8.642902858502776
1998-01-06 6.575007817806664 6.382214105505753 6.7275003803595865 6.377094043371283 7.28524381735616 7.926549325466556 6.377094043371283 7.4341019956746175 6.377117505074452 6.377094043371283 7.170005209936533
1998-01-07 5.5248246725971635 5.358663309112305 5.6128833493368555 5.290328754562985 6.043714360935556 6.575730502918172 5.290328754562985 6.22678032295399 5.29034821799289 5.290328754562985 5.948114372238304
1998-01-08 9.91140057593824 4.7403637018786435 5.733233041302976 4.38892833242719 5.291659893712448 6.15756964135377 11.283059956747818 7.891878848949335 5.573602768270197 6.423806411617588 4.963954032926001
1998-01-09 11.728824845418712 4.097726873932422 7.347814727121834 6.456484723046375 4.467418487835611 5.851267401958456 20.953824033000735 8.108592443854452 5.219587597101264 8.288650601285083 4.638347278721
1998-01-10 11.653352564963981 3.3994045190611675 10.80382279875508 6.262523458080715 6.215018808323441 4.870857853009424 17.567034995675698 7.487812640986026 4.959683957479617 6.886845952210408 7.123618215316359
1998-01-11 10.451482130390056 3.1614773499010553 9.027647857845812 7.02792798915192 5.644908124347955 7.8521566933220805 15.019826531519668 7.323248248270492 4.135262353243266 6.627162335348614 6.029016616310912
1998-01-12 14.356594839398365 4.190068583210511 12.307382235147712 22.761780503706238 4.721698078542779 12.306928298487826 34.07701590029255 6.514125306185909 3.4629750451249093 16.940723891357365 9.33567800785795
1998-01-13 19.675992656396552 4.224092659124001 17.588650323618737 29.095553515282344 42.37941332110365 11.110742012837374 61.9457158807914 6.692810304708903 3.1694041040505994 30.79886368152762 15.619980950530712
1998-01-14 18.443227544529968 3.5199578184705262 17.1028281609613 24.736836667838304 224.354056634883 18.152692126829994 55.2208860733357 40.91356318970794 18.82856353850541 130.63119674769095 21.087446143901243
1998-01-15 18.141629212964006 2.920097137545662 15.976670755820932 28.127618994990243 186.12030949295115 21.55969863871642 58.54127379799786 48.39118003334775 18.378211902260507 117.15389975415604 17.950813686426535
1998-01-16 15.620975116947223 3.5160914051558363 13.254703502078302 23.72190390084604 154.9620076551938 30.42656259462548 52.40545465561477 108.50691359577914 15.246252011136164 150.54618218478456 14.891689720616899
1998-01-17 27.872168332347595 3.141532202280519 11.296521689733 22.441161627837882 129.26223758410356 25.26375043980392 54.11221552188083 160.29074523408408 13.336537388926562 157.293428792812 13.470333358593454
1998-01-18 27.838526374141033 2.606161682748049 9.452701682413913 39.885895701510044 108.47092640892441 20.974237056291415 45.17213914990244 146.4885121071997 11.403438105542696 158.10181157518173 14.76286152796116
1998-01-19 23.135112348926423 2.3799886268061288 9.437741661034453 45.845100906313085 89.985635637833 18.893790624299008 37.4740383354031 204.94787721159128 9.460098298742759 131.92679140877124 12.270537628777323
1998-01-20 19.238452146326484 2.3990594816099113 8.82524863550247 38.68752138671874 74.65055281835095 15.673967349798076 31.08782483165417 170.8800912837462 9.222433627498177 109.44422229624575 10.209274780501064
1998-01-21 16.96662281571417 1.9902189419123297 8.105530463300378 34.770773612803325 61.92882893569821 13.002856725139356 25.78993072787088 141.7592173413354 22.816723036835157 90.79306535180183 8.469945509777254
1998-01-22 15.028367316281457 1.651051783880419 6.724210210691655 33.77839316945146 51.375103178126906 10.786948782095306 21.39488788778652 117.60103561660183 19.849432775151143 75.32069345825285 7.093394142963599
1998-01-23 12.467277917922464 1.3696844782493887 5.578290423099784 28.07665567219822 42.6365774035709 8.974139624712485 17.76549744304608 97.5598189484686 16.466777016877842 62.48504873779236 6.705213670302004
1998-01-24 10.51938646637846 1.1362669470902602 14.008202804936351 23.497521827807027 35.37057943635702 7.468795608379931 15.442819587181013 80.93667760189307 13.743869466895301 51.836533665565504 5.562531216292232
1998-01-25 8.726704095147841 0.9426277332866816 13.165888465538526 19.58051832101891 29.342831105361498 6.195985804856102 14.98675082262518 67.76214185755961 11.649567585306366 43.00270667527139 4.614581287583881
1998-01-26 8.187164834672851 0.7819879349978957 10.922197141030171 19.674663624370265 24.342839254030924 5.14008444024183 12.432753582612856 56.90916369692962 16.540244344470114 36.35725057360612 3.828178149787485
1998-01-27 8.0634240828322 0.6487238905547158 9.10634468193841 43.23273530330397 20.311938357407957 4.264321701146466 14.323454630354497 49.268072106711834 13.723572213527687 59.70908591770196 3.1757914820879827
1998-01-28 6.792835608632388 0.5381703058855664 9.06173813897534 71.92251490813638 17.564171644447605 3.73198365800193 78.13742191617696 45.59606802708289 11.384842093083968 97.83443822910351 2.6345825985824134
1998-01-29 5.7930063842774615 1.4752995664142126 13.430829970443625 62.733902603349904 29.78551172896285 5.708981874406864 64.82147623337954 38.08977548452672 9.444671363094177 166.71310654796875 2.1856049138939477
1998-01-30 5.3692302989394305 3.487835065480979 11.355337652509734 53.9963594962951 38.66214985729952 4.917804265923666 53.774794177138006 32.91494473091384 8.054017614634997 189.2950393168237 2.9017461246366136
1998-01-31 8.425863384827329 4.702355541774317 10.037760370727948 45.00105862470104 35.38200990627704 4.090743465509968 44.610654629067014 29.212240410408743 11.002703886182687 157.03594502177447 3.124373516534592
1998-02-01 10.571984854532822 4.083666724234656 10.425009788374606 39.997066665638506 60.36484047771216 3.4531609119247872 37.11327003578425 31.064294852971177 12.183042650142681 130.27434906842862 16.07200182620875
1998-02-02 12.131336296862292 3.387740458011238 8.879487609720858 38.48582124206376 55.3679616218602 2.8646835599797797 30.79147138823156 29.259882214641927 26.93152677457343 108.07881822229834 13.33305935686142
1998-02-03 13.016506665738332 2.8439451784224534 7.61357423415499 32.68112665939828 61.2006922911456 2.3797194888298887 25.54408095168901 26.916638448752426 22.913880010151086 89.66034935531925 12.248278932963848
1998-02-04 10.85735784456353 2.4367268057091556 6.316091690353965 27.279038638856473 74.89128951082195 2.406485267806372 22.190497213776666 22.33292898093217 20.177808891540252 75.06269051982376 10.160963879826157
1998-02-05 9.008691460718453 4.488337353133442 5.2397222400482315 22.63022648347777 73.8937838103388 6.417293504195519 18.487065314392908 24.774465916277528 75.71993985543011 71.50492552414615 8.429362813519074
1998-02-06 7.473457212874922 17.722210173729014 4.346784451338264 18.773650987979707 62.85979758813975 5.430384664793311 15.336554950424278 22.161754794214932 113.5883622585016 93.64135178710421 9.836519864444629
1998-02-07 6.199852992658696 17.88238985643892 3.606018449219037 15.574301550883664 74.23182613475643 6.300911160605566 12.727628627479566 18.909212166965787 95.61219950553617 80.64816905051961 16.580598881925354
1998-02-08 5.143292593468131 15.034057794360082 3.1805681091075093 12.920175673509938 150.55155511400525 5.260643605724855 10.558624233451015 21.900968327143502 79.73150586274399 148.11179300891243 20.071049777453684
1998-02-09 4.26678805664412 12.63215461255541 10.403194941972847 10.718357987931073 147.00517925586757 22.307759800809094 8.759255079341422 21.374849798492782 66.39185910156154 127.0888853645236 18.2268971484631
1998-02-10 3.5396548007870527 10.479420614524948 29.477863916335252 8.938970593454227 127.62095984660209 56.99775163337347 7.266529033384662 18.339416065179826 55.788764793134725 118.50095162219944 17.40896109659816
1998-02-11 2.9364374190617824 27.0791781848424 33.61596093488229 36.41189839891479 107.49861426439348 89.18499005769938 6.02818889445951 23.831089274421444 46.70716129963372 112.1625320964418 14.442178028110872
1998-02-12 2.436018538912228 36.9798688239669 27.89565242606107 43.84844146706315 105.41808711982571 84.23322185436743 5.000882977324337 33.033796949129695 41.016360945322084 96.68663346819592 14.01791911143526
1998-02-13 2.031373977105822 30.677870209972074 23.17923041201177 36.375921251626885 178.16936470709294 74.81246979602535 5.481256032458022 32.24193830267577 91.30447302848007 84.25283612359807 17.040691346979987
1998-02-14 1.7641840489826706 25.44983934637284 57.67291938504206 30.454428774433104 183.3600521935413 62.07358489926669 12.906361695544748 28.64991956431968 82.77099027387352 81.89658139908336 14.136667707486785
1998-02-15 1.4635370811850867 21.112753862087047 224.6434032402187 26.74904011292397 375.6373955429662 59.595717085698126 12.19058031960114 31.730980520834077 75.39223798333111 74.54724055897427 11.727539088801132
1998-02-16 1.3641125865049628 17.51478151097269 436.02096497442943 22.263439627476416 324.30563789418125 51.966447626646165 10.113401456077879 34.48507481971049 65.63779883035237 69.67977031525734 9.80668970868412
1998-02-17 1.1316446004672769 14.529964844045692 390.51171724778715 24.206054836425423 271.45603990369165 99.32116455107327 8.389905835735432 28.84121372343232 58.280121690931075 57.81888399437074 8.166845834010772
1998-02-18 1.2200295515826205 12.087201031235308 713.5988654661913 53.31524924451025 227.71899791902416 99.08146194992241 6.960123182908607 27.49010836779845 48.374946678383864 47.96788195238189 6.804381410311274
