1998-04-26 3.5942758858613866 3.09155902240567 3.121775884568954 3.60488669333991 3.2920729235223076 3.2998164274906023 5.106147081362668 3.2766341993738415 3.1317723699178965 4.178547949973798 3.0924985885669356
1998-04-27 3.0240917778523966 2.750454313255834 2.589772177597172 16.983799572177922 2.7310477046419677 2.7374715838298718 69.7058615482425 2.8762159586868106 2.613389434417997 3.466452309112439 2.565484230792268
1998-04-28 3.692983599474433 3.96221697473252 2.4804598716271444 16.463053548801728 2.265630725169664 2.2709598660843917 111.6467644502034 2.8580579812546514 2.16802342536439 2.8765357691401885 2.1442696030354647
1998-04-29 3.063636382584429 3.286987811484223 2.0577473209850248 13.657469214782314 1.8795287149722846 1.883949679635272 92.62025686112715 2.3709962904128288 1.7985553591925247 2.386325148966066 1.7788495922016696
1998-04-30 2.541540635607469 2.7268291821844275 1.7070721786134777 11.330004169627964 1.5592250542689654 1.5628926113600847 76.8361897746476 1.966938195804028 1.4920509355369027 1.9796547561412687 1.4977316642505856
1998-05-01 2.1084188839002964 2.2621311106888906 1.4161580449060558 9.399178754497928 1.2935065851848468 1.2965491281685606 63.74199618057334 1.6317384728762858 1.2377800788053601 1.6422879150444067 1.2424927147264333
1998-05-02 1.749108445368472 1.8766254943216014 1.1748206275504998 7.797398830252126 1.0730710626642097 1.075595104574876 52.879275885500356 1.3536624839281621 1.0268413007874715 1.362414121722276 1.0307508233934528
1998-05-03 1.4510306168385874 1.5568165917960552 0.9746112108625218 6.468589448724435 1.7708773084612826 0.8922954046639394 43.86774788560957 1.1296252428400821 1.6438440750157857 1.1302355829724315 0.8550933517228668
1998-05-04 1.2037503201009145 1.2915085656811995 5.133037117009011 5.3662317866583376 1.4690896954080073 0.7402330912424582 36.39193752808345 0.9371178884054584 1.363705090806772 0.9376242161983799 0.7093709008679208
1998-05-05 0.9986107917560806 1.0714135396669082 4.259413838758914 4.451734619488454 1.2187318245270273 0.6140847823563617 30.19013240664655 0.777417061398098 1.1313065489676268 0.7778371023233072 0.5884820341364477
1998-05-06 2.813261191728554 0.8888264495377102 3.533537275053327 4.582395994136694 1.0110391930173512 0.5094342908784738 25.045220360347813 0.6449319715596357 0.9385126713725804 0.6452804303669881 0.4881946864156253
1998-05-07 2.3338336357410396 0.7373553050708465 2.931362423762662 3.8014962389879843 0.8387409184249692 0.42261802308012614 21.184672840654518 0.5350245943818265 0.7785741496246186 0.5353136698816983 0.4049980084682819
1998-05-08 1.9361086895633715 0.611697419894696 2.4318084091299292 3.153656622704142 0.6958052003317174 0.3505967239156845 17.57444427237006 0.4438473036177537 0.6458918722721486 0.44408711573575127 0.3359794594809979
1998-05-09 1.6505734325696209 0.5074537755852843 2.017386895177955 2.6162198957151777 0.5772281597016334 0.2908490790919906 14.57946005613672 0.36820817397473293 0.7128384413602525 0.47105322440605735 0.278722845132461
1998-05-10 1.3692876461380359 0.42097502127810843 1.6735898558277382 2.1703715279147406 0.47885866359418716 0.24128344915482566 12.094872090076366 0.30545923851932155 0.6359099177854088 10.856921024486287 0.23122373170917881
1998-05-11 1.1359377419202583 0.3492337175653978 1.3883816794016621 1.8005033051306338 0.3972530027258189 0.20016464558829655 10.033700172163666 0.2534037889210726 0.5539053406645901 9.967694824307973 0.19181927509453967
1998-05-12 0.9423546302770008 0.28971835220620146 1.1517778271578205 1.4936669183555031 0.3295543344466856 0.16605318551230452 8.323787006187752 0.21021947331142207 0.45951044960357507 8.269030092248443 0.15913000809163
1998-05-13 0.7817613733862105 0.24034541736209533 0.9554952955764128 1.3147188126312828 0.2733926706846446 0.137754898412742 6.905272126488315 0.17439449957539968 0.3823497714343779 6.859846722008784 0.13201154817634517
1998-05-14 0.6485359388952141 0.2597058691672053 0.7926626458176009 1.0906683657685672 0.36508706764658805 0.11427912074197025 5.7284963088810645 0.14467471068750895 0.3171908672465678 5.690812165935828 0.10951453507074159
1998-05-15 0.538014384385703 0.21544757189558306 0.6575794490916622 0.9047999257786847 0.30287002179422723 0.09480401487041624 4.752263105603957 0.12001967931053423 0.2631361485775035 4.7210009815615175 0.09085139563528506
1998-05-16 0.44632758255339344 0.1787316412394413 0.5455167266295057 0.7506066292777333 0.2512558187641085 0.0786477982786847 3.9423966442770304 0.09956628462146927 0.21829327335096538 3.9164621178884347 0.07536877258873416
1998-05-17 0.37026577119410636 0.1482727296443238 0.45255139807639894 0.6226904930734091 0.5142314244639018 0.0652448757846781 3.7060703398067485 0.08259849626580534 0.18109238676612963 3.2490303604603286 0.06252465184309752
1998-05-18 0.30716618617599994 0.12300453464068926 0.3754289426951635 0.5165734421201419 0.4265976435110255 0.054126039245166555 3.0744929197798285 0.06852230763993383 0.150231163980866 2.695340326407996 0.051869387729740465
1998-05-19 0.2548198436645109 0.10204246983584714 0.3114494654362491 0.4285405415247743 0.6049286593622557 0.04490204156498104 2.550547034212556 0.05684494096857063 0.12462921845653431 2.2360084915096565 0.04302996184969261
1998-05-20 0.21139420824164606 0.08465269740377261 0.2583731792872973 0.3555099444848398 0.5018385269727327 0.03724996997441835 2.115890438998663 0.19690797923105646 0.10339027989626638 1.8549546137526014 0.035696924483594
1998-05-21 0.17536903969303447 0.0702264379653628 0.21434199503792756 0.2949250033101282 0.4163167065349704 0.07949203323991792 1.7553067203988193 0.16335151049263993 0.08577081770585541 1.5388387978614027 0.029613561407491436
1998-05-22 0.1454831725936048 0.05825865850204415 0.17781447348223148 0.24466476656118857 0.34536925888446673 0.06594523874936771 1.4561726003808995 0.13551363476724834 0.07115401155057283 1.2765944936051135 0.024566906867477558
1998-05-23 0.1206903655570555 0.04833039221138414 0.14751186287231846 0.2029697289977279 0.28651246301230254 0.05470704844854983 1.2080160221905296 0.1124198065416558 0.05902815777182124 1.059041079135854 0.020380288096306015
1998-05-24 0.10012267452414597 0.040094071360016977 0.12237333250759021 0.16838023499867213 0.2376858662134642 0.04538403691799607 1.002149545656643 0.09326155943349705 0.04896875571766094 0.878562466715813 0.01690714037118071
1998-05-25 0.08306006786562273 0.03326135966789454 0.10151883528180547 0.13968537908710593 0.1971801519687642 0.03764982512123116 0.8313662181723066 0.07736820348263759 0.040623646867296644 0.7288404794947538 0.014025876090893459
1998-05-26 0.06890521958840397 0.027593058261212035 0.08421829908377215 0.11588061467487899 0.16357730036653081 0.03123365456076267 0.6896872744331509 0.06418334570547647 0.03370068650151035 0.6046336654194576 0.011635628249485915
1998-05-27 0.057162598208155974 0.022890731822638132 0.06986606850736396 0.09613258699813763 0.135700946206214 0.7370111321333661 0.572152832431578 0.053245411946142567 0.031736378721027206 0.5015938050150014 0.009652719294395932
1998-05-28 0.04742111923364629 0.018989761787971227 0.05795970212885506 0.07974995911877462 0.11257519692546346 0.6124214337835744 0.47464825841347236 0.044171488135538 2.9798394572758533 0.4161136893610095 0.008007731751234677
1998-05-29 0.03933975396281559 0.015753583396239113 0.048082383088819944 0.0661592096714339 0.09339046865287134 0.5086740386767961 0.3937601221995328 0.036643915274674005 62.07444684648007 0.3452008392897943 0.006643078063925588
1998-05-30 0.032635590784769505 0.013068904844479895 0.03988832721004441 0.05488455508606565 0.07747514437840013 0.4219873307837344 0.3266567001698115 0.030399168860843543 51.49590532019145 0.2863727449809621 0.005510984575416594
1998-05-31 0.027073931038968536 0.010841741179862535 0.03309067782032836 0.04553129340524799 0.06427206205361691 0.3500735123131253 0.2709888425721341 0.025218633448716724 42.72012719347343 0.2375699585108998 0.004571819072368169
1998-06-01 0.022460072708465062 0.00899412408404697 0.027451463503372048 0.037771986598331045 0.05331900951954644 0.29041503164497307 0.22480773472724766 0.02092094938313491 35.43989092101612 0.19708399690998 0.0037927033446722284
1998-06-02 0.01863249431155854 0.007461372366250387 0.022773267219713317 0.03133499764426693 0.044232543430567095 0.2409233707747177 0.18649667312335771 0.017355663778806207 29.400330734160672 0.1634975317650687 0.0031463621884270567
1998-06-03 0.015457200374243392 0.006189827610719414 0.01889231515115159 0.025994981090490598 0.03669456570888808 0.1998659306880121 0.15471446802453168 0.01439796348104713 24.39001432607278 0.13563477153104167 0.0026101685583818893
1998-06-04 0.012823030530325925 0.005134975708385929 0.0156727433236294 0.0215649941823075 0.030441187599496242 0.16580537671119705 0.1283484912372586 0.01194430561959754 20.233541051116468 0.1125202995403327 0.002165351442645292
1998-06-05 0.010637768030665788 0.004259888511478374 0.013001841295090076 0.01788995239001 0.025253491479543824 0.1375493204456899 0.10647572533616675 0.009908792790382558 16.785401516946965 0.09334492671575285 0.0017963387290159908
1998-06-06 0.008824911428630481 0.0035339310566921654 0.01078610639982158 0.01484120022548393 0.02094986701254294 0.1141085767565804 0.08833045076416708 0.008220165967954392 13.924883606549074 0.07743736356183369 0.001490212058067668
1998-06-07 0.0073209964252567376 0.0029316890995198562 0.008947970416674859 0.012312007284006802 0.0173796533522346 0.09466253448034978 0.07327743960032151 0.006819309876799699 11.551846600760403 0.06424071973065837 0.0012362545785401728
1998-06-08 0.006073374117547357 0.002432079414972327 0.007423084068691774 0.010213831837128437 0.014417864823054112 0.07853042855298119 0.06078971756559583 0.005657183489805637 9.583215462191808 0.05329300846137864 0.00102557577290399
1998-06-09 0.005038367871046602 0.0020176117181893768 0.006158064290182596 0.008473221172874905 0.011960815434352574 0.0651475078560538 0.05043011576106397 0.0046931032049861345 7.950072552794205 0.044210973394825284 0.0008508002190296272
1998-06-10 0.004179744292677287 0.001673776366331791 0.005108625397808753 0.007029240170701732 0.00992248905181482 0.054045264467207935 0.04183596630369662 0.0038933185980943134 6.595244972217082 0.03667667157398819 0.0007058093921621821
