1998-02-22 7.414303333017268 7.414303333017268 17.466720659106787 7.414303333017268 7.414303333017268 7.414303333017268 7.414303333017268 7.414303333017268 7.414303333017268 7.414303333017268 7.414303333017268
1998-02-23 6.605393335288729 6.605393335288729 15.561079045313619 6.605393335288729 6.605393335288729 6.605393335288729 6.605393335288729 6.605393335288729 6.605393335288729 6.605393335288729 6.605393335288729
1998-02-24 5.88473645522147 5.88473645522147 13.863345374350397 5.88473645522147 5.88473645522147 5.88473645522147 5.88473645522147 5.88473645522147 5.88473645522147 5.88473645522147 5.88473645522147
1998-02-25 5.24270416455053 5.678843669594997 15.672728090633509 5.842548839622655 5.24270416455053 7.151451412367868 8.605718685618188 18.499287576932723 6.93658307504627 5.24270416455053 5.24270416455053
1998-02-26 4.9090190483831035 77.71830000754224 13.96281336570748 5.2051192718921495 6.166536092153171 6.371218896121452 7.666823745693608 16.480991588798865 6.179792969832695 4.674557888831309 4.670718419787085
1998-02-27 4.373438777531015 69.47776634326715 12.439452529141592 4.637234087096293 5.493759099865397 5.67611074754611 6.83036344724635 14.682894280142621 5.505569635196629 4.164557631032623 4.161137052982785
1998-02-28 6.829357403214432 61.89765297447072 16.510409444478753 4.703602639891883 6.385654115299766 6.4925511339869235 6.40100926873228 15.693675834146278 5.348190562784606 3.739460045086055 3.7071516665086333
1998-03-01 6.0873937507292775 60.10265787835085 111.5778200717707 10.542125097175823 6.853856162247718 6.18164086394237 6.809591831579156 63.23975848960809 8.319483979958433 9.110270841545345 3.302696667644364
1998-03-02 20.53606682521711 84.07992661060669 106.16221552132885 9.474125605666298 18.59335371045822 5.507215921690197 27.27630589843911 100.67378530089563 7.411817613334056 12.90420753546964 14.122021582418515
1998-03-03 23.008033646575164 77.70490412534477 94.60856833536742 26.892027640678112 58.46205909229685 4.968696196831238 24.300425960523174 106.69079900842057 6.657983883604093 18.122835977625098 24.01240897070244
1998-03-04 20.932331396119856 69.23285138651043 84.28665225507152 23.958072953274705 52.08377350517202 5.268080683862875 21.649225192141582 95.0680254476214 15.387700607582367 62.46952612353623 21.392624371460393
1998-03-05 18.720946760045084 70.08048432065242 87.52145677524993 21.344216483185164 49.46129790586388 4.693326328313318 19.287266972410475 84.69598200741908 13.714749446697164 61.38846606417049 19.058661630191846
1998-03-06 19.921597494781064 62.436534471885146 79.31919190471979 62.02429641983198 46.00250723790223 4.181278409708639 19.97708767412231 75.45554180204688 12.21845270167843 54.6909057251712 16.979337215808382
1998-03-07 18.26341750967515 65.20751721213949 70.66536639184244 55.25810097237486 44.756433902208116 3.725095575397304 34.740123959743954 67.22324546802835 10.88540384958368 49.99855653823749 15.126869760436247
1998-03-08 16.270855248231424 58.66148885492835 62.95568433540984 49.229371323158205 48.163216278630316 3.3186828730717073 31.094395221912954 59.88910321669984 9.707427661226417 45.945048975597295 13.476508879048511
1998-03-09 14.495684083696386 52.36072442829216 56.08713847406447 43.85838380665641 45.824685846977985 2.956610317533882 27.85790856279094 53.98968374812569 8.648334859826688 40.932385237254735 12.109236403346673
1998-03-10 12.914186368732432 49.55096387944357 49.967959770703736 39.11534677176896 41.19988008060086 2.634040341931437 26.148880857425667 48.09934004400749 27.95280439253192 39.12421138416454 10.788103189399884
1998-03-11 11.505232081729167 44.14489020281453 44.516391307808 34.847812298583825 42.324626328475006 2.346663164156658 25.032050274090526 42.85164038860257 28.771887629060885 36.01896155245893 9.611107302602063
1998-03-12 10.24999651351962 39.32862609413349 39.659595952359886 31.045871306803484 37.70695534180724 2.0906392048543196 22.30889277808094 38.17647149241681 25.632881152153228 32.08924667583183 8.562523175797432
1998-03-13 9.131708754837575 35.03782257348422 36.421199974623505 27.658726950781165 33.61077134123555 2.2635152408868935 19.874963979122587 34.011369515715344 22.836300960696974 29.712220260427575 7.628340921364879
1998-03-14 8.13542762411571 31.21515121714573 34.068836231269906 24.641124385844595 43.865226489431656 2.0165628265972546 21.700288981413426 30.30068550374821 21.914684467574617 27.67159856114825 6.796079148381465
1998-03-15 7.247912330078624 27.809538205911984 30.52817885315576 21.952746128885604 40.8741500685357 2.472276897859143 24.226282817954118 26.994841874062843 31.544499391481754 25.157058861489695 7.414589112230677
1998-03-16 7.790055303375827 24.775481939721775 27.197515407435482 19.557673385884478 39.376294150221646 122.22073054394228 26.344587638232824 24.049670022003735 28.1029540722498 24.015459522229392 11.68511659961801
1998-03-17 7.156446683454909 22.07244510140726 35.704300844652295 17.739902122671197 35.080289983549406 108.89486785467656 38.18871675407796 22.846243097874968 25.046037584077006 21.442105824008333 10.410255399920086
1998-03-18 6.375669176729661 19.66431304706674 32.08093908134172 15.804456061022856 33.982387015721365 97.29800669352468 34.592341734078076 27.21683987248314 24.369705645662446 19.53586568984276 9.274483191302346
1998-03-19 5.680075496835327 17.518911286742107 29.00891539767767 14.080169645670578 31.866827106934164 86.68266944087131 30.81827290836271 24.247447754226105 43.17286263482845 17.425362380310325 8.262625186545383
1998-03-20 5.060371979070943 15.663164042609587 25.875967088465192 12.544005088526433 33.737027448246515 77.22547908985501 27.88760237527711 21.60202012241488 44.03289507261097 15.52423300774936 7.361162187167365
1998-03-21 4.938674392265375 17.078972156933077 27.863911258182036 11.175438053714092 30.05627450750826 68.80008032892539 26.103156004018476 19.245212036301233 39.22884977619717 13.830519286715848 6.5580499565705415
1998-03-22 5.356602662604611 63.412495481780894 27.718465655633164 10.172933553092532 26.777096430813266 61.293903372992006 36.049764568544624 18.755548426139676 34.97964647783162 12.32159190375039 17.52463042124701
1998-03-23 4.772190445701577 56.84782929021624 26.69949516827527 20.516084380184836 23.855680885731793 57.59354370300887 35.718164848083696 18.267134945477622 31.16332220810243 14.771645763177833 55.68225779747392
1998-03-24 4.251538350797109 50.64565824371448 23.78654602041062 19.56854496241013 23.622599349526336 51.31001425817022 31.821267277483084 16.40688314470594 29.522797129048143 13.60311179568792 52.91022913370785
1998-03-25 3.787690066849636 45.12015200869894 21.19140335857001 17.43359162288278 21.085346587499494 46.888582353387775 28.349526227110804 15.18728437965438 26.301822118186276 12.118994861498095 55.27948420673464
1998-03-26 3.3744482252692376 40.19748558684714 18.879394087744906 15.531564429408427 20.738173911328904 42.10720172194615 25.256556575618944 13.530332185866884 23.432259609847378 10.796796987258013 72.10215947805382
1998-03-27 3.0062915983233056 35.81188838178688 16.819627992038235 13.837050840874056 18.475612554174344 37.54351826642439 22.50103387785787 12.054155600401783 20.875770049544673 9.61885259596964 64.51626175649429
1998-03-28 3.7602724342413536 31.90476545351884 14.984585017704232 12.327410856977401 16.45989954137148 33.447472298035905 20.04614223861593 10.73903177266214 21.545447787238796 8.569423447730225 57.47745489806735
1998-03-29 3.3500218915240745 28.423914645108116 13.39644714455704 10.98247453047047 14.664103402126612 29.79831019535469 17.85908242404184 9.567389640333076 49.7797688545616 9.679598666628918 51.20659089065737
1998-03-30 3.026084459024506 25.32282912185724 41.66424428534392 9.784272481205065 13.064230923631987 27.133291934380274 15.910633638741542 8.523575166521898 49.66473094135166 10.1434533740759 45.619886184823415
1998-03-31 2.695934765529334 22.560076004349465 75.8708206888636 8.716795811441388 11.638906583353117 25.38234227764439 14.174763113555402 7.75826281758613 45.93256065676443 96.39310085411239 40.64269812376736
1998-04-01 2.4018048268000602 20.098742793423565 83.18924230590981 7.765782214704212 10.369086955664448 26.12542880404393 12.628278287809472 9.263144436759104 41.30669125180405 102.26858733692832 36.208527660229116
1998-04-02 2.1397648414194532 17.90594419089344 74.11318933340112 6.918525420437028 9.237806277087168 26.61210416895743 11.250516938928936 14.563301282541794 36.88779957451873 98.29562011869946 32.25813087824713
1998-04-03 1.906313754342357 15.952382726759415 66.02736857476951 6.46953127122202 8.22994977068574 34.24343930408766 10.023071119307964 62.822527251737185 34.86725734794006 87.82194615791622 28.738727449033668
1998-04-04 1.6983324801169035 14.211957322554055 60.877847725909085 5.784911210496613 7.332051701063303 30.640034770082426 8.92954121202092 55.96850899890919 43.00910988806062 125.76143697421271 25.603295445328676
1998-04-05 1.5130422295122523 12.661414560928614 54.986939997666006 5.153769981987112 8.898466803511424 27.297167700441857 7.955316819370771 49.86227292335425 38.48088051383109 112.04070299181316 22.809943092411707
1998-04-06 1.3479673827646668 12.382658143828195 49.13903830329582 4.591487070542477 9.469611040446269 24.319011713185525 7.087381556777701 44.42223503098004 34.29119944633709 99.81691867494884 20.32134906188368
1998-04-07 4.747061768347127 11.035637382417942 48.50438168097576 4.090549945504234 14.596825901929689 21.66577636171688 6.314139143904736 39.57571224602899 35.31193314275907 98.38279363527697 18.104263830114554
1998-04-08 28.297156403412064 9.831635197857752 61.543880701663845 3.6442657029387577 20.902536665943533 19.302012388168833 5.625258469464468 45.95593282444006 31.737650270406103 95.41495612606916 16.129065439123565
