2010-03-01 0.43756999016261555 0.2537016003225727 1.49901164733846 0.05613082590973723 1.7039186729981322 0.7282550079525354 0.5658273440309947 0.13902959499713197 0.4110055913102323 1.342111772974476 0.555582436128405
2010-03-02 0.2466999499491144 0.013020494353071801 0.048228196165772376 1.1694642112976612 0.18298660716035658 0.1229478963036669 0.0479922705943024 0.43430928558334186 0.08780873970738144 0.19855742555726813 0.2765716512076383
2010-03-03 0.3682498844142571 0.2910416569291994 0.6744650997144286 0.0785124230385219 1.008601114477956 0.23132238211029676 0.415650010455028 0.5308174470408772 0.04745835175723917 0.7781752232446699 0.178080012063434
2010-03-04 0.23639164260524437 3.1234711384741685 10.915550420658226 0.5049945385431927 0.2961764183642588 1.7596791675159307 2.526137597131801 1.7022844669674189 0.7764231037736015 0.11893442765524583 1.956768500303013
2010-03-05 2.050862979699565 0.14156206777804903 20.85727664545301 1.5725937348646994 6.052889597078805 4.10174005926627 9.879100998512673 5.275579817582853 2.455232514223109 0.23277815773161276 1.2996820121778208
2010-03-06 5.097618099984993 3.7387078490866656 5.929685135403277 7.234544535490254 5.045408393317539 5.663218062943696 6.566161325218582 6.007978613871533 12.39452351108282 2.202371667990013 3.488510505871565
2010-03-07 4.705983629288154 7.329683376607958 16.443262283787455 16.236577835126198 7.2711846175187125 4.816081638026978 7.0077974039295166 6.101250393937127 4.904362518167409 4.193355596702797 8.500607454736976
2010-03-08 4.140706622120644 5.942837553142041 23.061704942173574 9.288766609246512 8.452811284955136 13.542317903331693 1.1249038074544373 2.179655270765179 13.156648681563855 1.1080927939273555 6.604036584570343
2010-03-09 0.5863033004311213 0.5496254711550146 4.459716698726488 3.4882785165422305 3.134369681946599 12.256887231929337 0.7863402791741074 0.6016942927716951 1.8351285532109436 0.20063987962311458 5.483634406237537
2010-03-10 0.4440693616621232 0.4274259346062758 2.3729119271708314 0.5745000405293785 0.0664244941854019 0.16111533509186227 0.3121820340356923 0.795219268052608 0.21399679602343302 0.2884519167311785 0.27750108071162716
2010-03-11 0.04172881704193246 0.8914264979578188 0.551246460275773 0.11347579477551777 0.9252640439240796 0.9522816868875816 0.9073790786382905 0.26435781297431726 0.10498323341424501 6.867773944131702 0.3350102689287334
2010-03-12 0.3940267349452188 4.584442974751689 0.20642848790329482 0.34356761690306337 7.375104414165298 0.11428787120756971 1.9245920590797798 2.264586473661834 11.177110855518178 8.358809593270788 0.551113616591868
2010-03-13 1.561354781841163 1.1697091576590721 0.7951249788240755 2.8208903818080575 1.4577331694033901 0.2731678519968052 1.709303415043528 0.2819266642108683 6.555034590826562 1.8185885256515875 0.18779942403259836
2010-03-14 1.7210833088668775 1.5373575527964927 1.4567319257642652 1.707411107939126 0.28832388386223734 0.21429591594459446 2.1017072982533422 1.9761998431153316 1.8720202095776328 0.0 0.0
2010-03-15 1.5031363950142462 8.381687145774968 0.09514353736470497 4.815347128110693 0.012206573952980799 1.2598838124331655 3.2981034888319583 2.1315003652179136 13.18213155406464 1.002409824344558 0.0928237665011534
2010-03-16 1.0673692240917634 0.7669565846148827 0.11200035356947076 1.4131461730528503 0.3773680906859119 0.02590195429639346 2.4079591510201306 1.2742392677824639 8.41696486182379 0.2577156486079496 2.4218624833755316
2010-03-17 0.6918884958675077 1.3192899527298554 0.11522472496410013 20.884807174024985 1.5768607027162949 9.760096334125814 2.272880816826573 0.2503272387540818 4.564266562131046 0.22791158960369245 1.7321502696164632
2010-03-18 3.762426272416305 2.3619627257533513 1.8787078955387204 5.108369551161447 1.3989515634953948 9.435969093118292 1.4869068037726634 0.7032584399906452 2.8099166516254397 0.3023802135284357 0.6547690295753024
2010-03-19 11.22433543044211 0.03631402697948537 1.8930058393284637 10.442727937609023 1.1984080371763786 0.003940777321187902 1.6548722295550946 4.607147845688701 8.202212915053629 0.12728362859013892 0.16435988751133387
2010-03-20 6.406294277006637 1.1355097337487798 0.8250165079871461 7.651518665618298 1.892490667878779 0.325811800575755 0.7740642788182024 10.518257615684314 0.5242538478916221 0.7445238055479864 1.5444022283110592
2010-03-21 5.946393565897541 7.753996133858481 0.5921475295844947 7.121419614599892 2.5553599445376776 0.3821054753432087 0.0 6.107023163864008 1.8503081448113514 0.34242649881125387 0.29733526865530785
2010-03-22 1.0692897277448554 2.241135396512867 0.10177039386431017 8.709375904707576 6.630671122940576 2.0596268756871754 0.3154208019828 9.95287559352738 6.680128251368054 0.31204788818888307 0.10544015364080812
2010-03-23 1.5651094082170776 9.081556543117168 0.036493940864862115 2.2163512941641756 2.3338790391220687 0.6958866107042113 3.010560274123905 1.8407608191685485 1.1684006888784144 1.5782202985961236 0.27099773266897775
2010-03-24 1.2348486503125655 17.16607885272753 1.6278602587897937 0.7193377583377428 1.2809762768255624 0.644218040617848 22.417967653288237 1.1094413846055988 2.9527523027314753 0.8793424340336706 0.8582747748443561
2010-03-25 3.2976623265789904 12.776688139140553 1.6054768841599643 20.868884666181525 2.6710007640365987 2.545236559181326 3.214919707551549 2.512869265495774 4.823459730928588 0.1394221694765679 4.212471290254484
2010-03-26 1.7592265781682142 4.830208210089557 0.5132777461127764 41.15783328181932 6.744043879004675 0.6741343811638005 3.568009822087668 3.8750117604375225 7.157749612931665 0.5158633663148463 3.9368067605911063
2010-03-27 5.503561274352584 0.23418859563233207 1.409681424203771 9.498849986002572 3.7546661150254144 2.418217166263033 3.1784940776633537 11.9944242086785 2.704196461118575 1.6798024242927103 10.462687684803216
2010-03-28 3.452500103724403 0.9042123186776054 4.307769407677881 4.961958937277647 11.76389229536336 8.492387884202012 0.6478861019433231 4.242988438548117 4.502374663150379 6.932324079612233 16.55208825876114
2010-03-29 12.541000845182117 3.2945016550525814 25.96618974907023 7.3390741672296755 4.762513430507973 7.364391116877027 0.6213812975259223 1.559977991312493 1.6718510489279712 5.962103904853939 18.44459784764433
2010-03-30 20.871575063157472 6.227568227788702 20.438281784116256 3.3250484387957266 7.7692504560857305 6.856755791077984 1.0985519925671592 2.181746806737101 10.390561243837487 0.88789367108639 9.63219447163707
2010-03-31 14.390937262504405 6.839161312802519 8.805248636105388 3.9307657026364096 13.455154150318016 2.525171363935332 1.5178016778460284 7.0011057234823095 1.1834286357107202 0.6052738200337098 22.7699926018072
2010-04-01 9.459639075316232 1.5130544734815643 7.277998236297673 2.547444132287674 23.026903761128935 0.8124539837252717 0.31619083227098965 4.971872246540478 0.7728104599741012 2.336098231068909 24.424297807218736
2010-04-02 5.072269266846748 0.7289556622654555 1.0549708268419011 6.7801814046630575 10.465413790542062 2.700614210550948 1.2433927970057563 14.078527547315257 0.9707149007365188 16.53421085121724 5.397771186318895
2010-04-03 8.230486210916046 3.815887376280577 3.142258557549577 15.370379796568091 3.493243669301232 2.5766842562556813 2.3362716387063003 9.44477535836015 0.6051487303420641 2.43720224862414 0.35963610038748645
2010-04-04 6.460564394159979 1.934726479948258 4.091048414011134 4.696949270637902 7.5011629638864505 11.685961861848407 10.751156529190107 1.3541984428079727 2.049126857936141 10.10046460090011 4.223786591419301
2010-04-05 1.7725080046761033 15.058570639090254 0.33455543594544956 7.031960085164692 5.092187313875234 11.16014494752713 13.575434704550673 2.4949274430831605 5.542855282647785 10.089744251801095 4.78590277992817
2010-04-06 7.1318210106573 17.171651784214575 8.337680011304025 4.8653669908885115 1.8286913879650621 6.167518335997061 11.249178178428634 2.7882826589171286 5.580900828492981 6.6657533049013615 0.6439624312671762
2010-04-07 4.252006898593343 13.508915435050719 7.133224271469714 2.854809471709653 1.418132117169952 6.36400405908015 17.799825347538146 1.0196396766170797 2.4312643560350216 6.209928701709477 1.2132265710358943
2010-04-08 4.2977499741347165 10.142120150478757 1.301718648165967 5.463801038656758 5.0144889665829675 0.36094421849089475 3.139796490221788 1.4610044408391096 12.385143983908247 4.000771618692063 0.7121786189198116
2010-04-09 2.8864383762774115 7.469014620786508 0.016952567096046495 1.8248810554675314 2.977264140810667 0.4746008089837326 1.198738128074977 1.1969566484697036 1.9351957451314683 13.552858373455221 1.1429184667285752
2010-04-10 2.621681131703927 12.152211716011259 1.9351285402511915 0.15859856788837012 0.46923999569307007 1.1713445780151615 1.6103693347105907 1.2642680566251208 0.028224133730361606 11.20494156827672 0.9284851104068153
2010-04-11 3.290634764658184 5.175636705746626 0.5704534367375371 3.1790443800115513 0.33116275428104464 2.7177643733408665 7.280036065948648 1.2176529319830267 0.8718276623067771 3.2565263565607743 3.061258554137574
2010-04-12 0.5016637326595069 9.698071246950985 0.8528469562101251 0.43592982792478896 0.5860875199771107 11.276502667650089 5.183076290248443 3.0506364551828247 3.688770924408778 15.724214751897351 1.7874594016499075
2010-04-13 1.7157684563996196 8.462382596956994 0.011262862056101903 1.4774969927813983 2.0285406087950255 4.020753987582482 0.3804378699514085 1.5602794416221435 23.371742151499927 27.190683890092632 0.41517682331156164
2010-04-14 2.6935858267636066 7.106635505545943 0.2822654209261478 0.6905945385750254 2.5273274261415204 4.65982294072232 0.03143824233963177 0.162606263885565 6.51864103881673 1.9139851230481555 2.010837645574146
2010-04-15 0.9858404434280061 3.7838290571627744 1.297320919976626 1.4067027408980062 9.814247081341735 9.412234317965144 5.026336373314265 3.2530690114208385 0.31350758575643334 3.2346066339399915 0.3689453245339208
