2010-04-12 2.1023059773918966 5.340102761357003 16.269032682234872 1.9166382663125299 5.610054623765247 5.235314653493218 6.398439259852676 13.474170554051021 1.9680112105353476 4.9773634636949735 7.520625765269852
2010-04-13 2.5904852020288938 2.892214307923493 1.4158266815427876 2.562364838030871 0.8406591094620399 2.7500101822253287 3.736530988653737 2.636038374907721 4.830575282991264 0.46206940324256973 1.9592862361754448
2010-04-14 1.112280969298856 1.0848836111311404 1.8504372445650552 1.265514292708417 1.4607499609982924 2.494244245931639 0.9921175696582953 1.0911706805391224 1.9529212132104519 0.3405878794900117 0.4596433803657425
2010-04-15 1.0916633853299134 0.5999909246912497 2.2380473638955714 2.6111213196532193 2.639519976911197 1.1323083518724357 11.939051257552403 1.0526282568561802 1.0873690308052693 1.7896857087701403 0.9370194836810954
2010-04-16 1.8309036761490942 1.069672378731757 3.1753693757110844 5.815140707449881 16.603067713083856 1.7801136441331962 2.6118512614505085 1.54248622106874 3.9877640736860966 1.1377666949927758 0.5584196616422152
2010-04-17 0.5700137964168399 0.41143316639023236 0.39261758479924086 2.6624713222714727 5.3938300448208825 3.270097203407568 1.078285087703994 1.098590349651947 1.384596754229506 1.2801184294750523 1.5263948768720956
2010-04-18 1.4586552679780636 0.23890133941925037 0.5910199729080446 0.043086760749776215 1.509980077813528 0.6627656056505231 0.8287044407593418 0.19472886715755158 1.592589516111051 0.2729194306587315 1.8008514245002818
2010-04-19 0.40546446356137544 0.5166804015357845 0.17264156642317055 0.7266850112279643 0.9943852577397052 0.017313520488701266 0.6367153557089158 1.2593011481280514 2.517384948911133 1.1828862260607131 1.2539399363544588
2010-04-20 0.6590326392181125 0.28870530539720396 1.2645817915808637 0.5744577165489302 0.6623901848514097 0.6186158196815966 0.4743703957107257 2.7322778055619743 5.0580999043503105 0.8316494255800024 0.12481361400710436
2010-04-21 3.264109713231014 1.26569110515835 1.4719418504137667 4.262355384770763 0.436833624275837 1.2973928853935899 1.1548976193004294 4.57392250227904 10.414981297429065 1.6029590738681239 0.23574110781354815
2010-04-22 3.7980954463480314 0.7498904874408319 0.5756154650822406 0.35930309146232464 0.29251827763139704 1.4839540177804569 0.8777115788910632 3.1552303107080277 1.1671788345242313 2.5121384512589473 4.0400550405518585
2010-04-23 1.7207796645894482 3.8163297772605667 2.9142819826433257 9.242926441857445 0.03959766785385661 0.5075834203633389 6.440380170882086 2.780497719207193 1.1024355366491683 1.000184898511102 1.1507926117585845
2010-04-24 3.432879100327092 6.780387538125995 3.9608932102574923 3.655964933749435 0.006671553819352298 13.476767626134754 1.8298030541581578 10.779087989738615 0.2591213932863623 7.375514632028632 0.20345987074858274
2010-04-25 0.21885203781590604 4.474603181957879 0.41852877071934247 1.6193682664294617 0.15375209162548076 11.901519349066373 4.999003659715818 4.481794784156843 6.082376347816431 50.484010158604406 0.4397019358171753
2010-04-26 2.5834447352488032 2.6424080332889863 0.0 0.3852945401436248 0.18859374015385788 0.36948970107401624 4.802548435057476 1.241635958697862 6.127677846776461 0.4033063768397362 0.049355075512367425
2010-04-27 0.6553277473345287 3.3256013863663805 0.6417803479206567 5.147912685974575 5.185691226708075 3.2045567340589267 3.733941928265313 4.387912784210226 3.8094014638830456 0.7277035220003173 2.373983960410312
2010-04-28 0.18336155592974526 0.36664569323213486 0.6565299040978382 0.4521686420450603 1.8748520458507683 0.2178255690639774 0.046834340051723475 0.051925935581149316 0.4623870193136774 0.379301873797703 9.88466691182931
2010-04-29 0.1197096409676288 1.4695590804155478 0.22679201238436203 0.04697780055883612 0.6701050714750159 0.40675486706652764 0.008213180881725861 0.40550722159896146 0.005368106879597758 0.009975020875128398 8.551219417621933
2010-04-30 0.024457128868524768 0.9998992558765949 1.0774015497221434 0.2138008001849742 1.4266824365080353 0.34973707555117634 0.06782858145915041 2.5095191465963427 0.30346276863640087 0.619731136957072 4.355852637457197
2010-05-01 1.2746507202448703 4.435792161536878 0.11166827772351982 0.39402399253697956 9.673768149301386 0.31293215706839783 0.18551891357522365 1.3104039286014348 2.013618442732177 0.22106609156449084 14.13101400452707
2010-05-02 3.940188813323113 4.9322976441267885 0.7502524941587392 0.04552007366008827 10.649334138879524 0.16444475748678913 0.048115022010712175 1.6763308774013894 3.9900422366622443 1.7228258731912809 3.4696830411432797
2010-05-03 3.8242888918270186 2.833771878297423 0.4409857072091583 0.1458382973681855 3.4474123895663347 0.12941903433184973 0.6839778073871311 2.176499003612558 0.6441866948622816 8.49228491830743 1.832328039768954
2010-05-04 0.28802838515256735 1.4228896592304512 1.4881320158293327 2.5975149387076373 7.544048983986962 0.5617690619126983 0.38743983637909796 1.8027275822903748 0.3072403656835088 2.1889766182831227 0.4587336275835537
2010-05-05 0.04520664247628069 0.10557922754340608 1.9398912781279316 1.6296583761037058 3.6887603518297816 0.42990212219252344 0.04640227217977086 2.3407658876247677 1.8983235386081174 2.41490599841325 0.8155848089343692
2010-05-06 1.8503557931760006 1.715705258413947 0.2386577398153713 0.40093731012448314 1.4318653419617384 0.27006821072976317 0.15228887761937188 0.33908470061887513 4.190296599127228 0.16034480641912813 0.814908295760459
2010-05-07 1.810182186386764 0.26381104426732543 0.8543365647595127 3.3007707759195912 0.6657531968431555 6.067747499317676 0.9127834021560045 1.0252665196374449 0.8845092768672034 2.7341522494584924 0.8635510819193142
2010-05-08 1.25206907090254 0.07209865234220071 0.5256719335979045 0.005546687497143561 0.11191642259064757 0.23722724163450115 0.0 1.0526325755432437 2.9616660707099225 0.6534248594589509 1.0503592363700733
2010-05-09 1.1918043492130121 0.038726288008131216 0.8778164522555112 0.12286460427349571 1.8640571303704863 0.9449791618482104 0.5444798891503714 1.5516673231197977 0.4721172873998784 1.5602482179549797 0.1479867267656273
2010-05-10 4.474628024082705 0.07705169646909443 0.14351695858475577 1.0103624051581663 0.09943065628544454 0.10432270178413433 0.24248164125504612 0.1733244511862264 0.002845074002128103 0.327347564459089 0.494029953622818
2010-05-11 0.8913997119913804 0.24835340986167453 1.019308852491145 0.4268362073030597 0.002845074002128103 0.6286025097987157 0.5954053809325741 0.17674183889352021 0.003826479817224195 0.38218334416335964 0.7174366971348546
2010-05-12 1.3390637387686009 0.9267123833032512 0.23256691259993767 0.009194586696821952 0.04592815222354556 1.1989866751760303 0.0 0.23331665320287576 0.009065531624522873 0.013938136868434602 0.4094325692015215
2010-05-13 0.0870751275209161 0.6054784265431887 0.218544021842291 0.9453452801769097 0.0 0.10069916247654492 0.04759217024155166 1.1916522973774357 0.1784160519097373 0.003826479817224195 4.957606716226613
2010-05-14 0.14565444153398366 0.16004776836392384 1.4670899199457805 0.8482159035094243 0.043879239302301205 0.4102806206131721 1.7809557749633174 23.47623284607983 0.11862865925129204 0.01836678237440006 0.6381557573794534
2010-05-15 0.12652443406308445 0.014991398754133394 1.158872274253113 0.024185985450955346 1.500352765414626 0.5479052550106936 0.9318217809395062 3.1229520279463507 0.053050801914040935 0.8258690125266079 0.5980906542928668
2010-05-16 0.610063672880686 0.0 0.8972198860741492 0.32916406078060256 0.44832303087120107 0.4815214353886607 5.806517090767898 0.03157848376077442 0.06299148965022901 0.828208469286586 0.18069071156804828
2010-05-17 0.34610968485357285 0.030406443651753757 1.4305754859967914 0.18400655366516128 2.6145757194151167 0.7007291575644166 1.5785665185491693 0.05107060570550065 0.055444780423909754 0.0 0.08493095384321322
2010-05-18 0.037101811063202955 0.0 0.7945534206718785 0.0 1.9398962712252916 0.018564392094874246 0.0 0.17057936419613523 0.019874823763338635 0.017090846560407588 0.031709890791028136
2010-05-19 0.07678614796812691 0.0 0.02234402013383101 0.28878352597382473 0.5423171969557409 0.1203415697262861 0.002845074002128103 1.1510220996275968 0.35191727455433486 0.08861167336556727 0.029589212882412414
2010-05-20 0.026186285618806565 0.0 0.20479988651629732 0.604973604557484 0.6774676793807645 0.011687931698357294 0.0 0.2925269815830032 0.0920661182023531 0.1747424928970197 0.005368106879597758
2010-05-21 0.0050492659730165855 0.029398749113104465 1.7249267485060784 0.022458953440005345 0.34128522968260416 0.28110520914501247 0.5010362735509475 0.12918292999944245 0.5975656381170724 0.574833007362189 0.009100339606975406
2010-05-22 0.05767736674424825 0.4964642728189399 4.641338640608098 0.003375383620266667 0.3528012748828123 0.0 1.9684864350958577 0.11596707355955423 0.01414634486802685 0.23321119102939172 0.07456837755390774
2010-05-23 0.005519846757211931 0.07029992527962031 3.216870952577856 0.09706463955614761 1.7100973279038731 0.052975583475013736 2.7970397636466995 0.01961051752156178 0.1633651596264578 0.36341419240934103 0.1112109844873653
2010-05-24 0.0 0.9501853627966259 0.30353447364492425 0.17623150667123355 0.0 0.007539410756474652 0.06068179328696986 0.0362646111774861 0.07464583476273115 0.6356000905438068 0.03205479468266678
2010-05-25 0.0 0.014533006278889041 0.07844180202310255 0.40520709114195763 0.12297126671076172 0.24296125601999438 0.09731354023445131 0.002845074002128103 0.8182581826169192 0.08852809451520988 1.013481374524372
2010-05-26 0.2912206587413656 0.6336904531304055 0.09358472298717273 0.0 0.009194586696821952 0.03767654903103546 0.0 0.014289865869027361 1.0409527314214517 0.017586348196093615 14.375178638453352
2010-05-27 0.03969937928248218 0.08648819756749335 0.0 0.0 0.1294808009426309 0.13497353816440785 0.20250063407929125 0.21636381199071714 0.5659753555544289 0.08495500183377905 0.0410148240692641
