2010-02-15 5.886528685700352 6.597398067587358 6.4948903941227485 4.2844112907603105 4.556523343656039 1.6463458524051637 8.584333492352556 8.275447093443546 4.680345435681369 6.434861166514278 3.232387879424973
2010-02-16 1.5975825649704385 1.3561148294243406 1.9406362242802684 0.290285537156189 1.602499477028949 3.494489805947274 0.03933121766960111 6.021413403881738 0.7343854664051895 1.5819487633274014 1.6161687708951142
2010-02-17 0.19652373791322486 1.4086462307004801 0.4741245007787756 0.824886395772644 0.06842330444433642 0.19909065402918308 0.06986187965302516 0.4447422726008029 2.222112974105655 1.0593096416093712 5.9580329203889235
2010-02-18 0.18785815408381773 0.03248635852296561 0.05431072982673345 0.9355652060329367 0.4237032801924695 0.2544679773386094 0.012794180797954004 0.08236393824078184 0.7171681641547205 0.12736010507411652 0.09275135722950283
2010-02-19 0.007224407010360149 0.33763409990183013 0.09631218798142091 0.03726023789755044 0.1950728509999887 0.13571133663685714 0.6619901241311392 0.8489345281820757 0.5206711210199765 2.4570624150587124 0.5325623992907099
2010-02-20 1.8712318885676773 0.16306690405895002 5.135447134260309 3.664614428529389 0.7714478907741835 2.2735103126699756 2.019264675705956 4.255762648079557 1.3651209855640687 0.14483813789501856 2.469579015436061
2010-02-21 0.6624935058383741 1.699864242352574 2.2016517844242913 2.6110804444302733 0.4043678005130386 4.3846022659514325 1.7783597259471549 7.84243437762882 2.6107649151423082 0.911556778848032 3.538368346251052
2010-02-22 5.391954951989975 6.131678616745251 8.78715974322704 13.607618627123394 10.843663572701942 11.691455177280027 8.364086659874971 22.523912617951726 18.58763275293227 2.0541637696359443 8.069387969397578
2010-02-23 9.098611055859326 10.49955439771633 6.141125727630317 3.1230692609839776 18.878847827052255 2.2379211679044015 5.690683364659637 18.277236300723736 3.6611673986557065 8.946878372328246 29.034301967343488
2010-02-24 8.964092607163677 23.14095775988838 1.2508631517784328 10.541452149786709 2.8838482593385293 9.80997806201886 6.492107149421644 10.274076509205994 0.17572846036421408 8.836037996327756 11.348398461421347
2010-02-25 5.247942983155795 22.83463152449 8.742684884606996 23.97829240585154 7.524901755825764 10.06731117839456 11.289715943853224 6.856195159264305 2.810224128014805 15.511341998619383 7.6005872175647795
2010-02-26 14.013960980574321 11.734537458531786 8.591082783015416 14.881034871981653 7.351492577086615 16.13736623637397 13.02218887384304 2.9251095485690506 1.377047546281558 6.7645405633464835 15.620514045809479
2010-02-27 12.330583703013646 10.606971944603934 2.294000279003329 6.207189691933586 9.074838815709095 11.116625592690497 10.678167601184299 7.047950851735287 8.110271773387137 17.703353547154634 4.319965482956292
2010-02-28 13.744897001907178 3.3488756461778064 10.961502997356854 3.2114010277520664 18.588618859582468 3.6542153038297482 10.762483604255955 4.969419208320712 14.93214236479878 16.066958287620935 3.1045897408057197
2010-03-01 16.221126045572213 2.2539324929117943 1.643024397871976 11.083580339865795 17.506911891387325 2.7865637605497238 27.19966964193636 2.563812353779104 11.857783369540012 13.772337577026732 2.249543948089109
2010-03-02 18.37711831488817 1.7608388774523624 2.628451085347428 6.759606214363883 3.750498753528427 1.0501282691288307 16.937867733463 1.3467883311700999 15.091224190027962 3.6715124852005694 3.8606770285415553
2010-03-03 12.740874944875287 4.852324053391801 0.2674126938250796 2.952833851332414 2.651544702731313 1.559211645479711 16.005529321513855 11.70079559314107 4.892628646923265 16.847134391189716 15.696765473727961
2010-03-04 2.7426365815121736 7.744197646827006 0.4727837049430128 10.391515706483483 4.100188068175145 9.285941191337537 5.627228723075913 18.652605925184893 8.695200076334121 8.207985986030804 41.21604581804965
2010-03-05 2.923291372228383 21.013172195376235 1.2668717084592116 6.544785033120977 7.923154166558805 9.042581281366036 15.2840510958845 3.7490888367839563 11.120869468355838 15.244612778243068 19.285955943200335
2010-03-06 5.479935839775721 11.137792625783788 3.817635370341683 4.702629584936144 30.768635870323347 13.981022122230256 16.871922428867663 1.2387382298053513 2.947247778828917 17.239026891858277 23.406253882966745
2010-03-07 7.503001148284282 0.9551284289167804 8.882849651776922 3.9346082949854155 21.520814958835516 12.778853500220066 12.101031114139783 1.6653490200711603 0.9112397329422017 10.799044015920838 3.9660540940253437
2010-03-08 7.546033478396388 0.8099024218660922 8.964734282818526 2.152477213497942 7.346411685255713 12.185268698332989 3.4003914587158617 0.6940213260133246 1.7308738767322485 15.331016385089184 4.748068932073887
2010-03-09 7.729585544402985 4.951350244430266 1.8822975306744705 5.796012578519962 11.411393572862982 0.7979410330672456 4.528792504295522 3.2573540537418317 0.8178784564107449 5.961386872590263 4.712231139131069
2010-03-10 19.536412396181838 4.9689974929240925 2.2274112060686524 0.6025641678073707 6.043473121173644 3.8527326345348234 0.855415646072906 2.4203110370526417 1.255520888705853 19.378033970687596 2.2808279812083985
2010-03-11 6.117992234414145 2.285435358290985 3.8816205105340735 1.9936785238174621 36.278083114296464 6.174324757123884 1.2698925668709042 7.338540046112139 0.3805008713262302 17.351281237181112 5.157272506621574
2010-03-12 4.282795652868802 3.147699683374664 4.757087633109334 0.08121891348731962 11.607379856986018 6.272448846831566 7.852966278614689 12.276309245562121 0.0460844016748448 4.531721007936046 6.891775217500226
2010-03-13 5.4036968254060564 3.014908588363311 7.917256942504754 0.01979850960989067 7.421425120960388 3.457338147946275 12.222639369657326 10.904530160554796 2.088047120639632 4.682275785567226 2.988107674094935
2010-03-14 2.688730046386785 1.3457111034664009 18.275006524060217 0.20162682991013545 11.423602609903742 0.7889205138648803 1.8572078042767277 5.916476005983636 1.5152945239274294 3.3482964287916417 3.40241731275053
2010-03-15 2.594179559164247 3.721710307591381 0.25059293297256724 0.007909453231755122 8.515830435820838 1.1486329690721808 0.9834405958747952 13.281571512223575 1.6073708421120965 0.16008179293668995 2.3839237068797683
2010-03-16 11.593385327512896 0.7408193074909365 0.8217406556233453 0.18251501308290735 10.516244228477031 4.354324319649463 0.6992300310010079 5.639927111858537 7.8726808422043835 0.9042918826256562 4.620346372884014
2010-03-17 3.759291624274237 1.7201960592927015 4.8802186785377755 0.2859161003842976 1.20112967031743 9.894097776295723 0.9184842664862094 11.058525378834226 7.958060929827867 17.237633123868505 5.668729515161016
2010-03-18 2.6053990626494623 0.36424720531428395 21.229204926437152 0.16104504320118862 5.470213619894105 5.629986754917477 1.318579375474592 2.7621025875582825 4.284624514903872 19.040023512212553 5.655521423061654
2010-03-19 1.1776437099189347 0.3351622899818856 7.055735251925936 1.083559891756988 1.422082275100751 8.042224147244202 1.9365405656004993 11.868142037973367 7.415074960275141 4.575643094678719 11.064157891284252
2010-03-20 0.7479144640114497 0.5104488929889741 0.7943147742764087 1.5423874514488773 0.77027927473468 8.724521609356254 2.6518300715530643 5.283778923939254 8.283501059624482 4.154396702301538 5.604250354010495
2010-03-21 0.8983364219558381 0.46087821515468297 1.3190750596007754 0.10971950803949 2.4176773509866196 4.143115039004827 6.3778950302214446 3.9450184322673074 11.763710457410546 1.5528585508826576 5.846271647768106
2010-03-22 2.692274224738362 0.04462943090828112 1.8965732480553572 7.176297652298548 2.7575783787608072 5.625480179258753 3.512840440746124 1.6194805002357664 2.3091661152528764 1.763702308816682 7.428724930884733
2010-03-23 1.6120965761991042 0.3692427031833268 0.011298826823454768 11.422722886745134 18.334893649892148 6.896694541757558 11.154398474600775 2.397475145530485 3.7640682468807523 1.73153804612629 6.056255784763828
2010-03-24 2.9678504962773813 1.8958226522616433 2.4265420110639813 3.880083454713347 10.149064466207099 16.89239592124319 15.217228356640245 2.374060740444886 2.1655506736972034 1.419041809032707 5.601365384007263
2010-03-25 1.1744482047322227 8.104309143091672 1.3461187391110514 1.3687264950294011 1.627544356769398 12.818631810662303 1.9216616134449498 0.054381141824054034 0.7104493937859968 0.34307830794076577 1.6519151878023437
2010-03-26 2.8650288284178385 1.9198872720836886 0.29565410930303654 1.1544758653724387 1.7024934963512814 3.1548789883046506 1.828660781321697 0.09377341081284868 0.8080163384387414 0.7619418838859411 3.6880833246699254
2010-03-27 0.1955961080032539 1.6780781713749782 1.276038195585181 2.3871845652747115 2.8713680315338603 9.656252708208624 4.118803876641298 2.134470518170498 4.656102650350237 0.42998417153067725 9.178154788910268
2010-03-28 0.6343822525138061 1.8345773861810455 0.9623067595818313 5.302057291990234 0.10425915467573968 0.9668987689489831 8.736444843098777 0.18176271140477723 3.817163952047373 3.480855467839818 11.744692578252387
2010-03-29 1.3286293433653067 8.42208621090512 3.557918817342368 5.903975150411785 0.8457752309848017 1.8172233831073838 0.9898030107443025 0.7621793852095753 6.841873933165876 4.000463343158158 25.703527148649005
2010-03-30 2.3947109522470917 19.82413442647038 20.27417878762224 6.462740315663212 3.352828680348872 1.0172197255420914 0.46877587690229433 0.7113029026809121 7.90633835123221 25.77438584207339 16.060509801850795
2010-03-31 9.067947017867706 12.631642078813638 4.2009248202829 11.724763668734628 8.20570350791024 6.51794124818753 9.683048882545226 3.063097144254334 0.8730295091885755 2.9651521730367154 18.909023674624684
2010-04-01 4.109678311523433 27.76937588948274 0.4314928088956084 3.2974137557046186 0.5204587054174344 9.644604271910914 1.149819142215996 1.1759920066800797 1.2682256061084376 6.953361072879306 1.00764727593789
