2010-02-22 1.3896271814353796 0.9098728439491077 16.797072934869682 1.1021047318762205 2.0178744321654216 4.910286733773657 6.401323584236377 0.6516580034933662 4.06177858814416 4.184400485391335 1.3279262270391845
2010-02-23 6.7839408223124344 17.232225865639137 5.046882053481051 8.882287267960502 9.043851675479061 8.241963123682124 5.771753970590254 1.1159369633030265 9.231668614455387 9.214264385669262 6.626835653163155
2010-02-24 16.879551112465744 11.199112438344356 3.4298745044724646 15.739641143476423 24.154137311682184 1.000477023295987 2.456382395697998 1.509784105027781 16.727712349048723 16.959096698467555 3.7949620148146526
2010-02-25 10.091276857293074 7.953447005659004 5.631356298149152 10.36258370391922 8.8559215517507 6.004717391584294 9.331706017967328 3.210880615730476 18.34631437973658 12.336629784422776 16.178317667455012
2010-02-26 8.836196938886815 1.2318306251771052 7.532000358376811 15.942887021781521 13.537495678763152 6.500959899452969 15.505099476473593 9.016576597334442 3.7233039535468615 10.758550394038032 2.6554984251697094
2010-02-27 6.831078247896686 2.9277498334082446 2.8033250254656217 9.811793987290454 18.848429936383123 10.653186678679042 3.3452595876790703 11.19386897583805 3.88436083242652 15.233323906055654 6.848208070084212
2010-02-28 18.298340605466823 8.06326136276575 5.905390731153995 12.761601587281739 28.668339713764084 12.000304615707073 6.430562171114515 18.91811836099896 6.532963563779864 15.197597688986825 3.9453435997773068
2010-03-01 2.301309245284162 4.782789127438283 0.8202774396387843 13.568904610889724 3.848747897648035 9.472014241611916 1.3699163481271734 3.929550296792045 9.092693091488439 0.6112967268625445 0.5880559170045362
2010-03-02 1.03131299296171 2.956396031451926 0.5221002461173355 14.505365547027893 0.061859431577522814 2.890972662211792 2.572263567548857 2.948379727307878 19.957370733737804 3.1919722905219903 1.4151751101869585
2010-03-03 0.7621959874748772 1.7483871251640266 0.8106173685124289 1.5660947255987165 0.022286182227403167 1.2231543814605474 1.5912278060173457 3.9883658816036425 4.062635166373978 0.014792114647628245 0.3251661071955057
2010-03-04 2.173916739982963 2.579698761815477 0.7874039459645361 0.7200280165839935 0.47937846523989 1.31589121337433 4.92241319749845 1.1523270198033488 1.1282997688089602 1.1135741713878446 1.0877257370648943
2010-03-05 0.2838264235124155 0.054486885127128265 0.10152229531268335 0.17020202620511785 1.8315452040696085 1.5707710809098945 2.1247945864845352 9.911832108772781 2.064132859168873 4.953891701102956 3.190748233570779
2010-03-06 1.4341536438196254 0.3249661579354499 0.5348615828435275 1.7806300261512296 3.8263507947563458 2.2230748844019024 1.264164374339981 2.6606552275016275 4.120655345263597 6.779063665315228 3.1646534479782105
2010-03-07 2.806639921489955 1.1767531035539704 6.374884256833584 0.38267981543991286 2.3677943650006075 1.366442695237272 4.045660112762308 14.346340806639866 2.3679579259607135 5.489562660158681 3.17354812137394
2010-03-08 8.273431298344423 6.916684069348467 7.687661443294938 0.312210029660787 1.4200180444485633 2.457922075743157 6.345203797040974 9.245847559584336 1.9630363405000337 13.719619305921665 8.916500520511676
2010-03-09 3.744730563544688 30.940109133265693 17.182382409644834 1.1637073715432782 6.232219016728904 0.072061148537049 4.957863385256255 4.429394145457124 0.6747147223467859 3.7111047874328174 16.456013223986673
2010-03-10 8.850959366475337 8.61711239243031 2.3774697330060572 1.6823001944665172 26.216132288007238 0.5349079428552737 1.9714300451279811 1.7891638817719424 6.2111210485571675 26.128544529145728 4.878334936903999
2010-03-11 1.8190256519726615 3.835200866233558 1.6777323895780787 3.5909375295545023 17.855821667213817 0.2629899977820897 6.110387906041118 2.4181939194038855 5.890532286353359 8.804130441406645 0.3569180623649937
2010-03-12 1.9164850244034222 0.19038811579035986 0.3795059711401486 1.778363480517483 12.26136822061736 1.2634778728285863 23.119560124625963 7.160178853703156 1.3184331148243296 14.444267918699948 4.822938045342775
2010-03-13 0.636998581647656 2.631288847399527 2.474548986464189 2.6539272449664497 1.9233062980117652 3.9514614566108235 10.988559755432213 8.328680942218888 0.05059491975429264 11.389147413730381 1.4368906248200224
2010-03-14 1.1848274916946382 11.84722088802508 4.473719979686126 10.01058950501995 3.6710527893020632 1.343290336537688 0.6369635577576267 0.4195600591104569 0.8568053610393896 5.834483936286939 0.9611502219328947
2010-03-15 0.25300183799680226 9.796104040599577 3.115573626688318 0.949003704624058 2.0486374205794653 1.1978943640472992 1.1458231552712612 0.40451943208915897 0.6618749964675621 6.424010426356762 1.6025857000184605
2010-03-16 1.3980622521984 2.652671128212824 0.5557317396381031 3.6144447973380704 1.2983470306217098 1.4290760517513246 1.4725256584806323 1.642063536817782 5.764733964035609 1.0734006637010571 1.1041572766292753
2010-03-17 2.682719525663409 0.3816019671400388 2.0187500181924873 0.801241096314474 0.806413778488525 0.772155127005368 0.7659952711118245 5.532451320474675 6.270270546040893 0.03018294844969046 4.705912327918678
2010-03-18 1.891611386169278 2.1434851852199825 3.0703792498435822 1.9255123944919452 0.004629693689864259 1.9797808383411433 3.4029561972022555 6.253302165787098 9.595708423162353 0.1992934659665259 15.030204172086606
2010-03-19 1.2169596845123039 2.420681859853116 3.5093071472938213 7.71249432799419 3.7205232475684697 6.406256994568791 3.1805594674529676 8.993708288767486 1.2998145340944234 2.345988654348191 0.48081617985054176
2010-03-20 2.079304342043309 0.6605059624392328 7.148477934703783 0.4703429891257557 3.09691513434195 2.590455120695543 0.5259287785736061 2.422830407977833 0.07841096882715252 9.71537390880933 0.932035583222268
2010-03-21 2.6031512035943973 1.302351888899605 11.726241322348447 0.7100615041987037 0.8140494872200544 6.788171967826726 0.5976074078028806 6.608598537111377 8.528633464970769 5.007733736183862 0.08724937742573333
2010-03-22 3.674266921032955 0.3781251345130209 4.822414284738943 2.405201429435598 1.4419901951427554 14.184733120567476 0.09239617381820159 6.4041709352221865 9.531672999858618 1.9297605369306452 0.9378308631740084
2010-03-23 0.8812696329890435 0.7229952864443209 5.84258628738681 2.3098517414389828 1.4685772330393703 4.489396578174889 0.03390189580160631 0.24307290514864632 15.686650932303069 3.1412896906625534 0.2517790579696803
2010-03-24 0.8701977876214532 1.0638829092430377 21.709254057416274 1.381328907501285 1.7429107536831285 3.575635294270574 6.38516044847211 0.004329014237333872 9.47173915212563 1.984027430659647 2.3234047729743157
2010-03-25 1.8069153907972089 3.733834188948741 20.972839442929907 7.2802606509758565 2.9460676765274814 2.478918875825927 15.693565652602327 0.5791553710158676 8.17377862052372 7.675909682141896 6.017710716205876
2010-03-26 1.2173466731879614 0.6324912807084936 15.201591809806773 17.11467133240627 0.1661212537683173 4.065023639045203 14.976450991511095 2.443106194147772 15.563326406104 7.998305194960144 14.742778720775638
2010-03-27 1.2974872773323212 4.8947358212022385 4.359908519905529 6.324052312591152 0.40560520083020224 2.618929039287374 3.141429997750838 6.1963480064899565 2.8476161417406924 3.6330091005927323 1.7997703743630422
2010-03-28 0.9790112424303246 3.053600179061644 11.558565897435015 15.373994005189923 1.6350481746559176 2.2465989158037534 7.837842647241038 1.6791360892220792 4.717630318988858 2.1091042672571687 0.40743732129602633
2010-03-29 1.1276743262243192 29.906705606172174 7.771597484761644 5.849294697252627 1.6019348149530277 19.27084213901217 3.9511823082489634 1.4329529091854785 3.113978376094289 3.9987140095230393 0.1865067685133145
2010-03-30 1.1545053204109614 0.6567689900087466 12.62789456441419 10.804916106981306 6.614844841242122 1.328979735888061 3.056184417510562 8.55682804031578 3.375563572250068 0.7590400521210232 2.536991800480993
2010-03-31 5.8522668925616985 0.5567511018572443 7.745226112113402 8.093906036911946 8.37589678390858 1.2336069646201102 1.6031705094245652 37.449355397664725 0.6445168754462666 0.11699301807030874 6.621391753267174
2010-04-01 4.3205664018345855 0.591238885081526 3.1103001671963133 5.809066314601921 5.2210702426109155 2.8354798100101144 0.6322580996221528 6.775747623653898 0.8650142290285283 0.9363118118801954 1.9237798228709728
2010-04-02 2.0861582998515127 0.46475197247404826 0.11975946428035585 6.14663457081498 6.836492170732128 9.338901706564418 0.7836790359813584 1.775087755624349 0.31808409486699957 1.5349175729810955 5.240061373525517
2010-04-03 5.809767722422234 1.2168678268003372 4.043896631940487 14.049092484963637 11.880881283109346 32.98123407088161 19.25822274592131 0.2803032108013753 0.562227538145079 7.358165891739878 8.822785659481589
2010-04-04 3.235070409099925 3.277839812386703 5.959947241847388 13.532902596721325 1.864692824900696 3.0825536517080723 17.720450498508516 2.0661381541480024 0.5900087147019444 6.198276182508372 8.154277385386518
2010-04-05 1.8770367717493177 0.22401949729821957 2.2510955094494953 8.134496552995758 0.5280377239291526 4.19104850858667 0.9614318324341954 17.83181413285972 5.736191100622272 5.913292034113702 6.658474426400415
2010-04-06 5.601630033322631 0.430599184306233 1.805728286332429 7.954054371921076 0.7309659812232588 0.4097796380855004 1.1787097270727624 20.236313373602073 5.21793414002467 10.604320379852537 2.4785466883872624
2010-04-07 2.9079308273280664 0.9681415813569896 0.3695069479158683 7.710157350167959 0.11962644579208878 1.785692292127109 4.972647677099352 2.212653790034203 21.712121192768173 11.021530003138736 4.647236840314436
2010-04-08 16.691871915118558 1.9123862667156928 0.8390904920369938 2.3238406936731195 0.16889823400796916 2.908114016317806 3.0494679130343245 2.059830384472651 2.6162611620360314 6.1666228183006995 2.59056593505355
