2010-02-08 9.874412899131876 6.737780766898254 16.973619632209633 25.79436841311661 13.585493708022113 11.380536641388595 11.18173458162107 5.6068754002824 12.878456809694978 10.134502334745937 5.422639562306833
2010-02-09 6.0288014681336515 20.399376825267638 3.67509679656372 11.048139473811176 5.917935892023327 10.640081345766955 2.830639525409482 8.829859602559223 2.0954528022943104 4.373078206040118 2.950687203916524
2010-02-10 9.334222551975703 21.402667836052125 17.63647663331051 4.894802270660329 12.041917369579599 4.324625502170729 1.9593612043996607 19.010439207573793 8.73360977102659 1.461089576304845 1.9931766125951191
2010-02-11 0.7364779724856787 1.110189829874643 2.06842066434783 0.9480708360598357 0.9912503473314738 0.6888905797057094 2.3425591610373067 10.924440841229202 5.021632757524797 1.1535127166552344 2.255606334296283
2010-02-12 2.1010458819091715 2.7345696180101324 3.9055820094234597 2.724848584863653 1.5518356810155591 0.08120599645085828 0.11274459725920652 0.2433652692195828 2.797573269691133 1.3544627873027846 0.41395478275406944
2010-02-13 3.6798147130271177 5.316722561943864 8.575133859076317 7.519649932968253 11.306528310606717 3.1229585676290093 2.7251309386628684 4.121011026620455 4.090387459953286 2.251907602511542 2.75605986497772
2010-02-14 4.0480678665767 6.120260476899697 2.219789985839011 3.649548460308714 0.8185094255680435 4.967806550011316 4.662021388217265 7.380830229990029 4.5193291649435166 1.572188374853909 10.020460818178812
2010-02-15 1.2573051236886197 3.584127719904661 2.6344418271299235 8.86601616534086 2.5369579200374774 0.7287625802708974 14.159652960328508 16.05248944831628 3.8621703196931634 4.938331125068906 36.145092608105514
2010-02-16 1.0735642009414565 0.4409265428493863 0.10148589216224949 4.7408729795249975 0.9495312574374781 0.0 7.136397583265112 0.6273012939839555 0.30421793071753556 0.0886503075728948 0.39335751766931704
2010-02-17 1.1801161515955259 0.04724530491780175 1.653897512280225 0.1490882971461473 2.627682617832839 0.6422895773551685 0.7307405063046102 0.7317320645085834 1.2796866886585228 0.38144618579498435 0.662417931498653
2010-02-18 0.02496858908918785 0.2670630437418919 2.976274364245022 0.13298696789498266 0.3899019435898865 0.0501584082271816 0.32330851323939375 0.4519755810739476 1.1206883698919716 1.6143038243028285 0.20039467654901322
2010-02-19 0.015223098090038165 0.05106236368110624 0.2484790581828244 0.13014634976960873 0.21217877649383676 1.5282959132507736 0.0 0.4197571350384507 0.8705805126490722 0.7911509444509456 0.44492713872071266
2010-02-20 0.014379621082811407 0.19327011068907973 3.37479073429332 0.2189563566579196 0.09273248659016094 1.3673100767261865 0.2790607715364066 2.4648689391599627 0.1609292191394604 1.2366856894272569 2.0201702898265053
2010-02-21 2.645611437063388 1.362874935944131 18.225125252040915 0.6746929549429317 2.8717560729848013 8.90842978428318 2.2979406710569683 1.2199787418968344 3.208486923008884 1.3640809599006047 0.2943826365535862
2010-02-22 8.724550226237213 1.301360237675196 9.663120857830108 5.458636466757175 3.1808838027501536 3.3597705286611745 3.4764445307995366 3.9963426023591624 4.805088347365558 4.402144285554491 0.852418259727214
2010-02-23 4.708630604357825 1.5657961591314074 2.1936990915259824 12.590606405335102 1.7934943095198925 3.4999263719313927 2.8724348523063816 8.171906076659148 4.126270771863238 6.586626484646704 0.27205623936532214
2010-02-24 6.183995035715228 8.343533655452454 5.607843267629749 10.944610762567624 5.604418590815257 3.4372905323636416 5.275818684528279 24.308412493655673 0.7902357904066235 8.197348534002192 1.977399396620037
2010-02-25 12.194445484280987 0.3512180003268217 2.938397361439984 4.700236542801057 17.394666051572667 32.20342821505941 30.563881378214873 19.496049272071232 1.1111070897559756 4.725608257319889 0.379330970207812
2010-02-26 8.704597963698857 1.0731201398549848 6.873870368764615 1.8534738069258483 13.582085219855404 22.273602419295536 11.249754570535988 24.145461153184584 0.20557348983116885 0.513475362651141 1.2971573993072236
2010-02-27 4.390550867020266 2.330004484419395 1.0573400442349619 0.7661915054449211 13.179431576430137 18.701120899459386 5.591917224593672 17.24342123448847 0.2823120335177882 5.094231318409167 1.4105532620971468
2010-02-28 0.5395604434588397 2.2328955676756896 2.553915494224623 0.028362223043630636 24.47134062856031 38.66854208566599 18.55414309726406 15.982465280446121 3.826328855596865 11.41073895379752 0.20101998061700277
2010-03-01 1.538697840962416 1.947401215055722 8.361957727893623 0.40720495025070863 8.29115618354151 45.610173273810545 8.829377559436807 3.275941551383986 11.374358091632944 29.552044133372455 0.06429245639179729
2010-03-02 12.035973480433423 2.134661068157283 9.400847553543908 1.076586648513198 5.910695375551846 7.643185179749006 33.46208935234084 6.514608738521211 1.8914322436922706 22.486950551942684 0.6413047898474696
2010-03-03 7.048282946541413 0.008514235631038626 10.096078858206965 3.3915049685426806 2.0657701970851354 4.9377658281573495 1.3856801263809562 12.169498643514228 0.48596570954054363 20.697773518088137 1.1339771752351175
2010-03-04 1.3995929040840318 0.22672957594064314 0.27257158522314784 1.0067049346236971 12.764957550608104 8.61214302005028 5.310717733424598 11.997644403876155 3.4088171917415684 8.356449723156706 1.9023102945287147
2010-03-05 5.630360781980755 0.2926692083597242 1.0650895420358675 1.1289909710608126 21.958588343274585 8.204850021021443 6.266466840719948 4.40476094118501 1.6219157785694196 24.53997692905226 1.7491094868812949
2010-03-06 10.928381717308573 1.9413682240402328 4.033808251734079 1.5302093610383016 9.173059942107598 3.753145171338942 4.867030718614857 6.546464751692427 9.418551594550369 11.33656918250048 1.1513948811543488
2010-03-07 7.6719433219439175 5.180145186575688 1.094705586727976 2.615495385179785 9.024970491623472 7.4148033707489205 3.967974773474428 6.898152289799322 11.800902765554126 11.988120697524414 0.05876913025041121
2010-03-08 5.829874587244138 1.5501436226378196 1.7107417974851553 4.131251710574003 3.479719044495834 4.002405795401496 10.75908786427712 3.064826710913162 2.3612215660266322 16.942369810620534 2.138899009082298
2010-03-09 10.818543874751139 9.593647262934319 0.08668477461841814 5.9399820776878265 5.002309956175379 2.6188121778253564 12.863638335111872 12.511378852804857 10.196025633829803 12.501639019568543 0.7835371416916497
2010-03-10 16.201687839143702 2.6564118738600517 0.4353287609409672 8.401763338495293 3.191513005439769 3.1402152179394367 16.03576504002335 6.963225929856929 15.615801566388527 3.120057792624217 1.6247933570339783
2010-03-11 16.75297604230321 0.167985411432971 2.819007584327247 6.238680439271306 0.4959538376762389 10.758945906643156 2.7193169565234854 21.81897171498761 13.289347162781791 12.051418338869333 6.444321125803006
2010-03-12 12.485024911261215 0.07248765329750513 2.321396140868134 7.1581266241577985 0.6713167848924964 11.560671951865618 0.5412646407803745 33.51682422140789 18.779777260215184 9.488347048477907 18.018572020014552
2010-03-13 15.482605088809514 1.9458632716596365 0.5083106594586623 3.3144000326951266 4.357249254080238 6.183223889676404 0.20785742731334667 9.47724662155599 16.148739252294334 5.13610594794199 42.117745890229486
2010-03-14 11.656563230710793 2.522927535314503 0.8701312527502872 5.56848599694028 3.4919092920441663 5.532501715938018 0.514084237557268 37.851475341227015 8.033921127341259 2.3522960876382437 3.111324109874159
2010-03-15 3.551201016325258 1.0697377298425153 0.24907017077089838 6.8409577653384925 4.367059281968897 8.125727284318732 0.45609300355282467 32.5404123040842 4.9740260341253375 0.864094413923512 5.136578201024543
2010-03-16 3.3100658090330617 0.21708716914312717 0.7238443537804868 4.633288173166753 14.458434878231401 2.267577727427854 1.4711386028765703 10.608680268699338 1.2003700351377589 1.2879337009611649 0.14128017931690837
2010-03-17 5.817036057639848 0.07377393748650801 0.3980561959318156 0.9703201276440601 12.529936095477662 2.3620032686293113 4.260933855635394 0.29270407367141926 0.0974251529132691 3.50181971262289 1.003530390958289
2010-03-18 1.9980463043664627 2.915371982437936 3.7190757004398574 0.28598262773799854 21.1721150574652 1.017948797427755 14.823085425040102 2.8379747783824456 1.9623764496960288 0.7787911153141035 2.2968823502048874
2010-03-19 1.6989380844930069 4.958939091572363 13.287278686423441 3.708010477075209 33.827096332342 0.07925313530750885 26.49685878373937 4.669394813118983 4.251743947543122 0.12719562117785166 1.724388450557847
2010-03-20 1.1725489631169923 0.5970502591889177 8.99183517226837 0.0 19.214473877471498 0.03429901308537578 7.400434731687771 0.8927280482162745 0.8337256160546975 0.1887415671354553 4.031669546585038
2010-03-21 1.0568352687064326 0.12813728116055356 17.946173698129805 0.3635116697344075 9.894352951483683 0.49192385179557213 22.47186747021985 1.2846826343240227 0.7696386056340403 0.23818396483186433 12.03264670686062
2010-03-22 0.40038230150949894 1.4528160559237548 28.139862380285635 0.460483544864248 4.643130756837924 0.8472146339841516 26.049846263768114 0.5344524533735582 0.5968526198123001 2.4155542923840683 1.1671863322290847
2010-03-23 3.568138556849472 0.4188603544342162 2.296265160746013 1.0818385519872789 2.7863238369219476 0.6048834605023391 4.781532231002565 0.18653062859069344 1.8713602147078676 1.4773889587588593 0.10644649733992666
2010-03-24 0.5261840217343953 0.43890612604664203 9.634401760343689 2.1320039204830645 8.315930264695721 1.4615127003145207 0.5579243034366864 0.031794134965507856 0.10666448648182478 2.070083045134674 1.1404530723770832
2010-03-25 0.6762040091574606 0.9965653177375075 5.590904590468689 1.7594125577444768 1.794472144462095 4.779274205635177 0.08110323410391293 0.26848996008939424 2.282165160679567 2.2350158794081736 3.2708113566278407
