2010-01-18 2.3883497010415975 2.043600307489445 8.478832226890828 4.354257860207994 5.097632874291035 2.530739479390588 7.242714230041444 4.60346098179309 3.6609726821173068 2.5835971388232952 3.512176917499408
2010-01-19 5.554636116003245 1.8428706215975383 10.05773611621851 1.9094627189314677 3.104454477851773 5.092735777724382 5.62448524801433 6.774570919385805 2.1452998885509453 4.2044333316062605 6.352791781566218
2010-01-20 5.133888108620276 4.357984146352369 4.185019792761016 5.269799361306116 4.995163351878354 16.30774782343178 5.325488264582301 8.330035701005169 2.8068742484655815 2.1695507371617686 8.460475102667434
2010-01-21 7.178048793036027 5.380378822518106 7.093532082013204 8.052911588499718 8.532402050404883 7.615605518505367 2.688947121292494 8.066886325105934 4.97010788281991 2.536213750522582 5.023165407419726
2010-01-22 5.469780675249266 4.529315939790989 5.123972608191843 4.688544169535492 3.9928579166326252 3.896301604938463 12.892902182786582 7.057745370915072 5.8259457142438755 1.6131873412508129 4.42735920509813
2010-01-23 1.5697818752341601 1.8196955352581705 1.3689916502998318 11.152647881107416 1.9143498375070092 0.7435477787355809 2.1802164185194073 1.013924303186863 0.5149484277348177 0.7443654230462163 5.013396903143554
2010-01-24 0.44891066484242914 1.8870782361998946 3.894514936542439 7.981117885483199 0.36050824405255166 0.7638701632748498 0.4223614220730167 0.5499941655821674 1.785914888728759 3.7356430938951837 1.1207239341876458
2010-01-25 6.667017031727887 0.3673198863245781 3.4844153046652147 11.869923729448558 5.866608621474266 2.708066176039057 0.4022921761103689 5.23935611540059 0.6910045728689729 3.6211456362499312 3.0478682999201077
2010-01-26 8.717251962633526 1.5281718013673242 2.206045111304186 13.443392338640834 16.94879785862216 1.649602564159448 3.9999745598859366 11.620066119634785 4.974766368174733 4.65697311560318 2.022324788101921
2010-01-27 13.942053118089106 12.096928755088737 5.062783857137299 5.12376398142037 1.109672598634358 2.4308707302848895 4.394832131452972 6.225616158322628 3.533095981772066 10.088010306754013 6.244223536808902
2010-01-28 10.428336784403921 3.431498918693172 11.75615117252147 0.6973350361596442 6.549925847802127 9.272920675354817 3.3891753111483247 18.6779249272708 10.145718540773622 6.0910951787578345 20.159393815360417
2010-01-29 8.098583775285173 1.2175082375489454 4.491882159897116 1.988800623601614 25.007909374622322 3.999141606053279 1.5927614447820506 8.861853113352636 10.834043145714464 16.029720878986346 8.870912741169837
2010-01-30 13.778517383227232 4.425470914615304 2.71810092023193 7.470746650530669 32.547988158350144 2.8905793701157094 4.684261664193375 4.198692956720609 19.03720577051947 3.4761808358810966 6.543461310681623
2010-01-31 7.603085323957144 14.668500181985982 0.16734761714235583 6.165635946514478 9.169198756105228 7.12837736410288 9.413824491418204 0.27326440706089605 13.790822787339378 2.5669545084636356 1.2413523020738157
2010-02-01 12.611127398504472 0.02291086409426122 0.36419138851458044 4.503508567750736 3.22096713935072 2.8739191610489385 1.0115903101823909 1.4890813263174463 1.4363106789047082 5.639370288885256 0.5675881370461345
2010-02-02 0.3072493455644636 0.0 0.0 1.4402868636706005 2.39815214596175 0.4609949338942472 1.3939523077987603 4.848673679966087 1.0371439287925082 2.369841357190743 3.2174604862555665
2010-02-03 0.23477269443150947 0.5746361686435831 1.5496725893585137 1.2877889410255507 0.7594720395393568 2.8947212349531446 1.7117767494598255 1.751271330198394 0.4572850029836761 4.068870874467432 1.6779787845086653
2010-02-04 2.299237451640092 3.874358635444653 0.16522914373434375 0.8422436172438645 1.8112084753792739 0.5194377180419849 1.1808152499396192 5.6492817210813 0.693965488886318 1.823493853686654 2.9714815854929486
2010-02-05 1.134114739504951 2.521546562912352 0.136004845992699 2.5067415870315015 0.17344524122005084 3.8531248640442555 0.24293448647709143 2.3466389991841137 0.6894463030877482 0.4244316919715724 3.717894938347646
2010-02-06 1.3337275672974205 1.1631562758115965 0.11948633113446308 2.3896799389464913 0.10768610351467545 3.058366672497449 4.659945295755243 2.5060543322662063 6.178083304670475 2.4711524499654276 0.3663857890750603
2010-02-07 2.098616683851966 0.7516912350765894 1.294962388647337 0.4012309110215632 0.1294681435789242 3.524113307528544 5.498316816491932 4.524873479460631 6.5162884114919875 2.6678297128008994 1.6606521270065187
2010-02-08 0.8195329909181532 0.1806017010196086 8.554388781327312 0.6649496063002459 2.02136011673102 2.4666748335666835 0.08829018574808975 6.539290209008222 6.297654582189491 0.8729927984150566 1.9315841007012897
2010-02-09 0.4927063630661014 0.36104316660739033 0.882501310332046 0.40556708568491295 0.6352402021383924 2.5246797775731604 0.46693267554509144 16.594283824277554 7.034097172845074 0.14894727652605885 0.5919372075815943
2010-02-10 0.11256707761428957 0.4374680391047615 1.296375495807348 1.4729865070184556 0.44319548604921655 4.169539225889359 0.74340344596737 2.269463973551921 0.8908767698357728 2.6091833982896544 0.07954644814275807
2010-02-11 0.018916326571361948 4.138099853547616 1.1999467601332277 2.894602630876019 0.09907177342432871 1.218260845515018 0.6251339040432138 2.009257928069394 1.4185256200151122 0.21639848213836996 1.8188763554375553
2010-02-12 0.2184766306951121 5.3956128718156435 1.0210391376085723 6.385898836301092 0.10330069115173922 4.485063026042208 0.8396877685637747 3.0443555061349667 7.446970245990303 0.9209547924340282 5.015241557501975
2010-02-13 0.26828267116875193 0.25476483801871264 1.666316162544084 8.186163451748275 0.03949486060981218 5.866480028192372 3.4248145485929316 3.576013980267057 6.213368874859656 2.3589550775645254 7.3367680272993265
2010-02-14 0.09338847237760617 1.0647378375994565 2.1745205415681887 9.134294740665467 0.07813498648717108 8.61721030231963 0.801342435490926 2.629854767964897 8.657590084505726 4.197280684606282 3.2858042335646913
2010-02-15 0.11254756424448692 0.14342692779435595 4.4001658307763 3.5144752232067598 0.0 8.742082462837345 2.2923751565566253 2.1268805934350463 8.500887222905721 0.16776874397270491 5.5954867760459255
2010-02-16 0.514409364661629 0.3650474403621386 0.9262233953256851 1.8289888091636863 0.10782452198825379 3.0284643000208633 4.682856369483424 1.5509114140590534 3.5332027519326954 0.03033711260442261 4.967816026069235
2010-02-17 0.11691188302878737 0.8898913044677971 0.9866586941079623 3.243130676351535 0.05286452508435782 0.8062352502864164 0.6697821191319824 2.3345961877949284 3.340565306821016 2.989698280392038 7.000446103160008
2010-02-18 1.388989554985996 0.3066244066629413 7.343767337732315 11.794838338477117 1.557326862961691 1.033365243042654 0.3793025810164138 1.1583285711048534 2.7356768802193043 0.711956748801107 2.3976985977358893
2010-02-19 1.661850896202798 6.165354204248499 22.171599095324865 12.202184993656449 1.8945124814355432 0.44669431316567404 1.8257599438007928 0.42500719251203667 2.594006316550103 3.530173003893659 9.64983401960906
2010-02-20 0.350527598329388 5.436906935825311 6.834501397755665 15.192791605315428 1.4231686480299068 3.8634405792711295 3.5704069043713345 4.404577563069751 1.0905208005001892 6.8531498399609125 8.527918483172952
2010-02-21 0.2978915816355361 9.516327276715849 2.3618504244248344 1.1526269291932203 1.5701322810125486 7.816709526664804 4.19408073234559 1.2582770106212084 1.7124164708456169 8.303645216448551 2.282731752535176
2010-02-22 0.04706582983817683 2.257427275626963 5.030156724763094 8.034220475980037 0.9489285104776312 3.118403222014749 0.6413090233155747 3.6850615816373287 3.568860999096098 2.917609980026539 13.144403796823886
2010-02-23 0.7756374405482946 1.6818456362124636 5.441110704694096 13.92986963996131 2.3673044499880938 2.3310839113914668 2.9828818979441265 3.3610397383887003 5.427168634712237 9.277037227313441 0.8256738859104126
2010-02-24 2.0245171389002365 7.743845243333347 17.317991510856665 1.4328501417896422 4.54544723248606 4.120873172237031 4.402385496111289 2.2039613970152128 4.8809878059215475 14.720710808656099 6.345320569810052
2010-02-25 0.4517566533230851 22.985724762171294 8.992599939502817 1.097320437947873 0.71681043445633 1.4132949448765908 2.034472591097596 1.1062309777009018 7.255876857516155 10.181442293730408 3.117851176814905
2010-02-26 1.1592243287909954 7.7953636527156505 7.272450787573148 3.362845783385444 0.09645418299749962 5.349146432523442 8.21807956307566 0.5146458662653366 0.6921911411598827 13.569634488704253 1.175637190622321
2010-02-27 3.167852191952806 1.6185553472745449 11.870018651088355 3.021555981270105 8.408213750150423 10.326539370343298 9.828989056278704 0.027785181040951727 0.5642442458195359 0.7202479401429998 9.194551214076771
2010-02-28 3.697042997843055 0.15147395976284184 3.3541620030354737 6.846733934827179 18.391112910050545 2.1336761117732257 0.1722854835316976 0.32851097212122266 0.006985280385412046 2.292609603241633 16.75700567069795
2010-03-01 4.267395734860123 0.18035142853376496 0.3190156421823659 9.966562279647164 20.076787580558136 0.3149831588451736 1.395659096210409 1.913562872645042 0.04081217315343151 13.496474477439003 5.747703721686445
2010-03-02 3.911724755859278 0.29757474262479583 2.2042975855807665 3.704539764409555 26.333837885372002 11.09620358950523 0.6361308648624829 4.0204481134031305 0.07420976344314274 10.83480069555404 7.1663470930568165
2010-03-03 0.4969034363849481 0.016805562040957723 5.124121347741296 9.925370439929232 27.923832762406434 13.047266112490826 0.3743094431017341 13.263542060166184 0.05897769251408651 18.62691009788981 11.614025268532524
2010-03-04 5.848226897183665 0.10000762007364308 4.900781314143826 3.7241273303527294 28.047331881342494 3.3937844570783096 6.597781398810847 7.606692748766367 1.3612788076625169 8.589438549485456 19.042896850155735
