2007-03-22 23.292284799661186 23.292284799661186 23.35328427956881 23.31568674816551 23.292284799661186 23.292284799661186 23.292825978179373 23.34986239581038 23.335818216932314 23.292284799661186 23.292284799661186
2007-03-23 19.381774167847404 19.322885236795834 19.907807706244874 19.342299095246595 29.536699536431325 20.77974754169068 19.330775166058107 19.370650631261547 19.358999819332556 19.322885236795834 19.349709098348306
2007-03-24 16.078792101183613 16.029938845586525 16.515180577677892 16.04604425235966 24.61337654079249 17.238527034909602 16.036484196707864 16.069564204424942 16.059898889009688 16.029938845586525 16.052191464900943
2007-03-25 13.33869433053541 13.298166500605127 13.70071478838901 13.311527272137795 20.486419123778226 14.300790706381845 13.303596412569794 13.331039024335674 13.34090776549917 14.343601297096454 13.31662689510813
2007-03-26 11.06555579849735 11.031934600098525 11.365881812963606 11.043018468917408 16.995186715997487 11.863694588231812 11.036439162710593 11.059205086678142 11.067392026496417 11.89920952615133 11.047249029397447
2007-03-27 9.179798708967313 9.151907134616613 11.218871686768615 9.184416868893345 14.416932363936148 9.841921073910589 9.155644043144427 9.1745302664572 9.181322012484138 9.871383662358276 9.16461172468989
2007-03-28 7.615406675780642 7.592268300088842 9.782939155127103 7.619237822708021 11.96004368096322 8.16469212813152 10.54458875339938 7.611036065481745 8.273441177829996 8.189133790397834 7.602807811929572
2007-03-29 8.21788761854841 37.55925422560699 8.256176410135723 6.3207918821292 9.962352666105586 6.773291496633158 8.98470354309013 7.657884721883499 6.863507858621584 6.79356788393705 7.3412062419604975
2007-03-30 7.201637825598695 41.380162174974224 6.8491852763641905 5.243623189619051 11.56653803299571 5.619009173541671 7.453558994821851 6.352852667741994 7.026745933467163 7.85894936513688 7.1444493679482814
2007-03-31 6.65043821870756 35.58236248142676 9.371700070993535 5.379920376514913 49.54366369590075 4.66143616645595 8.369776585363148 17.206432190741797 18.045918089735608 6.519652451726256 12.703762551092845
2007-04-01 5.583949988391412 29.51852441966172 11.183903226988635 5.440576767025038 41.58340313975588 4.545189500285789 8.691209630928538 14.339044428668114 26.037883559804868 5.408594487640723 11.84055722969216
2007-04-02 6.404799061791938 24.488067475862543 9.27797757599609 4.802271619503154 50.05494647353192 3.7882592444687746 7.210081365298986 11.89542905317716 21.655238324133123 4.803817880734143 13.032535757224052
2007-04-03 5.316988593276842 20.75206005864718 9.260237090693247 3.9838845121372786 86.39487127976423 3.142677092481754 6.084259697805742 12.20150428393826 18.406839673662063 6.0186716068167145 15.830556437334998
2007-04-04 4.973347864502742 17.81650962482243 11.220976125206088 3.312632542002518 71.67171741218782 2.6071130965155103 5.068602325415066 16.991699040466127 15.270002755709015 4.9929892296989244 23.73925880310193
2007-04-05 25.92714720997387 15.07144023977407 10.698656582527262 4.885761877340034 59.45763935749319 2.1628182918758063 4.204827890311187 34.212803995251996 98.85493041729626 4.142100552158747 79.34580170401672
2007-04-06 21.508721934869847 23.438101941318354 12.248148762245663 44.74734372825146 49.32504792225065 22.25848117171729 3.491835571835467 28.441636439265434 84.5672259709637 3.4362177551506052 72.22630193889245
2007-04-07 20.458062618757605 209.37792284116077 52.2310781076146 64.98758627843348 41.307213564167924 28.73094383371239 4.240258142385259 23.594699410168296 73.24994741962568 21.04897134706645 78.37773812398981
2007-04-08 36.21482655955983 186.49009576096384 60.584866884256776 82.07719001786354 43.589955690880046 27.738499276689026 15.663399083687667 19.57376286749542 64.57469812239356 23.21644124372938 105.21569443297604
2007-04-09 30.44738692287079 231.6935916611653 56.03909153607395 80.63760611250984 52.201469156633195 23.011388736167333 15.878027635830618 17.13708861936828 120.52560069044695 31.001556748154396 106.03564013709713
2007-04-10 25.258635832626144 193.89092814261718 46.499511241790856 109.78630624874512 45.502748989014464 19.08985821096458 82.27218702684499 14.216638746195091 106.28039847228672 60.59909011875825 91.22012855251808
2007-04-11 20.954136159408193 160.84861770345657 38.58075884631236 93.47502692876552 41.88920306915299 15.836623165179967 85.43715877046992 14.110078801945438 92.05868986279694 104.05600061932661 75.90464424278049
2007-04-12 17.385904297332374 133.43727893763258 37.80208082940469 78.22125324249369 59.44595196790904 13.137794682808973 94.47595012937819 11.705482844732966 76.37032480389328 86.35623937471233 63.92095438776621
2007-04-13 14.423051939084102 110.69729849878078 222.94275740217074 72.68877663184954 51.30619694500494 10.898892456192291 86.14841032168431 11.820532338846863 63.35596253186543 71.63966884797794 53.03279703337869
2007-04-14 11.965119995929879 91.83259747618881 184.94952107287517 61.875853042323584 59.41089938933951 9.041537229045547 73.18633422693665 21.5136681532379 53.31791475711453 59.43105222354924 43.995107838265525
2007-04-15 9.926061441553722 76.18276234551105 155.08121219024483 70.44523965777415 78.66855528176754 7.501696015753297 61.006226411339334 79.48415130412809 55.266138039042865 50.84768607804067 36.49759457845007
2007-04-16 14.011549021800061 83.95941510959891 129.00807215769757 68.34652575883027 65.67871096635645 6.875031333295789 50.7826694521653 70.5838483809725 99.95517414348005 56.44046191881632 30.277785078986025
2007-04-17 12.272137415200124 85.43495205015049 126.9450085538242 57.113402454892544 54.48594289272932 343.02175055017324 42.525357506167026 58.55516146362205 157.8126596627793 48.090845749839986 25.117936887751647
2007-04-18 10.519512408009907 74.99025719117142 105.31142131404134 54.51864515139106 45.96565475663191 286.53326965680566 35.278314643512054 80.76094684025453 145.73877139932762 45.899667743674264 20.837414569901917
2007-04-19 13.599541243577987 62.210663220226486 87.4077291330915 47.5043831534266 39.23720843491409 239.31563167032047 29.266291126242216 67.0951789431993 121.06559397455807 39.61889840343847 17.2863660409956
2007-04-20 27.384467418995396 51.60890941242685 79.22976059107116 43.535114101698156 55.313516537813484 198.53217897610003 24.43917503542049 57.6888531043325 100.43395894121313 35.77009702762689 17.05888593552493
2007-04-21 96.83616494045492 42.81387475366145 65.72766310648 36.1159914857825 52.09145634209655 164.77829957683977 106.10599997704335 66.20677399985495 83.31830540942238 29.882460184276283 32.8221894682388
2007-04-22 112.27121736888955 35.51766357188221 54.52655266374735 30.41318623716721 46.6698053673215 139.29587805224654 88.0237341628553 55.17023951647564 69.55190485929062 35.935730688203925 28.77871378351271
2007-04-23 144.55763725178224 29.464850854350612 45.240980038818044 26.103144026205626 38.716478008364334 142.60683903946398 73.02299397522306 55.104885758760496 57.79352711227783 37.33711857910547 23.980088977783073
2007-04-24 119.92255841226527 24.443540354852225 37.531148800427765 21.672248354048403 32.124697652852454 118.30420939517644 60.57863503597269 65.50350569329518 47.94452835451023 30.974239765058122 19.89347518877776
2007-04-25 99.4857159918145 20.277946551528796 31.13520391940972 18.640580402069247 26.650104002171247 98.14857233433797 50.25500650080486 64.9222365948534 39.77396648311739 25.695703705842515 16.503289878834625
2007-04-26 82.53165909980223 16.822240765264286 25.82923681367186 15.710485915240017 22.10847420646062 82.93852053078075 41.690699838985644 55.30043872837604 32.99580730546382 21.316719953396465 15.880003047251876
2007-04-27 68.46686184599663 13.97026403228063 21.42749673182192 13.033153089695988 18.36474308030228 68.80438716909654 34.58589668037614 45.87630458387078 27.372761720304275 17.683989494984097 13.211622636306604
2007-04-28 56.79894524675158 11.58949459746672 17.77588800981462 10.812083298205351 15.932198773205899 57.0789505140479 28.69187280452029 38.05822640285873 22.7079787251375 15.334702776553835 10.960138598601779
2007-04-29 47.11944007178305 9.614448751100928 15.184543289452852 8.96952155971381 13.217082273080349 64.94714174766611 23.802290828512096 32.098977785340395 18.838154076395142 15.192044206615606 9.092345718746957
2007-04-30 39.08948719503012 8.08957596826177 13.122155405440536 9.144928204594146 11.684698873953415 53.87904528562994 19.74597676894711 35.675266145766294 15.627813351144757 15.331149057894894 7.542856497717291
2007-05-01 32.42797484894266 6.71097575242179 11.15743188781646 7.586478017887481 9.693428567890443 44.69714069498783 16.380927600576157 29.595595136725215 12.964569272314305 13.234451757106239 6.2574265784518355
2007-05-02 26.913595479539794 5.5673124455408765 9.256016828601298 6.29361423412604 8.041504574665217 39.52693278665147 13.589340028886012 24.552003457241796 10.755187266363386 11.525387997942907 5.191055764936536
2007-05-03 22.535701110678072 4.618548802659665 7.678635220087335 5.221076413278029 6.671096511066208 34.047815590587206 11.273486444384604 20.367925567779412 8.922321516845725 9.857399978197275 4.306412659933991
2007-05-04 22.781827307800828 3.831470606324176 6.927711178475008 4.331317264095288 5.534229274777298 28.399047177276753 9.352293684419305 16.896917993043893 7.401807249958887 8.177532437358423 3.572527771238372
2007-05-05 21.124910259167432 3.1785239066505384 5.796938594098599 3.593188192372712 14.381842615286933 23.559367576077985 7.758504832170916 14.017396837027615 6.140414460690072 6.783942882354589 2.9637093348526053
2007-05-06 17.586496652584163 2.6368504154592896 7.628725506300509 2.980848854140892 11.946832385213574 19.54445167918195 6.436324693372209 11.628595047202543 7.699586346097806 5.627844675491114 2.7927392516676743
