2007-03-01 135.16621346069712 135.28785177919067 135.6295388657587 135.1271358119221 143.2530965549896 136.0728910479915 135.1271358119221 135.1271358119221 135.1271358119221 136.857728532561 135.1271358119221
2007-03-02 112.13159437511288 112.23250345526854 112.51596125075329 112.09917622233527 118.84033504563479 112.88375868044648 112.09917622233527 112.09917622233527 112.09917622233527 113.96430283574968 112.17825407084321
2007-03-03 93.02246612582911 93.10617858242973 93.34133034841572 92.99557257766396 99.64908516293464 93.64644884046335 92.99557257766396 92.99557257766396 93.80010013983674 94.54284989343437 93.08630474451718
2007-03-04 79.18009609960481 80.3761432710491 77.8257518822195 113.86144181197875 82.90301831563383 97.41042273524941 77.9398475356915 84.04093774526329 143.56064562004264 78.70188565482668 77.9210374846582
2007-03-05 69.19727981040798 66.79877639809357 112.68042104703962 94.45751806583382 68.97920069399807 80.81998236917936 70.27804636518822 71.76873386043458 119.4534573981702 71.17687991122298 65.66093708274374
2007-03-06 58.060358104143084 55.43059412256981 96.71502657154709 78.78441181993342 57.43866054046556 108.16251593032253 66.18206997397259 59.62947366811235 100.30289459907051 72.3968274291967 75.92741514631723
2007-03-07 48.1658880361358 45.984280564957466 81.8320674556491 65.35821051688599 47.65013831135599 97.2961080135261 54.90352206646335 49.46759961994477 83.22164266321518 60.059179148574195 73.429786799316
2007-03-08 40.50301180235739 38.52140699635402 84.89342274837004 225.1296542651863 39.759768947625 80.726355956047 45.547030517660524 41.03748171207676 69.04106011284172 59.47917677414122 62.4493313748592
2007-03-09 37.70465763724626 32.020084635685464 71.07181066031832 307.6699574203963 34.45694919296561 66.98718668317305 37.78504423351559 35.377051017831555 63.5285603033205 50.57777816847906 51.80690554447187
2007-03-10 34.1437421959222 27.641077063815192 62.18108527652664 259.11188743751205 45.06684972251924 81.53788541909032 31.570686317133923 29.34820218175117 66.1025822527933 59.604851953713634 44.65304620614079
2007-03-11 35.72200784269958 22.930569732846187 53.189216650740136 216.56003126095553 152.71531688978038 135.9785718460778 26.343084915354957 33.8604881652979 55.49655096966912 52.63689398771995 37.04340998786766
2007-03-12 43.28922721140308 19.022812936693743 44.606743882084984 236.8777025026051 146.9962588185853 218.3435192541069 22.493690914574312 29.44671186940756 60.501361559684234 74.59983972590572 52.429219138097196
2007-03-13 53.185099098314005 15.781004331214838 37.00499830317007 212.52356314856513 135.2566868404955 312.64777709575725 18.6603856677721 33.98221233970401 79.28989352696944 63.13153494595565 63.21851762884772
2007-03-14 46.33886624267378 13.091655018483758 30.69871943259166 176.30593554790747 118.42507697744895 438.4002956674277 15.64618537351427 61.29435906701409 116.67629048632269 52.47611474022093 52.445009216575684
2007-03-15 38.4419374905603 11.024106019385293 26.091971765588358 157.20963247824955 98.54763330534159 385.72527234291704 12.979811473231592 50.92424851575059 298.52565002317476 43.53577572247508 43.50748984631885
2007-03-16 31.890779680939662 39.045796309749655 24.652833126382173 130.41843940071487 81.75344263043054 320.0873566307319 11.1384408660952 42.24589260397675 256.7197146842635 36.11654124037469 36.09307575861144
2007-03-17 26.456050556297654 32.64870191728709 21.503245822826024 111.04834171060482 67.85075893321111 267.94639979251815 9.240263238454892 38.444070943572086 221.16381668904603 122.85052946427551 29.942203908229825
2007-03-18 21.947491680526976 31.784500344448848 17.838729112653898 138.0403176268077 63.055909663566844 222.2837780555576 7.665567333706455 31.96625326762055 184.56959997539943 185.6678396335965 24.8395452075886
2007-03-19 18.207267891008474 42.420451095771256 14.798708347955035 145.07110704540284 71.68739115586443 184.40284367892323 6.41628949115324 26.91328309415423 153.11580299940172 158.23216365633212 23.907279906166355
2007-03-20 20.42594727546494 35.19128678182385 13.695033066307383 126.60206088068607 62.836106208551726 152.97746478319337 81.98810684011887 22.363259431447148 127.5501481893346 131.26671375642428 20.096412176813406
2007-03-21 47.63993282457771 32.13152510348968 59.244509696173935 156.14722369590166 58.05312409259875 127.19371051701079 68.94430316540024 18.552181688250176 120.0917390823108 110.54428493126262 16.671643761127733
2007-03-22 43.44950806860833 33.939202055673135 53.69965042342069 135.15528989047127 48.520193836956835 105.51774088817982 57.195155621678595 15.390576384517404 99.87739978153034 145.9579763949456 13.833454803126541
2007-03-23 43.37044789593201 43.88902769705777 54.06401069647186 121.88549445453923 40.261910653143644 87.56137096805007 47.44813027891656 12.76776237050225 84.40167203931163 275.9287538634597 21.680954379113054
2007-03-24 36.01269453389672 36.49058646484404 44.85058567723039 101.2128283781651 45.73028551553359 79.06572628038553 39.362199755639985 10.591920446872768 70.36841929854 331.04185427254845 18.117875423536926
2007-03-25 29.875520784832513 31.334747576746572 37.207284959434496 86.34239347411615 42.32583488007164 65.59158366087317 32.65421334724807 8.786878967550539 59.933417121913244 283.5432643378706 25.69303817186374
2007-03-26 24.784225799204545 26.908973522205162 30.86653265727483 78.06438824845205 35.11279461336899 71.53927608620839 27.089381888020853 7.290422225983223 82.38056344707307 237.3422838370706 23.33100128544087
2007-03-27 21.182542597634864 22.323228619981958 25.606352366901945 66.10929678566167 34.152411563913724 133.92140381449906 23.196983866429278 6.048012143738397 88.40025822427371 196.89512373471018 19.98014322196068
2007-03-28 18.32946059133305 18.522406160282017 21.242596239128613 54.843150040852 33.66479986162562 140.50841947675713 21.23201953486933 9.498212755916938 73.34086233521091 163.34084762722802 16.57518882499534
2007-03-29 15.715589249019756 15.670153676491347 17.622498350314363 45.51570274568938 27.927747194404578 135.08115663142107 23.355609525348918 9.916491613280268 61.99332670031753 136.61765308660213 14.398620375319101
2007-03-30 13.196797543513496 25.790328361520906 14.619326688497717 41.18179121141647 23.16838585432031 317.87434873686965 23.776350113454562 8.226554565880617 63.75523671174393 115.16205197118043 16.55585274133754
2007-03-31 11.272116658780172 24.744705879332592 12.127946532052391 37.89406175714354 20.96951271362414 268.6668799696886 19.72445741957679 6.824611509607356 53.10102747424087 95.56793716758705 16.622283413397888
2007-04-01 9.866351082275438 50.73700044908645 10.061139904080088 31.436270855821153 18.05733988032768 291.6213979372893 16.368371911042303 6.1674095330303444 44.450675950625055 79.28153695911546 13.789565339609029
2007-04-02 8.184958760841168 50.57744306639452 8.346552254374688 26.07899733632292 14.980063752536383 245.7306059505118 14.083674300599013 7.244433467986847 52.378923988273755 65.7706163267909 11.439590581340854
2007-04-03 6.790104264914301 44.670181303206135 6.9241594787117124 21.690165195225465 12.427207792530028 203.8965101098791 16.660699441016494 6.009860478741658 43.532469789449806 54.562186344856194 9.589154237976738
2007-04-04 5.6329566758236815 54.71828832940077 5.7441666011326 18.031549286991012 10.637616922396909 169.5201135303723 20.825005395879714 4.985679701470886 36.152047402214436 45.26477567206652 7.976389993862553
2007-04-05 4.673006693968294 45.51539607355635 4.7760811922808495 14.95866824464365 34.47089279229115 146.49016189128943 26.221267030057433 4.136036725155743 30.003283943610157 41.41075772852915 6.617079116689393
2007-04-06 3.9622734691018984 37.76289669216931 5.087228866593113 12.409458373743878 56.31933649855503 154.03773268152025 21.75271876794977 4.954255354138797 24.89021567358208 34.72138243972334 5.536863733531132
2007-04-07 3.4974429422181124 31.32745840913556 4.2209277604523265 10.468643635653336 46.72156525817036 138.33554593658312 18.045687109843538 70.31168302625991 22.650144227925125 28.80426991643218 5.336417697146161
2007-04-08 3.6351379130796717 28.468861637948432 3.5016114546220245 9.975408199838483 38.75941745719477 121.54201127955989 14.970945467089264 61.06226719660383 19.323553448351486 23.89553398524158 188.27706006079222
2007-04-09 3.01565013870188 23.866754928021578 59.51271757214795 8.275430531088256 32.15415504261157 103.9464641202846 12.640621659664577 50.65621985184733 47.49939007289635 19.823376794548142 156.19144829880557
2007-04-10 2.5017335959874525 20.76104851952452 53.06500281147668 6.865157949348083 26.67454166650697 89.67608537638255 10.562916773707489 42.05504209573249 39.4046876505693 16.445137758052475 140.2798873505069
2007-04-11 2.0753971517679304 17.2230142515942 51.94434665399362 5.695219780686164 27.638178794854863 75.2519278417568 8.762817608614409 40.75959205955105 32.76723282620766 13.642608090379145 119.07133400773674
2007-04-12 1.7217156679620254 14.287921178070055 43.16550748953428 4.7246589537180235 23.96440344741225 62.60593615821893 7.304525562959235 33.813465809299615 27.183140526126557 30.005108846660235 98.90440835616273
2007-04-13 1.4283075038653184 11.853017864683755 37.7184157005975 3.9194981786310357 20.998210437779466 51.93682128271397 13.162224658110182 28.05107759353914 23.294490893813244 25.784062024571973 82.04941644116539
2007-04-14 1.184901060936615 13.696459518848286 31.290557586240705 3.251550473690106 21.048130888233352 93.76195280344501 11.105520672379972 23.27069831805341 22.45200642415877 21.3900207602227 68.0668854658135
2007-04-15 1.2904903196679753 11.494333970990013 25.958115801704267 2.697432398257749 17.58434534288072 132.37027798675092 9.212952492050773 19.304976957354814 19.68730625982008 20.328701006855116 86.76777667183214
