2007-04-05 2.832283343649255 4.251796479098351 3.0132085672593063 12.274286569062703 2.832283343649255 2.832283343649255 2.832283343649255 2.832283343649255 2.832283343649255 2.832283343649255 2.832283343649255
2007-04-06 2.34961565596635 3.527219609564817 2.499708144234503 10.182540938914586 2.34961565596635 2.34961565596635 2.34961565596635 2.34961565596635 2.34961565596635 2.34961565596635 2.34961565596635
2007-04-07 1.9492027299126098 2.926122940722783 2.0737169053549454 8.447264319545582 1.9492027299126098 1.9492027299126098 1.9492027299126098 1.9659900152410261 1.9492027299126098 1.9492027299126098 1.9492027299126098
2007-04-08 2.1593575110944623 2.8859774309896173 1.7327571216944129 31.050213618924428 1.6170269553904575 1.9469915927757044 1.6170269553904575 1.6309534017749592 59.259077912477274 1.6179950671443404 2.609300332428698
2007-04-09 1.7913677663415954 3.2678720040198694 1.455371779022861 25.7587306077297 1.4104293952930218 3.8398998224585674 1.3482195436538316 8.793447306486224 50.041865251647735 1.3422626905201585 2.288242952526775
2007-04-10 5.67818379641356 17.1380543527915 28.739004185119985 26.71849984155353 2.0340032468229325 33.544033232116114 2.200529499551843 19.1430432479946 45.9243334246266 1.113519779785297 25.071716577561848
2007-04-11 8.89340262557684 20.59420498464332 39.48641642541622 28.177057273743415 22.689067396187024 29.51319581808316 2.5845656364681777 24.61183887991025 42.962717936297274 1.9450808275605171 20.89053413072578
2007-04-12 7.537014552092576 61.569717032258986 38.3247474490905 126.32182048056403 20.306295458788657 24.483646720628027 3.532972326988732 20.718423238279925 52.567651070237964 1.6136074125199147 28.353116926653986
2007-04-13 7.763157114301969 51.07719147153046 31.84580832955908 106.17947375746483 21.6645898315348 20.965261520771406 2.9308951730542843 17.466210502735716 46.616129116666734 1.3386226852329022 31.83610155075529
2007-04-14 8.464039978304148 42.37340294785742 26.418742346578227 88.12502062202307 20.282038886762752 17.39242577410927 2.4314221867800847 23.571912898098596 38.67194970158156 2.6825577481831 26.439040212594268
2007-04-15 8.431251731252813 35.18570221638994 23.849980386991906 73.41067105316051 16.877569039676022 14.428461987270623 2.0170678731430445 19.64181872143055 32.0815931080028 2.2723059760736906 21.933379457492187
2007-04-16 20.15772591251335 29.189461470426586 22.28394384671003 60.94728477080787 19.50355891685157 12.308942213582982 1.6733265628675613 22.11202010092075 26.880312326881764 2.8693596181306242 24.133017333515646
2007-04-17 17.707993996327854 24.215082114813008 69.75285693086147 55.007446366646164 27.56627552571359 10.579097243911525 1.426144463584393 18.3437571302403 22.299451260135083 2.380373279538882 68.72247453927096
2007-04-18 16.5395433372941 20.088421588723993 73.05818635077094 86.7092295799165 23.702900674139688 115.67362260193873 63.35801808301295 15.217670243047401 21.654970085148715 1.9747185112562426 58.70597904653702
2007-04-19 13.739812957477033 24.874558432755027 63.58878005850186 88.78944869982259 33.63964989360664 97.97325986248299 90.69413795809376 12.64585735518779 27.289096254163432 1.6381941966283957 260.076751273888
2007-04-20 11.39831642629771 63.291418785406684 52.752171684843745 76.3015782870774 61.703474207390634 239.0785558004623 85.14271122607607 10.490789465013597 41.77083686147433 3.554583555473742 270.1026603861245
2007-04-21 12.291517576161278 59.276301717083825 43.762305672967365 251.18083622331991 52.509986523275934 198.60671012427153 70.63294636688047 9.630567666073338 43.41233699531707 2.94882333042749 226.03681953298354
2007-04-22 10.196835175573 49.17461296543204 36.30517415246658 342.63173395993107 63.58384160444583 164.76075000028519 58.59589220916539 11.35100989089079 36.01484310049956 2.44629493308555 200.58757192793
2007-04-23 8.45912226574891 40.79442377269753 30.11815622132541 284.8432570982281 52.748074774481715 136.68271712783735 48.74918780384865 9.416605978974015 29.87730251866446 2.0294059044489634 166.75913901937793
2007-04-24 7.775881948816688 34.493838404710196 24.98551135945305 237.78082671376367 43.75890689367408 113.38965860060635 40.441498277288815 7.910260545795233 24.78570322424856 1.69451046389671 138.7873510248113
2007-04-25 8.086648056625803 33.77183014312357 20.72755646294219 229.4619246809054 36.30164609373115 132.78659445214987 33.54958032921044 11.805390315493055 20.56179903238238 1.8250018908330492 124.58276948910247
2007-04-26 13.108445112618464 28.64875146752608 20.207301552242498 288.21202513145346 30.115229353102816 110.18445048224649 27.832162402942288 10.649547562095442 17.05771993976763 3.4571417047745303 103.42118459456482
2007-04-27 24.531880822679657 27.100649380968285 135.70925941112824 275.58974173750653 26.012761275408756 91.4071472331044 23.702242969120306 8.834684694583045 14.150795506688924 2.867987126274702 85.79645688464781
2007-04-28 60.562011246710824 28.651838908935357 113.73993391850335 229.1606873891885 21.579745472092178 75.82981581227466 21.883676243626798 7.329105311303751 11.745899737284335 2.379234492289949 71.32980861472069
2007-04-29 50.55581451036209 23.779371337964587 94.77654138075893 193.10831739821887 17.90219094394471 62.907126594210645 18.154326742650206 6.080102246368629 11.070115514718909 1.9737736040287328 62.62438949001628
2007-04-30 46.747282103297124 80.40720595934285 82.01843908274503 160.21773084102318 14.85135424075271 55.82265777984346 15.06052322123316 5.043950531414809 11.078833173427476 1.6374101315866518 52.40437668054788
2007-05-01 38.87241304009513 66.75474578583032 68.04110316984858 141.02990337526086 12.320431985928982 47.247217906158106 12.493955014517235 4.1843766763747565 147.62056825747396 1.3583687002940064 43.53785842311724
2007-05-02 32.2478937920665 55.37860280557474 56.445743012545236 131.46587707595936 10.220821914802489 39.195489467376184 10.364773667979648 3.471288810837468 126.33144666211781 1.1268806596014254 36.11826793031382
2007-05-03 26.75230528090254 46.20849354085365 46.82642942882749 109.0618566794628 8.481080117283975 32.51591248603058 8.59844102163169 2.879723230919918 104.85987105292455 0.9348421031587457 29.963101837331273
2007-05-04 22.19325850800694 38.33378137088686 40.34476589913379 90.47586239894969 7.035760875582534 26.974649015957457 7.133121485714568 2.3903622678146332 87.12524643082047 0.7755301680889622 24.856880720882476
2007-05-05 18.41115083235988 32.10871937093219 33.46933263692641 75.05723764615517 5.836748600459945 22.451912817201986 5.9175173066825675 1.983004926001032 74.22270672025661 0.6433676816911801 20.62084651635407
2007-05-06 15.27357861754533 27.708494474789248 27.765590127852303 62.266208782044025 4.84206839574101 18.625726033493695 4.909072740681222 13.134032055365969 69.59479523066467 0.8976501012292547 17.91225757950241
2007-05-07 12.678162510997488 25.089240305170637 23.033862339257233 51.65498877632648 4.016898601479498 15.451586540545307 4.072484266408836 16.095836895559625 57.73465944697052 0.7446762723824003 32.345380715391926
2007-05-08 14.106297723993126 25.058495339930502 19.108501430607458 42.852101124787936 3.3323517608400572 12.818403876859017 3.3784646830452334 13.352833526850993 47.89569250801386 0.6194056427578833 26.833794284774942
2007-05-09 11.72958789459506 20.78810251841036 28.075272801553105 35.54937523773002 2.7644633309571836 10.633930824352998 2.8027178269140762 11.077284572222112 41.81025257619376 0.5606553352076433 22.26086032815517
2007-05-10 9.733067530089757 17.24545725228963 29.43026093592669 29.491158035408162 2.293352734664169 8.821729120561901 2.325088013864317 9.189527849080317 37.83590497971216 0.4651111045185519 19.89449570875968
2007-05-11 8.074388240320644 14.306538980536395 24.41484487312862 24.465364071099525 1.9025273832765686 7.318357396135036 1.9288544311364122 7.623476965665996 31.646091989891648 0.38584922227339463 23.958287402926924
2007-05-12 6.698376099591606 11.86846235510048 20.25414099803414 20.296050865422824 1.578305305730779 6.071185770089166 1.600145776855774 6.324307775392941 27.205730064736883 0.32009489954899123 19.87538868604209
2007-05-13 5.558274632345432 9.845875441146445 16.802491816803105 16.83725952997124 1.3378304921330721 5.036553388305214 1.3274546549125399 5.246539098718659 33.34344999684744 0.26554621864664024 16.488285340724747
2007-05-14 4.61105101924282 8.167971725227453 25.26425643456857 13.967905053439148 1.5845975583874903 4.178239948802321 1.1012347252131731 4.352440522651766 33.12406103295153 0.22029354779274593 13.678402001513902
2007-05-15 4.09372518138865 6.77601132808713 22.61414092087446 11.58753736990059 1.3145560915802583 3.4661977051020587 0.9135665063809999 3.6107115383039807 27.479158555981297 0.18275268894508176 11.347370561991388
2007-05-16 5.869496587163315 5.62126464496007 18.760307574753423 9.612824813150354 1.0905342710725408 2.875499557785887 0.7578801313607144 2.995385775868971 23.135059723500127 0.15160941834991057 9.413586514148971
2007-05-17 4.8692354217775256 4.663306424540394 15.64761164684848 7.984247440527175 65.644913364566 2.3854664091424476 0.6287253501833456 2.4849219765979353 19.192452941016388 0.8861618942086232 7.809352146098231
2007-05-18 4.0394357595053245 4.564401293167239 12.980993353475498 6.623596749058825 55.068426689178345 1.9789432314252178 0.521580728171945 2.0614498786116187 15.921733399231082 0.7351457065255843 6.478506587480199
2007-05-19 3.3510480611180005 4.5534551542496535 10.768812159973193 5.494824065748184 45.68383101765736 1.6453362001703267 0.43269536001824893 1.7101446165961915 13.208400084808778 0.7428288748377141 5.374459735446179
2007-05-20 2.7799733229536576 3.7774697964601915 8.933624255467969 4.558413434311515 37.89853005309265 1.364943774448427 0.35895755847285715 1.4187077344313754 10.957464904556828 0.6162390475090589 4.458561233091108
