2007-02-01 5.356887348646315 7.3144365159315665 15.129936046606465 22.60513656834295 1.971642985883436 8.748002105621506 14.03440891120075 11.542144849919218 27.474630830011872 28.31183672347257 2.0799657513426584
2007-02-02 6.4570096623390505 6.067936084697596 12.926802374060573 22.723622037345763 6.226034911075864 13.682778589857202 107.62388204266699 15.242697094535899 24.192197187428807 26.229155107191346 7.3882835205255715
2007-02-03 10.857171861425515 6.490138814454656 17.98855162883248 20.335296683207563 5.640687926293134 23.936972064270726 116.10150074399277 63.86345813283567 21.872716883543433 33.28448861983883 9.549315947604446
2007-02-04 12.537051326539578 6.369926358703548 41.25146434687905 32.31374962836523 4.878375191664703 25.098674439108795 114.10988123691492 64.20905921659973 35.09688678676039 34.09405307905044 18.10679264450983
2007-02-05 15.693380209597501 9.079055134280821 34.324603524838544 34.81502871427935 4.071541706673196 21.53199433768138 94.700556646359 53.30742244326852 44.71989151178243 28.283850346062348 17.739411923027262
2007-02-06 14.519697611376753 8.020302777706197 28.78629806426704 28.892371333462197 3.3776854921438315 20.159468805200095 78.99095255522725 44.302397733507455 37.242435422678774 28.276877453289284 14.742201066370425
2007-02-07 12.383495370594549 6.6636475075174735 28.705359461543395 24.946005844715575 23.07448157763489 20.19750295996973 69.47676334829788 63.984634023373715 32.159658291293354 23.46461681323211 12.404636207222044
2007-02-08 12.046358489428934 7.0587705302100465 29.154590769660416 26.1916216986495 19.142201097412368 17.18217733510493 72.60002675204642 53.080567752382734 32.57866141327771 19.47533169778679 12.288534205961017
2007-02-09 10.042349145129856 5.855839562733246 30.19558474574433 21.75154795267425 15.880048042120219 16.474139438001256 62.69932553033215 44.0351291137432 31.180256992154753 23.43276379111837 23.5742727577403
2007-02-10 14.133848708978002 4.857908442195295 104.04084876750728 24.823764679639464 14.075560794461689 15.237545100661203 52.22830336227353 36.530797687158696 25.875014790444638 21.045468140060482 19.61354806001973
2007-02-11 25.35425947312534 5.135469115807617 88.91418072145012 20.828023748368086 11.676849323082807 12.640811740075176 43.88651672068877 30.305331922832877 22.521619800197545 29.13119675110258 16.477835624819896
2007-02-12 24.82936368657379 28.83477838541916 73.78527927086448 18.199378934487306 10.213241360743599 11.243644700144714 48.23824091622781 28.570054716334454 19.482054841122977 37.2354886403947 14.036920984206336
2007-02-13 49.21828500321651 45.72455357209438 71.90053572816551 22.66563278052144 9.971947460890243 9.617677754472941 54.82443529597205 36.428508267140074 17.116789239695652 76.30415662896314 24.231543736518834
2007-02-14 143.5660818928744 164.03454560329132 130.78058722880786 34.848398755587375 16.833728140608073 7.980842306155082 49.859203627035726 30.769878453934282 14.575148331613004 90.53632453719358 33.84479589992959
2007-02-15 127.32760994381506 161.5532930537788 135.9545456587375 40.36282877483455 27.124827802399103 7.140922480974899 47.25102068459846 29.263458257625263 12.094969317273097 77.73860175215594 35.69795510250444
2007-02-16 122.56786992875179 137.64444787011792 137.1734312918174 33.48431950121639 42.45253327407836 118.37622469580545 45.696208729023155 28.91931761569598 10.033784084748659 75.87640465933575 35.45694773663174
2007-02-17 109.36757991738713 116.87090805034566 187.60020856539106 27.778025154739034 38.894292875131036 125.85387349165009 38.960252655310825 36.56649994717711 8.770907576741909 62.94577798267643 112.38395702038267
2007-02-18 95.00133904676414 98.42280148204902 159.76134744760364 23.044180375007283 37.53248507552094 109.19650769221721 39.9273699660661 65.57925255677212 20.345403970078113 52.267488155312805 99.7581147759263
2007-02-19 80.88895889709897 89.01147558574996 239.19806562156654 19.231855337492068 37.71626965891011 113.635718992337 46.700965357181325 71.01614556996314 22.746859638031086 50.48716163395212 86.63216247143164
2007-02-20 76.62111137951618 74.43861764997737 199.77078456413668 18.108310413422494 35.97377665362385 108.7533302735809 53.66312822756902 63.64546938799463 18.894610003603763 48.85410896136942 71.86857159422573
2007-02-21 65.75444197530074 66.32428823252388 170.34772683779084 22.060861014143562 30.18972076758547 90.38669032309723 60.04126294321558 52.8169901486406 116.98683500278271 112.61525037639616 59.62094766405907
2007-02-22 64.70048653148685 60.61720671335674 141.36685654290764 46.181067467335524 25.044881864479187 74.98326395686475 56.67783835298437 70.6686179908981 99.62402707046698 110.95991220480752 49.922912446267716
2007-02-23 64.11572793602298 65.30764269205721 118.58351966685258 38.31103105872184 28.87138237270927 65.20621802889423 84.52622860418663 64.91574768600816 121.94316491004803 92.25095738198975 44.75087653981142
2007-02-24 64.54457868606714 60.69022200690659 99.47948188439076 81.81043371951547 28.001845667907 54.093972337312096 122.4331776170176 66.31847888345146 116.48692147910945 76.599246444888 37.79578439540557
2007-02-25 55.97254525226533 55.44240711289517 82.53328156852332 71.64000581045298 34.14278252522481 45.07244820228412 109.0027134682585 91.52835964552392 163.7961415155714 63.58077450747276 31.354742760726758
2007-02-26 56.91640055651046 70.08653932038109 69.20289640048064 59.43133317261952 30.272589139126026 38.55258550593594 94.19389123676518 147.83979169293056 144.37264467157837 54.06952998408283 26.011364132246353
2007-02-27 64.3412589813638 74.5783803351606 57.49764620904719 49.39860728693242 25.69173364278282 31.982572011013108 92.89826225912495 123.63986064014422 119.76909327068405 50.664572106099435 21.584500697018502
2007-02-28 59.15096921524024 61.89133108524532 48.74185221129797 45.24550884190464 22.454165959376056 30.945874513264354 81.94644637146226 102.65160854951115 109.08277106135745 42.03047005093722 21.26381221743707
2007-03-01 49.08866400910723 51.34399831325956 83.01035073171558 54.09610332357036 19.51739698762989 28.216757057935816 70.49318389842159 85.22567831224816 98.99007397935686 35.129399614244385 20.565798686900397
2007-03-02 42.978806100272976 42.633069253952996 68.87129773900156 44.891894535489165 16.364072192093584 27.1349506708828 62.04786890539473 70.70177585648739 90.19789431624015 30.365346686350986 17.25058434120292
2007-03-03 42.02985338475254 43.451562312222435 57.13445985675256 38.85445100698804 14.449980467351812 24.824789771455663 58.38351395483032 58.708997521328484 75.56464244543267 25.536961008161523 14.316589418173255
2007-03-04 34.881459509489595 105.94571723406875 47.52717158371262 59.10202204595647 12.224258859167893 20.766244635062996 48.43397277264352 48.70398840347338 119.37946616765254 21.185031113613956 12.051822374327058
2007-03-05 34.30873888758283 88.43160784812167 42.466488714581075 74.16105214764774 25.332390627252252 17.328351052630428 41.483787758403324 45.531527797960734 109.56479863248164 17.57474405612063 10.360641313212795
2007-03-06 32.31326430651082 103.64712516463001 68.89618392456835 61.88718575394315 27.386477300291588 79.83234934031911 40.72183406291675 39.386468365641704 104.19582953725495 14.579711282630587 10.192251291586981
2007-03-07 40.851436324043746 86.39407233813931 78.11859564485044 56.38407116266031 23.16177825025442 96.44827085427278 33.78214342345041 67.90243740583452 321.36788281798675 12.095082999186038 9.877503916653628
2007-03-08 34.942324278273226 72.08703691749832 81.94099743338894 47.770975852963105 20.738391972928145 81.17384504531128 28.025094066983534 77.76366135982921 406.5513977815547 10.46884184386882 8.267639965624879
2007-03-09 29.590157908738885 64.60212721934047 72.52964888747665 44.623317071247094 20.821044577151962 67.34044364389321 24.500744607145577 129.90677678534405 356.3111647971245 8.684775563112213 6.862603369109867
2007-03-10 24.62360474876598 53.59282835930412 60.16936550116099 43.13562409103284 17.272786843132298 55.864489090880724 23.981410264500276 112.79863606727619 298.81458370312356 7.204744486943563 5.693101426933777
2007-03-11 25.475061704524443 44.45970124177671 56.05368107753239 35.79180437245057 14.329212543781747 47.83025066291524 22.16290232387243 94.62030278487701 264.46347239568496 7.601332991958463 4.725269639908794
2007-03-12 31.284331051008483 36.88301429171777 48.7657839185041 30.06286894364497 13.194565910226576 39.679164764024605 25.682064868248265 79.36545980691892 254.50053035873353 6.313807492279209 3.9200056517561785
2007-03-13 26.156263562724963 30.597523632572457 40.45526720870096 24.974297469201105 11.647598036305245 32.917162506504404 34.36508148044173 85.27906657487456 707.4866482696681 5.283911882778869 3.2519723111058765
2007-03-14 28.57696381950585 30.718261825683683 33.56100386254997 39.751271441438135 10.541908914319157 27.308547582181877 28.508689366370216 70.74662360707676 835.2347394021718 4.849109220296735 2.697783182005089
2007-03-15 25.10770734585488 25.676643856067944 34.768781190828165 39.31161319112287 18.689198977850165 22.761440421934235 23.6503260446804 59.148185753027576 773.4908862821761 4.173404289536595 7.398390786959921
2007-03-16 25.183018323917764 25.23439763560881 31.254304681459736 32.84311360813222 28.192358010660303 22.413931799537373 19.714578639655908 49.06833108894332 643.2364502985184 3.4621874169179434 7.2215478693979485
2007-03-17 20.99650677780137 23.75521526199947 61.5328501413971 27.61892950345753 24.561045990635805 19.000592925406018 16.579969968518327 56.44025043587218 656.9179436510203 2.872173965483379 6.322943569600825
2007-03-18 17.41834704739833 34.7610625351775 51.04660804569687 23.00882499102388 20.37563119241494 15.792211843336316 27.156145664422002 49.858709661479615 594.0713322310327 2.3827088112169976 5.245408582910545
