2007-03-29 10.474100746932518 10.474100746932518 10.474100746932518 10.474100746932518 10.474100746932518 10.474100746932518 10.56741536088791 10.474100746932518 10.474100746932518 10.474100746932518 10.936824589920548
2007-03-30 8.689137565990999 8.689137565990999 8.689137565990999 8.835074377531058 8.689137565990999 8.689137565990999 8.766549782601182 8.689137565990999 8.689137565990999 8.689137565990999 9.073005395966796
2007-03-31 7.3615246618165475 7.208362446306146 7.208362446306146 7.329429143016043 8.584166590146578 9.059019566580739 7.272582304552214 18.183842320250676 7.208362446306146 7.208362446306146 9.280930850341022
2007-04-01 16.518670975318816 5.979936568837703 40.10767361015708 9.453036549059945 13.781575524453464 15.394409764971703 9.577963601311247 21.970523480272085 13.182785017763441 29.515674395005615 19.468864036688995
2007-04-02 22.70259355778507 18.632537278579356 44.41383344175699 209.9634136419341 21.71641569485004 128.28830299563833 21.045437589383482 22.201065135556092 62.265943927360986 25.465062561316888 45.59855261569992
2007-04-03 30.780478889973438 21.308269240914413 71.42947917998745 174.7344858221729 28.802671171611525 106.4913376343864 17.45893871533372 161.9480648683889 51.66135474319049 29.107906273092436 70.64056256640603
2007-04-04 27.570178538541352 18.82415269602392 66.6240497917625 145.3384943430191 24.624489236378285 102.41411137734372 14.48364022709488 134.34936176266504 46.614530899036104 29.173662411499954 128.96521908246316
2007-04-05 23.304003984601476 50.25915767659798 55.305190705700326 120.570344533711 21.27402890277265 140.2079263905665 12.015383183732784 111.45394705201487 45.27983323483835 25.899914239643085 142.40605300791148
2007-04-06 19.7583613361317 44.388588043638684 45.88024713162891 100.02310869504947 17.648574113683903 117.62349411327185 9.967759099415339 92.46030039907409 37.56730712029818 21.72401276378144 118.13764105596833
2007-04-07 16.391202057589965 36.82401921472778 38.23285704442317 82.97747129597923 14.64095846183766 97.57845168549724 8.815626645405104 76.76534708989021 31.165200579428415 23.277944858224544 98.00497924436934
2007-04-08 13.837792866182145 30.72656134167082 33.28064476967746 68.95107786095797 12.14589165012868 80.94942539892219 19.55979097563456 63.68642344646613 25.85412186085995 19.310988663720984 81.3032654072343
2007-04-09 13.618260375584901 53.090183718715714 27.609058359678794 57.20064295714858 10.19854898501515 67.47399712132523 26.310829085700068 52.83317519794832 23.52042981932204 16.026361818184473 67.59057712362159
2007-04-10 14.201683859989789 99.95272392672827 36.25627740659821 92.22431737111422 26.07696889733145 65.71784793601068 25.25190574389235 46.82051931089924 19.51215002106217 13.764765122144016 56.76724165441889
2007-04-11 33.80560345066111 115.37000412685566 67.43830846508864 114.20868123076859 29.076944653396676 58.564757867365955 21.42504847742474 62.24259500091332 16.18694925401271 29.796317458076476 47.11826664320114
2007-04-12 28.044555090875708 95.70899461632492 67.24514466757829 237.68928465172058 24.16106116378099 65.6211361930566 28.206318321711528 60.703234488462456 14.032477809031054 30.445541745850285 45.728118762817786
2007-04-13 23.393095603093307 94.70484748870962 99.72456648328111 216.48539683536632 31.202990086953946 75.73963052506701 23.39948336242286 50.61956009986082 11.641106346682177 29.65887895512184 37.936557890770615
2007-04-14 19.777663010846023 79.12237458868316 139.74149711672632 197.9110906174885 56.02767516632727 62.83231068354623 19.411814816732466 61.840478462499306 9.657265235014897 24.60450293847156 31.476361132364648
2007-04-15 18.21794720235742 65.64804155842438 220.46052144261117 165.20010325400654 46.62564009650952 52.12461765567744 16.103712795371987 121.55162120734423 8.011504371130316 20.411478542132155 26.112255220846244
2007-04-16 17.191918550028017 54.46050007932199 187.35858348332027 137.05511323821173 38.679839366097134 50.19285529996415 13.359367604563756 101.6954819626328 9.753652912737468 16.933016800107072 21.662284171987892
2007-04-17 14.262124571083225 45.179505930867904 156.24115419012455 113.69859220975103 32.680135076154635 41.69646482596877 11.082705492077386 96.25989472239681 13.26164999977037 14.403128779194601 25.501270379696784
2007-04-18 13.509998827592302 48.847764144508865 132.2718734445389 94.32241960162307 30.581457515663008 34.59067936110944 9.194025307114432 79.90222374163929 151.63495751405745 11.948910108487963 129.84161558111455
2007-04-19 26.008255871271977 40.52327562555839 203.14334302811068 78.24827634412068 25.36985832592529 28.6958405786766 7.627208330553571 66.28552712235408 195.8575499554586 9.912613905740047 108.10669486664635
2007-04-20 22.850039388502076 37.52555986854343 169.71695088583309 64.9134404740965 21.04640426061419 24.142437283408952 6.352834303486536 56.166862619528686 163.1174600951579 8.354173249539512 98.87190978349449
2007-04-21 19.587307946774807 36.1558615234667 142.27827675598593 53.8510874218895 17.4597402849004 23.76227126601966 10.124102311048523 50.995913542945644 135.83565523456943 24.140626976985118 105.17092651777959
2007-04-22 16.249298782069523 43.53359002499893 118.21198746442664 44.67773358427704 14.484304836184757 20.99478146299344 8.465835292224833 42.553385172084624 112.98976924543683 23.16356483714289 92.74067900734278
2007-04-23 15.150378877516012 36.84370597034303 98.0666554498329 37.12585032207329 12.015934177726024 17.4169148548895 7.210320089437876 36.08632859594894 94.24173409335464 19.21610065466656 76.93609117865525
2007-04-24 16.885941402701945 30.56491304500309 81.35443063209966 30.965505638279392 9.9682158451731 14.448777553201563 5.981560133074867 29.93660565694194 80.81288678418288 17.94921328437135 63.824873908672195
2007-04-25 14.309571804654968 25.356133209063163 67.4902531536465 25.688458011027887 8.29104237905069 11.986461313868071 6.50870072761718 24.834900086396885 67.79236959481486 17.547497421548748 52.948031044651415
2007-04-26 11.87097857581013 21.091052758502176 56.13852273073957 21.310709036587067 6.878108929557769 10.099015157455803 8.759363636677925 20.60261189992143 56.3648933537652 14.557106595827035 43.924787185039946
2007-04-27 9.84867541551349 17.4967798168583 49.26449307207471 17.679002929167616 5.705963355027777 9.277732329590226 7.441779771399202 17.091577588150678 46.75935802501424 12.076329211917987 36.44252263348446
2007-04-28 8.170294771092559 14.515032100844769 40.86898670112382 21.000699817386707 4.742604919661176 9.270738297910915 6.273646764904749 14.178883223728501 38.790769274285324 10.018318471883907 30.232098105774856
2007-04-29 6.800766669509272 12.04142489419899 33.90421739342066 20.303165349636668 3.9510767338114956 7.771138805577558 5.406087680486369 12.703293152705946 32.180163563155816 8.311027749272878 25.08003553059732
2007-04-30 5.6418014834417995 9.98936241171772 28.126363219139677 16.843161775011243 3.311408986409128 6.446805703099323 4.484799515330756 14.777060680422945 26.69611748485549 6.925851232212733 20.80597203047691
2007-05-01 4.6817514638156235 8.287006262844317 23.333153652302265 13.972801642843843 2.7470896821485944 5.348161470403584 3.720514507510246 14.298415173578489 22.146646117253955 5.745569493584115 17.260281629931473
2007-05-02 3.8839024787678063 6.87476054062213 19.356788504840512 11.591599681896453 2.278939970093193 4.4367448857014224 3.086476648867297 11.861723128846426 18.37248203429474 4.824025636711375 14.318837164588318
2007-05-03 3.222020515698144 5.7031854942647 16.05806359473388 9.616195020235253 1.8905709162588347 3.68064917355551 2.5604896101068504 9.840284837471991 15.241499688193812 4.001930697588478 11.878664850078568
2007-05-04 2.6729344816978227 4.989216524010157 13.321497500208034 7.977432896331506 1.5683865397580128 3.2144705530947766 2.124139693965605 8.163333997314028 13.197313718377421 3.319934703612072 9.854339386300568
2007-05-05 2.217422032188728 4.140509521993956 11.051288797904 6.617943696226141 1.301107846088677 2.666671146386941 19.77638036727106 6.772164087731055 60.13307961903086 2.7549091734309528 8.17499339723009
2007-05-06 1.8395366370462607 3.434897310051881 9.167962256424019 5.49013456393807 1.079377973246086 2.216081277362578 17.01113701521312 5.618073177696817 120.99027823404812 121.53165722685162 7.074626873052478
2007-05-07 1.5260493261003125 2.8495334059799657 7.605586575539886 4.5545232756182825 0.8954346276530121 2.0560188248926585 15.373247665083461 4.660658973568371 100.37147799797211 100.82059680244082 6.010760809344283
2007-05-08 1.2659855706978602 2.36392545309129 6.309466269961822 3.7783560498861553 0.7428383425787608 1.7056392529915558 12.768253213513532 3.866404419712909 83.26647199966308 83.63905332108244 4.9864259396738815
2007-05-09 1.3881537486405038 1.9610733408167078 5.2342268953704 3.1344609067931994 0.6162470459454649 2.1425100964941866 10.61194288410396 3.207504336844364 69.07644993737472 69.38553706463232 4.136655140090807
2007-05-10 1.1676323724585516 1.6268740665690942 4.342226584499722 2.600296433921854 0.5112290456144121 1.7781266055976432 8.919141953311911 2.660892021144393 57.3046489695481 73.82913698473716 3.4316997241995923
2007-05-11 1.1048448135186897 1.3508253587407741 3.6022382844892133 2.1571626589199635 0.4241078851603955 2.389520089559745 7.39916942869707 2.207431727449087 48.31775427938056 61.24739729513396 2.8468806877398154
2007-05-12 2.9436548007837713 1.3449373711812316 2.988356563403601 1.7895464027771235 0.35445550347379084 3.3365994031147346 6.2402979384550985 1.83124876703519 40.083588095812225 50.80980002984332 2.361724748523418
2007-05-13 2.4440177098101907 1.1157381054893565 2.479090715515318 1.4845781960372069 0.29405119449725825 2.767987052305077 18.932288481137604 1.5191737681374722 33.25266386628058 42.15094685163238 1.959247619861239
