2007-03-08 48.83714027442501 48.96493230005224 48.83714027442501 48.83714027442501 48.83714027442501 48.83714027442501 48.83714027442501 48.83714027442501 48.83714027442501 48.83714027442501 48.83714027442501
2007-03-09 44.29911185248043 40.802145757390775 41.68904187295882 40.67809072905571 40.52763272447192 41.10316175023608 40.60101987935205 40.514463324643955 40.51795362633442 40.580749380401656 40.514463324643955
2007-03-10 37.058279752454894 404.9684988967369 54.04130167835938 33.74775465109064 35.23454967717925 40.07604635742725 38.116084476913116 34.63757622244766 67.90731176796712 35.122153023016395 34.15136531036806
2007-03-11 52.41221004034896 345.1661108274841 168.2383282462202 53.02411671577569 29.5192343284585 78.84182565584823 40.38528379215134 483.74445311710366 146.61041243172474 40.218951041906955 33.87879593191218
2007-03-12 62.94146837357758 286.9759433906732 147.84682907490816 212.3882575294848 25.29394295759602 152.7272889825695 90.05708365147886 430.2633793738259 424.6730082111118 115.77904633732236 41.54760466330485
2007-03-13 68.50526912247875 238.08865558449926 151.74910906131825 220.30395976318516 32.22019350761547 251.13819665273095 120.7190995947687 387.71051969664376 352.3015068885711 345.19459471907106 35.63035914247258
2007-03-14 61.22702009892953 197.5143014093232 129.15138231787628 182.85095823379703 26.729326752307745 279.16796002911855 100.14789621611102 324.47621508030204 292.5472489284182 296.96350547918473 29.826021803180442
2007-03-15 55.780223533392714 164.3809386230291 110.72498341682099 151.77881797755083 22.174197051721734 246.5015808788952 83.18134030327039 328.2201799967231 255.28433812698506 246.3558754872129 29.001193728260397
2007-03-16 47.01805051532722 136.36853246912105 94.1400930851047 125.91312805669635 20.009748733910648 320.84041971584236 71.10993971017518 278.55945039650874 215.5744584204726 216.98386416140548 25.02869848484659
2007-03-17 39.14850535550914 113.24183750307876 78.09702219519042 148.31529719626153 18.02866598626308 267.47730672424353 60.509395575886096 233.976998979918 390.8133063207022 185.68212839405393 20.98966851360802
2007-03-18 32.666000943928964 97.5250440966077 90.04290459112886 198.4629529960853 18.838225316957846 221.8946264212987 50.19756751439869 194.48401404153955 324.28758362986434 154.0504835255988 26.46314608788664
2007-03-19 30.29147407153016 83.77404892906655 74.70362205665153 164.87185437977442 17.18476515207481 185.17281489658978 42.01604181215067 163.45451228806567 269.03381940571444 127.79766306906028 42.327226506745134
2007-03-20 53.770440115645904 78.97166405402855 74.66761403457136 136.82451631416922 14.256717405458447 158.79152381634893 37.42832874705075 151.7554563995832 235.58392801783162 106.44338055434125 63.36023770040617
2007-03-21 73.39214220312786 65.67224117324251 69.12177380880304 114.08327219112857 43.436771672129616 155.34620435795367 71.68153907955092 127.45234612765839 227.75319311076777 100.04774491836287 107.10325428207557
2007-03-22 70.13694188859408 96.165849795323 74.17946404024923 113.33589724415252 45.14942126373529 165.77481313191032 91.73856118852552 105.73230058867411 250.18026389249076 91.63297868563372 97.79259085250331
2007-03-23 61.64717898001722 79.77755533524248 61.53802366488243 101.83155709591445 37.455193930489095 137.52396738596457 77.49316993518103 87.71372020390454 207.54529373985835 76.02209193505546 81.16510701081538
2007-03-24 58.10829564473392 66.18210496164993 51.05089971217891 101.76815405698368 32.53580457601124 114.26592074517029 64.34562519410987 72.79400419621248 172.17604762425788 64.39342974678169 74.59419603193838
2007-03-25 61.63898383220618 55.88377216229458 42.35096002273694 84.78119255898085 26.991152008910582 101.63528093703498 56.731261166137 60.43114107425605 143.03865152358898 54.58869507421169 61.88207821708717
2007-03-26 62.40705215461148 46.36022878165243 35.13791785535462 70.40237104430747 22.79000028288775 146.22608453078988 47.063291244854156 57.39433903662601 118.68838493838773 45.28585485649766 51.336321463445486
2007-03-27 51.77183088691032 38.45965914662248 34.676763458115325 59.29723342437262 18.930281263211 255.48338151168716 39.05013510518263 51.47766999006722 98.79374200932214 37.56837681163718 42.79925664633018
2007-03-28 46.847143054606484 34.99823375087174 35.66203505883306 49.48566523617742 279.828021217168 241.558877316437 32.39532973941918 42.70500130811018 83.51479458453208 31.166088261351153 35.50553720360003
2007-03-29 41.75503423576523 36.1559978779326 35.98795812141789 47.70865104790851 232.14262340119552 203.7752450851119 26.874616369765736 35.42734455269391 69.72506244515172 25.854858546924476 29.70902028318623
2007-03-30 36.806877341829434 29.994417002469493 59.29053386579606 55.28510498301437 192.5836320383365 169.15085889543516 22.691021710740944 34.82907271445411 59.8486222700214 21.448752685973876 26.389505168563097
2007-03-31 30.731398622703985 31.01776984917402 77.43888533824568 49.12663497410134 159.76410736909003 140.32467732244496 18.82408743356151 38.47173768311249 49.649400868225676 17.793522179555744 21.892286405085628
2007-04-01 25.494539850639587 33.81876644391139 71.71631353771464 82.28502510104481 132.5400998829442 116.4109673507512 15.660791189283058 31.958896610298623 41.456663591875056 14.761205096453418 18.161470184754204
2007-04-02 21.190704205276703 28.055475151205503 140.45863994401466 71.14911230457466 109.95301428566209 96.62210374269452 12.993779738798798 26.512558770549386 34.3917447171612 14.598822551290182 15.066448479315865
2007-04-03 17.57944947675244 23.804304557083515 129.43887153641103 59.03747160254842 115.54238448165621 80.17858532826332 14.101210831564295 21.99436950816056 28.530808157551473 12.78849668304574 12.498871089953743
2007-04-04 14.595431507453094 19.747647852192777 107.65639918950427 50.694126410180125 125.35511716163042 119.88774655815314 12.227717808274747 18.24615651960726 25.47439889484138 10.609121000559286 13.661725915976806
2007-04-05 12.108123374839776 16.382314423759215 90.16312366933145 75.20510344904125 112.23205918915008 99.51108335537904 13.716369099831107 18.757289260323688 30.56774625571164 8.83745428977423 28.88939679022477
2007-04-06 11.430013879627836 13.590491027529373 74.81256192063739 62.38887632457383 98.18767943514193 83.66561213334015 12.695595976321256 16.278970260660827 34.416550191113046 8.859414132123621 27.942131066370543
2007-04-07 9.807514641168984 11.334064156086443 62.06323052665201 51.75675226249691 135.0290823499535 89.2019656272986 10.532052086076648 13.59544542905194 569.5628730552522 7.350411483881111 56.008909873072824
2007-04-08 10.635988720876115 11.87917596958981 55.068600501911355 42.936522953310565 118.98666418379857 196.2773094434192 10.56432499240367 11.372893822876568 472.6886680823069 6.0977779217651875 46.46866323156433
2007-04-09 24.098805792714728 13.53169340833483 45.68397590184738 35.619410714096915 110.18125426191504 162.82831911318777 13.236745930015468 9.627714025344806 392.1344816484638 21.20401096554802 39.28637707787976
2007-04-10 44.82947570242733 62.27950109208637 78.16599333711164 31.598031095628876 100.96922614921311 135.07960562569895 10.980980818126497 8.266903408555027 325.30809794648525 57.93751915373509 32.90486604094716
2007-04-11 37.18977207602998 54.428385374765085 246.4962009184607 27.57902044287461 120.89106077410973 112.05974485496883 12.67832753087965 16.12375144968783 270.0277063604822 96.46492447532519 38.1608612882379
2007-04-12 30.885236688229217 53.004571064172225 267.70117280444214 22.8790877734851 202.43882221163247 93.01135028278713 32.237257933195146 14.93989904103499 225.2926068157116 80.02566212353791 31.657602959191472
2007-04-13 25.9783229203636 44.387131442662366 599.2251974798431 18.980103548403235 178.76269218694347 105.44347756479684 26.74348234590569 13.86955061445683 186.8989162267324 66.38792966051615 26.26261043844442
2007-04-14 21.551176293041355 40.160517790025835 562.5659575569968 15.761649665154147 148.2984904272292 87.47411701524356 29.206382986934802 12.503308348192194 157.56730745329 55.074298744111736 21.787016382780823
2007-04-15 20.80277661731729 62.73812342929752 466.69515149954816 13.075597909162719 123.3175697305465 72.56704111236272 24.442808988575273 11.12566465444377 139.41079247128476 45.75930898804867 18.074139656585835
2007-04-16 18.342649507046595 319.2055376180976 387.16236137830975 10.982926526082599 104.16029180038204 60.61423488917139 20.33277054814173 9.2674520817057 115.96551369698184 37.961145853087785 15.045030292894317
2007-04-17 15.34605780035798 264.99895927582924 321.3197797387511 15.944221297133915 87.06454842196082 50.38313107876113 17.122266186466746 108.56927236774689 96.20301916870588 31.843960851966433 12.481102627142658
2007-04-18 15.373489674465723 220.7043754254545 266.5614255213705 19.207026858540353 72.2272699149126 41.796989977220285 17.858492866525978 92.05709606545892 79.80838981614284 26.41720967768721 12.656184986723009
2007-04-19 12.753586905323154 204.76220239762458 221.13482619267216 15.93382415110587 59.91851600405039 35.82375272969775 14.912858760431133 181.44808448114685 66.62867365052375 21.993832377264322 10.524242767934103
2007-04-20 10.580160109540923 200.1202560595886 183.44969200217488 13.218430838067844 49.707383092427015 29.718777292086884 12.403571145230435 197.75786418763354 306.7199800537587 18.935237995358484 8.895526567861241
2007-04-21 8.777122187700323 214.18450909789547 152.22270355262765 10.965786711465714 45.718823788112665 24.6541934861236 16.286059124166492 164.2549810547151 614.8941625225849 31.33775471924478 7.462621425594616
2007-04-22 7.281352576235697 203.85383739274022 127.97149458024606 9.097031439588669 37.92755990670699 20.951954579757903 14.14979089459039 136.26313987114216 510.10574018991224 25.997269605368146 6.214208019985491
