2007-01-11 24.27933354874524 24.27933354874524 24.27933354874524 24.27933354874524 24.27933354874524 24.27956346202576 24.27933354874524 24.27933354874524 24.27933354874524 24.27933354874524 24.476268834429813
2007-01-12 20.151367326589988 20.183488341336492 20.1417274858433 20.1417274858433 20.142193652702755 20.141918217990376 20.1417274858433 20.1417274858433 20.1417274858433 20.1417274858433 20.35801673642705
2007-01-13 16.717236843949976 16.743883891458356 16.709239796024267 16.709239796024267 16.709626520122143 16.709398024169445 16.709239796024267 16.709239796024267 16.709239796024267 16.709239796024267 16.888669679586204
2007-01-14 13.86834053158512 13.890446468975876 13.861706316642506 13.861706316642506 13.862027136376568 13.861837580020547 13.861706316642506 13.861706316642506 13.861706316642506 13.861706316642506 14.010558296240005
2007-01-15 11.504944534025963 11.52328324369991 11.499440902146592 11.499440902146592 11.499707048741355 11.499549796012444 11.499440902146592 11.499440902146592 11.499440902146592 11.499440902146592 11.622925972694754
2007-01-16 9.544311341068923 9.559524822703315 9.53974562166947 9.53974562166947 9.539966412357773 9.539835958168478 9.53974562166947 9.53974562166947 9.53974562166947 9.53974562166947 9.642186735919458
2007-01-17 7.917803321463456 7.930424167071195 7.914015678305002 7.914015678305002 7.914198842504733 7.914090619928104 7.914015678305002 7.914015678305002 7.914015678305002 7.914015678305002 7.998999084332911
2007-01-18 6.568479863723041 6.599733007866034 6.565337699380331 6.565337699380331 6.56548964928511 6.565399869676225 6.565337699380331 6.565337699380331 6.565337699380331 6.565337699380331 6.6358384875939365
2007-01-19 5.513919686651114 5.475031081827366 9.073844396329186 6.069046325190137 5.570631961180835 5.446548894334983 5.446497318914923 5.446497318914923 5.446497318914923 5.446497318914923 5.504983573715153
2007-01-20 4.96824746513766 4.541997426316389 47.25983360330046 5.0347823689935485 9.13257876302809 4.518369088007599 4.51832630191633 4.552510380725651 8.910503974943285 18.32625593855335 4.566845504144162
2007-01-21 6.7911750992770346 3.767968509004248 39.35464619378828 4.4031878978433 7.576236707746033 3.7483668414222207 3.7483313468086257 3.776689877174208 147.00290907320215 16.61959416005936 3.7885820517454714
2007-01-22 5.633847986558239 3.125847219010682 32.647949755791906 4.02660701909547 6.285121744344904 3.6658551810483995 3.1095565632488356 4.9522032559656335 135.4592385815237 13.787337274234394 4.032595987033033
2007-01-23 4.67374903382718 5.723419974822629 28.061738866414178 3.3404092637300296 5.214034666197794 3.0434775782563834 2.579639803070819 4.899769217769323 112.37468495628941 11.437745069519027 5.858624849684409
2007-01-24 3.877267208988346 37.08999826867346 35.44944818634418 2.7711512136194676 4.3254789802382065 2.541899031923477 2.140029808486555 4.064769709357329 93.64417546604645 9.488563275815558 6.425062921075969
2007-01-25 3.2165193714709983 30.769236164974973 29.408263719717503 2.298904354916186 3.5883482335591386 8.289236781380117 1.7753367715489456 3.378290769963179 77.68561967492023 7.87517427874176 5.3301273604286985
2007-01-26 2.6683741420915497 25.52563936785084 24.39659977515505 1.9071363314710794 2.976837041886052 6.876614226820915 2.4343832591286536 2.8025769428167964 64.44667315763269 12.177821655693629 4.4217873807555526
2007-01-27 2.213642122093771 21.175640589115442 20.239008546110696 1.582132181798856 2.4695376973196614 6.798904258634857 21.607144396915324 2.3249744830078107 53.48484854433456 10.123969791756313 5.848307246145492
2007-01-28 1.8364041126375683 17.566955528654063 18.348323510146656 1.312847470801263 2.048690729484566 17.47024778338187 21.32084059369029 7.535175200719763 45.25907647772572 9.033699029896688 12.369790475419574
2007-01-29 1.7466945868115589 15.428284988427976 26.225742954402232 1.0891201318776929 19.129735324154407 15.62261803604731 29.62983220637438 9.186285932628241 64.61859152297073 14.405335474822941 13.797832129315484
2007-01-30 1.4490322620431682 12.799046958005162 22.06623527642963 2.275651199327327 36.998789911102214 23.94281752342368 27.253509371536747 47.723448008093285 55.83213036545361 33.36751123239991 11.823964302674337
2007-01-31 1.2020966027121929 10.909656064741403 18.305777558931403 44.09391467043753 33.848352216715064 61.32665007508781 25.374892198179616 62.36487155785899 67.29892790851085 37.14490736219032 10.664885679302037
2007-02-01 3.150313057987132 10.319681678168452 15.186165739009716 60.867256343593844 34.723362502856574 63.81797917877178 39.037910342746486 70.80636427431708 70.60572542185193 31.22909938910233 9.276323314055281
2007-02-02 4.941558548890462 33.61211629688253 12.598188776774814 88.2698804840586 28.80591491666601 64.13210571075287 37.96662370650608 103.42896643989243 59.92764898686686 66.35828600752383 7.695484017675487
2007-02-03 12.763622117172467 86.6056534711984 11.88646272902564 113.33548438256753 23.89690099006727 77.36162527743407 34.82242965295317 96.72294167730348 50.807601483500214 58.564800457748404 6.384046569770886
2007-02-04 35.49585354087123 80.14914956298917 50.60731748291736 99.18558476343995 20.83574685399278 114.51312851386733 29.42725199650007 82.17855417860218 42.70312498102394 51.880356026589546 5.29610031404574
2007-02-05 34.235785387337515 66.9864860076598 64.88641094952735 85.48014626379761 17.398551960529115 118.89719828180776 24.423926295511983 167.90474538895856 38.70526677724111 44.473684552714666 8.863922242267453
2007-02-06 29.565578929806016 61.944588905226425 59.530666444983346 73.09123194721944 14.433546541304048 100.85456111532622 20.460903437210224 188.4824707428646 32.15668333771644 44.49364514023025 7.35336288696666
2007-02-07 27.02085601915943 51.416669495294805 49.585607853276166 60.635246565813986 11.97382842325667 98.05316051531297 17.85714309433847 160.81914843756596 26.677515952469943 45.91868175570858 6.118375501793592
2007-02-08 22.416046225402024 42.65439815277522 41.135380557885924 50.30197289773245 9.933288056887884 138.03224447018937 14.84719835014042 133.47801591616434 22.131217145722964 39.66238024562499 5.229290040899928
2007-02-09 18.595974290037574 36.995406625757674 34.12521566735701 41.72966476392247 8.240490424504198 133.91727506176562 12.581403472785542 110.88073898076604 18.359684930007273 33.94698718520298 4.894773596545034
2007-02-10 15.426907535605913 37.246864207788406 28.312978395523363 34.61822368693642 6.836174250408679 128.26649672276028 10.437321883513192 91.99194699408311 15.230885901415892 37.2183166697821 4.43203277906207
2007-02-11 12.797903607447946 34.03019932356918 76.84928517178037 28.718693074052606 8.18000369004629 106.45638590892669 8.659952861540724 76.31495809754261 15.418882977865913 39.778221206708515 3.755123335664433
2007-02-12 11.145249579532011 28.230878014943873 64.56621286121707 23.83574999006483 6.785995386436482 88.3144105565388 7.1841530559668465 66.03267269877408 16.083074443342724 36.37617869485964 4.9631652625815015
2007-02-13 9.263768985374828 23.41989974439679 53.56459359098038 27.737501558467233 5.629549759629899 73.37946817989835 6.3470975697192005 54.77958556997712 17.408501543675044 31.949597387103356 4.145736605165179
2007-02-14 7.873704573793068 19.43492744214896 44.43627915630846 99.38808859843134 4.704790124999855 61.15612344914005 6.736191947737934 45.444215837080584 47.524146327351154 26.509131478828447 5.66884376724167
2007-02-15 6.5318947074975595 18.479131388511888 36.86358471224492 170.89505941688552 5.924179395844408 52.501422224474936 41.18739023182858 37.699751839278 86.18494269714388 21.991527910132238 6.873412511727795
2007-02-16 7.9204054886575035 15.420888352074817 30.581406154513814 147.0379740609036 8.04044943460375 44.42925311008189 298.33177711122624 31.27507618128091 98.73744153181018 18.243800780564175 10.115822111880282
2007-02-17 8.001867401421174 12.79290991360514 25.36981762718108 160.91388686433726 6.734102685127816 55.442656617754814 259.1707734894119 25.945274483207452 106.3131723285753 15.134750051209506 95.21268707750575
2007-02-18 6.638216273540721 10.923931884745665 21.18505758328285 136.84665229151452 7.8245880179696625 53.91585191549704 269.0153003661534 21.523761600920317 128.83404487475298 14.81135983400848 79.0196841817884
2007-02-19 5.506954447245515 11.475555477420473 17.60461809461238 113.59331147857243 7.644037486462647 44.72767686144262 243.4862089706993 17.85574967233908 133.0269646446098 14.810125576639997 65.5533891349009
2007-02-20 4.5684788335989905 12.709305402002078 15.401542975525883 94.23508225666426 6.3413665746864485 37.54243728375947 202.91904957013372 14.812829319758706 110.95932168653397 12.286231370994173 55.13899329019618
2007-02-21 3.8105034718055673 10.543426642748742 12.77686114323679 78.175824502782 5.260692899712531 32.158909724714384 175.1389161407911 12.352561658744705 92.80414601816496 10.192451622413953 50.893542362518566
2007-02-22 3.2755833798384058 13.678899699391172 10.5994696944184 64.85333736932128 4.364184357178339 26.678487541029977 153.84837020231305 12.710531392667423 86.75435779181267 8.49865938235926 42.233703901892675
2007-02-23 4.674008261591126 13.505508769525678 8.793142740643896 53.8012285952075 3.649045126796181 22.132022468699148 129.5726930321143 10.544443619844174 113.7489270179022 60.173185517064475 35.09646081708234
2007-02-24 4.0219788167841894 14.131605535638142 15.567872787518876 44.632587093205935 3.0948349886330573 18.360352331459783 108.286317480801 8.747494003996332 164.92477965549753 91.88189231964803 29.163391952518985
2007-02-25 3.3365680992004427 14.869953667506994 12.916025962971036 37.51205980776019 2.570356354475956 15.266005070967024 89.83249009095482 7.256775125315823 313.95541245007945 82.38655244874118 30.137660612042676
