2007-04-12 1.0935579651733573 1.2416517484996326 5.507931966926731 0.9111039872767464 1.5394840409026127 0.9430870173863144 1.057661526550459 1.0431078808303702 0.8524588469608462 1.5129544087586744 1.2198720388894253
2007-04-13 1.1015109663389961 2.9255458542876864 4.88695215533026 2.885755949916531 2.768803626969196 1.6329047600689655 0.9487038609656502 0.9862682729235731 2.4519095006483345 1.2551226676693736 1.5756504365038762
2007-04-14 0.9277091361329046 27.60552780840579 28.423207945817285 2.3939754573907193 9.512468169162132 1.3546314192193003 0.8195449729199855 0.8181927877003845 3.634619083648667 1.316406663559379 1.3071342061910287
2007-04-15 1.155224113845142 50.389262711607515 23.579411263912462 1.9860027056977039 7.891383185598512 2.025002929829559 2.7835514322335833 0.7697401365417689 8.39692884285625 1.799452786929567 1.0843776890741386
2007-04-16 5.914488190899062 49.717801291246325 51.46632383447914 3.8352229159413906 6.613442464167816 18.15306974641277 2.3091882891883126 17.556532836568405 26.084842864542615 18.15655993583731 3.2856054485988517
2007-04-17 13.249739152610646 52.393783438803524 172.60321720101575 18.789619448391502 20.928033779922735 34.15271722779174 2.952238117050855 138.36360765156329 32.94965689033026 51.920848534072185 16.636282534147693
2007-04-18 25.744996067064417 49.84226407822563 143.20327737737514 47.81697438962871 67.86054868366135 52.867246174625116 2.4491278562340835 120.05295505800052 89.05865895170726 184.3927373041896 203.37391931460328
2007-04-19 30.34491885722541 78.1800287079134 161.42648674665122 51.64828027938392 62.63894707562625 52.933708408895725 2.6950866794803017 104.59420044117053 78.51038805680139 176.32983243827044 190.35516695505302
2007-04-20 27.29079965521326 390.0778816034163 134.0371492210657 44.35248057309794 55.60443628188268 51.87772389680308 6.385843738942505 86.76957100213173 82.00321691498499 190.76502145099866 272.98175841796245
2007-04-21 29.577209812571727 323.60197727129486 123.64444453942617 51.58437732916154 46.17480201249311 100.44045705613146 11.984072407777187 72.14263056248957 76.54614941462471 192.54296890915998 230.13049002052745
2007-04-22 26.898397608620748 269.45914363622694 265.17627602071605 42.793523322250955 38.72284508396891 83.42351364958496 12.597729743551279 63.39742452935946 67.60255315940037 160.43896643738756 194.83539859808556
2007-04-23 35.24701154034367 223.6713251836174 220.3668401994475 35.51242149865796 35.77771825768231 69.2067292652296 114.14120240720713 55.086547416322766 56.68579245590941 133.0980382070404 164.73093065543316
2007-04-24 29.294206196571885 185.5539283134372 192.3206863102219 33.652500482760075 29.68058776709886 57.41272672678519 99.6763211770247 68.11682227214293 57.37669854516203 110.55450793419834 205.67740239834595
2007-04-25 24.330733994766867 153.9323841668697 368.3861026637037 27.91795608329294 24.622511997285518 47.629870103115394 85.57689732116202 56.585217443101726 47.792352691042396 96.54222919368868 170.62761723631854
2007-04-26 21.528097327348284 127.69968895633751 375.36197766088986 23.16026271515559 21.23209416279918 39.51293131895266 72.1740376867377 46.94213515656209 40.78713840810717 80.0897925021809 141.54977035245702
2007-04-27 25.14834725545862 105.9374911679663 319.6517867181194 19.21336120098034 19.30886658250397 33.71689578156525 61.016812835186606 41.45200004133303 86.34070445613867 66.44113083517458 130.54386803390946
2007-04-28 23.373563207536158 87.88394200548265 266.9888280566731 18.8355374356852 29.737207044515642 28.111825982566092 55.80592053199847 38.3068075931793 89.63112873428665 55.11843324114825 108.5581180405961
2007-04-29 19.427299543316547 72.90702466528273 222.09824164050488 22.218635634908402 39.713559893812494 23.690996138843264 47.45217924712321 38.86052306961117 74.86186867897109 45.72531588149031 90.05796947048023
2007-04-30 16.116558397122407 60.608591845111256 184.24892717201658 18.432203342697864 32.945694948165276 21.16462378862534 39.365521942558814 32.238030107553044 63.687916291163 37.93294546551881 76.50339844006284
2007-05-01 13.37002383690228 52.76699959644509 152.85060521373447 15.291043498461972 27.331189283875513 17.620413057599933 32.656968567787665 26.744122568311834 54.42362279440603 31.468527488191214 66.8163692670463
2007-05-02 11.091545464401499 45.23681252092939 126.80226344067795 12.685190702264958 22.673490862882495 14.617596069803136 27.091666774120952 23.008152163869514 45.43891133757276 26.105756267904432 55.478511754264495
2007-05-03 9.2013585445842 37.77891181165152 105.19300212981307 10.523419528646631 18.80954345743306 12.191614467526987 22.47478704753332 19.087172780696804 37.69534908109516 21.65689246028279 46.02403082978826
2007-05-04 7.633291609927868 31.3407437433823 87.28072133445816 8.730050916235836 15.604078394296941 10.443259678945278 18.644702136914137 15.834394958861038 31.27142152337655 23.391549136394833 38.27338454363892
2007-05-05 6.332449936440105 25.999749001812848 72.40660296489327 7.242302802891786 12.944879082855728 8.663551653588684 15.467328823751254 13.135945787514359 25.94224046715236 19.405232358505792 31.75094989695455
2007-05-06 5.253293794762382 21.576741670721994 60.06728733513199 6.008092257678629 10.738852548148083 7.187136131125026 12.831433950497868 10.897358236604322 21.521242488945234 16.098251745705664 26.774612063609553
2007-05-07 4.358044199971497 18.68172710683115 49.83080094571195 4.984212166933639 8.908770441500756 16.078176368036594 10.644740381542285 9.04026406472451 17.853657745770715 13.35483686128034 22.211763793786524
2007-05-08 3.6153603487303947 15.498044066110888 41.338785928630976 4.134818644040952 14.868279455388995 13.898900066322785 8.830696574659687 7.499650311715492 14.811091808265093 11.078946519992629 18.42650246152484
2007-05-09 2.9992424436431224 12.856914750789727 34.293954691666194 9.496844840583837 56.89449935854192 11.53029208735945 7.913334690100085 6.221583331589151 12.287030841602316 9.269811001099033 15.286314027392445
2007-05-10 2.519079966515515 10.665878778311454 28.44968250467693 66.26980413307777 48.492203325068985 9.565335180386542 11.212063253068704 5.2970146362094415 10.193112780032102 7.690078518268614 12.681267098118383
2007-05-11 2.0897868572073777 8.848232587902924 23.60989101867317 54.97712677902636 40.22830806868932 7.935240337490364 9.389422486352164 31.43327875125583 8.4560339566979 6.379559305610879 10.52016445959353
2007-05-12 1.7336525819409718 7.340344210144759 19.586364972922368 266.1059449028244 33.37272110583395 6.582941367690297 7.789306145153379 31.36795469196003 7.014982896346964 5.29237484320383 8.72735045410406
2007-05-13 1.438209631270038 6.089425645478573 16.248516185724554 220.75696680533926 27.685442750477254 5.4610971295477135 6.530969903488575 26.02232263128761 5.819511433409616 4.390465091235311 7.240062434785554
2007-05-14 1.1931151714071009 5.051684867304706 13.479493590169081 183.13622587377904 22.967373345087406 4.5304342173170635 5.706343336540346 21.58767718112957 4.827768627766522 3.6422560880128967 6.006233577285514
2007-05-15 0.9897889633540304 4.19079275518347 11.182359528587682 151.92669905072114 19.124015699809824 3.7583720815649624 4.733886286603811 17.908770728859164 4.005035651307397 3.021554611934873 4.982670129689122
2007-05-16 0.8957023568520649 3.476611288693843 9.276696168925461 126.03580640810844 15.864959054137927 3.1178824526202242 3.927152445237639 14.85681249554381 3.322510354739289 2.506631211861328 4.133539290059612
2007-05-17 2.5005523922578035 2.88413847868995 7.695790245481491 104.5571622205996 13.161301079601177 2.5865431376673254 3.2578997591989505 12.324959841496662 2.7562989648832064 2.0794595047061444 3.4291147753644586
2007-05-18 3.474835120192216 2.3926331002164187 24.141112624164478 86.73884430657067 10.918392396398259 2.145753066908481 2.7026991014656243 10.224577930047637 2.2865796139009857 1.7250851096576025 2.8447361667923494
2007-05-19 2.9109546537996405 1.9848885858217968 20.02705729323138 71.9570708130964 9.057713488872968 1.7800811092104798 2.242114066748406 8.482136808224773 1.8969084173688697 1.431102126741184 2.3599456003279506
2007-05-20 2.414879318943863 1.6466306598012486 16.61410695202607 59.694362924485034 7.5141259023216245 1.47672586064086 1.860020543798067 7.036637277663031 1.5736438084498183 1.187218832339501 1.9577715799362025
2007-05-21 2.0033436467954773 1.366017625809527 13.782781385828518 49.521429016694974 6.233591882617078 1.225067494225625 1.5430422441643759 5.837475440891895 1.65872094227839 0.9848973875824311 1.62413484116116
2007-05-22 1.66194064111265 1.133225813963981 134.81843313923446 41.0821360599593 5.171282628025947 1.0162959821305375 1.280082426455261 4.842671165256106 1.3760475069073619 0.8170549465555392 1.3473554656728712
2007-05-23 1.3787185028500633 0.9401056748120726 125.01589191544122 34.081042150014845 4.290008927091716 0.8431026751060477 1.061935422746808 4.017398446715208 1.1415464212826096 0.6778157007534359 1.1177439918786318
2007-05-24 1.1437622227978146 0.7798964807360961 103.7110584220993 28.273053708060626 3.558919242514783 0.7081172566503542 0.8809643675002856 3.3393182974043016 0.9470082978342038 0.5623051793755977 0.9272622072406109
2007-05-25 0.9488464779510715 0.6469896470909914 86.069845153432 23.459804639347034 2.9524196636828086 0.5874428236353157 0.7308338469530079 2.7702424546679394 0.7856227682600295 1.260635315128709 0.7692417473519193
2007-05-26 0.7871476802419894 0.5367323874457918 71.40208041405097 19.461855696778112 2.449277917659703 0.4873333554999207 0.6062881096001862 2.2981468035939137 0.6517400668475782 2.500938706561323 0.6381506505162763
2007-05-27 0.6530050970652863 0.44526482931142397 59.2339522498472 16.145225241694256 2.0318800719413805 0.40428423260494073 0.5029670733829432 1.9065042702026325 0.540673244052779 63.104596563993084 0.5293996953978215
