2007-04-19 11.12136140161125 9.646122152771397 12.381947510376554 15.793848087100464 9.411437555203522 12.912627935878744 9.296028147406687 9.296028147406687 34.41945669209166 9.296028147406687 12.484602859490401
2007-04-20 12.346536833932669 8.593717860929305 11.031061165075572 15.977030032005475 8.3846376537888 11.503843675897643 8.281819560321269 8.281819560321269 30.664249846071513 8.281819560321269 11.168181492313341
2007-04-21 10.999513838823232 7.656132226361791 9.827558251693642 14.233915575203515 7.469862937831799 10.248759584544192 7.378262430159939 23.899945488081286 27.318740880600345 7.378262430159939 9.949718575460748
2007-04-22 11.2274879271021 6.8208383863787905 20.03524241384453 12.68097714006675 6.654891315998507 9.130606776399068 6.573284541132645 22.49746973770202 24.338231231735058 6.573284541132645 8.864191524735235
2007-04-23 10.002554602191521 6.076676175067411 61.402209073843686 11.297466278852541 24.00622843350029 15.662796965509981 5.856130771666907 35.00133998329522 21.68289900615606 5.856130771666907 7.897096866737206
2007-04-24 9.891605511803629 10.017288353680435 55.83467982105001 11.054369290684647 61.863621911181795 13.953965739065357 5.217219397740366 33.19115430308924 19.31726693015099 6.037706546882572 7.035513475606389
2007-04-25 8.812418670815886 8.924389353536167 49.74304468034984 10.243356550668546 55.11422146019058 12.747458441757141 4.648014073703923 29.569956822220526 17.209728346046404 5.378985023125337 6.267929936876934
2007-04-26 7.905605119263786 7.950727035250778 44.31601474212141 9.125793220445171 49.10118925018667 11.356694385308797 4.140909780161198 26.34383662838156 15.332124923036318 8.715003561606819 5.5840907461572336
2007-04-27 7.085166712732627 7.08329252398877 39.48108072684446 8.130157482108514 46.78744841610971 11.605496634267745 3.6891312150805176 23.521807467760564 13.659370440300716 11.300299118444089 4.974859287730923
2007-04-28 12.79829682660275 6.3104962298347544 35.25910715524144 24.486924705840046 44.104285818445135 11.157938592761068 3.286642270566855 21.686602383696513 12.169115615868058 44.75366657553279 4.43209576236815
2007-04-29 11.401986237200067 21.503004416010203 31.412293367377565 21.815369831632008 39.292451700148014 18.007555784512462 2.9280653858339716 19.32056626445456 10.841449503078545 39.87098418422242 3.9485484333691208
2007-04-30 14.95963116340761 68.83073446649516 27.985171894845056 19.43528501875849 35.00559485225317 16.85777784105381 2.608609698870686 17.21266771874815 9.658633465075996 35.771005708262564 3.5177567378036976
2007-05-01 13.327516227332215 61.32121310485871 67.61493028618507 17.31487050990418 31.819787200023793 15.018572669289558 2.3256872499755064 15.334743606408425 8.60486417302369 31.868343132081982 10.265176106669992
2007-05-02 12.594711313475207 54.6309901499293 61.142560027897176 15.473650629701712 28.348207627999667 13.380027139367698 2.0719517897986073 13.66170342196013 7.666062461518634 28.391466045628416 9.145232234917234
2007-05-03 11.220612164522784 48.670679095309616 54.47182835267245 108.46004823545314 25.859674525734082 11.920249027145728 1.8458991935802558 15.60158736708068 6.82968522015082 25.293920706175417 8.14747567518357
2007-05-04 9.99642899412334 43.36064561703123 48.52888205415656 110.99226378339033 35.01048070922484 10.619734578197846 46.203007256523314 13.899434186286788 6.0845578079344795 26.941315934926564 7.258575635100729
2007-05-05 8.905805776845492 39.042580301955844 43.23431881483188 98.88286552811692 31.190792385325572 9.461107922707189 41.16219993906551 12.382988099438997 5.4207247515397095 24.001983831440064 6.466655728836027
2007-05-06 7.934170950598566 34.78298474390381 38.51739921180456 88.09461814504299 27.78783695386809 8.42888892052733 36.67135116154989 11.031988224537365 4.829316732538423 21.38333662825519 5.7611352994749865
2007-05-07 7.068542729394664 30.988116521438968 34.315101583896485 78.48338238048156 24.756148322093917 7.509286334645191 32.67045974229913 9.828384167779742 6.272626120164718 19.050387191675995 5.13258805333541
2007-05-08 6.297355656738003 27.607273286533527 30.571280013948986 69.9207447580892 22.055220806245664 6.69001356968425 29.106070705469932 8.756094856465861 5.588274569828441 16.971965529141364 4.572616117459019
2007-05-09 5.610306082261782 24.595284382322834 27.235914176336603 62.29230187639959 19.64896794458648 5.960124513573253 25.930561081605326 7.800793683540733 4.978859255872517 15.120302334234148 4.073737837592176
2007-05-10 4.9982144970620475 21.91190732850859 24.264441027078654 55.49613189169553 17.50524035461279 5.3098672890993015 23.101503628262034 6.949717093143772 5.956969750462006 13.47065796746366 3.629287817550744
2007-05-11 4.452902888423115 19.521290150978288 21.617159407416306 49.44143276405882 15.595396192663149 4.730553961353962 20.581099969533117 6.191494049719868 5.307056714687453 12.000991915720398 3.2333278644183836
2007-05-12 3.967085475299641 17.39149237195226 19.25869960590264 44.04730907252185 13.893918476934402 4.214444460264022 18.33567558077531 5.515994112269042 4.728050024213205 10.69166831412795 2.8805676497378525
2007-05-13 3.53427136469768 15.494058260719829 17.157550791948587 39.24169119024112 12.378074161047303 3.754643167322943 16.33522987114991 4.91419208389022 4.212213705875017 9.525193595838342 2.5662940266680545
2007-05-14 3.1486778283693404 13.803636643267103 15.285640006974829 34.96037237904493 11.027610403123168 3.3450067848424627 14.553035352735305 4.378047428233269 3.75265579109729 8.48598276457102 2.2863080587298485
2007-05-15 2.80515304113122 12.297642191161744 13.617957088168628 31.146150938200122 9.824483972293567 2.9800622567869555 12.965280540802988 3.900396841770696 3.3432362339105643 7.5601511671174 2.0368689187964177
2007-05-16 2.4991072485313444 10.955953664254615 12.132220513539643 27.748065945848076 8.752620177306712 2.6549336445499714 11.550751814131335 3.4748585465722073 2.978484875231323 6.735328983732148 1.814643908775693
2007-05-17 2.226451444211869 9.760645075489453 10.808579703708462 24.72071638202972 7.7976980963318825 2.365276980677292 10.290549984766868 3.0957470248602452 2.6535283573440376 6.000495957860508 1.6166639322095036
2007-05-18 1.9835427376501233 8.695746185976432 9.629349802951618 22.02365453626122 6.9469592384675005 2.107222230132314 9.167837790387953 2.7579970561348244 2.364025012106906 5.345834157064276 1.4402838248692293
2007-05-19 1.7671356823491344 7.747029130360207 8.578775395974587 19.620845595120855 6.189037080523944 1.8773215836617658 8.167614935575246 2.457096041945405 2.1061068529378026 4.762596797919466 1.2842016051458158
2007-05-20 1.5743389141849564 6.901818321633836 7.6428200034876985 17.480186189522747 5.513805201561868 1.6725033924215178 7.568258988436931 2.1890237141169213 1.8763278955489313 4.242991382285794 1.1440935638582321
2007-05-21 1.4025765205658882 6.148821095581148 6.8089785440845905 15.573075469100335 4.912241986147061 1.4900311283937562 73.45510489946476 1.9501984208856267 1.6716181169555604 3.780075583558977 1.0192714894739685
2007-05-22 1.2495536242659424 5.477976832127577 6.066110256770092 13.874032972924306 4.376310088653626 1.3274668222752561 65.44105879579736 1.7374292732863745 1.4892424376159321 3.367664491866343 0.9080676634094084
2007-05-23 1.1132257221061972 4.880322537744989 7.224438998188646 12.36035819101512 3.8988490481662037 1.182638490338909 58.30135539492249 1.5478735124303862 1.326764178672282 3.000247978930516 0.808996317316189
2007-05-24 0.9917713688253169 4.34787309298847 85.1863164321862 11.011827268130865 3.473479619234005 1.0536111150664125 51.94060278718086 1.593997844701499 1.1820125060537086 2.6729170785323944 0.7207337820773002
2007-05-25 0.8835678411748156 3.8735145651803515 77.3260624901487 9.810422797560673 3.09451854026222 0.9386607918311314 46.27381644253601 1.4200906365630805 1.0530534264691498 2.3812983989599816 0.6421008025731564
2007-05-26 0.7871694570927197 3.450909160817159 68.8896899513133 8.740093094761614 2.756902600781175 0.8362516962110004 41.22528375211673 1.2651569277571963 0.938163947774707 2.1214956911431386 0.5720467819293578
2007-05-27 0.7012882602831789 3.074410547790809 61.37373647071048 7.7865377345504 2.456120993073765 0.7450155641971128 36.727552449732606 1.127126685185304 0.8358090584780148 1.8900377917797238 0.5096357447372192
2007-05-28 0.6247768121331996 2.7389884160640166 54.97012840522531 6.93701648646238 2.188155044327041 0.6637334111378562 32.72052939789891 1.004155719013404 0.7446212188081942 1.6838322459334003 0.45403383170493256
2007-05-29 0.5566128610533205 2.440161268872716 48.97281693222513 6.18017909550778 1.9494245240833235 0.5913192451696764 29.15067769746147 0.8946010428823779 0.6633820893363628 1.50012398946548 0.40449815865831645
2007-05-30 0.4958856844128743 2.1739365464944505 43.62981982864091 5.5059136340656485 1.7367398096172182 0.5268055575334222 25.970301393590645 0.7969989223509654 0.59100625302707 1.3364585392664123 0.36036689103886593
2007-05-31 0.4417839205876175 1.9367572825903854 38.86975055803019 4.905211398780546 1.5472592701313193 0.4693303959157755 23.136908221268214 0.71004531828175 0.5265267132347846 1.1940076961424257 0.321050401286788
2007-06-01 0.3935847285465636 1.7254545804087826 34.62901094658388 4.37004654738101 1.3784513003907912 0.41812584810570413 20.61264187605857 0.632578463878802 0.4690819738875574 1.0637399259430285 0.2860233909648828
2007-06-02 0.35064413014178764 1.5372052738956021 30.850941462779396 3.893268867275398 1.22806049653708 0.37250778209875474 18.363776224866502 0.5635633425928502 0.4179045292392057 0.9476845364573843 6.078854010719058
2007-06-03 0.31238840606679236 1.3694942080322006 27.48506420261285 3.468508243231382 1.0940775221637127 0.33186670556912085 16.36026469894965 0.5020778595068948 0.37231060940428967 0.8442909387313446 5.415643245911909
