2007-02-22 444.2521673656117 404.6824381628411 621.5402900463644 472.2709236240699 406.04233226061024 430.0292189923296 512.4264317869039 411.4039105047314 562.5256836126814 435.6118085218288 429.0339236288599
2007-02-23 518.3880376674248 391.2167170158431 596.3088857546345 507.0234509402322 392.18119160311466 445.5432169333029 489.83843645558903 563.0958099746457 558.0250381382721 415.44064574952375 412.4453386319967
2007-02-24 471.99556715501603 351.7445306148623 531.2508219344984 451.9720605256026 416.3995083906993 396.9338808420033 436.39643513415285 501.67095447789023 497.27418485100065 384.6364207987582 387.6024680234964
2007-02-25 421.50211466174255 313.37070435316735 476.26162922426573 402.6613293575078 472.1506025842811 353.6278856286116 388.78502466203116 449.133189465595 443.02093384803925 342.6720942397025 345.79455633920753
2007-02-26 376.1084725879495 279.2340235104229 424.3887863226596 358.73046216928924 421.3585535336994 315.06009209553815 346.3680801035643 400.13218276918127 394.68678207455486 305.28612950061705 308.06792698250786
2007-02-27 335.07455611032583 260.7781915358917 378.0874257279924 319.59250890451193 375.3877952206409 320.3767159177138 337.5064464982319 356.4772487157602 351.6259482171569 274.355080677859 283.8427209477959
2007-02-28 299.0093711632351 239.45302409959123 344.98106521970345 284.7245565102852 334.57040585065505 306.7204499699957 328.1473199606608 345.0696140060589 313.263106531547 244.4225896911945 254.27395246893215
2007-03-01 266.5022916408438 213.33366140611668 324.3035636397218 265.9105128439868 318.9707962117968 278.9963267803597 294.99176259106224 307.51988384744004 282.00778062945005 221.17592495493327 226.84788050215988
2007-03-02 248.98593620448088 190.0586854828951 288.92162913497265 236.89933503274858 330.4366981142277 259.6925254579291 262.80778315433724 310.548513996906 251.24037026837962 197.83122020648503 202.09848595222763
2007-03-03 223.68990375029585 171.00742984219295 257.3999090393662 211.05331390897504 294.3856307764922 232.14416787169333 299.52735641924147 278.7661204304303 223.98589177132308 176.24758049009728 180.04928207294356
2007-03-04 199.28504851207498 159.07920586912968 229.31724901261182 188.5283898438602 284.7665421296315 206.8169415806478 299.0306245017994 248.35563717823965 201.08627886784566 159.95592114583403 160.40567460087428
2007-03-05 177.54279426394336 141.9238676254451 204.29844319280528 167.95970084495772 431.2441155556008 186.05834346179262 397.2976823139497 221.66847263480676 179.14750807897497 267.90545945549246 142.9052098843558
2007-03-06 174.76469684546345 126.43979174102874 182.00922115853766 149.63508218200818 422.0780288260052 167.45343912131634 368.99938900173413 198.88049630758476 159.60228530559536 365.0956856731996 127.31406830154921
2007-03-07 204.19390447022818 122.47710298185065 162.1517818198632 134.91897691412106 380.4195806365478 149.18405426137252 332.9286514616075 177.1823792235422 142.1894713910241 1003.7625869817175 114.33241580496329
2007-03-08 185.4996664725858 109.11469404807355 145.32285553988078 120.76230335500045 340.70737124948045 132.9078827084361 302.76970249484214 157.91853246682112 131.27335577287232 1557.6672585614444 101.85860268253053
2007-03-09 185.65977419130556 97.21014105770448 129.46794571697393 306.1777738817479 303.53576030712736 118.40746233569271 270.5865808449705 141.0072013430473 116.95126438403312 1387.7237639415678 128.95137430217054
2007-03-10 187.32755446764133 86.60439005855093 174.59048233363018 272.7733862743123 273.9490959336982 105.48905641311961 253.376402561041 134.72992722378177 104.19173152462749 1240.7315030862799 114.88261406823929
2007-03-11 169.31140666227012 77.1557400884894 178.01203149460224 243.01346017458488 332.39096696867267 93.98006513628263 225.73271224864246 121.4135130890496 92.82428005611342 1105.3661056559035 106.2026352413557
2007-03-12 175.80882684597543 76.97952971855422 158.5906906720992 216.5003801603864 300.48984848100537 83.7267195606602 201.104983984658 108.37118078086404 82.6970321142917 984.7692466046238 95.93709429654545
2007-03-13 156.62785847483676 255.1896817812853 141.29651352913575 192.8799111617848 267.70602082591284 74.59202713068825 182.82530256067568 96.54774604102715 74.82912196407823 877.3296594640873 88.8604834373042
2007-03-14 139.57431757409722 227.34816038158857 125.88088278080654 171.83646560905703 238.49895079225712 66.45394135421998 174.26786842736485 86.0142631872905 66.66516883736479 781.6118690030562 79.19675992987645
2007-03-15 133.8138166179684 202.5441846555219 122.62902878877343 153.08888694087577 212.47840953863812 59.20373116784823 155.25502059498902 93.7193683337868 59.391913461817964 696.3370121780979 129.1613967801601
2007-03-16 120.52209131409161 180.446354476385 109.25004455471337 136.38669313715795 189.2967426904711 52.74452820656162 138.31649883292806 99.3913308765341 52.91217957103595 642.1730717557652 115.09485350010355
2007-03-17 107.37297665931749 160.75942589610904 97.45553811421651 121.50673008729416 191.32430695897426 46.99003256814308 123.2259915079157 88.68169454097243 47.13939295384774 712.4629163359635 102.53785744779276
2007-03-18 95.92755550415947 143.22036645982075 125.39751754536528 108.25019008019491 171.8091598990894 41.86335978033182 109.78187787597477 79.00640798906579 41.99642475649704 646.6493353664814 91.35084576109574
2007-03-19 91.6244229422045 127.59484089064429 156.60049077344848 96.43995558089405 153.1365189170053 37.296013565345795 97.80453427474555 70.38670760233174 40.04398545350706 576.099063964301 81.38435138959639
2007-03-20 85.31842308690784 113.67408019079589 417.7453932017627 85.9182328045301 140.57518516557764 33.22697067711161 87.77535306599162 62.70742757703655 44.372918991679036 513.2459176076454 72.50521432967471
2007-03-21 93.1065338878406 101.2720923277625 372.16883531248266 76.54444347043943 126.13702128912335 30.642696480178408 146.36922374585905 55.86596684626035 39.531776649832295 457.2549468871524 64.59480250479808
2007-03-22 82.94849169116755 90.47815737228643 331.56473831167415 68.19334656858047 117.14878529869422 38.52512807266711 264.14924227591496 49.77091825100436 35.218809143146096 407.36784604509336 57.547426750053305
2007-03-23 73.89870491933608 86.9913925916931 295.3906003424079 63.17589400293707 175.19981890544864 34.321987216131824 242.90095977623525 44.34084727048769 31.376391920058424 364.6087978336178 51.299272119310885
2007-03-24 65.83626148486799 77.9195673601924 263.1631071957567 64.40656165139711 201.98320683121693 30.57741441488125 216.42231301863805 39.503203994534346 27.953187341449247 324.82951061266056 45.70245577262682
2007-03-25 58.653440964021364 69.41844267924552 235.5319704195422 90.53985647104834 179.96191457957897 27.24137930626393 193.0867472421187 35.73486413345271 24.90345877043418 289.50461136061466 40.71625926369907
2007-03-26 52.25427536936698 61.844801598238725 215.9814946086228 89.35731407604679 161.18209476568904 24.26930990432558 174.93999816271293 36.184080209943346 22.186459495840886 261.3059230141483 36.27406318549949
2007-03-27 46.55326694392162 76.79435789363647 194.10917718763025 105.25520007248016 143.97180424170713 21.621497083914573 155.8538201146345 32.23635067612602 19.765888324917476 235.2863532861471 32.316516393703445
2007-03-28 53.875901839752345 77.52572464257044 172.93161713573602 120.20410911409283 131.00086059769575 19.26256403633484 138.84996855740314 28.719323494883405 17.60940457157434 209.67399534885234 28.79074302991193
2007-03-29 74.00694150752533 102.16961501705809 154.0645560321634 538.2697447087737 183.89590754312434 17.160993608067166 123.70125900161713 25.586008487449607 15.68819596003047 186.7982936836563 25.6496360596567
2007-03-30 69.37505619174526 95.5776268533975 137.2559154799151 558.3706156177728 164.0865931132753 15.288707207441842 110.20529307688706 24.890313581659107 13.976593670725846 166.41836039357227 22.85122788631463
2007-03-31 84.36552640945165 85.50111456966512 129.05764969543756 627.4029641120829 161.62978606461505 13.620689653133146 98.18175433447932 27.611110550139323 12.45172938521828 148.2619039496508 20.358129631850716
2007-04-01 75.16113933341565 76.17283336968516 114.97729467987051 826.4757997515068 149.14139487550625 12.13465495216394 90.73634108131981 38.859302602247546 11.0932297479216 132.08634017779025 18.1370315927509
2007-04-02 66.96098347487512 67.86227960617042 102.43312444554093 890.1354066470603 132.8698775162509 10.810748541958404 84.99794106634883 49.519683760487396 9.882944162459863 117.67555114824232 16.15825819685284
2007-04-03 59.79668040303865 60.458417911218746 91.25753926364249 815.2302353922558 119.03222328113672 9.631282018168509 84.92919310342927 513.6975597329891 8.804702285788263 106.04240730718372 20.10044405365156
2007-04-04 53.27278592011489 53.86232701789792 81.30122475062097 726.2875717002079 134.0106975164695 8.580496804034642 99.74899173230149 544.520300051644 9.235187183137507 94.47304473848594 19.15197694210933
2007-04-05 47.60945351104544 47.98587809630122 72.43115691356807 647.0486666289753 141.0712273311268 12.106386536886221 112.87205138958677 487.10547848428286 8.227616423243507 84.16591445633226 25.235036372233623
2007-04-06 42.58372799342653 42.75055728483356 64.91931077571192 576.4548276741699 125.68017559578547 122.18910546977314 100.77693890315618 447.33733974739545 7.329972924818251 74.98330530025608 22.712753985497006
2007-04-07 38.02305305663289 38.086416684843556 58.22773319897399 513.5628670407284 111.96830733393823 480.2485477934076 93.98240125294006 398.53226255726423 7.041733441441204 76.19298179622145 20.276272160798236
2007-04-08 34.11848426274868 33.931139803086154 52.26251683382019 457.5324999310626 107.21035829783342 442.54711487818423 83.72880080399553 355.13212168296684 6.677777641475341 67.8802298135441 18.064104876719988
