2007-01-11 0.42701592406016353 0.7768712608983823 0.8614046729271789 0.5917535257258986 0.14064830045579071 1.2205164164482012 0.614311447552069 0.6827054599471667 0.3229812144875055 0.019604696136962696 2.368129893765114
2007-01-12 1.4427350155686212 1.7270725653568564 0.01680711614688854 0.5574987036334529 1.2377602672282197 0.12876818063000345 0.06473333711512505 0.0582821525135607 0.529558299091652 0.6343774212804898 1.795669052498293
2007-01-13 0.06198043350740663 0.03044646682455853 0.01621177947716474 0.4648479435302559 0.06401519317203105 0.05359995082184327 0.13512676302861815 0.0 0.09202430762480956 0.09266481216050496 0.14079304765447603
2007-01-14 0.0 0.0 0.0 0.0 0.007273766696577736 0.0 0.06416948580113152 0.011273361794882208 0.086382064000026 0.0 0.0
2007-01-15 0.003703142609344567 0.0 0.0 0.04827510808791646 0.0 0.0 0.00859901287708498 0.0 0.0 0.004815186610005604 0.00859901287708498
2007-01-16 0.0 0.0 0.0 0.004573633408563836 0.0 0.004122826170581401 0.0 0.0 0.0 0.0 0.007273766696577736
2007-01-17 0.0 0.03618160085119218 0.0 0.017269265153653693 0.0 0.0 0.019974376759283468 0.0 0.005184867232326376 0.0 0.0
2007-01-18 0.6151545802618544 1.5681879269880477 0.03562677867162889 0.06795331296079801 0.985711912167613 0.07662356427408992 0.0720499308655261 0.27975346902406206 0.08444494423796607 0.003855065666563107 0.3408287959196011
2007-01-19 1.866557793678965 0.30447577760164385 6.356398414449751 3.3132783105615538 2.13009164757653 0.6638333457154355 0.09714555279714947 0.012793078447150111 0.6534468170622862 0.8914727499371389 0.20590616967915104
2007-01-20 2.8766494585504985 0.8000407328918122 18.624917879669535 0.6881892244499 6.960160011999781 0.5372626490770702 0.49434663648490673 1.6790846949216895 6.885702389902223 11.371522473034489 0.01503106272839886
2007-01-21 5.618607808918775 0.7267025987518321 2.196555689557468 2.4662373709104894 0.01503106272839886 1.0939654410270263 0.00294210942181552 1.0261089332920903 34.710170811165156 4.374830580665509 0.3902277488294419
2007-01-22 0.33023245575198 0.4550521786816326 0.16938478729733067 2.8344996212985736 0.755715210696225 3.201264139452672 0.2766825468487498 4.845229066182885 10.780938547522357 0.9125373071385918 3.7377407173981303
2007-01-23 0.2631267707942398 5.999275185469749 3.799407521323779 0.788736424988862 0.023829442425846576 1.310781067228551 0.01208895330658334 3.5927604190391382 0.3486697437042894 0.28056761483655057 5.492605800516328
2007-01-24 0.7986096970752791 16.926560491892182 10.533372761741552 0.6458573856899825 0.49543398186614185 1.5335377775794752 0.4617399033414371 0.008938012780587005 2.835195433495745 0.16615157504134026 4.57582210856835
2007-01-25 0.9384201145818324 0.6179768160969037 1.0119547539055929 0.039671541280690545 0.009049820115067416 7.982214170064316 0.718024415058625 1.3934053702938236 0.6379017783887435 1.341178053224458 0.6420764351444382
2007-01-26 0.0 0.003855065666563107 0.4523194557866439 0.1563432628699532 0.3361340826792314 0.0 3.850533119268961 1.0073529484365746 0.0 7.618337475049297 0.04759058725090599
2007-01-27 0.7747785280206692 0.12846211826241374 0.029116665258795263 0.06053501772793886 0.413896119743254 4.013578156589172 13.424775591442772 0.46323108513904876 1.550749679074437 1.5713323422018712 5.199837356526446
2007-01-28 0.45474389301843465 0.345897922610715 4.475842749644754 1.2295058666489669 0.23071249164261687 10.601095591850557 6.1541235530646 7.66696439926281 3.6058581949027424 3.3172478705453097 8.687896240086275
2007-01-29 2.4633860750336343 3.6506412508139414 10.024910145463666 0.13448677728222536 12.698920460817424 4.0350863908619985 10.562971011971523 5.841703112260584 14.850644869394934 8.293142357895547 6.280615293226184
2007-01-30 0.7556174349715463 0.28361042440916195 2.6329480754746406 4.378062244113233 13.736649456562175 10.176884653271058 5.543391839719026 18.756567916785826 4.965488273546637 13.752760394209371 2.8339510739038323
2007-01-31 0.5994156105943214 2.62278434381 0.13598241739209196 19.349439438194032 5.901433678275225 18.764540718785927 5.6144236553070055 14.049629180411907 12.97800928837518 9.359039784730093 3.6750199986249537
2007-02-01 5.191312773781854 4.198928681928626 0.3536195393260483 14.567163246788787 8.047283460270483 10.662190437782204 12.613804969081825 12.761118990978002 10.905033809302424 2.859568083960978 2.9445218841275205
2007-02-02 5.352069727001568 14.836142855757114 0.1600635178150691 17.716412579571376 0.6737092337208316 9.903120926145029 7.416141990133585 18.87579767699534 4.054249007153329 18.240287685685633 0.07096666088951015
2007-02-03 9.274662679894515 22.01366378350579 4.332717210383393 17.877399286683 0.11971380484507069 13.981992524296043 5.9612781732394104 9.581353759832451 3.761335105109571 5.993829764116958 0.08184673064513881
2007-02-04 14.938712914091614 8.627572105665942 18.394235074157795 6.924651508723942 3.8337076888210655 19.5628412374139 3.091925883568707 4.657098303324028 3.0164887681814587 5.831564077387037 0.17027562297206872
2007-02-05 7.043877852260767 2.970183581442531 13.710787309059128 5.6742672830627106 2.0668365784411487 13.38938235244528 1.4594911163420536 27.204079094727607 5.676945055889901 4.235745702973318 6.933755241474977
2007-02-06 4.04677216520081 7.658782922197963 7.267245430658722 4.87957686704402 0.9146308296494303 4.778873071630969 2.3427274424613067 18.493447196581307 1.7160020155605145 8.268242373441272 0.165534928699268
2007-02-07 5.386899348187089 1.6064175242323584 2.305232927566931 1.1695302991978718 0.5858586749994168 10.454037501594712 3.6360152691357803 6.129687315696587 1.2528447187833365 8.865525248895247 1.5425730392460135
2007-02-08 0.9229821697468616 1.0931728384727366 0.5771410999297764 0.7128792976183764 0.16725371124263247 19.75696317499593 1.6548412505917467 1.7716808409064235 0.9955132345885803 4.339845232482913 2.2368182307982862
2007-02-09 0.28604291276636173 4.413335793957376 0.13707999738358823 1.1211542483187515 0.9483031388693614 11.570671844178435 2.5233670635890935 2.07951726003971 0.613376603487619 3.755271867553758 3.1963223802741183
2007-02-10 0.3260390173959631 7.74781887723001 1.3245591593775923 0.43903439373497166 0.7786889055234356 10.809924812141958 0.5602343881060221 1.377044692747823 0.5593735193164736 8.844993030320666 2.826656637189976
2007-02-11 1.1680001970161669 5.680929855009237 20.319259034631678 0.14089496929479914 5.401612646747755 1.6758092238941897 1.275085212871153 0.24564631932665365 5.359820337901609 8.72870688123843 1.9356728902102323
2007-02-12 3.1172330601610967 1.068551122418608 3.4090450539168993 1.4463955051770996 1.1796591285144569 0.4453550631539689 0.9122529162572912 5.077622716624441 5.726618516237398 5.771783059214783 4.8695017520222255
2007-02-13 1.5353217469434854 1.1959800696285345 1.2772204784034997 8.386534397777927 0.8150692345789947 1.9491879944561747 2.8140032016347374 1.0137191916527268 6.230277958928944 4.492895530911049 1.6347226115373754
2007-02-14 2.3373980235165845 1.3786582511212175 0.5803179721949534 24.003226451058268 1.673357014415918 2.3865698590378104 4.37506455993712 0.9728439791583317 15.814635435620584 1.3419054275341031 5.237499598863157
2007-02-15 0.194790790409931 5.094489755090031 1.1604582935632952 25.01853976266188 4.975032435295258 4.221935128771913 17.25539431047032 0.9638354135091824 18.330473686260966 0.8106151181252435 5.181872016391238
2007-02-16 5.424599207042185 1.9441614163167527 0.7498788258396221 6.578670879428466 5.907018144596401 3.317191890720183 46.246372240357864 0.17540356302303062 13.83571370005684 0.6960508944605786 6.900817439331652
2007-02-17 4.38299283281704 0.5470951905210751 1.0651818444605334 16.12025931572555 1.8500929417481133 11.225419200661484 9.507494883601296 0.00294210942181552 12.930478140068185 0.015400743350719632 27.32263018632689
2007-02-18 0.41582636240179083 2.599775533004362 2.1079807915057946 5.363198056365729 5.172205664373523 7.594585836187872 19.28405226074831 0.048972583703859054 16.203016050176437 4.952434839029866 1.650691726740598
2007-02-19 0.024265766841442136 5.15679073222619 1.6107007492139762 1.7684654748618267 4.038727536317285 1.171831316491718 11.813690737062117 0.5425147615329673 12.86297234565599 5.171220588821543 1.0369233153956994
2007-02-20 0.6920526208212538 5.756469523616825 3.417113199812326 0.6356462076936571 0.540182954792298 2.6657754441569743 3.3767873746093406 0.027648886834484375 2.880402585660431 0.8516901096613282 3.4520702538017343
2007-02-21 1.5633833483581718 1.1437923402156849 0.38140269080609895 0.45523680495881286 0.04985835183071912 3.4527153701322324 7.191877939115939 1.788216233364694 3.088006712917786 1.161761841409318 7.149038960351971
2007-02-22 2.0858960410315532 6.885354313551316 0.09963208380271174 0.07798898736054012 0.5485174548010596 1.057635050223207 7.904335654586405 4.983910137304447 8.147950625112603 1.7005122407050406 1.4790134546044267
2007-02-23 4.946297834906115 4.927733848599759 1.0441332548297313 0.4166492785793231 1.629972827691847 0.937924979881761 4.337614610914866 0.9063915423993809 15.759670638889851 20.110548265782867 1.8171267054821114
2007-02-24 2.198778965191755 5.550900995937454 8.509186897079083 0.6815669608711138 1.8730211374069052 0.19562824923515748 3.1958617454822202 0.25466480674374703 19.871425759735576 17.497326900194903 1.7497137850332418
2007-02-25 0.8639883244257446 5.709489121903772 1.2658092258346745 2.7963583490735933 1.3242292465519632 1.6032905799223847 1.0889591984273468 0.3240348491012396 30.626943301203614 7.165575451724254 7.5959038105732395
