2007-02-22 15.643981799211756 4.357946677889748 34.92163967776334 19.822246144122868 5.524702593904011 13.00521589657557 24.65931881654084 8.09825483490413 29.727412367975024 14.104213779014987 12.79832500460185
2007-02-23 25.313620208752262 13.936797190421652 14.733964055788002 21.121722276562004 13.852861570614017 18.551258898091177 13.622384464764387 32.821252778604475 16.964260416027077 12.914922395791926 13.512252479939171
2007-02-24 8.319069251393753 6.100364162487724 2.1866903747870343 3.5764204969625526 19.0842994395869 2.4876761258647617 0.3634439163216146 2.859505009516086 3.2974036872533636 9.821356946720492 11.164977186151262
2007-02-25 4.39488850083735 2.7725473059980077 5.633558540101052 1.5502786311496608 22.120863526769256 1.0863699623732774 2.258405522563003 5.302922647696337 0.7737250316916484 1.671578948029778 3.922016004936558
2007-02-26 4.0019698191012445 3.121141520324504 3.1882811632972654 2.192620014085316 4.090108843407142 2.90073381927896 2.033438713117784 1.373193468406963 0.5067230903400912 1.7577952482853374 1.2439531060512166
2007-02-27 2.3748640609891742 9.424094464976179 1.2998781531634713 0.26911273283677917 2.123936963231878 14.83480998496423 12.800243095282259 1.99665616807702 1.0340811670936008 5.515896013152857 8.337838997112074
2007-02-28 3.8996498381006957 7.751089278944228 7.699375455142436 2.5283702837064146 3.30889634724074 11.106049107284642 12.20415258807097 12.44707281451838 2.639825901147283 1.192371322815633 4.802341170156474
2007-03-01 3.2755981976625552 2.8229656199847453 9.907022545418926 9.179470211863073 10.66770476164345 6.850463037779615 5.4495857140687445 3.228094625156123 5.7731327880748315 6.118869505534313 3.688143108046485
2007-03-02 8.758093419769068 1.1629786759983096 1.607192036500451 0.7742128412150548 14.485713444142744 8.484091231196015 2.205341308098859 13.726161458153491 1.1582400461072107 4.312200426001978 0.18169594181819854
2007-03-03 5.041541055784 5.132634150736091 0.18096283528658297 0.1425269499045687 2.16609261340439 4.166170466957802 17.388326120774416 5.121256134334917 3.4004855281438484 0.39953812334052463 0.44469608445822306
2007-03-04 1.7704577398045436 7.623581466223784 1.1857421073340277 3.982341820960647 10.46734929317605 1.653868718069755 12.201802670616274 2.784466310553717 4.946610474684457 5.896063441407691 1.5874296740442784
2007-03-05 1.8962390666300872 3.5165536071480403 2.0450272530004545 2.3395066215659854 25.859714126766406 4.974704413175267 22.28369901679102 3.7629498100574486 1.0348190043125622 25.331504672932628 2.40562094395061
2007-03-06 10.031866898311607 0.44175176856082876 2.1058442770303145 0.8866371378205067 11.593145912691478 4.903935679202439 8.279914741880145 4.693483871808725 0.8016036033717906 23.79835606011566 1.3250159826359895
2007-03-07 15.293395116148593 8.714553418969842 0.8542477765535419 5.069512851419578 5.445766920335112 1.6669922185398636 5.512858228532766 0.6547161829396733 2.424528424217259 55.11482530998791 4.492908601821561
2007-03-08 5.799185477091909 1.130178221489491 4.355104808012539 4.091366109121989 4.429242884927437 0.5027780768636098 6.1216300844902385 3.132714371660044 6.746976916857386 46.2835670504721 2.075935024456263
2007-03-09 10.268226177039633 0.0 0.0 32.232444001009995 0.64073417178213 0.0 3.929834972319911 3.6632210311699165 0.0 0.6207692289576551 15.011752458364379
2007-03-10 10.33848777928064 1.095982070641266 17.584447413509643 0.5859885182930641 5.236124500411215 1.8602079543070862 7.5906816647242135 8.04180003448435 0.06646519353594807 4.820678590695081 2.527489314064964
2007-03-11 5.077318486942755 1.3489366740390083 11.170910495861452 0.6241002565367886 16.604539488707573 0.9692418869899078 1.015603602688732 4.710179994198182 0.882664650625381 2.0602881379687643 6.3441182957241455
2007-03-12 10.63414471487093 8.338634514550524 0.7851603226835981 1.2620232061149506 5.292667981181898 0.6848862229165836 0.8735682108347207 3.461524695008019 0.008168016400250474 2.681986045202989 4.801735475519907
2007-03-13 1.9867177649415275 31.70473388858718 2.8435323964201515 0.5800682216980642 2.373249381515554 2.285611625948687 5.402556235606868 0.3910988544126416 4.787584984132551 0.7602464675069851 6.094537111486918
2007-03-14 2.966225744338344 2.324655144192362 0.9479270154938568 1.6244510779774544 1.1698016884916183 0.4516586198310377 7.5360627725570435 1.3050327407460958 1.8946746865373636 1.6534514109166052 3.0094056183596996
2007-03-15 7.436143355593643 2.394265896595642 8.434573993583193 1.0562749453814837 0.5672566468203938 1.037299721777513 1.4781651137551517 10.226997889802607 0.3031981176874882 1.76168232099269 17.57249012508391
2007-03-16 4.390372429046492 1.4829307795834055 1.8076800737534788 0.6813871062517454 0.7880437521900916 0.2812080570135784 0.5209402876168838 9.77463316747999 1.451117361980431 8.554918233476458 2.963344536047133
2007-03-17 1.5973142455636853 0.7524053218411246 3.296212093691258 1.1194069086185634 9.500080103397183 0.213627683863525 1.273830086625185 3.3036486220650065 0.2126295831208339 18.561954949013327 1.989309022066652
2007-03-18 3.4708103710666114 0.7432979295256021 13.995919339692591 0.6028099734794796 4.232202336132247 0.010433671135727164 0.37617615065306775 0.05366748344583333 0.6140421447610201 6.328813865850405 1.2432495022128145
2007-03-19 6.530301723416999 0.16539722201815243 14.437119649521113 0.015569595100329903 3.0426181624414874 1.89178137018428 0.8454466466365685 0.22994490210237048 6.006668562787658 0.4127745530435336 0.15492599343504354
2007-03-20 5.612262469219509 1.0303274543756058 33.52624413996561 1.463802851599603 5.4578390380790065 0.6450047329697076 3.91483203035933 1.256462470583283 8.7583109700096 1.8876106665209957 0.254145734635654
2007-03-21 9.094572239384716 1.3263219658888243 0.7916899911499299 0.3739054631161063 3.9549755885254125 4.718116006842967 16.388486269161795 0.19109481905758122 2.4950212751462613 2.7647773860971547 0.5680283545148772
2007-03-22 2.689984795580245 3.6358789996236185 0.36691608650696156 1.2543627596169418 5.665707206076915 9.477113089952265 21.37358696974058 0.2395303546423001 0.9162316350446762 2.1612992456480478 0.47448506184228184
2007-03-23 0.8866331376281791 7.517899471368612 0.2344490286234647 5.7568853257646015 14.948788405844725 1.3512707060028801 6.316717214313943 0.5567085272064278 1.745807773510676 4.185606194614996 3.014827900377241
2007-03-24 0.570472713137046 3.8929712821565867 0.03227558439304252 8.342882258244506 11.690839119573287 0.379221619084808 2.8774148016527334 0.3050174125569181 1.2627794158737924 2.420774186946287 1.5916031053258284
2007-03-25 1.1072021826570908 1.0036333582977586 4.2582589019515025 14.221705616042467 2.831547073323655 0.12414729256138238 3.364363376783843 4.060524407856685 0.6804109995760899 3.085467971908338 0.9577447981867794
2007-03-26 0.3301104534602535 0.16445476866245493 6.495504745793745 8.245422570343075 3.7772509340865 0.45049712928374974 4.935267927123061 6.62446353437106 0.06284137558555937 4.917561825309 0.3656092690673324
2007-03-27 0.6433579829974615 11.85194395929193 4.637697030769173 12.25707849759322 3.4129527811442 0.517250528738111 0.6750404284249212 0.41228915998580984 0.1107466339731348 4.588061966427061 0.019392379062925298
2007-03-28 8.53633077131376 8.375335568627944 2.5885131632552176 12.091898634660362 4.691843645092673 0.4550016907186174 1.8231518890600684 1.5285200740017646 0.03679594392909903 2.973817831685131 0.17422038457719752
2007-03-29 11.106818180600568 13.609562935200294 1.422783250027659 45.13762606434734 13.508735340097429 0.9948875022850401 1.0320727076239873 2.27637161974185 0.08141410609187272 0.9351647548282002 0.24468138409062226
2007-03-30 5.544557772415017 6.461603038120829 1.2792784353832862 16.500881981276706 3.2424232571851457 0.8475496622795131 0.5799813859880243 5.451990033327935 0.9515426947307735 0.33360537227028164 1.5019730366315316
2007-03-31 10.187078036958383 3.713840422146545 6.813164470467171 19.70185778578218 7.290467044155129 1.4271913437058665 1.050773985409522 7.158483198426188 1.6200451660433743 0.7362048138552026 0.4563389104988892
2007-04-01 2.557297839659155 2.4507596189477328 1.2188778992967904 26.346612915609487 5.213067971032229 1.1637569484433454 5.355875816467309 9.942015652740084 0.005822303952460916 1.7030884326613807 0.11167361169404198
2007-04-02 2.696686279878431 2.152600348895143 1.1449678133350514 17.280270341216823 2.0884296299973 0.9043211866128475 5.691668119468577 9.945093012797821 0.0 1.5865909763938078 0.4284109111031629
2007-04-03 3.248934098936519 0.5473279827961124 0.2939154693834007 6.924651494659886 3.593333692139117 0.5576454223822256 7.170199581001224 49.28431549963783 0.38736034337945846 4.2171040170643534 7.672993165009883
2007-04-04 1.2307207127202808 1.0387740195695898 1.4311383513361093 0.09608066857744395 9.036661348028337 1.2012486411887724 9.966571064918964 17.97205280221728 5.285689328548068 2.599885631816546 4.969807333569275
2007-04-05 3.277963996100037 1.8121635960933138 1.4014796670518102 0.3799722419729874 7.985230689010107 7.265989944626716 9.692257652519427 4.6506229788003735 0.3985156731458123 1.016553742025676 8.604034678198186
2007-04-06 3.319909201376519 1.610612588255103 3.7243867321415767 0.8893502612014521 0.8896269496349943 26.831714198008008 3.3010029527790916 7.902225495361529 1.4773463769625428 1.867848147112319 3.651398413837409
2007-04-07 3.140033383968644 1.1723879239160504 3.728454823885844 2.4099969183511725 2.589691607899809 46.93971002591256 5.439246139831346 0.8389748966686358 4.271227703039305 7.276561812637392 3.0974474675531383
2007-04-08 3.4578742339641018 1.5541246212617152 3.727038998603286 0.021128024625296834 5.7938371947138645 9.456665126979601 2.4399299047488605 3.078089362577061 4.095705631011796 2.621988183577585 1.2464200117271829
