2007-04-05 0.5772559002935946 3.7173664541830362 2.081854943153923 7.795703021673557 0.3313763417057528 0.1982754222841941 0.6275343868170509 0.6990771469219339 0.7189659914580806 0.525572885273291 1.14146920889253
2007-04-06 0.038343101464657026 0.2704980665633151 0.0 0.5382582631485926 0.0 0.177434127873417 0.0 0.20202788566829138 0.10752099657143857 0.0 0.0853365308004063
2007-04-07 0.1896397202337497 0.1303991089260449 0.08193077561598114 0.283127340036076 0.0573990504254016 0.14837896021336242 0.6916027689500115 1.4569907061836314 0.3313047590439465 0.003844096098014781 0.8471014212992738
2007-04-08 2.768620356149081 2.6345952191169877 1.4193191974363768 11.872123439970235 0.43776948299761265 2.4184080967449635 0.08318821461726895 0.6603634683390729 18.203668590655397 1.246872188061901 3.3288212238749773
2007-04-09 1.099085729749772 3.195301678400588 1.4682287196676318 0.6712701613597203 1.7479148052505082 4.420194960479125 1.3574983740077153 7.146805072820124 3.139888421502595 0.2602951685064874 1.9366799306709475
2007-04-10 5.655738804634501 9.51649696491964 12.854851518050491 6.08123021271188 3.2037718370165833 13.427251056595196 3.4458358037877512 8.690953514579746 5.60181702118138 1.1486137049316645 11.837705835168212
2007-04-11 5.637607762313772 6.613559793978434 9.740818774507154 6.3580128720969356 11.380065769730543 3.9359685262386366 3.0780294422045618 7.54205879943161 5.812853972461064 3.3907186103128497 1.8207261525976528
2007-04-12 2.039143534000291 15.802729060764271 6.172948144685986 23.49561374925794 3.7959776369999467 0.6792430663157629 3.755949935940916 2.3356033322202325 9.890391095493996 0.4126494276638486 8.36112976389114
2007-04-13 3.8464316790035946 0.9869849530298116 1.6555437839761895 3.517014185322842 5.924660360748258 2.901207980643255 0.06366599709785006 2.2948336765094295 4.747805282207937 0.9997702791660733 7.340437256007618
2007-04-14 4.271908585292136 1.2317723149154485 0.8963980125674064 1.5770110968940787 4.439810861777842 0.8266865701582661 0.5741501630729016 7.655565230203623 1.1813629562024224 3.9518445356608396 1.5313920684057698
2007-04-15 3.75746291926609 1.5585709847188989 4.116803034777932 2.2767349229920644 1.665214052329981 0.4942417316508437 0.0 1.7985009749058616 0.9132000441325272 1.6562420679803203 1.0211424791773211
2007-04-16 9.17228842395376 0.7453928019939655 4.523553700003703 1.6122563461547534 6.252221402117117 2.4317157931432023 0.9861541389088789 6.318948825765646 2.2427611331127117 3.377441287630302 6.375116714060333
2007-04-17 3.3090750648770157 0.7687461361039898 16.824406192835934 5.450469997338491 8.486269227221559 2.486352243915442 1.6112186771733805 0.3195375223631093 0.41170701226231554 0.32097650124468124 16.382596593600507
2007-04-18 4.106636967562732 1.0647533749059914 9.277585763756008 14.469376818723166 3.109867585280656 24.771473147231998 19.436028026048973 0.5950613057769847 4.8997751987774105 1.1267356716032266 3.8400167482202434
2007-04-19 1.4738348751850525 7.313146542491452 4.673274283033915 9.342773935275165 9.22293693237021 4.11010771758828 14.875173103826022 1.4901876101611564 7.61546633172809 1.1435022771725594 33.38183288577364
2007-04-20 0.06942597089687906 15.35510918865692 0.0 4.31443122020858 13.68392661242237 28.922154666322026 7.864344632800417 0.38450842872130847 10.390948199097085 4.509284130421606 15.716591216269471
2007-04-21 4.8427530668424055 6.545234013012056 0.6265654909455418 29.73912954683024 3.5276791557239484 2.183855078658185 0.5808098338614595 3.242645009061757 7.261452883798821 0.47607858553094734 3.74510805107093
2007-04-22 0.45075029803416555 1.1759050901887986 1.233919443715497 23.39850121707635 10.514085849003246 0.4114597960022872 0.2642987609809082 5.131749208732279 1.2331772457165149 0.6783112693861668 7.906495769327978
2007-04-23 0.04329226797014299 0.7957496287005139 0.12564829433254865 2.4733099190323253 0.8047192218337925 0.49365713068368444 1.9603073417171697 0.8034937353125136 0.15281844318808105 0.738639922535276 2.253397715233372
2007-04-24 3.080949456046266 2.832979689774918 0.12093974194551854 3.2257913326937278 0.6536402704835469 0.41146641658514627 0.5368852777242822 1.851892305450863 0.7232990156784533 1.4157862391247513 2.390432220622418
2007-04-25 3.9824700880179 5.881929617255055 1.0038171150189736 11.074038609723724 0.050960766953615316 13.914908585419685 1.0881271044641512 6.154941331128864 0.19552955730462088 2.64737834279307 6.862624374205231
2007-04-26 6.764840255361893 2.8053346800497194 4.808898534147353 18.534747537785407 1.0230688096250151 1.494655414521389 0.15546873552594853 3.165815266084314 0.028654596611728672 4.356812531331597 1.653983641176887
2007-04-27 9.3434006698681 4.943817440061175 25.224997423508118 10.922411270032338 3.2644265550302576 0.3765881644220238 2.8512690003524295 0.3199303929866263 0.18759768422901857 0.3792106312357423 1.025772214696046
2007-04-28 15.228984719055614 6.311922061458029 3.300280750797217 2.2780527626021545 1.1450182138053253 0.34460981696493165 4.3792492758041 0.03732660783574325 1.3489241051205256 0.6800949610913216 1.8972073967980918
2007-04-29 2.3494247229647818 1.3854200725979724 2.45532908910955 3.819104041410557 0.4769136678640581 0.23731590295812263 0.3772203789544033 0.0313885955559207 3.5915689262102903 0.044838739895873836 4.619759212395745
2007-04-30 5.807292223999541 17.772410377638238 4.844243506130064 1.3841723734084148 0.5215257664505976 4.971619042029044 1.1825388588056729 0.023704953608096276 4.069822145656753 0.821064393605623 2.4143682743838633
2007-05-01 1.8092876094053463 1.61979656587213 0.19715559853020304 5.616466634031542 0.6632488819094091 3.0902466057037827 0.5792191554078365 0.0 27.43839755214105 0.029818486477571356 1.6451505194324678
2007-05-02 0.36851013444119846 1.1753208203947088 0.41504591924258294 7.109731672736655 0.6185730783295731 0.03861222557921853 0.23493456960525627 0.46040993992113577 5.086498130858217 0.23225678870463068 0.4996162232074336
2007-05-03 0.18368271047368306 2.205293579503441 0.6819463840224196 0.3613995955431849 1.2750845691343233 0.5915000694565276 0.0 0.18225166533765197 1.649816292819139 0.05321254392418681 0.24274813292211211
2007-05-04 0.13874507498431898 0.9764896068003442 3.6458983811463708 0.17590543200978442 0.422947875696446 0.47332883583373764 0.034628741802682356 1.2623341695191872 1.9046267324069435 0.3317449712682725 0.2835723887762661
2007-05-05 0.4684372088303287 2.2893805112565704 0.12245211386850227 0.2404541810445969 0.12123673813527287 1.7260744028456747 0.027847440297480264 0.6237879568009561 3.955651151826795 0.028429546412739853 0.1726582917881384
2007-05-06 0.2394529719558999 3.2623990961456233 0.046421537940002394 0.6407431570618574 0.664756946842586 0.7837280626793073 0.0 8.849025239000675 6.868354124014511 2.5895103287969414 2.8971450344122553
2007-05-07 1.3643520760019856 4.108673958028362 0.004357832409390477 0.3828308140563748 0.13275215389749107 0.4711223539176291 1.0599093348597395 6.252476707038812 1.0869034468085674 0.3050789711857135 9.37065019290199
2007-05-08 5.27889725823644 5.357219776812566 0.14344474016891898 0.13687878323711064 0.007227389887804967 1.1910252453770738 0.2249933310357958 0.0024728154484696518 0.9393171865950574 1.2745539865590692 1.2265465874499943
2007-05-09 1.532659262160427 1.110070601709209 8.500307380801026 0.8770566543372107 0.07627153828081623 0.25692747996037946 0.9682103250057893 0.0 4.057182918386069 1.687649398704325 0.4861578730319539
2007-05-10 1.2849314870794215 0.03130293264985084 6.27646270826142 0.6229907083859394 0.2983991185708844 0.013147559404344561 0.9949142569819314 0.0215428512646853 4.732131882896412 0.7060215946668779 3.4677080075969213
2007-05-11 0.8488090735990096 0.09000714725490076 0.5057228879874466 0.03417249012826533 0.4997770951556174 0.3661699701716591 0.14217563898482644 0.010070794490224216 2.187056755615809 0.29750984203139796 6.467194317991358
2007-05-12 1.0949851636086019 0.7143122395340671 0.42530816119386794 0.5498238324622686 0.9859652118971355 0.1109775507921904 0.8698597530576775 0.0032401466323640866 3.1267460305623893 1.0291611464919228 1.1332675576734326
2007-05-13 1.2614270952608913 0.8569949208521037 1.007880679317421 0.44785138360942933 1.5498170498950083 0.5328397537638334 0.8192635681702486 0.0 7.8320718964438925 0.25096668307386527 0.008586348317944727
2007-05-14 0.5347956070293358 0.08437984785580532 8.20657655671538 0.6602636652752468 2.6982167173443834 0.7844293000310915 0.9939157665255162 0.0 5.840726392455137 0.3311052121577645 0.054411880073292646
2007-05-15 2.313004448959175 0.301396335045788 3.80426441567 0.11024100399239184 0.0797646612571954 0.007084242730378868 1.1653799477096651 0.2218086832943792 0.6341675468246157 0.026948928999156862 0.7428980650986199
2007-05-16 4.646608822216239 0.016788276825349984 0.8294735806129556 0.9295679285203094 0.7713747767417645 0.02806278601748675 0.1296513942094208 0.28827975610368395 2.329609160941778 0.0313885955559207 0.011360172098206627
2007-05-17 0.5446292650921523 0.6746640236758124 1.7722709490732997 1.3524489005612625 19.81740494247344 0.2925769470920314 0.012944180727335204 0.5401970081187446 1.1291716779078664 3.274957705084984 0.0
2007-05-18 0.20946930796358876 2.936170516636765 0.1937160893106786 0.0 2.85688321897259 0.36839223203126054 0.0 0.8788603191275256 0.32073680595146736 0.7644329438671666 0.215823006743394
2007-05-19 0.7864094799948484 3.027255883136154 0.7708524343879226 0.0 0.6974280368456027 1.3095025913414697 0.037822867402652297 0.6027311026211154 0.029853932893847728 2.05623602843703 0.9163669525179595
2007-05-20 1.143758767149081 0.09360996995586601 0.049747347092833905 0.14064293373418382 0.9096372180703953 0.9645776288876017 0.10352735029998496 0.043569822812485726 0.08851857417553409 0.9879019069167345 0.014514655824500856
