2007-04-26 7.236696598860167 5.638626655283548 3.4273654602036725 2.928694514663851 3.774428259409097 4.658688565305546 12.465975643448235 4.387852456532208 1.6873508707605938 13.206517016087833 4.233138849498055
2007-04-27 4.199770439693765 1.5658037031922274 5.013493348933091 1.333524919041438 2.0590758236776017 5.574361763225003 1.7179968141891822 2.6308962751469935 1.1357579605078945 5.13737336746345 1.1851283581132785
2007-04-28 5.697822389561883 10.547780164431506 4.105283354276663 9.002250015870928 6.410792539524851 10.805296814556746 5.59711249741299 13.874826785460385 5.862283586527427 3.2747751425785845 4.491349408759861
2007-04-29 3.0464105691809955 0.9723945915468377 6.279145647329097 21.62323536892364 6.409005139297504 1.121986128013429 11.13021725867463 10.445289635169562 2.2780520171357974 6.094539540004698 2.6906514853721557
2007-04-30 0.9210880869353485 1.9006343622349364 7.457983764765996 6.698619517610442 1.3309412012576813 0.36065687311082506 3.245410222471101 4.443857664572459 0.19630546886456296 3.6141179011985396 1.3386078923355178
2007-05-01 3.5548539122269784 1.0290047027999338 1.6399005036867689 5.485244518460432 4.555208419383515 1.1394920295837547 4.4818525939332545 4.999589716315444 3.5180842041987836 4.078832418691033 0.7409375142194281
2007-05-02 3.81224346982741 6.674942735378886 23.265171341205505 2.01243781247787 0.1615732936980441 0.1095395581842087 0.44533278349726063 0.7174650691703042 8.031744813004957 5.430300443868113 0.2055148255178142
2007-05-03 5.973974095400177 6.561646332373049 29.92510570475025 2.5779180659149166 1.032679041320391 0.5805868113667882 0.1634141357160636 0.27432447612968175 6.6302392195970645 11.489843139719632 0.47499587042640107
2007-05-04 0.008516136239311124 1.3013682456336073 2.014749484970123 5.455618900821051 0.4899352803084621 0.3931216945027669 0.1619399397138203 0.1069267379403645 0.20511876645554272 0.7130857325486732 0.0
2007-05-05 0.11784247875442629 2.8484055118828957 0.023748701598810526 1.20476758234755 1.7486737210654106 0.3140191361073762 0.04968701968335393 0.08942597541375072 0.18160360487941174 0.8161083280784249 0.002476014111645858
2007-05-06 0.2029897966264156 0.00467176192140003 5.714976151284634 1.7946755121736226 0.42488980688292494 1.856541547297545 0.14540007555086293 1.9437157073693827 0.28148140042430037 2.3406791673501495 0.01879667337551881
2007-05-07 0.6058111309676375 0.8169982011976918 2.1733140966020725 0.7681182816751304 3.76689638732854 1.2071714597563719 0.6899060492149718 1.5947747625884836 0.8157984394576892 3.96202751759334 3.7267133140394555
2007-05-08 3.873792921001813 11.517024029262362 0.08085279737312744 4.347812425121764 6.137344761629292 1.2359539865049063 0.8870933431171901 0.9567231354127836 1.2989621990558196 7.684962423747455 1.8825073291772378
2007-05-09 0.9713220538026471 2.26927178177724 0.1521398152102195 0.9421783305961786 0.007475167371515676 0.37201902678311527 0.18764675806931141 0.14212102434373824 0.0 45.014392029003275 5.041659121986911
2007-05-10 0.9366909087617391 0.5071452540351218 0.013508249324217956 0.42803290344323 0.008681072067828713 0.0 0.20100000736154505 0.0899635238411592 0.00467176192140003 0.1294100096621752 1.0940404811178475
2007-05-11 1.1045059379845958 5.170461833316074 0.0 0.0 3.561104990329532 0.07436670755584203 0.5408628624092283 5.0692829722855075 0.028344670072707343 0.2921824492675332 2.5204439558496134
2007-05-12 0.45181374646711703 0.03455685517272426 0.30060549747343956 0.5062831566670813 0.16674487593438253 0.013352833989228742 0.29574799210508407 1.6496918285296955 0.01078844810082425 0.22608561459019105 0.49744997203218944
2007-05-13 0.11536193958388692 1.200549889106738 0.04460713579710558 0.7159622450983306 0.6206133015668436 0.034157924365067274 0.08608781689475348 0.059808559306106096 0.9119157037004378 0.850777179329976 1.0129689200791896
2007-05-14 0.20824106984447557 0.38001918745674296 0.6223923045307974 0.48820542129659206 0.40564866545558087 0.5009064215883938 1.022662663787244 0.007695771859277566 1.5291997387504803 0.9565743079648948 0.15956181027760974
2007-05-15 0.17896190165486947 0.10212275097854774 0.3136613823266595 0.2241180930354079 0.022483135088367696 0.007303191368035101 2.204203003708079 4.42980135051849 0.5162362570932653 0.6289004660228824 0.40568979415067175
2007-05-16 0.09482823664835631 0.26249572847421687 2.234391122494527 0.02799544854057253 0.16499166603749502 0.046855914887487096 1.2351013156865673 4.429641194594092 0.027155037118311694 0.8580102745066029 0.12069534181994823
2007-05-17 0.1065559701053321 0.22908576586276996 0.32810315685942226 0.010240452274592573 0.016452926301183474 0.00467176192140003 0.0 0.31025653343943227 1.2683427219969043 0.2472593454342269 0.024665335503692525
2007-05-18 0.16861924700079836 0.5864801047313217 0.8832163562472741 0.09361652807971765 0.010046935004020952 0.0 0.0 0.6290384158029799 2.229269321333725 0.3496102702022728 0.007630311067424822
2007-05-19 0.08440517957294383 0.1580124063870294 0.1798446137274563 0.020748905712605206 0.016452926301183474 0.008615611275975968 0.03948405721578284 0.48422584258729096 0.06129927398040566 0.04283899643289599 0.0
2007-05-20 0.01149616613402615 0.5025785563234396 0.709962694734894 0.019093500345901862 0.0029375325456375396 0.08728314283050614 0.10667838010039152 0.0 0.17317185457640671 0.026620773352595325 0.517238743061087
2007-05-21 0.13202181939804836 0.00467176192140003 0.07382652668662365 0.22403833359491654 0.0052197577476317085 0.0 0.22353177375796318 0.011685410858924024 0.1029640888710284 0.010570716778580416 0.5372440806289183
2007-05-22 0.004660810716034862 0.0 0.0 0.18136418042585287 0.20945761346523156 0.0866667702252396 0.19909640677930596 0.1047751626003447 0.041115388639357944 0.00467176192140003 0.18974071833228107
2007-05-23 0.04126988892524924 0.3205792728479796 0.05100690830838968 0.013570565311472578 0.8106254123677459 0.26481371261374465 0.017039295702077628 0.17760242096087822 0.26478330614527057 0.0 0.17982177888532175
2007-05-24 0.0384529566568005 0.0 0.010633304404915106 0.6327743978215468 0.015615625357213494 0.2239309227852005 0.4526725102194002 0.37439580424823155 0.017194711037066837 0.11756004207925315 1.1408273637404227
2007-05-25 0.0 0.22548729415795127 0.0 0.17406399975223877 0.0 0.08349180088426873 0.27828193116520655 0.03508852547253409 0.1373981995553516 0.017424731761992114 0.10909212146236438
2007-05-26 0.0 0.29898065557988235 0.4054292364911647 0.0413497595139424 0.023337181366915004 0.0 0.07425952670718708 0.23611140699402242 0.05422758032143696 0.006561406632151733 0.19355169064647004
2007-05-27 0.17796395159824388 0.009891519669031738 0.005740666356673118 0.014718696925420981 0.08299199584860867 0.0 0.12010897241905408 5.34555347475815 0.0 0.0 0.6731296978707979
2007-05-28 1.1322030268422782 0.12538701278397807 0.05112748800948223 0.0 0.0 0.11967970534308692 0.004537634825878136 0.08448463051713304 0.0 0.0 0.1388631611275852
2007-05-29 1.3802047589575897 0.020689384007019376 0.0268610833134467 0.002476014111645858 0.0 0.0 0.048879826802304654 0.2522416673498021 0.0 0.584449856625883 0.04331113644911211
2007-05-30 0.2471630640386645 0.0 0.013177984820230111 0.16815602246113748 0.0 0.02904454172051943 0.0 0.12291099790112735 0.0 0.0 0.030471462652218388
2007-05-31 0.010647868694057087 0.11742911895313796 0.0 0.11535008831171722 0.0 0.048651473897836375 0.00287494491930285 0.0 0.0 0.06463573656249534 0.0
2007-06-01 0.016067580312304063 0.0 0.0018896447107517032 0.009891519669031738 0.3735142723235007 0.0 0.003330113036880005 0.0029375325456375396 0.04532136086095637 0.09282775066256256 0.41706269573998644
2007-06-02 0.010908890171587606 0.0 0.0644599854881128 0.0029375325456375396 0.020656025357263845 0.36814787098312907 0.015984263435863812 0.06998034527702951 0.43255448792740503 0.0 0.002476014111645858
2007-06-03 0.0 0.07207666169925114 0.06507349534145226 0.0 0.026462152505789704 0.0 0.0 0.03227462997073009 0.03400250903007806 0.0052197577476317085 0.0
2007-06-04 0.0 0.0 0.002476014111645858 0.037952708701068524 0.39825540478628063 0.01750081413606931 0.2953839502093296 3.849560058022334 0.0 0.010570716778580416 0.44900393050216514
2007-06-05 0.0 0.026000634071798024 0.03260174967011982 0.0953211550173925 0.6877699190080455 0.017811373166967667 0.005806127148525863 1.6199992726737054 0.0 0.0 0.4839713268505266
2007-06-06 0.0 0.0 0.18198249942377273 0.06072552632849129 0.31646956861855735 0.0 0.0 0.044900949493426615 0.019320726789158346 0.01839774256786182 0.00642278927842669
2007-06-07 0.0 0.15449746877992138 0.0077647098020267825 0.08926006123928168 0.0 0.0018896447107517032 1.7937516033523582 0.0 0.0 0.0 0.0
2007-06-08 0.020387403904829956 0.0 0.04571394135219884 0.6996012690334624 0.2636393136050528 0.005967621160849534 2.1377914885418337 0.0356047430076101 0.0 0.0 0.0
2007-06-09 0.0 0.09656116228858454 0.16897099854961967 0.11652156958607075 0.2257139726698774 0.0 0.347574090061005 0.05047853098225339 0.0 0.2946470298615712 0.7798504685662575
2007-06-10 0.03680792122001705 0.0 0.0 0.021552953789056355 0.00287494491930285 0.02025709454960685 0.0 0.24692908203528718 0.0 0.05749223256646422 0.31186883889537287
