2007-02-01 7.252321632677807 8.383462342840007 11.787855227542243 14.269031859306862 4.516436472548767 9.113215767107025 11.376580435090704 10.376180222850277 15.670353671455807 15.898698340069712 4.636840343381451
2007-02-02 5.058123631847357 1.1153960206095341 2.8364328512432286 6.581259192480869 7.07553222600589 8.123332469238271 28.816139054959976 7.683496153835131 4.36808996126693 5.650352742954989 7.734924652687295
2007-02-03 7.616155212269459 4.47162359141415 8.540267373242655 4.461630099071389 3.0590080545462444 10.892578692667179 14.96893362703903 21.07198082550621 4.8016889245624865 10.40708647992382 6.23947313718405
2007-02-04 6.303623581979264 3.8858480083308997 15.267690435621185 11.899092076950717 2.3942573874832815 7.352735446118423 12.17315375782821 10.104205940995968 12.426212771158234 8.012167216289553 9.94642388839185
2007-02-05 7.453717845223309 6.512786667940936 2.0282338076616755 8.775996672308993 1.6059230867701983 3.429441795852205 1.6650889882545925 1.7047595815526941 11.83563051985585 1.0570439001303302 5.6427607941812585
2007-02-06 4.491486752947968 3.078097342016184 2.6565521806155656 1.448773939686044 1.0392389337375554 5.2384200576429025 2.8392667648810805 1.9145156188372643 2.1740023255132277 7.03557866391005 1.6121107231650287
2007-02-07 2.747671987675854 1.452804650473292 7.042388806581206 3.797574826898341 13.684167100104949 6.178953877762514 6.251055758421544 15.11149933616744 4.142304978840593 1.3940453602537004 2.3049701831039218
2007-02-08 4.783747223429243 4.551842604930362 7.3334645802166305 7.429302497890491 1.085481278794822 2.9197404871352974 11.12686244690831 0.6275900839664905 7.621121841517074 1.4369006761084644 5.003343291237473
2007-02-09 1.7754264374117588 1.036101015740777 7.687713824644713 1.5822464158281129 0.3938632765426063 5.1659830743338455 5.134620098436481 1.230630100558625 6.552347707815444 8.390472566468649 11.176416580889997
2007-02-10 7.736264525043139 0.609298533470015 25.397153985097546 8.109217566254973 3.745878084162433 4.529342800270978 2.3374414819694653 0.9493375868699708 1.4188837170034074 4.527578220429257 1.8147199689262266
2007-02-11 11.246331902606055 4.047660648466547 5.289060984119306 2.450309073141153 1.1613164819616073 0.8130596818246894 3.055469035316992 0.5221721148911419 3.873523136854968 10.297354862993757 2.3939486279088635
2007-02-12 6.397993937988543 14.943586283184997 1.5681927654018457 3.7039826597991503 3.1403911321581726 3.503811561920668 9.932208487445315 5.995524342224052 3.5214481095458567 10.75250353709188 2.7998524688429223
2007-02-13 15.698447324756627 13.926082136366185 9.581921183099599 8.479136084287168 4.4972598572603975 2.6168855534066715 10.900175563943895 10.514901727680614 3.7424368482381603 19.11065968152483 10.797487195868653
2007-02-14 28.819161765863974 32.32162565027137 23.21601031495827 11.80467850285975 9.169124721857951 1.3042500439409836 6.3597262127965175 3.0743171592970318 2.784388869334772 14.633832396477052 11.139005242087048
2007-02-15 8.444988992174682 14.198241681908385 14.231313026681311 10.027509814871939 11.051173553465679 3.108181205678515 7.182221906975252 6.152839688985331 1.3383600361557324 5.217550391233832 8.489034226985096
2007-02-16 11.600797431276538 5.933951457094718 13.243233464686762 0.47885429303616284 13.261337934358046 30.859812358469156 7.461627373842446 6.716709141948996 0.030192139478027645 9.648250472816434 7.530930434552806
2007-02-17 8.068910364852087 5.259537310826895 22.22375451762789 0.30064175313374714 6.236356951040342 14.971720549032767 3.675830016933559 10.32644762045695 2.9370620395344567 0.46479069998035294 25.77803153094699
2007-02-18 6.265243229101624 4.189281210359033 5.822046326585354 0.8832426674820661 7.227918482073164 6.736164871693237 7.9566048080407334 16.519213900821875 10.817160803468022 1.7219589198827172 7.634724263311654
2007-02-19 4.706121574363237 7.970319957217111 25.806211615313874 2.0495466024987086 7.922487721371493 13.483855376348295 10.223137531363896 11.400375997331421 7.5386354286038015 7.825693480692233 6.114381477419506
2007-02-20 8.791636243599548 3.0833843955821445 3.6858144265553605 4.971178137040962 6.830854847395817 10.738319427411255 10.572786790962827 6.518222630036741 1.5822417927926509 7.7171795726041825 0.4027037749488367
2007-02-21 4.776246933183554 6.492022540050281 5.8739647711337355 8.072543000693578 2.7006182134614884 2.1776123503481086 10.659114140712116 1.5030323880533318 28.488500284525124 22.720365331715655 0.9633245100299215
2007-02-22 8.99036722289125 7.048686195385029 1.6585929360644454 15.000011428592321 0.8478969737732815 1.0279485830589774 7.37135089466002 14.082464459399121 5.199816462512212 11.236253857588093 2.877915459500926
2007-02-23 9.041807249420408 10.831649745228933 3.668241319715431 0.7159231113953932 8.626049909276094 5.456898437002884 15.846969831191863 7.233891550024937 17.249318489035282 2.220980831823682 5.771020703145619
2007-02-24 9.319799521214538 7.423343936179041 3.469055882276886 19.570169828159372 6.3942293526286935 1.168352749069395 18.221558941385894 9.71024356011365 10.880166630740561 1.7932873243789438 3.2266878191257984
2007-02-25 4.876639977572609 6.669207396487383 1.3588510870742827 5.977525689078246 9.772497496913438 2.270325061310527 7.272776323071152 15.834497577282956 21.704782866296956 1.6185238931306427 1.1093726243661761
2007-02-26 8.93066474836075 13.242225435188466 3.0558791323947174 0.70790141679106 4.747926477395402 3.8395997273565383 5.476373115203434 21.568250222565332 8.057566603801368 3.8848255740053776 0.7110553504879579
2007-02-27 11.052118994398214 10.938334922486 1.8288790630414458 1.9372711101312652 3.1177642663039755 0.3296466488430174 9.764668498484557 3.403537390442806 1.072086556915627 6.887924190280518 1.3723192208593065
2007-02-28 6.7891033450128395 1.5284551316076467 3.4290974286028937 6.297159369922257 3.908130620758381 6.407640273800048 6.0166382884093785 1.8173143891765315 8.523093536156692 1.0365340637591447 5.810317792834514
2007-03-01 1.4883636231270099 1.1680426491789095 16.022846624062872 11.338469342850665 3.588997206509686 5.12823930880341 4.628935220984168 1.7602545347674954 7.984317170041038 2.3781222167279434 5.492735373604099
2007-03-02 4.665078800878277 1.6424670141242703 1.362925420486436 1.4729529801001928 2.23942523859314 5.965609998116886 5.2996882631800135 0.32931810732556244 7.7695845103930505 3.7831648066730135 2.2700062843172386
2007-03-03 7.072707357171071 7.951035455712063 0.5875700409431606 4.274645090674014 3.572252267383558 4.936442300446625 6.9334944249792905 1.711913789181264 3.138714463171025 2.563103319221932 1.3705028219032378
2007-03-04 1.4533758711437674 21.549584851736817 1.9575119978258617 14.068774564475845 2.4227704313210094 2.1985710654053934 0.17440914357079007 0.17100959242596042 19.00414555594621 1.060764155714791 2.2303981428576973
2007-03-05 6.574379762026804 2.8429281085119205 4.990406418529306 13.417752441120324 11.30847270034456 1.9613746135688357 3.6600803796284995 6.364128074708514 8.461505491333748 0.29092646807521766 2.6952480786888495
2007-03-06 5.724977594958933 13.976684180781579 14.16027441395194 2.5964969347170825 7.625068271821268 21.88943717605823 6.686647643381836 4.065354845419229 9.319619234027314 0.5789732156584213 4.373737156259861
2007-03-07 9.931632601062363 2.6018668751054754 11.136184586241 6.5048217751117186 2.855415527612979 14.648466301045973 1.0928647314907793 15.017570771458992 37.358818361582514 0.7269532151820541 4.193613121839163
2007-03-08 3.516038201617393 2.615409602740937 10.02311449950873 3.5234037628312262 4.300989603704094 3.7118737733307485 0.2055506011144328 11.665044246309467 26.716125153815497 2.7525135822102476 1.8619554794654838
2007-03-09 2.9473474153235273 6.109016991926244 5.626012268063397 6.467555131292574 6.00544773784765 0.6802725441906957 3.6281697679236102 19.568985263241686 9.678477617383077 0.6095981178067557 1.3373713892690446
2007-03-10 1.8075081590886213 0.27509244233142083 1.1123372222263794 7.0209701933262405 0.45100413114250326 1.0939224476534344 5.388916457512483 5.946939540638763 4.569337711415261 1.147010118997066 0.2838797448304621
2007-03-11 6.359100685558136 0.5736393738215402 6.371675732020474 1.3773465775894556 0.2963068943448732 4.065148605435501 4.484918746697791 3.3316503361555805 8.98619785113878 4.249401563843186 1.302922867946954
2007-03-12 8.539175310264936 0.10989041302810904 4.303769121575803 2.601515680672735 4.076577719658287 0.6238509389421932 7.150480952654979 3.14692063186117 12.538087797307988 1.392433799551673 0.17862470410814352
2007-03-13 2.198008359414702 0.9357942898080012 0.14802923941717425 1.614472911839856 3.29965269623268 0.6949433105050201 9.166970146122125 10.688999048274786 47.762641318949804 1.6955905143672925 0.3269092304882541
2007-03-14 7.185685239452365 6.454352836396606 0.657434222393211 11.61312855089486 3.5555990330484284 1.2558870273636398 0.9496133398200992 1.2289190577334446 29.204355196649438 2.8261319427576805 0.23624336907116136
2007-03-15 3.8547628652127583 2.1701094789653332 6.750771283422971 7.056513168255178 9.259699364130523 1.9566266030096937 1.0424315635852848 2.5934765490215916 14.987015293080187 2.1160866267048153 7.023171902438626
2007-03-16 5.923705459069129 5.695462072379646 4.429951786845694 2.2845945643168375 10.253024291263804 5.6920712700447265 1.8462275242078565 0.2567541468283817 2.888704342024528 0.6052487223048835 3.832073258818423
2007-03-17 1.908035298065712 4.989808405700677 14.00556103631672 2.5875726226289446 3.8778189377659595 2.6979608115882905 2.211603624004031 9.700744126549242 17.923387395023187 0.2863775745416748 2.645146084105165
2007-03-18 1.1341824196718908 10.083436265396923 0.5779534979723584 1.896723819911379 1.215321092335925 1.5895569776046115 9.307101575289403 4.828580182108486 10.707262860527305 0.45346436084000064 0.10629721843980129
