2007-01-04 0.2571011634326543 0.9147191540536905 0.21249976958392802 0.3201116333031489 1.6363620660829072 1.7675861367586467 0.4805826586975414 0.9165023547377984 0.2528317769562459 0.5018587484078939 0.9572788810058948
2007-01-05 0.6325373281056352 0.6630608265984195 3.408444275329242 0.1362127276292557 1.707288641644493 0.8118997650300923 0.06787941141898199 0.9417207497808621 0.3201453604546649 0.41276013885264495 0.7551715311593752
2007-01-06 1.4001053790422586 0.2694325594427284 1.948500777766227 0.18661758842728715 2.391588379059313 6.169116798022538 0.46857789562213004 0.9611789699059455 0.10673816773197534 0.4736072866082824 3.0126414924961766
2007-01-07 0.2276361346601039 0.02111649869347939 0.7625690456884548 1.6436622577293314 0.7728798248001981 6.260990778654191 0.13954401956127188 0.7504841728075107 1.166863650151761 1.0679121857037788 0.23964159328373746
2007-01-08 1.9658838915750356 0.10786492265866271 0.5502320381940542 9.245017857603056 0.48454986968751157 2.888083691338178 0.6957259811392149 0.7677890636212921 0.3879068395881178 1.739878228089661 2.8210332155196514
2007-01-09 0.3770760980370403 2.7551415373546493 1.2190581193921848 9.312515584313658 0.6689335291429868 0.9071426299790698 0.9581206848625718 7.039445555257824 0.9383569099915915 0.05222284994334808 0.19968996563201064
2007-01-10 1.3971803765068818 0.2141083787916703 3.233765602811236 0.8025753047594877 7.360226469085369 0.8174255896872615 2.976098129360305 0.18710787757358963 0.9580852541284386 0.6652826296061161 0.3060189522836159
2007-01-11 0.5367042719037414 0.0 0.7581104229471276 2.2194315672208567 1.5009148347546537 0.14420942769865921 0.29543377291266754 4.8865796683363545 0.5262143221047589 0.2959335887391754 0.7677985002600936
2007-01-12 0.00854806269874904 0.0 1.3829485629751017 2.5104376805348085 0.08184630396783633 0.44221673118049953 0.18245866162132185 0.39891985625194026 0.14215613384921671 0.0 0.9956076888135152
2007-01-13 0.0 0.09132034993033765 0.020940361165306023 0.24025570838223692 4.913423976764585 0.3774561066657615 0.19265199277452077 3.0864542538524895 0.24885559192621115 1.5800927337616404 2.0548384896822913
2007-01-14 0.028857217035324956 0.05031567277668473 0.08149007742896061 0.05435122340271069 0.8366160615615141 0.16886380387481986 0.06298159664869339 0.33392517004548194 0.14163602659713428 0.11380092008441933 0.34539835929889495
2007-01-15 0.003071181386085179 0.08424356875721167 0.7640602703130146 0.04014508934250756 0.26853463154315094 0.3032910976836525 0.08242987336857854 0.2147515642082207 0.11718447966497297 0.05968734230966195 0.3965784171630605
2007-01-16 0.02562024599693407 0.7531756282037831 1.2293089910336006 0.1281917715711836 2.6707188298764226 0.6925121590497132 0.6214773594370163 0.0 1.2713354891782196 0.004307230427178579 0.2574029675735544
2007-01-17 0.09721684001509404 1.554652995685534 0.6859986953387014 1.6010051165810344 15.10856820243033 0.14260795705218549 1.4931719283016056 0.06108114594327789 0.8868244269372747 0.08141860951745553 0.09881507317790181
2007-01-18 0.07065613422094968 0.15756476553576215 0.6320462050191538 1.2252965933281572 1.3461115191022124 0.5388735915456168 0.24162824695835516 0.22744945313358114 0.0069992141279937884 7.744541380979374 0.06174737462193472
2007-01-19 0.0 1.634081783614182 7.592545184174751 0.17560780169265566 0.0 0.0 0.09979668070881252 0.153982722456784 0.8502814883083377 3.210358312743482 0.0
2007-01-20 0.006202438698589215 0.40169311427949794 6.874097011927895 3.662303460301437 0.8556819055390535 0.0 0.7352280970040176 0.04896885029085417 1.4800335115232506 0.5850964226316224 1.3110580901565336
2007-01-21 0.5361110470410715 0.0 6.426808049257856 15.053414317993656 0.02654577165968388 0.023616640790907376 7.931578565488059 0.0069992141279937884 4.225378515253325 1.4257996259738697 5.862665649662777
2007-01-22 0.40246889785231343 0.0 0.575903818811869 5.629805986088911 0.3371965635801454 0.10172808209438002 12.321421993542165 0.05144242684877746 0.8766903873301946 1.2959891393716019 5.986368188174303
2007-01-23 0.9801389612616048 0.4452076484395241 5.018724451977735 10.905721707234889 0.2501924788178702 0.5664047310122302 4.430340575263646 0.1985440951169004 4.969586784505108 1.2022357387960665 8.479189558761195
2007-01-24 0.6455233976894027 0.06037357964845743 0.12270087215117881 11.417344247177828 0.2668324873437401 7.996683052988877 1.7636285608656603 0.7981214224215789 3.247115612911814 6.9326672802862435 2.274470160272109
2007-01-25 3.0075155433735814 0.008110552909951475 0.020584634353802644 11.37277543552698 0.550838589405426 9.40028564564832 4.594037013251501 1.0756258726217065 4.135011782223261 2.333785770156126 1.662914419590658
2007-01-26 2.1096684023682153 1.162543765721258 0.11537545194231119 4.827461977280165 0.7269262793155403 10.216497895722581 5.210991987571372 0.1414460561348231 5.360153214689955 0.02385386683391421 3.957117826654125
2007-01-27 0.49879043126031397 0.987358750793878 0.04264050783061431 8.190772118225357 4.031037355096719 8.375022206223193 6.803965679262909 1.2224882510234525 4.030609609743384 0.21825113913172178 25.377284550769332
2007-01-28 3.144781853540067 2.13262065810597 0.26553017229489473 0.14927120690682916 1.7155022089823966 7.44471675120937 1.8785400709346347 3.034581891956794 3.297566652511253 0.27342133142791764 24.932983804071434
2007-01-29 4.949175444089347 8.490838969588403 2.7378762860225607 1.4300291080559129 7.19391973563314 7.1699753392534475 0.009296391820180785 0.9896544776047136 2.2577807138140358 0.3149123836085183 1.707081112313311
2007-01-30 6.352089918006589 2.7108050937449573 0.2563719344904072 1.4189588068543038 13.538337183236814 0.30293482761767543 1.2003320304193634 3.2051081740896583 7.80244630652245 4.087107139115498 8.108675101184037
2007-01-31 0.5820256926112917 10.67570885784626 0.6880677439528606 2.250360365811737 5.916645506073326 7.456783991258602 0.15152801343360656 4.746079911751064 3.3912139378629087 3.174368215483643 0.2110919625876308
2007-02-01 0.05958189327368089 10.268114382123223 0.37860004457286395 2.827632957282896 1.4469461048886307 1.6021844120525657 2.4435354103049676 5.1455356061947555 9.06009114656681 2.2561253459240445 0.2753074643492728
2007-02-02 0.07888102617299303 11.69046249536545 1.361744936773168 2.846157256843256 2.576810070458818 0.6258548024914047 0.5260012790482106 22.938925764263068 18.098378773925155 0.15904777022841315 4.836197575849829
2007-02-03 0.05093779220247607 2.0820222408846814 2.996191142761492 6.222237296668773 1.0019642887231837 0.13130390700263794 0.049521142903634206 9.770365636101968 4.177350643511165 0.006798265475704102 2.835136364444818
2007-02-04 0.07633988148719671 6.711364614617972 2.8018496778360595 3.3204835612477277 13.878940795361991 0.13954401956127188 0.5906626238326329 18.90505348208422 4.343279093742439 0.0 1.9883729317896517
2007-02-05 0.33936573137249704 3.298018204887841 6.317335037090381 0.6513538517589107 4.1227385270016725 0.18226690073041651 3.701454178873006 14.150632400672889 0.8716815886587668 0.26165310306027323 7.988870621408072
2007-02-06 0.8931372368430741 1.8776422953928418 10.43014365650141 0.7566271294542051 12.632252741249857 0.13379486442687688 6.732171356134351 17.89282902974183 1.0695824541927268 1.4424724282504422 18.222991366544406
2007-02-07 1.4856711897047916 5.868937769033073 2.932406286332243 2.2358789099021017 7.781145841715714 0.17512861131607121 2.9355395195630347 24.730827536423515 0.930225177924896 4.5430063737700905 6.809013049552636
2007-02-08 3.667038142667534 0.590464678660944 1.5608162186566719 0.7090672028776822 9.092762128497117 3.061132919559631 10.95604338588946 6.818249047864663 0.8331007897299894 7.551751793216319 6.7608914432156055
2007-02-09 15.142803114240568 0.6583048129571332 0.1534604385698943 3.2081214922289547 7.708006889682129 8.818448482492352 21.189535148536493 1.0678116372903088 0.40329663524042825 1.7815706713602404 8.751853314344995
2007-02-10 16.007665206674584 0.35682799109297847 4.793681192707312 12.49928184855202 9.165383217626518 2.9512862621387725 21.18296745827321 0.15382999155321397 0.19254014628578292 1.932932578048891 3.437431539248638
2007-02-11 7.596027894186577 1.2520849079110867 13.295956095556164 20.33406290377497 1.707433480819677 0.07553353325706799 4.1872056623564955 0.03524018245149753 0.11821783327298903 8.719383029101632 7.521162750594239
2007-02-12 2.0750625455325196 3.0030703288272056 3.3154119424840065 5.216869015505125 0.08252815611307474 0.5423751828099876 0.671750277464718 0.43689798126250157 0.3123091286440615 13.576759541913592 5.305933083712355
2007-02-13 0.22074191847309999 0.10320635287392899 1.4937553894455595 2.2131584502663886 1.2793589311114215 2.0405045675126017 1.7942589588665494 0.7581899813791437 0.2112358662294868 1.1548622936112853 2.9926215742927678
2007-02-14 0.23981097990879835 0.016295605948174575 10.77370689997413 0.5476206442075726 0.6698278755753129 4.489387522303408 1.0108214530309112 8.556488681929768 0.22174646998147704 0.34326739182257376 1.5644432100677095
2007-02-15 1.395913190059413 0.32755555875888 2.276573930936821 0.5644359330493056 5.705986059697714 4.584517103085867 2.4586147593306613 3.899142182023812 0.2016833548250075 0.4931781825423922 14.561391221989865
2007-02-16 3.6260825806863464 4.8235282604275955 0.24141827117640996 3.088714610777715 1.0044614721850809 2.4117634528734904 0.8932784047247955 0.3699313337800573 1.3990989346227067 0.6048196639411954 6.47333098747549
2007-02-17 4.9189227403250335 10.610928445233332 0.9772995027340767 3.5008516677196377 1.0525105708155227 7.176211169969264 5.355372217473752 0.9366317228471525 0.3186145583834231 0.3388323761484605 9.572234103582373
2007-02-18 9.869269468841104 4.37303050268386 5.683409163121441 9.008701902994812 0.6603890198503234 1.5361551217510834 11.581076752887558 1.9823219791693636 0.007232056731419393 0.37772997392740276 12.58545989527623
