2007-03-22 1.072537695120995 0.3235309360870863 1.6699345951553917 1.4832833956047855 0.6244100134328839 0.2821929541141812 1.2260834085983492 1.6559736772027736 1.5937933308690528 1.1133441405177495 0.4952855383006677
2007-03-23 1.664164119446656 0.8324814548687365 2.641382514220921 0.44358956024411106 7.677713137060265 3.60553567363056 1.3518960036553263 0.010872564837888439 1.0615008601288913 0.7069959792241164 1.5069105526772486
2007-03-24 0.799844589250681 0.7031245802487598 0.05219979979149652 0.12515926512303518 1.8376849755450078 1.0854736034583534 0.05069010441467576 0.1931852235176192 0.05185772431780053 0.4108074996539077 0.5348456129008816
2007-03-25 0.8492869527420683 0.621201012454967 0.7206731613814724 0.2713706710281393 1.6970721642061115 0.9558231662773081 0.6322248548040128 0.08712946460184952 1.4498876754712475 3.255973340683723 0.45589225736402844
2007-03-26 0.16238464373935158 0.45768263698751904 0.09013942877358033 0.0 0.0649169895156732 0.19425148356342567 0.3326021584999105 0.9648380367652428 0.9122984288624325 0.05864701473218617 0.027755833791200744
2007-03-27 0.3990446533736863 0.3155411284196822 3.926918356429688 1.492571255136641 2.317025186554423 0.36707601842297616 0.0 0.17200412360304151 1.0108732134174734 0.9597833763832526 0.11423670156691237
2007-03-28 0.3184184627269957 0.35985649669322817 2.592275311268386 1.0568007918716433 0.1527028866686052 0.24081970706569256 4.7449361934656356 1.1726944208389902 2.8473070604211945 0.36093054676448516 0.08202444474787499
2007-03-29 4.047286488146965 13.130526596068833 1.9478256396163576 0.6139986312523835 1.588963151185638 0.5414622040492607 2.1830479205443485 3.5915169507675055 0.019775064500631667 0.4365036238850237 3.296570354708119
2007-03-30 2.464534051149533 7.76844796644121 0.9460823310289109 1.1332991192600252 4.925096252361129 1.1122686110060478 0.8364622879462653 0.7836268539982674 3.5812100590005027 4.294348620183645 3.3211538958407765
2007-03-31 2.8912953685943963 3.439800231965817 5.188499001303406 3.3091190672649518 14.558811303185777 1.148544965021586 4.27080273216638 8.513834289966548 8.562766408321549 0.7246832444891789 6.669698749153491
2007-04-01 1.7176709428491292 0.6910999925569656 5.026824752029166 3.2577114736236474 2.5642648537728268 2.9098225859706948 3.9425747252731207 1.7052573203972723 8.128898591480443 0.983640967768901 3.5530093771469353
2007-04-02 3.9766424940264615 0.6980197293429685 0.9272261217675518 2.308477782346827 9.222799564233446 1.4585251889176312 0.134625869535119 0.48428116500868035 1.6547642357700725 2.3620986047793995 4.926131851974537
2007-04-03 1.306495546433533 2.5288578162475117 3.7861621232097935 0.8174772138855433 14.894699006961082 0.7484402174941669 1.8509462197704631 4.384155060928481 2.5395440138841687 4.198010005289094 5.873089724405181
2007-04-04 2.7582458734474953 2.767470303808825 5.120440727427751 1.364821540073954 0.9689060318026372 0.7772012747347308 1.485367291115057 6.715705537490597 0.8531375553257812 0.6159921763756518 8.022152404251829
2007-04-05 11.256472748475861 2.286306809688023 3.6359565962390645 4.302982478470835 0.35350681423379327 0.5074948962043121 0.07331490408373387 10.704882279982641 21.332466475476522 1.0380634690862438 17.694948245371254
2007-04-06 0.37834097563549207 8.095389186534025 5.025682067469415 15.204079054027066 0.5595785958125856 11.0895545458933 1.3066398475916425 1.6759996502120293 4.354125422357165 0.27789104980164586 6.244402775523525
2007-04-07 4.568447038880271 31.582381846550838 15.122660610292769 12.41062321084189 2.3973947620169582 8.032363798925967 3.6584815085876494 0.26713442189620884 4.675057964254506 10.49671453037724 9.831252225840743
2007-04-08 10.524710733494612 8.101148103631619 9.750023980375932 12.245326250814866 7.2619790621999245 5.3385192103994585 8.741469018397982 0.6850803444219122 5.061600472243899 6.2873429231484845 13.918766632304113
2007-04-09 2.483618893812399 18.550157703404984 6.015720478888211 8.33365986128256 9.141421564591177 0.881046213217513 4.787942224145944 3.1502421285911715 18.0762962050542 8.486054815760141 9.535073854572335
2007-04-10 0.5825892741195104 3.5187233053921156 1.3816652191215115 14.509062876272173 4.039621016561402 0.7086529323542912 19.52100189281564 0.8678185895177262 5.989153291454318 13.826654183499826 4.549233553576
2007-04-11 0.36082138635525385 0.1071918750527919 1.3278509842966826 4.1455034935075545 5.1227161318115755 0.0749758801970039 9.777534672370571 4.374202486396796 4.929469491668078 16.6414657772318 2.0676015402539507
2007-04-12 1.2878311679957886 0.5579731168772177 6.050119391348957 2.748233500646109 10.973994822744832 0.46335125619704964 11.154071259941471 0.3162835371411931 0.7114915298239441 1.5353554647773437 3.000791221832849
2007-04-13 0.6843142659440604 0.24217740463149695 31.09025571309437 6.59194777182965 3.843951533252599 0.07381299432680094 6.725949273916942 4.244710021441831 1.219550785874516 0.876054461641274 1.3123602052102539
2007-04-14 1.0701856602359319 0.6808593446073328 0.8572662725378418 3.571848560908072 9.077102327622617 0.09387139116011416 3.7466918352607994 8.485087024859023 2.84450495248054 1.0366607750485815 0.6619574527005263
2007-04-15 0.7195031357259337 0.658168803621655 3.586170633706935 9.697436467091768 11.546429980234674 1.247348874101493 2.2341289856278506 18.205766410663045 7.646877879983184 3.662372134217167 0.4056450027886589
2007-04-16 6.322284633002344 9.960630927586212 2.293423823905699 7.164385748535555 2.348028525566442 2.9229201876706643 1.993552149997222 5.539597628625746 15.734696790005636 8.850199936502685 0.00272241721745578
2007-04-17 2.878436505915208 8.674271267725238 9.767522486947197 2.3730484516716333 0.9398054078698393 45.06302097547625 2.419232313392425 0.6261491339675018 17.8760033634871 3.4022025956985242 0.3668497599503586
2007-04-18 2.408487808528533 4.904532395138309 0.3218283945310567 6.220630321093523 2.78494051831973 3.9537413454353674 0.857079978158039 12.937810778538879 8.063365312965574 6.0628320128145265 0.5608018046021778
2007-04-19 5.895538624281184 1.1880864765279837 1.5653906281158054 3.9887108730151324 3.1179982412133844 3.6907136104928955 0.6000172612334085 1.7906281484761317 1.8756409501382674 3.6237909918326126 0.7960304382598807
2007-04-20 9.808589813131626 0.026097691148609728 6.091687834623432 4.977517917912571 10.221301234680094 0.6997299736158135 1.9787346290767225 3.999644429708452 1.0471784155437023 4.547744039397551 4.438000795497306
2007-04-21 19.940112351244284 0.11002430766528735 0.8264741166105267 1.1640498424729584 5.740244894128287 1.7376726399182618 20.76536253357179 9.820444492536367 0.8876706914960786 2.074584190615535 9.862372406586854
2007-04-22 12.812295939695222 0.126187647672786 0.5555004546369477 2.4316652868016444 4.553193492666989 4.410916621314739 0.34116447980152037 2.1419282541531643 2.341715275911959 7.870278631322012 3.5942908152394795
2007-04-23 15.737062280512745 0.025660902655607297 1.333776937795457 2.9295016181697617 1.132688209510826 11.838060132320603 0.7681247448979515 7.2239690907497645 1.7243234961755154 6.6017948640578386 1.8079000558754388
2007-04-24 0.4595123559738782 0.022938485438151517 0.8182382971691695 1.4272917518817163 1.3217515739903138 0.30363280842009055 0.5743735414057346 9.981940274175335 0.9239260029969838 0.014529936533434398 0.4573427036188622
2007-04-25 0.7147496762273975 0.025527089628689582 0.019367068710270878 2.7154037236251467 0.6611101179718086 1.3239302370557469 0.9344112014351444 7.4605083751593195 0.8633193674622804 0.01522926568953173 0.5144152332912185
2007-04-26 1.103566523025246 0.02302857978462728 0.2103255342366398 2.1184755724129154 0.01616422016762191 3.6192923093048406 0.3909226190277191 3.4458368712016094 0.3215822249326066 0.05419815917260552 4.109908903462734
2007-04-27 0.12370019035450731 1.4156002345111283 0.025527089628689582 0.5915317873499293 1.4662365275865423 0.6520642544802453 0.02703678500551035 0.6100457136215615 0.15511839048043613 0.15202247015482862 1.5622713731798834
2007-04-28 0.6508716747622615 0.7071817806781264 0.5112575286759995 0.9295240566275984 2.741121317550611 0.6472923671272025 0.012820534688899338 1.189105627559102 0.10930457979059502 2.807474821269533 0.03139348624275607
2007-04-29 0.3821075464169039 0.23146892319874485 2.4835906146091693 0.47940331671371494 0.5739104880380465 9.75237084344426 0.28716821955267524 2.565174504999239 0.15115742346567546 4.340192285638032 0.32581688600882247
2007-04-30 0.7614709760055995 1.8450953500368072 2.612596944744382 3.7208071238104803 2.7833523417800365 0.1391535316885394 0.03089953509912753 7.02555238937445 0.31695028782226065 4.502443718253918 0.3519194295397244
2007-05-01 0.6633067829030457 0.9976955359537768 2.2113964183966286 0.14854998258532065 0.7922326493094448 0.4289886333206012 0.0 0.8398252504989562 0.245645350234144 2.615697945025724 0.09274789338079231
2007-05-02 1.3958643895514449 0.28532518659770745 0.7698735288615237 0.06733475642447409 0.05486306988046064 4.316609254669456 0.026843547667243263 0.0 1.0339164961586436 2.661043877489952 0.26990730371135196
2007-05-03 2.09004661360745 0.6194137380070204 0.20067245041886544 0.11640811032683142 0.20420675315791084 3.4215702361226685 0.03000696860476311 0.8937382918221043 0.02205005832259754 2.271790487918621 0.6110936915073446
2007-05-04 5.260218277507225 0.03729482882704583 2.682586962537618 0.2306335750757258 0.07681881908699785 1.9609684935242582 0.4755793865023455 1.1909583539095743 0.01531943588425869 0.408643271148094 0.1379049201602886
2007-05-05 4.171999447953335 0.5670524750465262 1.6287463024753577 0.39481029635060405 7.371353036974123 0.023375273931153948 0.1348122277926997 0.6092554221214969 0.5961076803416451 0.14127807931064926 0.11962598541320198
2007-05-06 1.67400622629371 0.6184357043002975 4.598521036548464 0.36587766466407373 1.4223535761269384 0.4654598483359521 0.21338815801923133 0.22784109834257588 4.364509902940775 0.00673062243833885 2.3795781912852068
