2007-02-15 6.24243743377638 2.323575524405895 8.90751811978907 6.118837481560553 4.5186424690075295 8.363706421152687 11.83839813469465 2.5452614682397736 1.9912711014115725 5.609756148625481 14.713691479517763
2007-02-16 3.831490432355177 4.235917351322991 8.30229676044165 5.941840808516203 0.7016997286546975 8.742898359521948 4.660887195459381 22.589428234298637 19.142470935055144 0.5797461370603606 2.6391040497072877
2007-02-17 20.70675525375058 23.698752589555248 15.667838542039819 22.599003247524834 2.562155503918431 19.28971389593637 36.81242608745212 20.670677674787413 33.800412057733006 10.984336410311002 15.202015220206587
2007-02-18 32.68607953299657 48.447405416277704 31.07953701858612 33.46552754687613 21.256368574563417 20.837336721083506 20.36104667186183 17.506614414404588 35.02097689636784 18.138881857839444 34.2680718662827
2007-02-19 22.5877093314865 13.597979754800031 16.768703811382576 10.309035629979444 22.371811787383713 26.889702193686503 12.561159413915426 12.836377782881115 21.48610991593135 34.30885973696209 29.024067677895413
2007-02-20 14.896357223686715 25.730390225451316 17.671678393319844 6.200295069410198 10.026436467917875 2.5866619237943564 17.73009211938823 19.162756142870464 6.222366742745424 4.979313370622037 12.275485172316802
2007-02-21 9.645908434614348 2.557868304016734 2.424566241488012 15.665453097861246 3.051398155723403 10.748513803835934 10.143292827435111 11.83426238856287 6.692968788625616 40.06271427183081 11.147603195024768
2007-02-22 10.459070069511144 10.295152636033947 5.447002867668383 12.980660906144447 6.080852945257733 7.859152546947135 2.413700088279219 27.040082270005062 13.966680516693751 7.644211862428696 17.686964444781857
2007-02-23 6.695421809642848 6.003595925343199 2.6456167786752345 6.54595935531674 0.48032914802453064 0.5767266600992985 6.107067489519471 16.72213729163569 30.331859035174734 2.1787986578378487 2.255670765337509
2007-02-24 15.548183484173634 4.349405479581372 1.4935898137029282 4.6156446240566265 0.8914649494168049 1.190777623383557 27.07737165900242 3.105627490161568 13.308182220304358 2.931595794082287 3.461310831470191
2007-02-25 12.679441470966449 2.7234537543056936 49.98208422839342 4.183702490195435 6.900405446389549 8.242808039509764 11.644208713824108 4.531883405310119 2.161492027311855 7.09582676056692 1.2525687605540945
2007-02-26 1.2254154519346794 3.7507517315652104 7.016038950539951 7.830436912777032 10.460237125969858 4.40270768876167 3.809204502515516 1.125973059402035 2.421639898678883 4.799062629298046 1.3371359385633896
2007-02-27 2.2638282978207314 1.323939415455293 5.403431666543607 23.87675496660299 14.540242827214279 0.5386550721423586 2.4369688154496507 2.7056790540186757 2.903733350455582 0.7297494788373999 1.688072802158191
2007-02-28 2.2936201655133726 2.564719315160703 0.30779002481688045 5.09995276026224 7.554818959643527 0.6053344118203827 2.3135835000354557 9.663127305219355 1.2026300895692814 2.847183821200857 0.42187165369672386
2007-03-01 2.637600989067885 6.936988435936054 0.08576565182577305 4.016662082548301 8.150994876025957 1.7369443118639771 8.803109763755502 1.6075246888941632 0.5411959601850166 3.275275374442045 2.7666325395110816
2007-03-02 4.76350001965065 7.001564566458846 2.6874039349173335 6.627340578307698 4.956373325669393 2.8452155303560542 6.137542149899524 2.8962153768413623 0.23314166872093892 0.053136956358793355 1.627186112696519
2007-03-03 0.5780305338142947 3.9914820793170085 0.9877438588332541 1.8960237804919928 13.775944108370986 10.944687929218889 3.000937374554102 1.113122338890057 0.5155847618169866 3.8990911050424466 3.411369724865575
2007-03-04 2.688723329179085 1.4639806920091432 4.587636239915593 5.526868416815102 8.044226663438874 2.223702166695879 2.907567079010347 0.6209252614203206 1.9703219949472561 6.032311667766764 5.211285623857918
2007-03-05 4.440257045403278 1.0860577967395317 11.101194319141507 12.66871953429364 26.453303974371153 2.9290918717264463 5.065558511903489 0.23492211547289715 2.888683743631579 5.657191089807379 4.070411116148428
2007-03-06 4.354186334375185 0.7563377897202839 5.798453781432187 9.77076402881708 1.7169533040362053 6.44095394140821 0.9429950465470613 2.8406529873956714 0.16915650936879176 3.3939490039616613 10.721587057594874
2007-03-07 8.590469833289525 0.32581990358652535 11.753404893056164 16.13900653031094 1.648533643520987 3.2227188455177114 12.9155078888979 3.351964180330482 0.25849021806375294 2.0353624041027936 7.123570408750771
2007-03-08 7.39914794859212 1.100133694202925 4.373585586941941 25.003056191706428 4.737754989070179 11.808781320322636 1.6773024900700002 4.925725915031368 5.344389430795092 0.4259904729307216 0.4310560447151214
2007-03-09 7.448929707532952 0.7124379257260054 5.433461422522742 1.2923402772158765 4.548848201782554 15.182368962250331 1.8540220097288937 0.3466325826141703 1.4985266619538873 0.49553333789218923 1.1330122858065028
2007-03-10 1.5281983050722105 2.3342934917674585 23.2940728873671 8.049520500568903 0.2240345056403469 8.776710718354972 1.2279140002332365 4.178948486006419 1.0315838425607873 1.5611159152221057 3.9636543996446036
2007-03-11 2.212238918643189 7.931577575160181 17.146141632257248 2.1576985369882786 0.19316273220654692 10.324155566808294 2.4224060657723063 5.657771403280116 4.861832271891296 0.8693821700292959 1.5867653474244743
2007-03-12 2.3713867443455037 4.230441313891265 1.85374828489979 3.464971839755811 7.509781297057226 3.154279734119338 7.120915608080049 0.6950460238536416 10.621949236307278 0.7403451179806877 1.7126915742156255
2007-03-13 6.126701638187518 11.79690689550874 4.769392562948758 1.6037897747240368 5.092045526739902 1.8478549190822915 6.511218888156799 1.296288429273085 15.411672420025095 0.7307938961383342 0.0508889148453517
2007-03-14 10.751390306466599 3.8522113302462815 3.08767606893204 0.3443965607845326 0.22058183612635007 1.4491811837097137 1.164249186593957 0.8102367887652122 12.639025583533012 1.0442950733221688 0.2525342322828002
2007-03-15 3.32846049806526 1.4812822666083292 2.337429584892482 2.2929592686466487 1.3896338627292906 5.669477561128305 0.5655236587489545 0.06001571610351313 34.46629317628147 1.197439537311841 2.435122719305884
2007-03-16 1.5709214901466693 12.932820693682618 3.0016013629876626 0.6625437921178279 0.8464783688804225 13.984783745281083 0.3748170195563214 0.10383370744904737 6.658103905026044 0.6348009531825628 13.255061384687608
2007-03-17 1.8314161825487307 8.962312741594385 0.09248094648921819 0.8641750189048647 0.7146755271842915 16.146644326508373 4.639160341813879 0.058845128171895314 1.62084445138432 1.1760570022826915 3.8859273779567545
2007-03-18 4.118008935953428 1.2058999291619237 2.384489809983327 0.985785921463051 2.0248234411472597 9.86327044494844 4.441589051303867 0.9031453652107856 2.077185647911711 2.3238108397683535 0.46738080896538264
2007-03-19 1.0527107928497916 1.152401653360549 17.619783055666147 0.801646856928365 4.132599546708548 10.865686347683713 6.6514686519072885 0.6672190344154078 0.7463908926208361 2.0169899053580043 1.0091866531486582
2007-03-20 0.6715232597627541 2.584482873649323 10.894030157212118 0.9222046043641506 0.26764544131628354 6.903781782379709 7.129738205929053 3.449973512482084 0.557012708232946 6.397867436227434 0.18026549697154232
2007-03-21 1.208996219137688 3.9742401642073104 22.151827260665755 3.561953392331684 0.7584223565799562 8.180862098855568 2.2109608024946 10.75417264591342 0.27283768337857045 6.465392169839557 0.8086021370761418
2007-03-22 0.7872230693246833 3.4832582384129056 5.335584413142008 9.496250683652534 1.6825721262776598 6.827228344631877 2.062832160623259 12.558344822959615 0.046429999115276885 0.5972007874353 0.6055435485677593
2007-03-23 1.9837104182983252 1.1657625733005632 13.197504013640337 17.671499415460875 2.797867056715666 3.9900064255073078 2.1944450410956406 5.111063451221122 0.5431322983622614 7.273189666074142 1.5486903708018724
2007-03-24 1.375050038736974 0.23991671427965705 1.2728343013262318 7.928884806166826 3.0326150314662144 6.479259864516015 4.540489111579727 1.0292166871221737 1.1997646548351892 0.05460469958618076 0.8134835681036435
2007-03-25 0.8586974168261754 0.6822780973982875 3.8630462563152945 6.449069271635713 9.014559389998492 1.1122804552135566 5.3201411016276365 1.0360977383606247 1.9134258349343816 0.5287424095346134 0.7242988312038867
2007-03-26 0.2869583583942976 0.5558205825135076 2.2832860393525065 11.087155976261968 8.951602519197259 0.362931546950507 7.328538768835829 3.1663888344993847 1.626387662591101 0.28272818386508736 0.2560671081053495
2007-03-27 0.3541183817915797 4.572409383490072 2.5393820042444517 7.713782861965257 18.143898141502593 1.1317415456849542 0.6210545144179915 5.872359207117915 0.19403018664133553 1.208553314144555 1.8029333914938839
2007-03-28 0.2957362522225332 6.726080909034503 0.0 0.5433117233511229 10.841657724873858 1.0854260905688404 0.5834836321892825 1.0851905759846672 0.1048376516737781 5.318533259666342 0.8461398116612682
2007-03-29 4.710318297088103 13.721148507189643 0.9845947441937473 4.074049013085803 5.0995315470510105 2.8982278819540994 2.0749009854506912 0.8920921408257223 0.47707867200557397 6.471824703201355 1.2027727310762388
2007-03-30 3.488659335197597 3.4137002294290517 1.541668885048369 0.7251520969597982 6.384118282110209 4.228680698957062 1.449022100242567 0.9956104054130754 0.03088336559572017 1.8970330127459338 1.8569511752177084
2007-03-31 0.1974626474770338 0.027696299064375776 4.868141998077968 0.8260728469187555 1.2381523148970806 1.7638875247319827 1.352102150291516 10.618653469729905 0.1972174694177547 7.87804142964413 0.11171071697750581
2007-04-01 0.5591814639541375 0.7100226401181439 4.544953539466139 0.347569967702813 2.7666753114806246 1.585737241973698 10.473240765985244 2.4850913822032563 0.048451425768259 17.574363710551026 0.008259782452792137
