2007-01-25 0.34032251523723134 0.09524024307736466 0.201014144043875 0.13078867746641476 0.2300262233784989 0.7976483987116021 0.3473386700691108 0.06758139931228449 0.622619084297516 0.41657151976646006 0.25013798663682973
2007-01-26 0.07351078828175125 0.4026074777109486 0.1878592959563983 0.44267305222598147 0.22246352819847015 0.4574968830371384 0.4181995876990959 0.1902634383568359 0.18942396976358616 0.9718275314878103 0.6022061830224402
2007-01-27 0.3066964584855608 0.0409065524427033 0.5681432129738109 1.405478778489108 3.8334052386235853 0.38380685540195136 6.591860626468824 0.15614528447058235 3.1381492502416837 3.228186935028238 1.9546931690258578
2007-01-28 0.587993777398942 0.4317445281734238 0.9655996478841526 0.11345486074345124 1.6720032831403795 0.07645498833754469 3.2288445071543928 0.008873589025260212 2.2059705076160268 1.0203577035351439 2.1349924854545814
2007-01-29 1.301495842245453 2.3922220596529855 2.8239836871824 0.10778348020388537 1.5057975519675884 1.1747294451180164 0.9753632910434119 0.06320728057487571 0.3478391877539967 1.6667071369290767 0.5403914768186959
2007-01-30 0.1575688208387972 0.2271278700095223 0.5257976094889814 0.18204766332549235 0.604311343258108 8.499930769385916 2.883683170637128 0.8839536846831954 0.8245381809397171 1.2680397489824906 0.33110268323370984
2007-01-31 1.0876227961989295 6.34766740825862 7.291894682991286 1.7849471183589833 2.580749214837664 12.289807679818093 1.1969644243506856 0.6009429082168559 1.8128739686239395 0.4951189376251476 3.305606766339726
2007-02-01 2.2501967422984084 3.9050650200088617 0.6678663445925694 4.22147329131972 5.117394658507637 2.5110446259548014 2.392921365475184 0.8731082489632789 1.966228091417038 0.21199222934564022 0.6533995064048983
2007-02-02 4.533783853060868 7.457509606369802 8.269780481091999 11.283588629466903 11.269790043314485 5.030313826440315 8.562101891583206 0.2846026432012344 4.572614105250367 9.375675209512753 2.4839515480134624
2007-02-03 8.094350754899082 10.781050681670425 25.82342791095686 25.59530489260557 6.8982005981764765 11.871279412575205 4.855710612598575 1.4921434579456216 28.522253327976262 17.28725910347827 12.244803117385985
2007-02-04 20.764243227734823 14.02493786726254 5.982949252181655 2.316291640871453 18.38861339658073 17.964887143518187 20.24342518310427 10.172840315359998 19.48415965342587 62.67408330167788 11.145172599904598
2007-02-05 2.1820076060799383 2.4887858060077392 6.212339422500371 0.16546571265104637 6.036852966213562 8.628212062115946 11.989435748116126 3.554791433689226 5.096258341651584 2.939095550546312 11.399324473702817
2007-02-06 1.3287874396779222 2.0125685726712153 7.824008115208152 0.34176793410406797 37.92062216400651 1.1356346104701336 24.07418595468191 0.007763627044640252 8.728701636591296 5.654745121754107 0.737375557666938
2007-02-07 0.48454251469490167 0.5194439802106942 0.6590443218394784 1.5053622679293506 6.664670212012951 7.383247790431691 0.8088401705253443 1.5060429230584707 0.7208073804702053 25.21190394676516 1.1922500833584997
2007-02-08 5.008138984458336 1.1965725797020523 0.5901320992913777 3.0031604438333277 15.897161340800025 19.17914323005168 3.1605469946239255 3.5799780969527837 0.9817637261581009 6.750498927950824 2.0443886740729047
2007-02-09 18.034201474918795 2.7660622773547834 2.106044057755637 31.139003085253783 0.2751815195649116 10.448758824845044 6.498068742113068 0.45090078698751507 8.793769460784098 0.924729050486418 5.576437551588078
2007-02-10 18.372077687607185 7.916721945554848 2.869091778550053 15.887871498227685 1.217000777968473 4.41394605641454 1.2652183585533718 2.9864361745422645 3.082351161396417 0.0 6.609183140032993
2007-02-11 9.194647481762225 4.243385669588383 2.5287161785343217 8.451187205722086 4.382493389441748 6.209081185670192 0.5703894724543463 4.7544622530367455 5.043209495653972 0.0741096307607061 12.554867659022257
2007-02-12 10.707873117104324 10.624655009183533 3.3377808589107025 5.589906118884209 0.5282102721148197 0.3362460351823694 1.7733411032378423 1.087098287834218 0.31969595701844666 0.15620913283010712 12.003578143479373
2007-02-13 31.41782671136875 6.4631960182452595 5.0729619227820155 7.169500315465367 0.7430529822009198 0.34219420447469073 0.5478881477866074 3.277881423924951 0.3217224078645581 0.8456080635800247 1.2991848291846146
2007-02-14 7.963119804064804 11.42568901512485 9.346148147675674 3.9974002142249745 2.561799704842663 2.7665831390155944 0.7155545813116472 2.908640350512024 0.6456883680010295 0.6948819575881047 2.607213551511574
2007-02-15 4.683777152111873 5.723975928007157 2.3599896160533853 2.4402430108250552 1.369327443322378 7.381404768771057 1.8602882522203055 1.4660317537132939 1.2954130177518526 4.063851646015768 1.785596491731273
2007-02-16 2.992206126682314 0.01071074070254754 2.904945840002322 9.418600745010245 0.4059079326636576 6.484336402734109 0.8337685770277985 1.5893132482706125 16.468621132978917 2.7468245619674563 4.524838602899406
2007-02-17 2.3141376730862295 0.15992810352355774 2.9962760469138328 14.10298455106593 0.07355945377963624 5.194995580304709 0.008391666188051986 0.170068451611213 2.7011591151293404 1.3351429343202952 4.404543957900764
2007-02-18 1.0954580615174578 0.015088745908680406 7.292439805035242 5.417361244530287 0.5950058067167419 12.744855662175091 0.9973907704759464 6.618824259294905 0.5039945509058141 0.21192669558221372 0.32139297395205824
2007-02-19 5.090263266298201 0.31804447026114385 1.1209675762801812 3.762878031177891 0.32730316592179676 0.8574259836208393 2.3873675062639967 6.979234840946369 1.2010171745521223 0.421035961672287 0.08964935874490546
2007-02-20 1.6833911380395616 0.5670531926801883 1.0838516969914016 8.343941007688622 2.4509297621221986 3.1149566088295044 0.2727735297524262 10.352239104950339 9.489334497427611 2.591452286836009 1.180534764642245
2007-02-21 1.0453285615814916 5.46655639085756 5.71234797710645 32.34397677874156 9.851599711922935 0.8375477042353525 1.0016689323545789 4.840466519440241 13.147221703574765 1.044037837013191 0.1313692559671839
2007-02-22 1.0956060406308576 2.0328783829217674 5.021698536139446 14.055909312730694 4.030016514973415 2.5095401531485946 0.1361262624300484 21.58418569243654 8.639842427787352 1.795410098491686 0.39421919280743856
2007-02-23 5.953121941204507 0.2705107884960362 1.6220690861063396 6.746871381897314 1.0725991866542035 4.330602622656015 0.6635940249889514 6.182040370481969 12.037950367184003 1.4182054073077057 0.16284767964843033
2007-02-24 4.72811950364734 0.45335111653980076 3.3626450853588192 9.264537509811218 1.1912991365536976 14.584931563457891 9.807028195928918 10.782792107343038 8.363386455400455 0.33263679004898183 0.2533024776441049
2007-02-25 3.4781771157632804 6.850654235916391 37.40894694182049 5.823930412404077 1.3614581412321638 7.99091883968989 6.01529811146275 8.762786407801467 3.322225088821048 0.03950213397855293 2.004738154346149
2007-02-26 1.1022069571624282 4.654546310361664 11.344557870593931 11.69437628450048 1.6523850431079086 4.358686507595426 12.222787408014995 3.2505592713151463 2.6037730164573833 1.5327095837197078 1.0580328191468846
2007-02-27 0.14560788782895362 7.461574838334892 15.8819868512766 7.922354723820763 0.2472716941001267 2.0082908785331006 7.566928112405085 0.9256379151861303 6.768061213017754 0.05375283569428252 3.0066098777456025
2007-02-28 2.3876561640397433 3.2589318133241356 10.625115259567075 3.8479008101663763 3.3889916319430107 1.6580938349834633 5.956403451255095 5.646410433079065 14.750703620665398 2.247202996331933 1.5958561670270783
2007-03-01 3.927039671579521 1.2913629153121449 3.6784219749667475 3.067208569055327 7.217321952039754 0.4820396232848408 4.3102865316487495 0.6037718162678645 9.40817263332055 0.7632755428678806 0.1109672476702244
2007-03-02 5.77301402732594 4.556421754522342 4.970023454734383 0.8520056722776754 15.848370865166544 8.382164425735736 15.750980925489483 0.7539010743976935 1.4407363789966812 1.1709386368399737 0.06804877004518692
2007-03-03 0.20653181424490022 7.313477616297822 0.7354037193837502 1.2781166965332686 3.346019679918712 8.071579401331883 43.32416803503044 1.1493229144108847 0.7899124282617298 4.090858325930661 1.0171652707754286
2007-03-04 0.5914612418873 3.035238922145378 0.3203812922873169 0.9520460156834072 4.191162141647351 3.100596286121262 15.744466060789609 4.1716564988247224 0.6322889946850014 3.2213276663496124 0.44374971752098913
2007-03-05 0.08935650345979622 1.581098158037031 2.130329942952404 0.7015657796289732 1.2300921789273143 1.5234934250854404 4.588354926046864 4.464239515065881 0.5169396245278967 0.5244704370128184 1.4874593878373514
2007-03-06 0.37070791406516446 1.307033899639888 3.8057871312468117 0.43926914315169296 4.107291075187652 2.120278489244291 8.794376129698474 2.442901523616384 0.40256390848597357 0.8364773962278385 8.502124936603366
2007-03-07 0.17873712434400463 0.018179909808542297 2.0103946550216634 0.8106012807316632 5.928901446069467 1.0878764895603175 24.884898191493363 0.19041483496000194 1.3437759073306528 1.591105622620049 5.903554243791374
2007-03-08 1.423705853245798 2.6124329561859447 1.930032938866348 1.1121587694913886 9.120286210510457 0.27600675664931174 15.524021513455438 0.30813883609895204 1.2330003175923245 7.637944787464736 20.775842450821035
2007-03-09 0.788849592652031 7.33301460386024 1.617510112960053 5.889002807657096 0.6627675144737557 2.8827806441626262 19.960153389504725 1.0160678957434466 1.51693002595737 11.058450807547647 3.051193301847812
2007-03-10 1.1844472312825112 18.10442244211359 1.768767186314974 2.78895666583411 0.2180996480170912 1.7938332876400187 3.633338110393455 2.772595794856517 0.13819824995088292 2.6130049397433517 17.087898757477006
2007-03-11 1.6130642743261134 4.509670916923478 1.352927833207887 0.23881739606252403 0.5822639339547415 6.818571908206511 0.8095269480002221 0.6542208737259343 1.7127461085522 3.728795199711952 17.112883640835854
