2007-03-15 1.1476716723422973 1.8919744456362082 1.3621399862618984 1.153193001123821 4.467322128416589 3.525576617851758 7.183894548891715 5.952464519867089 1.120274768955814 3.7510000473378864 0.3735505971291608
2007-03-16 2.6716583946480847 25.55626667510962 1.0458548400832128 0.3135492521679595 8.25310630389482 23.04326672658088 48.628011013406216 25.55676217914602 1.654696645349941 9.13162618492464 5.661790481399495
2007-03-17 3.3357102006803707 2.2821233893476345 0.7345218721669823 7.708933975648478 7.603180443704325 7.358454104224253 4.906343875711819 6.165842494659383 3.3355916256941107 2.3963059952004278 4.228772907203618
2007-03-18 6.112377490312484 9.917634132423071 3.797167417970348 13.930135738910401 17.349264141054388 6.726742392131117 2.4451390466644796 2.7382692278219256 8.313925322631082 6.231603136658249 12.711538432836367
2007-03-19 8.151118986333058 14.35626712098393 10.93190132740534 12.581533200586401 31.77153999038787 4.6085922340183165 3.2189586502367797 7.52108559683874 9.708161702796769 12.066149155201309 4.379442124706584
2007-03-20 13.240358710882202 11.14831098640195 11.796637325478564 11.599676850056028 36.95222669979075 13.023600320721139 4.836840992860402 13.20201531152482 3.2146344992833242 1.4106488870598444 2.694833666810524
2007-03-21 15.008946553126535 10.311721624536558 12.777802013234226 34.271273765068315 10.27185733568373 20.151825176754997 6.747510070764827 6.575510180324416 8.32991885586869 6.017244089059631 15.968922927481092
2007-03-22 15.66682314888326 15.20204171104698 19.65980291830197 16.10537551805109 16.499876841755512 6.0147376153223995 12.411466393960486 10.457043511520626 12.619136069299113 6.664889971209277 20.692397728737603
2007-03-23 14.029578577602067 13.853042728761478 7.723550275458392 1.6544856201704208 3.9815881855030675 7.095965197621203 5.01457231356666 13.71388945731229 8.718617872722378 5.361713607694016 3.7375902840681077
2007-03-24 7.292237926966974 6.233288059539074 2.6855173395798975 0.7156888539634048 9.083785727595085 1.811048506231497 3.0844810846122197 1.7324910612354607 7.358132135871324 7.798090710743709 6.210908220806305
2007-03-25 5.229461032724302 1.8571295825496523 6.8141319197225405 2.297547698850653 2.915699284592734 0.10564039046077887 0.32969506440961927 0.8826798050566572 7.552010529178931 0.10564039046077887 0.21973767224974056
2007-03-26 2.277871718333723 2.1309271985373313 5.566731220760927 1.275040573462117 1.1522843926549664 0.3319711365562532 0.6263320704478357 6.324781824968737 0.9772763815948174 0.7088806275439672 1.1254027494221215
2007-03-27 1.7215459660208983 4.343980443007358 4.804369538130798 1.7538540499846795 18.327579301017288 6.506530870038469 9.685976643563045 2.224011075614619 0.8746904664288966 1.675088737960551 0.9501779961400325
2007-03-28 0.7048396876242254 0.15867223903261082 1.1971483205487221 3.6704586994486665 17.21469844173294 0.08538976470460419 2.638450136948217 1.887686342479599 0.6893133598327784 0.5079959686521458 1.5742330424994833
2007-03-29 2.089088202321964 0.027877520966352973 0.7693401046590238 5.454677430481047 0.2679829148142823 0.0 6.459009454616043 1.961840490005649 0.23327774051996314 0.29177493860269255 2.4726942107109178
2007-03-30 0.2704205578148874 0.40480961548384187 1.144009024482164 0.17616062377114144 0.0 0.0 6.102046602245355 14.712856746413124 5.04042387368773 3.7103310234079605 4.846420059391495
2007-03-31 1.5388750214519136 2.9779070588888117 1.1450474701329512 5.412313086251936 0.9925219168018664 0.3573703661421512 0.3123061622633854 14.938458508189562 10.945377927002614 0.5950201666749391 0.7672940244809232
2007-04-01 4.748847210028863 4.20373012843409 2.6297316131164514 2.980024588283623 3.5055667327255584 1.4519161860596381 0.4018241296593035 6.168111413761717 0.7038214104198295 0.9452237081776278 1.2208275344296557
2007-04-02 1.0154770825828217 18.11412035904582 0.6500626566749674 1.201157434129125 2.0664188948249804 2.4902277630260943 0.5830150424081059 5.745622606105965 2.428490686545661 0.4417755214987866 2.4434639970219036
2007-04-03 1.2228896114510057 8.572275683502642 6.244899829161238 1.3043850436480193 3.535780369130787 1.4880544568194338 1.4308407126196259 1.0266394954762337 2.3115192463022933 0.6133037485939944 9.014675422597016
2007-04-04 1.1727525893908202 10.371323861297796 6.435991320170598 6.028239745401981 1.1116917541033289 0.9424115801935147 0.7896406744955062 1.126760971411268 0.7967133886917686 0.22112678645869022 2.0981716823469907
2007-04-05 1.291983920049768 11.920609303195528 3.777518757314751 5.60194408756748 0.28548067822355205 0.9737888422712352 0.49276965634550485 0.22580594477181692 0.7392764605074185 0.013241408926286237 1.8599436312642164
2007-04-06 1.9831440836188206 4.874267030756085 1.7329835601987265 0.8594279681479553 1.8581555688677505 1.112706002125916 0.03455951536236274 3.924022542787721 1.0530946708654627 0.01661132196444852 2.2871137478359413
2007-04-07 4.213875435512309 9.350300423701118 1.4963477855120153 3.305261993041838 1.8029256315735196 3.8400263343602883 0.45135814904357374 0.9921608546597354 2.857192748968516 0.8322693043259451 3.118824286773873
2007-04-08 4.692933467804616 0.3895880519194276 11.19682287471056 1.0010112061572733 0.8005234924100746 4.022862120567151 2.279674171277714 7.282607161781595 0.82871464759816 0.05313894173157402 12.223759060801843
2007-04-09 6.0498045826445725 6.351954000350929 7.9254847317484085 0.062074734695449496 3.0304420513323884 0.813287346392088 1.9894597346705716 2.8682223294454987 3.4180583663905497 1.4866063326584884 5.679035096875641
2007-04-10 1.4819589105316446 4.660854392713846 6.105594035902837 0.3281248148270879 1.4839854048136831 1.1752672450992296 0.6934804025874186 1.3551531806415018 1.6231288516038116 4.326672029144779 0.7245721504106527
2007-04-11 3.10601666522473 1.327337694474275 1.139845511979165 0.2604239863007355 8.913796472892907 1.8091069231880421 0.07414737105966401 5.742676554178847 10.420552107728707 6.126380776092709 0.4641014412898432
2007-04-12 2.3663873300914475 8.505968017881212 3.4646732737816137 1.7713277212706944 13.301710253201225 0.6128343829263787 4.897168992732116 0.3217807218536768 13.040810452036492 5.418196440564145 0.06997441627372408
2007-04-13 0.9418626458605335 6.054055296523668 2.0534506053245556 0.10940219645250107 5.039055317579758 1.1361137000441905 1.1285479842958277 0.24137646430915544 5.871216322681583 5.530330273169484 0.12520340527234186
2007-04-14 0.4990992408921333 4.245220693987558 0.4107167379340512 0.7891489641366441 4.695141803216172 2.355733107694556 0.00742806470996878 3.447115683546241 3.4092062825197638 10.066007924462843 2.213349313651334
2007-04-15 1.1980292076723178 0.6911384898621415 1.3149967407107215 0.4822928151794519 1.570080214373901 0.09242663094725403 1.8187916447991868 6.347842650934153 2.5301627146509045 12.827559789894107 1.3586759656006548
2007-04-16 1.7337834968945267 2.107562898710469 1.8333305905905761 0.9335311367446351 5.386829134610201 0.1016817680113778 0.4183461335245676 2.9643833653067837 4.211882246270038 7.877104532111616 1.5150587558654172
2007-04-17 3.311456939041456 4.473691465879381 0.5544626385022168 0.7601525664421971 0.5310921985063979 0.04913334723154522 0.4193137511547784 1.2699769382029453 3.031194454072767 1.8576128443248314 1.0949966701186535
2007-04-18 7.304435701368838 0.307478613615452 1.0539191581064642 5.421575339068742 0.6741260226191095 0.2041019486054871 0.25267955037300877 1.1060008180140946 4.317893958410559 7.82050305789809 8.20539270738955
2007-04-19 6.618625676323054 0.008394330989533322 0.548002865449347 4.232002716802596 0.19659020403070954 3.8577124228419777 0.008018507995972955 3.606952986675414 14.332276245443484 4.364636429061172 29.447385556063686
2007-04-20 2.4902001147720103 0.09969087700289885 1.1631259381116683 2.541418488886582 3.6950894816204216 1.7617517912956375 0.40542722013081045 1.0856726926364308 1.3782800637979256 1.9180012625448448 0.7001035398901385
2007-04-21 1.026892209988349 1.41662370406881 3.072581105369301 0.26912025187518396 3.865146897831249 1.0403734444258537 0.09160594332597563 0.28282558166873284 0.7110254886386205 0.007145834512715714 1.2887106286326853
2007-04-22 2.353462887990725 5.97860542776673 17.373254299261014 0.10614708652847223 0.16561313281478052 0.026426271605758368 1.3435603522363744 0.24027455150673324 1.9576554038353586 0.4732941827069771 3.9636728334303513
2007-04-23 4.158197248794231 2.52653025416299 5.16489461848219 3.305029690366695 0.31602303080234806 0.06312867057689235 0.5921003722221225 2.6706823772053383 0.32581816416173 4.414771443420182 0.018830354625665423
2007-04-24 1.5010622179826854 0.671605169436724 10.374703468809123 7.296894872876257 0.6186534853980515 3.1022265378704814 2.10769872932001 4.908318050366335 0.7938102742930293 5.69488485648974 0.2194883359336319
2007-04-25 3.3942960451724757 1.2054375209371724 4.8283848827428155 1.5719163456198308 0.3158753597737609 1.897303037286334 1.1344462403828506 10.918849640763229 1.5869490738885048 1.2474796945306348 1.4004678241800887
2007-04-26 5.428128306520316 1.0572887491989582 0.3374796705723109 0.27365727095415454 0.5627575714020516 0.1471146036099058 0.10107589024254628 9.423232123084293 0.6936712294119237 1.0487825933867447 0.7302583976819819
2007-04-27 0.4184495568226566 1.4356727624606596 1.6351467408660807 0.2050217353749305 0.8978764342918564 0.14775328962208914 0.42203179589598805 1.9718021124237863 2.7547549733052312 0.20317056970790626 0.4063126601813803
2007-04-28 0.580777953632561 0.5811812999134583 7.936248217891652 0.20694769828819 0.6095091951013409 0.011406212299264137 0.47088268739275374 0.36408115015092213 4.90888560219391 0.3710382990513875 0.4394384195310624
2007-04-29 0.32074709397412415 2.1848828208258717 0.07990006805986517 0.9270060474549793 0.8341304754316194 1.4274879435957242 0.05355362128885012 0.35916152963622316 1.2777726085056709 1.85956542340722 0.46367633074215786
