2007-01-18 0.0 0.10911320026137622 0.4236691150010307 0.0 0.014900543994524883 0.0 0.0 0.0 0.0 0.0 0.0
2007-01-19 0.0 0.25246451510752266 0.0 0.0 0.02574586536439485 0.14504949390249405 0.0 0.0 0.08020528129336478 0.02100584604782838 0.0
2007-01-20 0.3552708207359897 3.0228150104401843 0.006480721934426947 0.1871031252617964 0.31251432889330083 0.5568939269431739 0.12679983330662406 0.193994585095894 0.18430727667689203 0.5846129237020847 0.6783792699700835
2007-01-21 0.1643416659908955 0.009624059500260726 0.0793289368744948 0.0996496224491712 1.1261885322604228 0.27982410948174674 0.030471830578451573 1.1359553552578425 0.40130722829829363 0.22411410746818589 1.224891159861481
2007-01-22 0.32906833446274575 0.10539033163883453 0.0 0.47782361513972565 1.5615821340222622 0.35696050026981896 1.176023893840795 1.8054649453614902 2.5072119952889467 1.0029419094947856 0.07781530240512398
2007-01-23 0.22414002434036712 0.014694942165056695 0.15056507018372672 1.8493681225590097 0.3931317294591212 3.7008892707701535 0.6095260121701886 0.9734035092894723 2.5452194373281793 3.0221509781347926 0.23870680184767037
2007-01-24 7.821892874721296 0.3433961923957512 3.8752502230320323 3.4219551016103504 8.671693482677608 0.4225165314002374 0.7642683505808023 11.695908552267053 28.969251847321747 3.372176849734684 13.00675999906421
2007-01-25 11.442297401069938 0.1401572595769185 14.840184594127654 1.697060660142338 7.66308389579142 0.12335575179310423 13.584542784797684 16.48077331606765 10.455150954490076 2.317089898416399 14.129995377653954
2007-01-26 3.2963191458972716 0.3507353927637338 11.283098245279609 0.19831632626963047 1.8699456070958589 0.6741085290645715 20.98034108420756 3.653353424345736 8.699493674614757 1.8432484380873373 2.605293823345119
2007-01-27 1.333963637696412 0.07185030950198594 0.059853859726913344 0.03594191046388449 0.04618360351858685 0.7555440795661528 3.9542989208913797 2.4454202632355715 2.9340567288640043 0.03211080334766811 2.990867404534099
2007-01-28 0.10295637205085606 0.902581565876211 0.016497569308078084 0.0 2.0904782449377355 0.5977172776943623 0.4011928103991805 0.8148587853604969 0.7705628738042439 0.12854999595970362 0.487491832880505
2007-01-29 0.8836204545563574 1.6841620909568897 0.05721895831765721 0.4859131411378637 2.2169768272597103 1.942567966056932 0.3764855439720035 0.6626516066952317 0.33409425879529325 0.5955654742945339 0.6801427705391434
2007-01-30 0.03082675248689047 0.017747454703453607 0.29738256932065193 0.0 0.5170502882303003 7.277590640505309 0.04536299489879322 1.325915005408445 0.3826296844875895 0.252211295051611 0.8468542677399185
2007-01-31 0.4136860586918536 2.416662996788933 0.8943742445818812 0.22863458230827427 0.7620764541105762 21.33047579674959 0.10198767665761735 5.129653416486173 5.58501402343118 0.589250720976543 3.969766252169696
2007-02-01 2.1729261504165356 0.7112253989373993 1.5649621057880774 0.6685509567240033 0.40737540642080616 18.703227899914694 0.11928595429707592 8.098514605520833 1.0077013532365633 5.953257621865552 3.75920434093141
2007-02-02 0.700884498798421 0.0 2.498249749562195 6.191945996722815 0.9061260739641106 5.028429848472722 2.824446673861315 5.634202962191832 0.6226822950724766 0.4100695939693123 0.3996473085387379
2007-02-03 1.188462303818838 0.28294300977797204 3.6877928565427727 0.18259308023716053 0.9950449748471222 9.767395652678298 1.344095603386903 0.9924059682371091 0.21555171090326786 1.3988786616092805 1.4165747314521446
2007-02-04 3.2189390505337823 0.08419961990794675 1.9047225300135049 0.5201437680522416 2.0383715361547683 1.4541480717008584 0.5505928456712224 0.19358225113451072 0.11417052594865178 0.6399309664788867 1.0635625272136688
2007-02-05 5.9143546908902795 1.1727040800043524 1.2767305005367637 16.53437812085813 10.117937738385983 0.9880403174735191 0.10327775450003557 0.10036572831784726 3.8710363872562796 0.3166258100812003 9.905414620121965
2007-02-06 10.990922801238268 7.403457046807625 1.265786362037368 14.916803539566658 33.41685082501968 6.247312873618652 0.01774375420390421 0.5867680176459404 1.7082944775891706 1.2011048030380573 15.488810981578691
2007-02-07 5.442033831504333 4.959238313122456 2.4838496493224804 3.077197910168516 4.455142025600846 12.031578740086687 0.29701765843037065 2.281753957771702 3.719455186920144 4.894030646292774 5.519668534030764
2007-02-08 2.4206038080702106 8.283977379105817 12.898121289056153 0.280292939304853 1.0924773106818748 2.4316862365586105 0.7181775378077349 0.962582826497809 5.140789818188222 8.524396598785845 3.6472571123827286
2007-02-09 0.5462967733924514 1.3576722082205646 16.51315912384401 1.1232556860093688 0.7735364893717085 16.903174767420154 2.2539192768105782 4.872522163667475 2.864569167275363 0.11114133656721556 17.979391392620855
2007-02-10 1.1241873611348572 3.0615651605660563 2.208149300357448 3.1884912640208323 1.5301833397799673 7.821714632970796 7.253160159786349 10.017185140619485 11.976209588695479 0.07380735265317215 9.059756425897977
2007-02-11 1.6640607277513455 5.321585969424221 4.407410436671688 2.0342479036437364 3.4029450835918524 1.0879197105032905 24.77610233955812 15.712487686664991 19.32014220759682 0.6677137666132469 0.7089263438468175
2007-02-12 2.9609193242303746 0.8616704138092606 2.089996922866499 1.4403427974068896 6.9135996885180875 0.9957622602799543 13.169659824652726 8.718424486929436 13.136790133352708 0.8283444904023843 1.1728851692895632
2007-02-13 0.805962264118658 5.785784232569494 2.1791710656543017 0.7267805905663821 12.61062664419757 1.8156101297610219 8.79670091651132 2.0847297991523543 10.037536614007937 2.647183535196776 6.09879716730665
2007-02-14 2.8361914193468114 16.15037175367227 4.906338552972551 4.993008704569878 0.7800747507211029 1.8256553315032509 5.9719817913393305 7.225901651944655 9.962458733746917 2.8394844471381853 2.838951231937859
2007-02-15 7.239194098373627 0.1737453685765053 3.0011941900779364 0.32520790164224866 4.076655339986274 0.49292149132630153 1.0638943009902606 6.738769343559063 10.354494175099019 7.81676519720079 2.300911037617884
2007-02-16 13.08955502861177 0.10179467881639666 0.43408431848258694 0.8254566661613257 1.801425637913253 0.0033491166013451135 0.667750359609228 12.623550905822439 13.229221002376585 11.703365563844617 16.07413726312206
2007-02-17 9.331738114249234 1.4364740178734552 0.7122265876114098 2.547176675367674 3.115697248559922 0.25090771848247506 2.514099008109846 2.8508548653313945 14.937254965419974 3.3900593363374325 3.3574665465132965
2007-02-18 9.323045087919347 1.9798989238301188 1.1356357566996198 0.17641454176984908 0.6616549956128535 0.47589789072853506 0.042851731967850165 4.51813035201478 7.110196170164283 6.103483562038409 8.77950501267062
2007-02-19 1.1414011072766919 2.98446725684098 0.6644018624079877 0.08210606787661101 0.5312108724809251 0.1295995829397184 0.8163207557391845 0.7704202053697073 0.9850609579331763 2.0540014640359656 14.521368793275442
2007-02-20 1.2208907929342931 0.4500135364953482 8.461379293677144 1.8308061632125137 0.5995245428688947 0.21340379312379898 3.6639385495558803 3.7940785670235977 2.6431856760707007 0.20362029217905164 3.671126090183173
2007-02-21 2.055033206149242 0.5751996293350705 0.0506883569648309 11.321056542819456 1.3280801798078257 0.7057842375765944 6.179046133860661 6.1035913618297 2.94294608402999 0.514761801420984 2.334986955986925
2007-02-22 1.2181989093195142 2.05837281875376 0.1540046022133344 6.9105729746035305 2.736198696271537 4.983253008964448 17.50624791218998 9.30138358219898 3.249688804499331 0.038635827827861444 0.22664676861333433
2007-02-23 4.830756213357824 1.4893953684385048 2.895427218119118 16.514740134895586 9.461787989673297 1.051214570319688 21.299681669083878 4.974093595173192 1.244145116485337 0.3738877630765557 1.3283209433565764
2007-02-24 0.34326539597981776 0.6645361248433418 13.444907882060114 6.948899640750232 0.9526420250851939 0.3384004742249205 3.566580008690054 1.2776231695767541 0.35830512394237374 0.09339758236331133 6.65404807030866
2007-02-25 1.0022381602378947 0.15489947136307924 16.64897052781973 1.8144005990615297 0.48107731863928027 5.059338322549767 4.006452338217003 3.2582038518053276 0.5695298213667757 0.12989150135692717 6.374091633716581
2007-02-26 0.5476308367599638 1.260761158324586 5.096695723344619 2.566909915046578 0.8670297590752724 2.533579417407405 15.68585573717593 2.881540420492882 0.3007372164024351 0.07656470884006808 13.339208105259619
2007-02-27 0.17939599365941644 1.2513806258789708 1.8465325293448394 2.142193573632406 5.5549388689945225 3.5158087842201553 9.906841360804927 0.6612835322384049 1.0710089778376826 0.2023493491759114 17.497169806152925
2007-02-28 1.5197059478120822 2.760834438610584 3.0730582177624797 3.574857051050017 3.717792305419657 1.5978132043695015 1.6755062922402235 0.9810603350436394 0.5708327223547912 0.0 6.9587179574330165
2007-03-01 3.037582857926113 19.825607438395547 0.8119007649982769 6.084233421942793 2.454631759596941 16.214627519554234 2.8566029016926517 0.7643453089117516 2.705857432440867 0.5920831612499866 6.444078540854695
2007-03-02 8.830202650890023 22.0586532572992 0.07521719192280314 1.811493730031331 3.7003699577089497 21.593849136288696 0.3755357510111954 0.8363887172139244 2.121366681169946 1.0106456188218265 1.2979201584854758
2007-03-03 7.423277492639355 6.385608386938456 2.273626621893409 0.8827602837814169 2.8874111451640276 2.1091717459105244 0.6654805486821436 1.0427250416257774 20.09381948245497 3.2360583611234133 1.0557858612216526
2007-03-04 10.135865321951913 10.990384923615892 2.320401853525497 1.6462805138605678 1.1472327021213704 10.070672009228254 0.06887671320672302 1.8822440992119873 7.125923186675675 6.98722471619845 2.114452969419208
