2014-02-15 115.09526178669579 97.27007294857096 111.38260843071863 90.12735003778839 99.03219615437764 113.37245405060678 88.16387547170316 178.3392687759201 102.74383103051804 220.63147714911813 90.49931164603672
2014-02-16 110.32680601418019 88.29895703169313 189.98481063045628 101.12047211771335 117.14949151541674 101.6361473899227 77.87590046458544 177.6950567681459 96.22654557062397 202.28997248548427 81.5345115785366
2014-02-17 122.02176441713436 126.27467747255024 200.9549284069207 107.33265494535445 218.23487068065793 143.7461440970962 72.22727333118617 149.8763473959873 98.05235373598335 186.9436383963194 197.90605490714532
2014-02-18 120.12210057608695 109.55889272090852 167.4714272226732 94.34866820291084 185.28350740750145 127.6267268921653 90.422563123684 305.6077679152217 85.46667907182558 190.52144197397212 164.93755663893026
2014-02-19 127.1125043293591 91.9667414686849 138.93144761200625 78.27005042637377 153.7080463793227 105.87773547258548 75.01302042919954 254.96409350239662 70.9017033111669 162.48233362391218 136.8293916726799
2014-02-20 107.54943931845413 76.29404452029316 142.06574885906235 64.93150258964776 127.51358095670169 102.66047258968146 62.46920958138652 211.58890508999286 61.930321171140164 150.39724710146712 113.51133609006466
2014-02-21 89.86877077864645 63.292241698554776 261.82570173000437 53.8660701709323 105.78309796661809 86.94428229086677 51.890754531579795 205.12553024378255 52.10875836587236 129.2285372322906 94.167073780277
2014-02-22 74.55360371884795 52.518423941232584 222.23312076107527 44.686375641065595 87.75585887761115 72.12749781009705 43.04768738350997 170.76550091193167 43.22853965655452 107.27855547314603 78.11940278197734
2014-02-23 62.198974594060445 43.5683912501396 186.16991299057042 37.071057190505925 72.80076794288503 60.54392669175598 37.076007749813556 141.74618962582116 35.8616612531339 88.9964649897685 69.68168267702387
2014-02-24 51.65030495009346 36.14359635485868 154.44339337474406 30.857101695019175 60.39427886479248 50.22621183144876 30.761667100255774 117.59022804539136 29.750224228070586 73.82995367287313 57.80673877871446
2014-02-25 42.84821450035842 29.984112793211775 128.12361231706723 25.601097486223527 50.102066539461774 41.73559911062695 26.19291692965307 97.55085317121153 24.680280017511556 61.24807384164393 47.955487293827694
2014-02-26 35.580210515037365 24.87430999309509 106.28916960755296 21.238235042257102 45.7196856738883 34.623143168681196 21.729198386656577 80.92652861220695 61.95697946182931 52.1626467371066 114.52392538048083
2014-02-27 29.516737482757073 20.635304499410644 88.17930476561324 31.674915243484744 58.958745287029316 28.722770690352263 18.026173403854653 67.13527171031551 51.39845637581154 43.27324453277825 96.17388941668494
2014-02-28 24.48687666586735 17.118697640320775 77.68492735275245 32.6489738003474 54.31249017532356 23.8279220379053 14.95420686045112 55.704381430033045 42.639285206661675 35.89874765809299 79.78422290132718
2014-03-01 20.367687550200163 14.323117097473927 77.61360855173011 27.08503335973754 45.05671808384265 20.436226858882765 33.646577585975734 46.211407394982025 35.37282578374602 34.532057459037134 66.21981984037467
2014-03-02 16.89668717097729 11.947962526638712 64.78061977512367 22.469283003629922 37.73588893528493 20.105525073013162 35.26974185808835 38.35019223444879 46.480501428741164 28.755046590954517 56.577964560854014
2014-03-03 14.017204292348271 9.911826497024403 53.74090035426992 18.715847525388554 32.26329595832529 50.27595839078516 31.299755838294463 31.81466720437409 42.792475341392645 41.68002645285345 82.9213898100471
2014-03-04 11.650050665447267 8.222863396806178 49.698760036602 15.841791614216339 26.813236066889306 87.69838432041966 28.103453446351722 26.44085935783772 35.84324039876045 41.24148385800403 69.14153516309352
2014-03-05 9.672415542149336 6.8215476166889735 41.2292460326762 13.965259381706097 23.855029561730444 81.04505788718882 23.314146985844097 23.551385299319747 29.734942600590408 48.01077323617631 57.71184438147734
2014-03-06 8.039578914271303 5.659039879566912 34.284894417142155 11.864113236874502 23.56370857394962 67.25648765225742 19.358598209319048 25.711769216578173 24.66760263926899 42.36742937025289 47.87676451587627
2014-03-07 6.669497927343832 4.694643233183872 28.44216527912697 9.8769856043398 21.390123024622778 55.79483823472327 16.059563816722527 21.33004642741605 20.783099991412236 36.53342986443611 39.71775822535703
2014-03-08 5.532902043399811 8.942783927268424 23.595136561386436 9.132794874267768 17.744882250622165 46.28644882163227 13.322740995741782 17.695043727383 17.241306266728277 30.30751204233385 32.94917669039634
2014-03-09 4.62139964940721 27.655654863959015 19.63588219469655 14.992431902236794 14.751007008079757 38.39845068650592 11.052319332284739 14.797785328990484 14.303094432782443 25.14342988099973 27.334076571367415
2014-03-10 6.426308716129609 78.22683057987865 17.878855852531782 13.039095859462758 17.87477994184603 31.85470159540408 9.482815258051511 12.693407279174272 11.8656038694635 23.532962795424 22.67588501618485
2014-03-11 5.3694272952659325 68.99427282655145 21.20154023086117 10.817012151562142 22.234723251897112 26.426118647772558 8.095034890425419 16.291686213806535 10.09419900558787 43.551129959191 18.996381994778893
2014-03-12 4.454385559078617 85.4214242133552 59.482518912552614 8.99146658962413 60.642382269096196 21.922658565632737 8.173982481363975 13.622982446839307 8.447433984359463 62.363425929787766 15.759075405838491
2014-03-13 3.6952824980837566 110.57572337757769 54.55858249119813 7.459167752781777 52.20092427445902 18.186664677895347 8.242807960652783 14.135968613392004 10.183056661114334 58.467515629699804 13.073460920883045
2014-03-14 3.0655435097696673 98.40226644789229 110.37354957260686 6.521499260315303 43.30499892672788 15.08734769170389 12.005144404618243 12.00606100947931 10.670361351048072 81.45230442329111 10.845520822023504
2014-03-15 3.483970766808726 99.60279608389098 102.76985671766714 6.115030819932732 35.92509056322356 12.5162070342141 10.118023921100304 50.56504527012545 15.854971500020111 82.58936250227269 8.997259609584962
2014-03-16 2.9158117126943175 82.66498832148517 85.25612518772971 5.072925561659622 30.63188222337057 10.383232475609644 8.393740554097826 94.81209792834574 44.01701461222233 104.29748252238393 7.463973543611534
2014-03-17 4.906250622496116 68.57746831680862 71.14766322130033 4.208412763882698 25.73084510776568 8.613753060159981 6.963304400040105 145.22700056546134 97.15817180148399 156.38083884741388 6.191985501939392
2014-03-18 4.745649193720086 68.04285674856604 68.31685542261114 3.511477789800835 21.497697638716946 7.181229819105598 5.866631893479442 120.4831261135382 99.48540733806088 190.48188402489473 5.20097681956592
2014-03-19 10.013313171216579 69.56122234644573 56.69180957251408 31.311344011931276 34.978439617650025 6.910549013982154 6.578144953568811 99.99942850604513 106.95146302682619 166.65603294241922 4.481510872088939
2014-03-20 18.087842980218024 57.706806937297245 47.03056098746469 219.32522650256035 104.93015067620176 5.7328739249945055 5.892267778807287 83.25920510833065 88.86846661391584 172.00826992162595 3.786217140544439
2014-03-21 16.061700647274506 47.87258553786274 39.01575348316332 184.94662174827744 93.8126103791372 4.755894701475345 6.590621674675984 71.00775497454146 90.65257387761125 153.31567735212838 24.728515418531153
2014-03-22 13.897127800719865 39.714282728728904 32.86090834543959 173.57494095560534 78.50296792625231 3.9454093544441853 8.178515445501208 101.36377286712906 105.07688271343058 131.55673640501294 249.10556221611398
2014-03-23 11.528820856324938 33.60597929568487 37.18755554801664 156.7257429761746 65.12472698600493 3.2730444955620666 16.79786418210657 126.38286981780074 102.28710947247933 160.1725715342066 212.41840275737104
2014-03-24 20.355571227140327 56.7098903798196 36.17943208101517 190.94264498804463 54.026365843722175 4.060188957126246 35.86268372341725 131.5905059802516 85.20152000534708 337.4867081961317 179.27513631402374
2014-03-25 41.17711547273195 47.98242555247228 30.389981010586997 188.549025161196 44.81935420484716 6.884523186529414 29.82753906666196 112.53142524094613 71.09186054862627 361.30928695431646 298.559262897923
2014-03-26 41.37192661866083 73.7447394992458 27.242788797316603 170.88091025891651 37.19221990256441 9.525972715954476 25.407407559530597 101.33481617284532 66.73709458916085 306.2263411355883 260.1928023541814
2014-03-27 46.75666920213731 74.15737424492397 22.721744505063228 146.0505559623173 31.54365484140336 18.94018262698494 23.950063732646427 104.9607847695025 93.69624369475349 254.0401642026193 219.0767531996573
2014-03-28 49.633267178730684 67.39885535288859 18.849572782116716 124.6755145351811 26.16807955104394 40.81592346202525 19.907098076551307 126.89141915643305 84.32298354018656 211.86915393637068 182.60638570792602
2014-03-29 47.54627410496857 67.44778212732874 15.63728497999546 103.433779117474 21.708593719804508 78.05249651732585 16.570073820081756 257.0799364161234 81.11944713637398 176.93910068916463 159.7419205117393
2014-03-30 40.94132945342848 56.19121955636064 12.97242565505701 91.07986243084457 18.009728471472084 522.8448280730748 13.7476366667453 292.2213621045478 70.01690009928882 146.78566849034357 132.5343561026579
2014-03-31 38.81859666176452 46.667468032080755 10.761703683936638 84.62382420371048 14.940564424246993 477.1630829279891 11.407849903115798 284.7425586596531 58.13596778091523 121.77089399819982 117.43588472080825
2014-04-01 36.75446759359689 38.72078762483416 8.927726337418644 70.56593141372075 25.398641088543464 399.8576302913912 9.825250780176999 266.57363241406364 48.22861007441204 101.01906253944901 98.12181369552071
