2014-03-01 20.792672176085116 20.750412463788482 20.96564117898742 20.750728337382178 26.374118877031155 29.44414400921034 20.968593193756185 22.58588293030255 42.78019503249676 31.83155981049164 21.19394706451109
2014-03-02 34.67825112153035 22.786350979186405 28.73379438464469 90.21182081120749 49.110057537054765 27.868895751815728 70.04050651186162 20.787874110090694 51.97365126448426 47.81922782225882 52.25655074660167
2014-03-03 31.568682320506277 20.300330878453032 25.816000094207126 80.58861754102257 43.84248051427688 24.828363501279377 108.7793692309393 21.719767365276127 46.54655794482577 42.85068828479466 52.22118509281683
2014-03-04 28.12449861271864 18.789001367323014 23.114875199230372 71.79629606399907 39.582901002808626 22.119557216812186 96.91968497714677 23.77642445625713 46.128248979451534 39.32892959992546 59.07737664741398
2014-03-05 25.056079762410786 16.73909723328515 27.275627497729207 151.71148978848825 35.29653049205633 19.706285170289867 86.6001125197656 23.40261414265078 41.09559788585179 37.34616941819549 59.037399117596124
2014-03-06 22.322429341953864 14.91633600375321 26.392666587358104 135.84073465350812 31.446242575989718 30.099870384367144 77.15192923466832 20.849358940820558 36.61201547771619 33.27165446212229 52.71696229008198
2014-03-07 19.887023686524994 13.288944625094326 23.513192830982703 121.05485806378604 28.95118162161456 36.507402201592186 69.06812873534429 116.4788346521005 32.61759765763162 29.641674310713054 46.96547412848664
2014-03-08 17.787514966291557 11.864176500645739 20.947873352509102 108.02769321439669 28.925960305798103 32.52439782403228 64.79197228448726 113.60845925912422 40.53603176072649 26.407729646947686 41.868602974195106
2014-03-09 17.017415329174835 14.443722813714285 42.070645746008374 104.13978339644902 52.11594699261222 29.044880096800245 57.723085054034094 112.66445600697826 39.226611110384205 23.526612491462323 99.91601663837459
2014-03-10 15.238331390807936 17.706292576513892 43.28863795638246 96.41951799496046 51.48971204754816 37.68265280427075 51.42542248174475 108.62780591452137 35.97834113144403 20.968540817742777 94.93724656921076
2014-03-11 16.60535789436018 130.59339053219722 40.08696175564544 97.38121009896882 45.87566453946257 52.102129488337766 49.09343271607454 96.77637304364467 57.85510721666562 28.992217222683557 97.03576676914321
2014-03-12 16.149661365063558 139.64103389092702 95.08352488652879 89.27822581075803 40.870570732043426 46.41772037354209 58.647327200466705 86.21824025969133 51.543040857199294 42.33732735067938 86.44985741495182
2014-03-13 16.576312581597676 148.62933110250412 95.1382413900129 79.74914346041021 41.36012270296648 43.915470180125276 85.13912897734463 76.81171972767481 45.91962902873399 48.13238042552001 79.67498144420072
2014-03-14 16.3920963668027 136.5285405436004 131.07412527854743 71.04840968166948 42.0799083774315 63.40761589652152 110.2939894786399 69.12080366843638 57.95840663797012 44.26906642470108 70.98233883649374
2014-03-15 15.830547620851489 126.2886097812405 199.1799399545312 63.296937111309006 48.40729755946194 90.38310830906717 135.93129961050772 95.23529268716977 69.9494011953716 49.5932707760098 65.60512647327151
2014-03-16 31.24447767313296 112.51036056983268 249.09649252794657 56.39116013467487 44.419559835742945 80.52219533408739 121.10102057815173 84.8450001767196 62.331187090866244 57.07132292969398 58.44752307847243
2014-03-17 28.608653563180386 101.59836135205032 374.00107822527724 51.167343597061496 39.57845836045995 75.13511004457266 143.69286174095708 75.58830189805636 55.530774679418414 71.26588341191479 52.07082338908899
2014-03-18 33.119559305116596 100.47901282874112 360.2910900129162 45.58492082126838 39.037036391624056 66.93777322604309 129.40811883097714 67.48302700194984 49.47229597923387 74.50515844851749 46.56070158698537
2014-03-19 31.07052581410781 97.62566230801953 323.11418182562323 42.929096645331256 51.41533898957177 59.63477636225052 116.99464538462307 60.89993167677696 44.07480507135891 69.75686465563507 41.480869359560124
2014-03-20 27.68069161973497 88.67788019760546 295.75060233678585 106.83672237060117 55.852180028741216 53.42328848912921 115.77547711233616 54.530547454521624 39.26618734035898 62.17571864858378 37.65206879308997
2014-03-21 24.661472640608935 95.31120992982845 282.977948966377 102.93930568236385 49.99465802726651 57.00549777816087 116.95912278954343 70.39864463184277 34.982195967784236 56.89480113131556 47.276530451649016
2014-03-22 22.682660587425797 97.36957380340418 256.2741911268253 105.69820721319778 44.54017675035635 62.8552117404186 104.19873256802279 66.55407778239606 31.40920956196413 57.16734562493585 57.304548691366904
2014-03-23 20.207953241350044 86.74642848732393 230.5041675063782 94.16639731596987 39.68078637263662 57.859297301054795 92.83051727669954 96.3931315903596 32.11503499899139 50.93621170334474 51.052548972749435
2014-03-24 18.003239638958664 77.81443685419482 242.00353997964947 86.03456054375114 36.93733094432848 62.44376408142445 83.87338681634509 89.0773411568931 28.61124351363356 48.53248275572349 47.46929729705179
2014-03-25 17.49575639605268 69.32478204621455 217.16684195509808 76.6480797041953 40.778381934005424 61.329375709861836 78.72287934140563 98.20272005581829 107.64268374959435 44.10028739121821 42.684441941346044
2014-03-26 18.715724900688087 61.76135946033094 193.47366112038253 68.3697263196772 36.57850193157953 54.638262204263164 70.13411229357487 96.14616407400452 95.8996243530697 39.288889506456876 38.02751461008093
2014-03-27 16.673815323090245 55.02311597381355 172.3654366860672 60.97893053037787 34.20873334037617 48.67715775919381 62.482390740256456 86.05876697496373 85.44975217753053 35.00242129845986 33.87866402018412
2014-03-28 14.854680697849847 49.07310093217925 153.84672811398747 54.326051043082444 42.6953042280693 43.36641745038084 55.66548181683827 76.66964518273335 92.46726570813557 32.75163053123985 30.182458347889266
2014-03-29 22.32666577178702 43.71916271564998 144.40534931564198 48.399009235908785 140.8355645603009 46.054827204504704 49.59230639528559 76.52409010078262 140.89428376318352 34.054776039620975 26.889513452458733
2014-03-30 35.957403999843045 38.94934602154148 181.75893904813876 47.56433330947934 127.01799284159145 76.39588593158948 44.18172219718288 68.17521377764305 242.9094483978258 43.636492810449575 23.955833066212893
2014-03-31 71.59775604229054 34.69992244299583 264.7846121362888 53.422163327462044 118.19234010117124 68.06099684764864 39.3614396707028 60.73721056344579 216.98654299949962 60.60179169053814 21.34222097067302
2014-04-01 76.73607664613553 30.914116424034173 243.20504366323465 47.593736828719784 105.29740429014048 60.635454846923864 35.06705614678743 54.11070303439372 228.81369438993912 143.16406868243044 19.01375730504046
2014-04-02 71.08615527579217 27.541346694613253 218.3826543821636 42.40119913221511 93.8093225055912 54.439990712603404 31.241195370128224 136.63856922533148 203.84982702495213 162.97000450914456 16.93933201009206
2014-04-03 88.35055432955049 24.53655046608962 194.55682685315432 37.7751739545037 92.92229647592907 49.92958852937921 27.832740908419133 156.28305113583394 182.51026546401792 145.18976811252222 15.091229173944631
2014-04-04 87.77571778077576 21.85958135782499 173.3304276489271 33.65385405359568 113.12279840259745 44.619162486532815 25.2372342899207 139.23236992397557 166.42928023123423 154.89744306120974 13.444756726229363
2014-04-05 83.02592255477356 19.47497117173942 154.41985580714595 29.98217543683045 100.78095608932207 39.7511546637476 22.483819678297763 124.04193988891136 151.94041405959229 153.25053028192082 11.989743422786557
2014-04-06 76.1264315592263 18.564916784699946 137.5724515940024 26.711081663731022 91.5115527174753 35.4142527345311 20.030806130294014 113.41715734339863 140.67789497957412 136.53070098249052 10.681647046192108
2014-04-07 73.45977443121521 19.531936828839555 122.5631207765206 23.796868414359885 81.52752501103082 31.550512365091762 19.38489975732046 101.043200092355 172.17451984389956 121.63502649210275 9.802947900254463
2014-04-08 67.91551086942665 20.065679806873987 109.19132719108178 21.20059956610755 72.6327675254818 29.332377957789518 21.283473143772003 90.01925743907688 167.88154123783406 108.36448918278057 8.733433718333233
2014-04-09 60.50584157541848 19.00914435671669 97.27841342657712 18.887586977251846 64.708439483437 26.132177922602626 21.9340704233586 80.19804106041882 149.73925255131695 122.64987098056322 13.737435428009979
2014-04-10 56.06544633892787 19.33154919791414 86.66521382446352 16.826927026797836 57.7050620660945 23.281123813461953 46.938766645087796 71.44833197809342 133.4025081532608 111.9006258640635 16.98961830042767
2014-04-11 49.94863427531681 17.22245240008861 77.20992790357296 15.471773873652095 51.4093658248923 21.617002317372606 53.60235958431717 63.653227372548834 118.84812351044623 99.69212414139588 15.209060621592378
2014-04-12 47.04790647008133 15.34346076647195 71.12451521835214 13.78378351139384 47.61062569945875 26.87987135018795 47.75434049177186 56.708854918418 105.88164088884128 88.81558560625717 13.54973261189536
2014-04-13 51.28952402825598 13.739292228479 85.14654334450009 76.03688209790637 76.37904124464065 40.69705216726511 42.75406928214452 50.52184615402507 94.32981814246442 79.12569136749808 12.071439415081928
2014-04-14 62.80803890540626 38.160464501534285 85.47603126996786 67.7411607924129 71.67763902527173 42.81637145264517 38.17531157706161 45.5628162900779 84.03831406553286 70.49297701127213 10.754429901005256
2014-04-15 64.90945615763185 33.99710890805681 76.15048669013792 60.35051331529925 63.85751672694055 61.31999786639776 36.57374870481011 76.10311043266313 74.86962627565848 66.62386422309956 10.08042962917198
