2014-01-18 2.343804123409187 2.343804123409187 2.468306763720345 2.343804123409187 2.343804123409187 2.343804123409187 2.356413421672963 2.373283898915282 2.343804123409187 2.3465472044959754 2.347226245503777
2014-01-19 1.9785470836417678 1.9453499268148986 2.047665309369863 1.944380036551671 2.1109575549193913 2.0352636008580323 1.9548404959279966 7.830104057420926 2.3137963229238245 4.4245002857370945 2.2149036724230933
2014-01-20 2.3265044678030806 1.6139092248379803 3.521585586798767 1.6130246076375878 1.7512144836674333 1.6884200668070666 1.667247051087228 6.495729073467918 2.001794593795832 3.6704901836192922 1.8374464147970062
2014-01-21 1.9516999813982638 1.338871643001683 4.821380774090021 1.9245371228417583 1.4527777503912918 1.5914008449167272 2.432381708026923 5.3887463577455526 1.8135686743442716 3.044976227366797 1.524314293793892
2014-01-22 1.6190971093821107 1.1107051430445287 3.9997354864762826 1.5965632639189216 1.2051997123804987 1.3201990738492888 2.0252199665083896 4.470693468111361 1.5045057264351382 2.5260604882172912 1.2645452120690368
2014-01-23 1.3437763683092456 1.4360112511457077 3.3181125306989743 3.4319182128400016 0.9998131829395687 1.0952146972651844 1.6800880385761212 4.408432078609003 1.2481123614991472 2.0955768169171027 1.0490452001124069
2014-01-24 1.9004359249024472 1.8797279558366191 3.1106270174611095 8.039953722345318 0.8319896720478299 0.981807861098758 1.393772461286619 3.6571602722793335 1.0354127867752014 1.7384548850215296 1.3806136654007741
2014-01-25 3.501099947840328 149.16696286821815 4.758013466704701 26.62834778901552 0.8363107798842706 1.3798989058476965 3.7907946557822836 3.0372862033122434 0.8589608372520808 1.442192604374201 4.279003655685788
2014-01-26 2.9074504098631717 123.74637531220736 4.002474677169821 22.09042442162517 1.0187365970153772 1.152372513809586 3.144779035528662 2.520049738699837 0.7125793010834259 1.1964184552804307 3.549788653985537
2014-01-27 2.4119714091027897 102.65788823788137 3.3203849167091204 18.325840378607406 0.8451265538616767 0.955988637508284 2.6088552003875747 2.090590401350218 0.5911436683856509 0.9925284014038984 2.9448442913158055
2014-01-28 2.173064624158392 86.0186631666878 2.784560555661402 15.202805485866582 0.701102614880967 0.7930719138935513 2.164261901932349 1.806830521656854 0.6307203970353911 0.8233846805404177 2.4429927371478057
2014-01-29 1.8027374519693564 74.33186370569945 2.3199867901476665 12.61198885650579 11.748832404064942 0.6579189709266948 5.336507817291089 2.000039126074012 3.4491917484524226 0.6830659265669214 4.657612041485777
2014-01-30 1.4955203285738656 61.67296478700233 1.924621581971046 11.62350973744863 19.608613024801045 0.5457983881693385 4.6847111585683505 15.955542022368013 7.220985456424432 1.9558704856547071 8.298786435825143
2014-01-31 1.784610628625 52.597201060482384 1.5966333297758253 10.374429502665174 22.949629459870604 0.4527850596994391 3.886356697963327 44.1318997827651 12.08993461975015 1.8119341649957021 6.884532078533937
2014-02-01 12.99353130645583 43.63374340840061 1.5460672427848516 8.632102970265699 19.67612639203502 0.3756227844036289 3.224055416134014 51.811139824548924 17.68496782381544 7.8936497983607365 5.711290717852113
2014-02-02 16.41122066867014 36.19781139381976 27.592443950278682 11.113535980627534 34.607931088642715 0.3116102732208516 2.687495688517791 43.41638455288794 22.750940975842326 6.548437614797393 5.541653625318153
2014-02-03 21.752149912564523 30.663223534475318 250.5011107581078 42.41847109536037 28.82876222455423 0.25850658269051296 2.229500713340417 59.229473776962635 21.78295143845106 5.572726274231024 8.863133656963152
2014-02-04 18.58814698358286 28.86711723183356 207.81146087544326 35.189642152693125 26.826091649015414 0.21445266423244536 39.82684366938142 49.768317597706634 89.4914114644557 5.654353005709932 10.184838853404989
2014-02-05 19.357942960607843 27.54388284204305 185.90512043931355 29.192728612277858 22.347116708543076 0.1779062827638823 33.60031517690871 58.69065611107247 77.4989416999181 4.690755082348138 20.544103689595367
2014-02-06 41.90529056016689 22.84993672987987 164.68080885637107 24.34256257347565 23.285990084364546 0.14758802629102824 27.900288274048517 55.40398787390089 66.4007104899487 3.891370634333747 27.95938467976581
2014-02-07 35.9157150826909 21.68837018127656 138.24135923962524 20.240197049263198 21.629499788652375 1.3564397893192417 31.268710430275657 46.54641546216502 63.55057886992983 4.332650812728552 28.972130641129844
2014-02-08 42.744860189953705 20.81443846581676 120.01674130094847 16.79092321980235 87.38923365811567 10.077200552532334 28.302117926106707 39.09676688211696 52.93550287494793 3.5944395626878434 35.31574346833395
2014-02-09 36.513660452122345 27.78645542182657 100.55523921344714 13.92946431732324 76.03136604877074 12.130805048819736 28.72977274138311 32.434012834079766 43.91439283972682 3.8579542369129123 32.2064378311399
2014-02-10 30.29111167412331 29.236721553736107 84.20464691991583 11.555646680508707 76.73399761981157 22.220953586649134 27.084050890652083 26.90670539825213 37.46445850146447 11.102003134286024 31.94125763514369
2014-02-11 25.327419953207706 24.254286932714326 75.58471892060292 9.586367943718294 63.65721930704039 39.73227090328846 26.48892198820357 22.321345159845034 31.66493108941829 12.702508185725788 28.566545037593404
2014-02-12 21.01119681566893 20.120943914084993 65.37157121099175 7.961006110750997 53.37123461040165 33.28607522050869 23.54651701794178 19.009208789675153 26.87044681941658 41.016197291281294 24.048975998231903
2014-02-13 18.939597931145308 16.69199284715695 66.83007741739927 6.604315265936657 45.36276686612597 27.613561861861882 21.497153254416396 15.769716296721842 32.90581085893204 34.02633965518652 19.950621454837698
2014-02-14 15.877606428729203 15.214690254699754 65.06758262840337 5.478827616145527 38.56795500286773 22.907741259596545 17.964626372590157 13.082288422975902 27.39991088822356 28.227672646197185 16.55069623186864
2014-02-15 13.4971507647296 28.744101134470615 58.479431749478934 4.801841041052846 31.995319493269733 19.191521080096894 14.929996487897279 11.28401993712753 22.79708754614178 23.497351731867482 13.730176093996958
2014-02-16 11.197006710215241 33.787628124274214 64.96998745865798 6.317025689662943 26.54277286416397 16.439906114661337 12.385671151819787 9.500783186031262 22.430093411779048 19.493003345677927 11.39032056000009
2014-02-17 9.288846324235298 28.02964162024052 62.37332901738576 5.290781414669116 22.019432919455713 13.655565233738734 10.27494212777471 8.462215100424128 20.22670306339824 16.171064031836615 9.449345271848202
2014-02-18 7.712157582652958 23.25291395031901 54.009171465276836 4.389142274171697 18.266947035855125 11.32842465933713 8.52391722943577 167.28349719077318 53.889400697314684 13.415239677766019 7.8390161197958586
2014-02-19 6.39787475952819 19.821105894912623 44.84052807297469 3.641157778605197 15.15394857039712 9.39786841962487 7.07129675581053 162.97211337921905 178.445547333844 11.129054665642276 7.619522103059674
2014-02-20 5.322814069663276 16.44597122544905 37.25195275486493 3.020642563062073 12.571457990407142 7.796530783503688 5.866227517562166 141.38149951262653 224.1186744010004 9.232474463809375 7.197360077920771
2014-02-21 4.415716019932326 13.772767462625005 31.482042901873452 2.5058736941847632 10.429067729139929 7.051029858471523 38.047895979634966 118.1640080462333 328.7425972196172 7.6591037860604585 6.155188990234827
2014-02-22 3.7104246077583443 11.42565363500508 26.1200410429694 2.0788301959309954 8.651777206906775 7.399875767386317 66.64267549142205 123.1009620232827 273.1372740880391 6.353862232232306 5.373878879974944
2014-02-23 3.103701633257021 9.478527924134902 21.66874179056153 1.7245621730830887 7.177367218433706 15.425725167116372 56.247146115711374 113.4838933008303 226.5900369702631 5.271056039175995 6.777808587251763
2014-02-24 3.7578525457246905 7.863225551784151 17.976019640000345 1.4306674468414429 5.954221769271185 101.2012325342084 46.661675746690875 107.26703489929746 191.3168250049538 4.372778438158496 8.984246684151797
2014-02-25 13.598170388761087 6.523198177303074 14.912600150989599 1.1868573806144522 4.939521108326553 87.62119831371942 38.709732561544975 90.54662246016585 158.75714349264425 3.6275826185703135 24.464154928939593
2014-02-26 22.131867771016037 6.264042827317032 15.193109729394434 0.9845966964784093 4.0977426983864715 81.36258090001188 32.12850401933317 75.1159379447 131.70222604512347 3.0093808411880394 100.64627076474805
2014-02-27 27.032115453133045 6.923139289907043 18.812901549937635 0.825639964618578 3.3994176467583435 69.43366735789576 26.65326048173754 62.314904521085815 109.25792669004842 3.4244590378467117 84.67929171668571
2014-02-28 27.130795994165116 5.972642508354402 15.674705878127527 0.684936871878874 2.820099061281505 57.60122502958137 22.11109156778295 52.55767150225064 90.6385176854801 3.5772923577633438 113.58821120176836
2014-03-01 22.77141583099554 5.4573651883046495 13.172864679717984 0.5682119792688378 2.339506216020663 47.78738774301775 18.342985491545228 43.600950359223354 82.88466367736663 17.489246121265033 114.79993652602036
2014-03-02 19.61479717698964 8.873055310059382 10.930836451752826 0.471378993656858 1.9408145656814948 40.61833658822302 15.393241650047681 37.06569849974432 77.50774366198439 14.51032229638151 97.22193139483926
2014-03-03 16.899914643928746 10.540133845712184 11.632103601165198 0.39104799576203525 1.6100667536455124 33.69628118288141 12.863425267129774 44.92088586477018 75.55715091272809 12.03751658050175 80.66935847263129
2014-03-04 14.01988174901424 8.743915768164038 9.66404059770279 0.32440676620585496 1.3356839942535648 27.95386175132113 10.847217603554487 38.210324791215285 62.6964679002226 9.986119016942297 66.92192773656149
