2014-04-19 33.968787047159246 35.39806005547005 35.89620334728532 33.52908151443753 39.30505761851362 34.3932388780374 36.971910584936055 33.52908151443753 35.824220410083186 62.913758951219364 33.52908151443753
2014-04-20 30.262748837096332 31.536086328073004 34.43772622727804 29.871015741635343 36.97492376351549 31.384812536689065 32.93822774731877 30.641451839694792 31.915752041720086 59.09511490287886 29.871015741635343
2014-04-21 26.961044146372167 33.12911935891495 33.16300296546618 26.69660876619009 34.06284673717633 32.91471371555457 29.48837365196662 27.298430165943035 28.433702582453343 52.64776211533084 98.81260372691449
2014-04-22 24.019559669728057 34.132586831725895 29.54487683161809 29.084844495632755 30.346546494361224 42.1415151332052 26.27115428658042 24.320136442082216 25.361856428385565 70.78059034374601 92.0312057120978
2014-04-23 21.39899492005612 45.492352191160705 26.60482657366988 50.620451502729686 33.472775570336744 37.54382181266422 26.978295833871748 21.6667783812492 24.603186043315358 63.06241430104254 91.91849212699456
2014-04-24 19.109690005898546 42.784541830096884 23.70220589082853 45.09769535546709 29.820852848212265 33.447742726991855 27.863164618605985 19.731986806653506 21.918946908157942 57.53266214205868 83.14366400624681
2014-04-25 17.024798330314272 38.11669347265504 21.116264845237538 40.177478983269154 26.56735957632399 29.798551120164905 156.45029774531497 17.5792017524097 19.527561703464066 51.2557749535613 76.75996827199883
2014-04-26 15.25471546261665 34.86225823259222 18.812453282534037 40.15650863466985 23.66882659092051 26.663260581327542 142.40531067555028 16.986242362324717 17.39707969002251 46.09925250777006 68.41250582548943
2014-04-27 15.794847997811319 33.964021470104406 16.89984496232172 35.77660378363644 25.14378742256061 23.754264673346544 191.3566223370252 68.43780465096202 23.518694897419252 41.591036579680484 64.86546422733518
2014-04-28 18.126005015314043 98.65615075758103 25.821668493825438 46.95667844304011 34.446268709722474 21.637149653886684 176.99465787716358 76.54269821785586 25.73304929589562 44.55612054327319 60.05909541356635
2014-04-29 16.530838889006258 96.67213732507415 24.59608090104297 41.833644633032534 30.68813663820943 21.666500872679247 157.6843138204529 68.19179172529061 22.925540631555563 39.69499067730852 53.50657111661459
2014-04-30 14.727303176000145 120.0420159022641 21.912616946015262 37.26954037870717 27.340021593096363 19.30265785405648 140.4807530534805 60.75197983575439 20.424334761327113 35.36421631100688 47.66893561987684
2014-05-01 13.120535521162676 109.08142116424702 19.521922348305274 33.20338574906983 24.357190191218745 17.196713138880476 125.15412281873533 54.12386096016133 18.196013657735502 31.517443653905726 42.468193638862644
2014-05-02 11.689068277118617 104.55974406519043 17.39205559574041 29.580853801765524 21.699789518857227 16.68010776809895 111.49964758918989 48.218878350213686 16.210805242940662 30.836914097420713 37.963772278811625
2014-05-03 10.413775944339879 127.04016994696462 15.494560036070649 30.593706411485442 38.270923853116436 15.70601424836123 99.33846218139628 42.958136912370335 14.442185610958527 27.475346902630488 33.82187605896503
2014-05-04 10.79199217787623 120.30471166041401 15.41436400683412 57.55597261073344 34.3264064907891 13.992467960958926 88.70996322530422 44.273189355921836 13.006955762852588 24.547643239138967 30.373154177720888
2014-05-05 9.614571997450499 107.17931340450598 13.732637134637102 51.2765422202229 109.90085233210262 12.465871770038074 79.03159252370016 39.442927645175274 11.587880216033469 21.86946389511527 27.059404122810427
2014-05-06 8.718657054032434 95.48591292323606 12.234388819934614 45.682205734665565 97.9105284652009 11.105829180428763 70.4091444719541 35.139653678788804 10.327102599456353 19.483477350574628 24.107188446653222
2014-05-07 7.9369146794651755 85.06827742377105 10.899601316910246 40.69821853083681 87.2283643020907 9.894168980729557 62.72741655542186 31.305872418328402 9.200402467959432 17.357804996543273 21.477063285090956
2014-05-08 7.5497365051322385 76.07306353528215 9.710440841476094 36.25799071971792 77.71163794221114 9.20840799413934 55.88377500148043 27.89036160775378 8.19662676508027 15.464046221150376 19.133888150106475
2014-05-09 6.726050574719636 68.5530614211567 8.746755927180843 32.302197454541 69.24448502307065 24.48815664711275 49.786783513662044 24.847487404818374 7.302364278084808 13.776898955685828 17.046356425970487
2014-05-10 5.992229835164816 75.69581697329185 7.792473643411828 28.77798630536671 103.433605384744 53.861051570356395 44.354981612652104 22.136594677960915 6.505666974739559 12.273821619569484 15.18657708886044
2014-05-11 5.338469878950632 121.55119870704736 6.9423047800579765 25.63827111011144 248.8848389742072 47.98474180172121 39.51579626185007 19.721463822587634 5.7958903684434135 10.934731947557635 30.946111577203524
2014-05-12 4.75603597198793 125.92202064902894 6.1848904294932 22.841102867332776 221.73118400668596 42.74954496144858 35.20457223597704 17.5698268393944 5.163551299728176 9.741738675287314 30.057696003693067
2014-05-13 4.237146350873389 112.18376678186121 5.510110955473945 20.349109265418395 197.54002760329627 38.08770696567089 31.363708277710924 15.652936209164197 4.600201233979714 8.678902498271636 28.459956492277055
2014-05-14 3.7748682525661184 99.94437402211493 4.9089507870427775 18.128995359858955 175.98815737318384 33.932289312621066 27.941887500740208 13.945180803876887 4.098313382540135 7.732023110575188 25.354938757299454
2014-05-15 3.363025287359818 89.13907105755507 4.373377963590421 16.414580688941516 156.7876238116498 30.230233052181244 24.893391756831022 12.423743702409183 3.651182139042404 6.888449477842914 22.58868243740489
2014-05-16 2.9961149175824073 82.39462261738285 3.8962368217059127 36.131143705919065 139.68189307406854 28.353216806260175 22.177490806326045 11.068297338980456 3.2528334873697795 6.136910809784742 20.12422822796321
2014-05-17 2.669234939475315 76.74460599127825 3.4711523900289873 32.189189612547686 124.44241948710359 25.259844507852314 20.150910187596104 9.860731911293815 2.8979451842217063 5.467365973778818 17.928649131856055
2014-05-18 2.378017985993964 68.37167110181518 3.0924452147466 28.677307763795053 110.86559200334295 22.503963092469913 17.99204282909796 8.799149727689207 2.638636535456036 4.870869337643657 15.972610529558466
2014-05-19 2.118573175436694 60.912234141720035 2.755055477736972 25.548576726481013 98.7700138016481 20.048751872158956 16.146462797293243 7.8391512131232295 2.3507579070760487 4.339451249135818 14.229978246138524
2014-05-20 1.8874341262830592 54.26663131592259 2.454475393521388 22.761194255932036 87.9940786865919 17.86140734322014 14.384863008609226 6.983889767079771 2.503770565042086 3.866011555287594 12.677469378649723
2014-05-21 1.6904222439030958 48.34607227714982 2.1866889817952093 20.277918785953105 78.39381190582488 15.912704906257265 12.815456014994341 6.221938441124801 2.230605986913507 3.444224738921457 11.294341218702442
2014-05-22 1.6114054166853264 43.071453818832964 1.9481184108529561 18.065571852959526 69.84094653703426 17.66311021553002 11.41727333614236 5.543116981546186 1.98724401441741 3.068455404892371 10.062114113981602
2014-05-23 1.4355990201293567 38.37230299563911 1.735576195014493 16.094594806273836 62.22120974355178 15.736042249387225 10.171634179827103 4.938355813361444 1.7704331450765325 2.733682986889409 8.964324565928026
2014-05-24 1.278973326796771 34.18583555090758 1.5462226073732996 14.338653881897521 55.43279600167148 31.120982767597045 9.061895852200427 4.399574863844603 1.577276619501852 2.4354346688218285 7.986305264779231
2014-05-25 1.1394356973789284 30.456117070860007 1.3775277388684857 12.774288363240505 49.385006900824045 27.725643654919796 8.073231398646616 3.919575606561614 1.4051937184669276 2.169725624567909 7.114989123069261
2014-05-26 1.015121802198231 27.133315657961283 1.227237696760694 11.380597127966016 43.997039343295945 24.700740391783878 7.19243150430461 3.491944883539885 1.2518852825210427 1.933005777643797 6.338734689324861
2014-05-27 0.904370712334715 24.173036138574904 1.0933444908976044 10.13895939297655 39.19690595291243 22.00585795215756 6.40772800749717 3.1109692205623993 1.1153029934567533 1.7221123694607285 5.64717060935122
2014-05-28 0.8057027083426631 21.535726909416475 0.9740592054264777 9.032785926479763 34.92047326851712 19.60499064115556 5.708636668071178 2.771558490773092 0.9936220072087047 1.5342277024461854 12.78576741104748
2014-05-29 0.7177995100646781 19.186151497819548 0.8677880975072464 8.047297403136918 31.110604871775887 17.466061031358837 5.08581708991355 2.469177906680721 0.885216572538266 1.3668414934447044 11.390823796942726
2014-05-30 0.6394866633983853 17.092917775453785 0.7731113036866495 7.1693269409487606 27.716398000835735 15.560491383798519 4.530947926100213 2.1997874319223003 0.788638309750926 1.2177173344109142 10.148070319258744
2014-05-31 0.5697178486894642 15.22805853543 0.6887638694342426 6.387144181620252 24.692503450412016 13.862821827459893 4.036615699323308 1.9597878032808063 0.7025968592334638 1.0848628122839545 9.040902839025641
2014-06-01 0.5075609010991152 13.566657828980638 0.6136188483803469 5.690298563983008 21.99851967164797 12.350370195891934 3.596215752152304 1.7459724417699418 0.6259426412605213 0.9665028888218985 8.054528750119296
2014-06-02 0.4521853561673574 12.08651806928745 0.5466722454488021 5.069479696488275 19.598452976456212 11.002928976078776 3.2038640037485835 1.5554846102811994 0.5576514967283767 0.8610561847303643 7.175769338705789
2014-06-03 0.40285135417133144 10.767863454708236 0.4870296027132387 4.516392963239881 17.460236634258557 9.802495320577778 2.8543183340355887 1.3857792453865456 0.4968110036043524 0.7671138512230927 6.392883705523738
