2014-04-26 21.546201708801284 21.546201708801284 21.546201708801284 21.546201708801284 21.546201708801284 21.546201708801284 21.546201708801284 21.546201708801284 21.546201708801284 21.546201708801284 21.546201708801284
2014-04-27 20.714668293542225 20.50572162296778 20.401396540187793 19.195483483164256 51.920225377104806 39.77291451468368 72.20606671615079 30.1979637172907 19.195483483164256 68.68828039840841 19.518291815869432
2014-04-28 27.195995499175723 102.80167347028694 24.20822360387593 21.080586402445785 48.97005251437313 131.95818466020896 68.62924966225482 48.21260495673903 144.59256275827906 61.4877002037983 34.28190037014283
2014-04-29 24.228877528766095 92.58953931340108 21.67935165840939 21.7688876504243 43.62735701232012 122.28309947115167 64.7168647847253 42.95254795416537 128.81732881397738 54.779313292961376 31.841382478486274
2014-04-30 21.585475932356985 82.48790188751356 19.314106602590563 19.393874103104075 38.86755643812693 108.94185656907662 57.69128492744395 38.26636991322738 114.76319311463506 48.80281999330734 28.36744683389968
2014-05-01 20.11935088877201 73.48836605367191 17.2069128142738 17.277977578230537 34.62705620797457 97.31658205322478 67.4114390023535 34.091459903578325 102.24238163552059 43.47836977367123 25.272522021235456
2014-05-02 18.871191966467595 65.99779182693504 15.72677229404667 15.392928076503111 34.606607666014256 90.1313367068481 260.1579965529855 30.372037927630696 91.08760673870063 40.1573757966873 22.51525747289216
2014-05-03 20.43833705300727 88.40888050732266 14.010961277251182 15.108368055952148 67.46509993976953 80.29789233640628 231.7744256430136 27.058409657035956 81.69607597947727 35.7761546211486 20.05881402119932
2014-05-04 18.208488281444378 79.01898264985589 12.482347441817009 13.460025734240219 60.10457105555055 71.53728935187534 206.48753870307416 24.10630247836951 72.78292936721206 31.872930291971866 17.87037169890194
2014-05-05 16.221918869212185 70.3979103515103 11.120507335297118 11.991519672770593 53.547085307764924 63.73247938282026 183.9594835425225 21.476273977082677 64.8422184757481 28.395552740494125 15.920691239243137
2014-05-06 14.452086726357718 62.71740809191905 9.90724573008644 10.683229505025983 47.70502966083916 56.77918418606018 163.8892680777921 19.133184956613682 57.7678493214198 25.297561537392614 14.18372341694984
2014-05-07 12.875345538965105 55.874858474175234 9.22331903571919 9.517675471626697 42.50034977368847 50.58450240841524 146.00873884746343 17.045729951789152 51.465302910177165 22.53756514573943 12.636261010617728
2014-05-08 11.470628836277946 49.77883979091558 8.217043105921617 8.479284877347974 37.86350713389512 45.06566835342405 130.07899827649274 17.65851565254571 45.85037239138111 20.07868789834365 11.25762873644608
2014-05-09 10.219168526503632 44.34790456024 7.320553169969481 7.554184027976074 33.73254996988476 51.67380997900222 115.8872128215068 15.731948959114092 40.848037989738636 18.2568432462367 10.02940701059966
2014-05-10 9.104244140722187 39.50949132492793 6.521871435204007 6.730012867120109 30.05228552777527 46.072444771674455 103.24376935153708 14.015573161523987 36.39146468360603 16.264998245361383 8.93518584945097
2014-05-11 8.110959434606091 35.198955175755145 5.8103269014993435 6.419461677884762 26.77354265388246 41.04588198867634 91.97974177126125 12.693575959900965 32.42110923787404 14.950335796635432 7.9603456196215685
2014-05-12 7.226043363178857 31.35870404595952 5.176412788522095 5.719090179978566 23.85251483041958 36.567723648651395 81.94463403889606 11.308690551292797 28.883924660709894 13.319234996990136 7.09186170847492
2014-05-13 13.371999321926987 27.937429237087606 4.611659517859593 5.095130110271906 21.250174886844235 32.8754194207455 73.0376616347017 10.074897915992517 25.732651455088575 11.866089385428458 6.318130505308864
2014-05-14 12.333263966239205 24.889419895457785 4.205786933802413 4.539244883999487 18.93175356694756 29.288669020268184 67.87681703555714 8.975713638752511 22.925186195690554 10.571483822816898 5.62881436822304
2014-05-15 10.987689058008945 22.173952280119998 4.089884686758872 4.044007448480237 16.86627498494238 26.093237686193586 60.47136928842419 7.996451775159373 20.42401899486931 9.41812138658891 5.01470350529983
2014-05-16 9.788918097104801 19.754745662463957 6.538294899443056 3.602801052001027 15.026142763887634 23.246432006761058 53.87386538324819 7.124028636160525 18.19573234180301 8.390592270602175 4.467592924725485
2014-05-17 8.720934584691436 17.59947758787757 190.05610186265415 3.2097308389423804 13.38677132694123 20.71021647615998 47.99615761120101 6.346787979950482 16.210554618937017 7.475167898317716 3.9801728098107843
2014-05-18 7.7694694424873525 15.679352022979756 169.32073752418836 2.859545089989283 11.93406435984961 18.45070531101986 42.75971529148067 5.654345275646398 14.441962330354945 6.659617498495068 3.54593085423746
2014-05-19 6.921810366942519 13.9687146185438 150.84762801487622 2.547565055135953 10.63204264039433 16.437709710372744 38.09457554122599 5.037448957996259 12.866325727544288 13.272106865393853 11.073035412217543
2014-05-20 6.1666319831196015 12.44470994772889 134.389958432964 2.2696224419997435 9.472073159540734 14.644334510134087 33.93840851777855 4.487856819376256 11.462593097845273 15.260988312790074 31.361938444209603
2014-05-21 5.4938445290044715 11.086976140059997 119.72784169886107 2.0220037242401183 8.438657835966355 13.046618843096793 30.23568464421208 3.9982258875796863 10.212009497434654 13.595994925419376 27.940310758342562
2014-05-22 4.894459048552401 9.877372831231977 106.66538069522478 1.8014005260005135 7.517989448887355 11.623216003380525 26.936932691624087 3.5620143180802626 9.097866170901504 12.11265445089868 24.891987039050118
2014-05-23 4.360467292345718 8.799738793938783 95.02805093132706 1.6048654194711902 6.697767163006341 10.355108238079989 23.998078805600496 3.173393989975241 8.105277309468507 10.79114832358251 22.176239345055688
2014-05-24 3.8847347212436762 7.839676011489876 84.66036876209415 1.4297725449946415 5.967032179924805 9.225352655509928 21.37985764574033 2.827172637823199 7.22098116517747 9.613820208741929 19.75678320568347
2014-05-25 3.4609051834712594 6.984357309271899 75.4238140074381 1.2737825275679766 5.316021320197164 8.218854855186372 19.04728777061299 2.5663782797279793 9.755121423135959 8.564940100399872 17.601292832519988
2014-05-26 3.0833159915598007 6.2223549738644435 67.19497921648197 1.1348112209998718 4.736036579770366 7.322167255067041 16.969204258889274 2.382773559187871 16.889260861605763 7.630494156395034 15.680969222104796
2014-05-27 2.7469222645022358 5.543488070029997 59.863920849430535 1.0110018621200592 4.2193289179831766 6.523309421548394 15.11784232210604 2.1273498241723248 15.046620851942375 6.797997462709687 13.970155379171276
2014-05-28 2.4472295242762003 4.9386864156159875 53.33269034761239 0.9007002630002567 3.758994724443677 5.811608001690262 13.468466345812038 1.8952532313912005 13.405015229339162 6.056327225449338 12.445993519525057
2014-05-29 3.1629870907192053 4.3998693969693905 47.514025465663515 0.8024327097355951 3.348883581503169 5.177554119039994 11.999039402800245 1.6884786743977562 11.942510884469986 5.395574161791253 11.088119672527844
2014-05-30 2.8179011446161812 3.9198380057449373 42.33018438104706 0.7148862724973207 2.9835160899624023 4.612676327754962 10.68992882287016 1.50426348662826 10.639567638351357 4.806910104370962 9.878391602841734
2014-05-31 3.8008909804032287 3.4921786546359486 37.71190700371904 0.6368912637839883 2.658010660098581 4.109427427593184 9.523643885306491 1.3401464119824347 9.478777170574663 4.282470050199935 8.80064641625999
2014-06-01 3.603498832889237 3.1111774869322217 33.59748960824098 0.5674056104999359 2.3680182898851827 3.6610836275335195 8.484602129444633 1.1939347205555257 8.44463043080288 3.8152470781975167 7.840484611052397
2014-06-02 3.2103524910412298 2.7717440350149984 29.931960424715257 0.5055009310600296 2.109664458991588 3.2616547107741956 7.558921161053017 1.0636749120861622 7.523310425971186 3.3989987313548427 6.985077689585636
2014-06-03 2.8600989190472768 2.4693432078079933 26.66634517380619 0.45035013150012837 1.879497362221838 2.9058040008451305 6.734233172906018 0.9476266156956 6.702507614669579 3.028163612724669 6.222996759762526
2014-06-04 2.548058460733789 2.199934698484695 23.757012732831758 0.40121635486779755 1.674441790751584 2.588777059519996 5.999519701400121 0.8442393371988781 5.971255442234991 2.697787080895626 5.544059836263919
2014-06-05 2.270062016414379 1.9599190028724682 21.16509219052353 0.35744313624866036 1.4917580449812005 2.306338163877481 5.34496441143508 0.75213174331413 5.3197838191756786 2.403455052185481 4.939195801420865
2014-06-06 2.022395340522644 1.746089327317974 18.85595350185952 0.31844563189199415 1.3290053300492901 2.0547137137965916 4.761821942653245 0.6700732059912172 4.73938858528733 2.1412350250999674 4.400323208129994
2014-06-07 1.8017494164446184 1.5555887434661102 16.79874480412049 0.28370280524996794 1.1840091449425911 1.8305418137667595 4.242301064722316 0.5969673602777629 4.222315215401439 1.9076235390987584 3.9202423055261977
2014-06-08 1.6051762455206149 1.3858720175074988 14.965980212357628 0.25275046553001485 1.0548322294957935 1.6308273553870978 3.779460580526508 0.5318374560430811 3.7616552129855925 1.6994993656774213 3.4925388447928176
2014-06-09 1.4300494595236384 1.2346716039039964 13.333172586903094 0.22517506575006424 0.9397486811109186 1.4529020004225648 3.367116586453009 0.47381330784779985 3.3512538073347895 1.5140818063623345 3.111498379881263
2014-06-10 1.2740292303668943 1.0999673492423472 11.878506366415879 0.2006081774338988 0.8372208953757917 1.2943885297599975 2.9997598507000607 0.4221196685994389 2.985627721117495 1.348893540447813 2.772029918131959
