2014-04-12 18.154557903239127 18.871839444656704 18.712683083963324 18.778317417543448 18.7400032972899 18.31791824362163 18.603070949419873 20.50218645123919 18.186027600726412 25.62585726688614 20.57545157521397
2014-04-13 15.501948950453283 15.695397205336134 15.674357599187845 30.812110689007167 15.546387998979739 15.362866524704467 15.616028229958586 17.36400029537228 15.106353573416868 21.781434013365512 17.06904467240677
2014-04-14 12.860153186791715 13.020790192444654 13.00318046939601 25.561202964572768 12.897019065614566 12.814907858913491 12.954791416769496 17.85659096382909 12.53376643182131 18.06952229412165 14.160189144018576
2014-04-15 10.673032676853705 10.801826081553566 10.787217354824666 21.833460260692036 10.699147659877433 10.63102959937401 10.747074619783444 47.35687694056996 10.397799453208911 15.403364013237988 11.747052072488056
2014-04-16 8.865249796573776 9.27664289406919 8.948892044842916 18.659195919046645 8.875830923834508 8.845416640423787 8.915590314614233 46.41168560491148 9.32966027235465 12.77836879964454 9.745154601415791
2014-04-17 13.474917724315048 12.701782737640562 7.57821512433956 18.721489059191313 7.363238371214597 7.584885216823974 7.396222085563994 38.82209832198102 18.879079003923323 10.604412222104651 9.58537128413721
2014-04-18 12.6402075800135 43.662798662749516 6.286758374251635 17.18664260152196 6.108417316258095 11.484292657332025 23.837864009754313 36.47861378046261 23.126786421076364 8.874203099168573 11.648759097272762
2014-04-19 12.940190045337731 37.06643230929081 5.215387819921501 14.257746385866165 5.067771018849174 27.606757278058655 22.000816219926257 47.75029073435537 19.189077698636613 7.361887955558285 9.663612420978
2014-04-20 23.5762811719794 31.00595249731995 5.446728576257008 11.839478096847746 89.20805436985302 41.9839568535217 24.04594169381196 43.10222624080756 17.351928124349456 9.912328294576495 8.399371718428057
2014-04-21 28.82276754737065 30.643198515778167 4.5185133870222876 11.458586593496314 89.72634584661883 37.15939494185654 58.594661797019754 78.87254970081345 33.71137743598565 26.812034485495225 7.000070288854555
2014-04-22 29.723841502874947 28.92094582978785 4.155446007057519 81.95431309308418 74.4354504176502 45.04090384484631 51.91559307781492 159.70166870418876 56.353007678069 35.541943444043675 5.807139252020381
2014-04-23 24.979251360733333 24.04552671498936 3.447287330194646 80.54493329636824 61.750396865685 46.956589242866855 45.94862026403374 346.676748394672 56.78145136469845 39.74444780567786 4.817503953646169
2014-04-24 22.866938579604117 22.451372727946897 2.8653659938110545 73.41920357836119 51.227078967678416 38.95438778198245 38.11819386102732 290.53245101451574 47.23486107996006 39.819749234954976 3.9965193421741474
2014-04-25 19.00800595442713 26.67274504696577 2.377058893332145 75.22193474656355 42.497113423720634 33.746568453937286 34.217088471778396 296.86691361389387 44.59063107103512 33.12510330090307 3.315444472087002
2014-04-26 15.814763913212756 27.028118387112535 1.9719676280707785 73.15301582592235 35.254882490724974 27.99721463555439 28.409804758679815 246.31695104551991 152.6643502756165 27.480022295223392 2.7504363438195045
2014-04-27 13.119659159431604 22.72278620844753 1.6820755979784943 60.95706689200239 29.24685088707893 23.260335560814898 24.767422960241145 204.3403531435152 186.11124497875315 22.79695910640063 5.189984980736609
2014-04-28 13.160773284514717 18.981814857104048 1.3954213067614691 52.859814273704714 24.278073845117227 19.29637876142596 28.233045890974786 169.99608529106382 154.5374076039967 18.9119695361108 7.485294870364815
2014-04-29 11.205197630324152 17.67353172272658 1.477105682896155 48.12742302333102 20.506316762823886 16.007947621000366 27.485210710819707 144.73954374037982 128.37681606543688 15.932537172919808 6.617200807380343
2014-04-30 9.295641372243912 19.414028815097293 1.7863325388532734 52.44229888696892 17.011691607916287 13.27995987569746 22.912914664513487 176.5523715714049 106.49922313062339 13.231385031328841 5.4895172421656655
2014-05-01 7.712339137300307 16.114258560286885 1.4819110916730245 44.045371573318974 14.112610017197571 11.016828842732114 19.008164294908934 173.1094752061303 88.3499441335653 10.976531978021653 4.554010136495439
2014-05-02 6.398245189821008 13.925240396932665 1.229368236797473 38.321674104232734 11.707581238119149 9.139373829898966 15.784250888936588 143.6086763252127 73.29361096681689 9.105944236318173 3.7779293530596347
2014-05-03 7.354081181396622 11.552142587994629 1.0198629797288667 31.79100904859295 9.712410268556505 7.5859835156350375 15.882615810294427 119.1980694340882 60.927748883962074 7.554136461403874 3.1341059349715077
2014-05-04 6.749881135451092 9.583461008167475 0.8460609818025623 26.373280394242933 10.068966414681116 6.293304188898681 33.873390403648806 98.88693447778886 52.58761605994381 6.273067065899842 2.6000009776968263
2014-05-05 5.715526222904305 7.9502762535596885 0.7018778004073385 21.878824849195887 8.353043281159621 6.862086068249 36.10864155510709 82.03491893961049 43.6257918549786 30.898724817169327 2.1569165893834694
2014-05-06 4.741503342877232 7.65504070162771 0.5822658854392292 18.150300972278384 6.929542634603981 5.796732165971716 30.83801571914769 68.05578916058828 36.22384406293653 28.13195178188735 1.7893413169711287
2014-05-07 3.933470528124592 9.229457725335024 0.4830378751824611 15.057180980010571 5.748630709612471 4.808870412067183 25.748626891286452 59.928846089864656 30.149405324460208 39.04124341110599 2.6954555015576265
2014-05-08 3.2631402483072134 7.656601151132029 0.7393162144496291 12.491181243279227 4.76896626199773 3.9893571029221557 22.449195143792394 61.922625298197985 25.011433865665943 43.570867568261214 2.236104038854786
2014-05-09 2.7070456493798134 6.393044165434661 0.613324156963162 10.362471505097416 3.956253298728093 3.309502800221068 18.62347046762045 63.747048402636274 20.74906013184485 38.06695742448854 1.8550338782049551
2014-05-10 2.2457190283587907 5.433996786792192 0.9336695291825616 8.605227465635396 3.2820404473025993 2.745507233897217 15.449714345515943 52.88346840320493 17.213067378192722 33.70768785510273 1.5389045543028543
2014-05-11 1.8630103099623707 5.8713007145112 2.173651073901158 7.138750344809195 2.7227249330052268 2.2776261047064836 12.816820246959253 43.87122592698897 14.279667931149975 28.90807573661575 1.2766490440304716
2014-05-12 1.5455216664228577 4.934690392247621 1.8032239607009803 5.922185867721559 2.2587262953757175 1.8894798778138127 10.63261608396956 36.39482285205556 11.84619610180384 24.270641914792236 1.175741948018055
2014-05-13 1.282138487699056 4.0937352184900275 1.4959239279424834 4.912944669278804 1.8738009174474792 1.567480369708834 8.820637460052732 30.39941066730264 9.827402801859597 33.00283431564826 2.186316006043542
2014-05-14 1.0636402823419204 3.3960931095970035 1.240993047431199 4.07569533657385 1.5544733708620821 1.3003550544638665 7.317450812410109 25.218834045910594 8.152646216560134 27.654329637180613 3.809977579730432
2014-05-15 0.8823778874706283 2.8173410817974798 1.0295067249115581 3.381127530387871 1.2895646694481142 2.1989188595514713 6.070432736243893 20.921115793841736 6.77008886627122 22.941561512608427 3.160692598730033
2014-05-16 3.217487113879002 2.342436459727602 0.8540612687817247 2.804925891825309 1.0698009164138345 1.99448151390732 5.035927749970889 17.35580182900305 5.6163505754482435 19.03796076653804 2.6345706120957315
2014-05-17 3.9790754840755094 2.0470146705397445 0.7085147024133618 2.326918812710438 0.8874886447144565 7.0564707964733255 4.177720008577197 14.398078003865221 4.659228912561155 15.793728880598023 2.1855949701082666
2014-05-18 3.304950963004408 1.7765189732219653 0.5877717464604626 1.930372269986362 0.7362454849427728 5.9314049399864786 3.4657654630109027 11.944400624520101 3.865217060086108 13.10583212249044 1.818835539897636
2014-05-19 2.741731107161323 1.4737699245374374 0.4876054438398523 1.6014040027431258 0.6107767319921084 4.920592654828499 2.875140081178105 9.911580955992822 3.206518332100851 13.851526785659642 5.402251631269778
2014-05-20 2.2833077922595733 1.222614463009209 0.4045091828488764 1.3284975234441256 0.5066899885601414 4.082039975306183 2.385167309970259 8.222478981497801 2.660073070739926 11.49099102982877 5.790934131963957
2014-05-21 1.9495502660415667 1.0142601638642819 0.3355739380606765 1.102098949905395 0.42034139655227665 3.386390934768296 1.9786942326024783 6.821228712286982 2.206751376044786 9.53273071559958 5.156165501821667
2014-05-22 1.751655563953417 9.687855012271159 0.27838643145884123 0.914282543962847 0.3498137241317823 2.8092923225773996 1.6414910810527583 5.658775321898631 1.8306893963639015 7.908191265683381 4.277467202467267
2014-05-23 1.57688719728788 20.293054718803152 0.2309446486468222 0.7584732480392482 0.29019951578820946 2.3305411293965017 1.3617530817948589 4.694423760641537 1.7021008362246042 6.560500968761421 3.5485140385272613
2014-05-24 1.3081587986286867 16.83477304343077 0.1915877525321959 0.6292165061993786 0.2407445824854273 1.9333772822993995 1.1296871954910799 3.894414107447345 1.4120339038137382 5.44248002041738 2.943786892010012
2014-05-25 1.2559934356305271 13.965841385192011 0.15893794091117913 0.5219873116123527 0.19971761096402355 1.603896909847629 0.9371692832702623 3.230739705998154 1.171399310244323 4.514988857357915 2.4421155366676346
2014-05-26 1.0419507918297377 11.585824477298493 0.13185221250964949 0.5614011648143534 0.16568233319076428 1.3305655967776933 0.7774596977030561 2.6801667105595266 0.97177294421547 3.74555796357408 2.02593751287541
2014-05-27 0.8643846550438623 9.611402930660306 3.9695574579275537 0.47864523795546216 0.13744724563382169 1.1038145883683157 0.6449673419123249 2.2234207178794527 0.8061663062721568 3.1072511808376126 1.6806833028370574
