2014-04-05 59.947158201325784 70.34799414429975 59.26386227636484 74.90280511176135 59.26386227636484 69.62572286970413 59.82258043118353 62.53515102283705 60.17589734520072 59.26386227636484 89.62349337862632
2014-04-06 58.05944755837971 63.8974146685615 54.548603113020945 66.91795703719086 55.089267446956754 72.8869857925446 56.39652874783014 64.08843957023369 53.74612956826318 52.79809893405905 80.37537814046264
2014-04-07 58.20546406660531 59.7680703829756 58.49700345754805 65.7602601489798 110.25496863425295 66.34622400484766 50.271161989192755 92.96308861455516 61.109189114480095 68.90351437216026 75.38091177212429
2014-04-08 56.82651200823918 70.83742216978939 52.31243671412993 62.94328637736337 103.84356782196711 59.107765919370586 54.706560733839886 83.39879585235938 71.46148073924752 69.61756578443007 81.67619532945292
2014-04-09 61.9037014829525 88.6480123241416 47.514914885794965 64.50934456256446 92.98744620312584 54.14907463223128 53.23413175700189 110.03922408565667 63.669464548385456 80.84016808763398 85.82377147793721
2014-04-10 120.15482458002094 81.13998768510596 132.8261320554846 64.98925586650485 168.88836331832667 54.26980819310277 48.50080459871017 102.41860895072291 87.60281971318932 73.87483976137776 109.53846735821128
2014-04-11 111.5645367319953 76.01839609905996 121.52828529913509 58.134643091674114 156.4592793442668 49.56001444331654 43.21643796165405 108.50333631716848 79.61237743110318 150.15521259126814 123.17917337366589
2014-04-12 99.39270276445541 67.72469163973709 108.27198002535994 55.05480629510793 139.38937140896857 45.37427214014352 40.4862323173082 96.6654832389155 72.7393665560217 145.41637943270345 121.88357902576996
2014-04-13 88.7112980994023 63.817622932141184 111.58974414451329 62.45598920723805 124.18181231063774 79.98912039482714 43.105979923276905 89.66069471490533 127.16433342641977 129.5512660332047 130.5311127609596
2014-04-14 95.41072050446886 58.38350547573081 100.68462614421593 79.52212358508405 110.63341740389137 99.09677716420771 49.18193152631708 119.53784645564845 114.51772220745906 115.41705684244013 120.28387665302719
2014-04-15 88.9503685340709 52.01379018886805 98.05001092032755 78.06887571435392 108.07368042747603 92.1430580445763 60.75809859714246 106.49611417659392 102.03173617269732 114.3615070353242 109.55192938052214
2014-04-16 79.24583228621671 46.33901900488311 89.24578539327688 69.63124721146713 97.3867833906151 82.2451840249965 54.129312156838566 94.87725160685474 91.21457155803635 108.40641924456905 98.50146256434232
2014-04-17 70.60001040175479 45.656642844880665 82.6491581149286 73.94584447878194 90.6535733157927 126.8064250767376 48.223734814345754 100.9840118524372 81.43430063481613 105.82283468339617 123.50548460813125
2014-04-18 63.891534683395115 40.75131123315819 75.39138313480753 109.19741031448665 80.76315226188099 176.60720389802486 49.68136656331977 89.96652671200516 72.5497140482127 108.32932839304802 129.63023550971167
2014-04-19 57.6343218015713 36.30529094015864 67.16608659362723 122.95867222660615 73.10216567070357 161.09289959082247 44.26106578672189 80.15106332326398 64.63444724700086 106.9634451124181 115.84807933324453
2014-04-20 51.348330784855705 32.59680700139585 60.11936099007738 282.0068304315618 65.12662568931253 143.58530922328282 39.43212677291576 71.42138132627834 59.555962790049485 254.5232513039368 130.82035880310121
2014-04-21 45.83403558105363 36.974116061021896 53.56026164147625 256.42027753026827 58.021227343414225 127.91996793080689 36.508784786410864 63.629217071393725 53.05833090726883 226.75468158510915 117.84922298868386
2014-04-22 41.835017887107774 68.94228834721474 47.716768439652384 228.44449655690607 51.691037065176936 113.96373545410917 32.781801254485735 56.687187925178065 47.27336099597459 202.21753870471977 105.26412376417518
2014-04-23 39.10521880967124 61.42657344048802 42.5108078366857 203.52090914876274 46.0514786607109 101.5301458305506 29.205264715952712 50.502543057521656 42.11577671349928 191.5718234442065 93.7796729276697
2014-04-24 34.88301964304907 54.72485553788418 37.87282420881358 181.31651707538919 41.12760846852536 90.45307677303924 26.30338591987557 44.992650872773325 37.520891487541256 170.67109193825098 83.54819039888122
2014-04-25 35.163992216444825 48.75430364911627 33.740850539986425 161.53465264013514 36.70462949504418 80.7027155176847 24.719811672018327 42.26084900599561 33.42731412973327 152.0506570313998 74.43297572930827
2014-04-26 48.98467035659834 43.43514662482255 30.18503246356072 143.91101497234138 33.13314103488512 71.89794580514977 22.027448004157456 37.650136206963914 29.78035130905382 135.46173544167044 66.31224266461173
2014-04-27 43.710869263560674 38.696316450292095 30.086925178930535 128.21013876513413 29.51827287594223 64.05378775473152 19.62422519080685 33.54245808459332 26.53127680700502 120.68268646204996 59.07749198691371
2014-04-28 38.941957395706154 34.474498722318145 26.804785316431605 114.222248278453 26.297791466893685 57.06543740272367 17.48319706698718 29.882932910840253 23.636680497987292 107.51605067077278 52.632061882087584
2014-04-29 34.69333992571032 30.713286720244 23.8803488784359 101.76045457438136 23.428668707777533 50.839525032204286 20.596950372064082 26.622666624541335 21.057888356749636 95.78591172210325 46.88983646383485
2014-04-30 30.908252067822385 27.36242776894209 24.256405750099134 90.65825853769458 20.872570919493683 45.29286768205449 18.349796684072075 23.718099569281474 18.760445743770628 85.33554596912548 41.774095199440595
2014-05-01 27.53612214718145 24.37715182455813 21.972904906144095 81.61204026800553 18.595346676470246 40.35135775884235 16.34781034397566 21.130424502997798 16.713657064866634 76.02532851569988 37.21648786465413
2014-05-02 24.53189592347976 21.717573312411268 19.57563281470335 72.70806205958387 16.56657051744256 35.94897290257488 14.564243279849293 18.825068103481954 14.89017565452691 67.73086772083519 33.15612133230586
2014-05-03 21.855434631780334 19.34815822514604 17.439906181405174 64.77551928735151 14.759136437971115 32.02689387736575 12.975265668701786 16.902307738874693 13.26563840350251 60.341343231024965 29.538745993456843
2014-05-04 19.470978697853074 17.23724936115907 15.537190061501649 57.70842709997629 13.148895733446842 28.532718701361826 11.559647551776774 15.058244298176998 11.903031301154634 53.75802533538638 28.084125605153496
2014-05-05 17.34666996285516 15.356643360121998 13.842062709294634 51.4123637292641 11.714334353888766 25.41976251610214 10.29847518603204 13.439189426135515 10.604395328182997 47.89295586105161 25.020111501723523
2014-05-06 15.454126033911187 15.546790078380962 12.331875924128783 45.80320894296626 10.436285459746841 22.64643384102724 9.174898342036036 11.972956632589334 9.447442204531637 42.667772984562724 22.290385264613846
2014-05-07 13.76806107359072 14.236868316605873 10.986452453072047 40.806020134002765 9.297673338235123 20.175678879421167 8.173905171987828 10.666691716323708 8.416714149722173 38.012664257849934 19.858475659098783
2014-05-08 12.265947961739876 14.885562493898417 9.787816407351672 36.35403102979193 8.28328525872128 17.974486451287433 7.282121639924645 9.502941976870968 7.498439846941141 33.865433860417596 17.691890508912234
2014-05-09 10.927717315890161 21.20901653920411 8.720108468607027 32.38775964367576 7.379568218985558 16.01344693868287 6.501181388152189 8.466158825756366 6.680350447692304 30.17067161551248 15.761682575869143
2014-05-10 9.735489348926535 18.8950856477942 13.535234000005442 28.854213549988145 26.399125203060695 14.266359350680906 5.791894165102617 7.542490045438867 5.951515650577316 26.87901266769318 14.04206280257674
2014-05-11 8.673334981427576 16.833607582771773 34.0150208029018 25.70618186463205 37.17942009874947 12.70988125805106 5.159991087294432 6.719594713067755 5.302197664091499 23.946477930525795 12.51005575086176
2014-05-12 7.727063016955591 14.99703941716887 35.606711181614564 22.90160447148313 33.123097707177074 11.323216920513614 4.597029445286184 5.986478316294664 4.723721102265817 21.33388649228136 11.145192632306921
2014-05-13 6.884030536795359 16.428753271669002 32.037398092785615 20.403010067001382 29.509325288161264 10.08783943971058 4.095487640058857 5.333345858161853 4.208357074861087 19.00633212892496 9.929237829549388
2014-05-14 6.132973980869937 16.32113736261646 29.09826553508715 18.177015514895967 26.289820072409164 8.987243225643715 3.6486646886880387 4.751470988435484 3.7492199234705703 16.932716930208795 8.845945254456115
2014-05-15 5.46385865794508 14.540480354947404 25.923607465316355 16.19387982183788 23.42156700264949 8.006723469341432 3.250590694076094 4.233079412878182 3.340175223846152 15.085335807756236 7.880841287934571
2014-05-16 4.867744674463266 12.954095309367426 23.095308660423672 14.427106774994073 20.866244019498495 7.133179675340453 2.895947082551307 3.771245022719433 2.975757825288658 13.43950633384659 7.021031401288369
2014-05-17 4.336667490713786 11.540786905783223 20.575580880626926 12.853090932316025 18.589710049374734 6.35494062902553 2.579995543647215 3.359797356533877 2.6510988320457494 11.973238965262896 6.255027875430877
2014-05-18 4.017233770800287 10.281672260693085 18.330758631543397 13.071893716276492 16.56154885358853 5.661608460256806 2.298514722643092 2.993239158147332 2.3618605511329087 10.666943246140676 5.572596316153458
2014-05-19 3.5789484168760572 9.159928637390554 16.330849367381976 11.645733355497482 14.754662644080627 5.043919719855289 2.047743820029428 2.6666729290809257 2.1041785374305433 9.50316606446248 4.964618914774693
2014-05-20 3.1884805568852754 8.160568681308229 14.549132767543574 10.3751689182169 13.14491003620458 4.4936216128218565 1.8243323443440187 2.375735494217741 1.8746099617352852 8.466358465104395 4.422972627228057
