2014-02-01 7.216551469878817 7.216551469878817 7.216551469878817 7.216551469878817 7.216551469878817 7.216551469878817 7.216551469878817 7.216551469878817 7.216551469878817 7.216551469878817 7.216551469878817
2014-02-02 6.429216453908819 6.429216453908819 6.429216453908819 6.429216453908819 6.523670482565847 6.429216453908819 6.429216453908819 6.429216453908819 6.429216453908819 6.429216453908819 6.429216453908819
2014-02-03 5.727780697434144 5.727780697434144 5.727780697434144 5.727780697434144 5.811929670487882 5.727780697434144 5.728693503216285 5.727780697434144 5.727780697434144 23.622870880576514 5.727780697434144
2014-02-04 5.273147690470798 6.542548911767921 5.102872481133058 5.4695916624666445 5.177840693359459 19.735092058207105 5.103685698634278 5.102872481133058 5.102872481133058 21.045585386300363 5.417300672713676
2014-02-05 4.697840518005124 5.828748438864513 4.546142552275055 4.872852200842621 4.612931636448827 17.581968217038302 4.5468670467044605 4.546142552275055 4.546142552275055 18.749485043168047 4.826266225101413
2014-02-06 4.185300095518513 5.192824512546898 4.050152572305096 4.341217779418022 4.109654881781278 15.900482391772549 4.505079772827029 4.276857843088609 4.050152572305096 16.70389219074988 4.2997143933468625
2014-02-07 3.7286784901300822 4.971297731877744 3.622641273299434 3.8675853548515664 3.661286266178128 14.165719380643198 4.013569794731572 3.8102471700760976 3.6082757349394083 14.881476140693488 3.830610041402286
2014-02-08 3.3218748872143458 4.428922776823859 3.227406466664752 3.4456268349356094 3.2618352412829235 12.727970918711163 4.894808703016315 3.4307634434577006 3.2146082269544096 13.257888017779871 3.412685575580809
2014-02-09 5.0181026428397955 3.9457216246149276 2.875292284069469 3.069704530434089 12.574757254761138 35.84435004166532 10.639818626936613 8.233714769632874 2.863890348717072 11.811435440288252 3.040357204700969
2014-02-10 4.518471592941413 3.6051822591513827 2.5615942101562985 2.734795831233322 15.698607925247854 33.19109270671161 16.45405785489638 7.335405933799105 3.2434045407460204 10.522792693150176 4.78002308069271
2014-02-11 4.025500550105041 11.04960053432137 2.282120998223961 2.5137844462977794 13.985869677191086 29.56990194608654 14.658899051134167 6.535103743460661 54.57221182714209 9.374742521584022 75.32207637834676
2014-02-12 3.586313279961812 11.93988998300195 2.0331386719588784 9.157434753396885 12.459993367487376 26.593881731126768 13.059594374004066 5.822115547963236 214.12268360713188 8.351946095374936 67.10434129313786
2014-02-13 5.659412573848946 10.844502156259912 4.522077449793503 8.372445172148312 11.100592119131633 30.932044136080705 11.634775887233008 5.715055898728147 191.97931836557228 7.440738070346743 59.783171639708364
2014-02-14 5.15614249589216 10.195038771990253 62.596747641766406 10.069124748852971 10.505058548661111 140.6873524017948 10.365406923786015 7.242004045531822 171.59683103143428 6.792581308059579 53.26075098018007
2014-02-15 5.6972004407197705 19.00672989187215 130.8578289274657 9.91070579331171 11.49577688692917 140.7832459327318 9.234527741403959 33.75972181805717 168.23951385146876 6.1009793447670395 47.44993477543425
2014-02-16 5.075628569625819 28.08974879511597 126.73534407692975 21.177322136488144 20.445443939901 129.4695847191326 16.19943168885 146.34860843933325 149.8843672308274 5.435354677653643 42.27308606727708
2014-02-17 4.521870986436126 31.780110216542703 143.62177458283185 30.379674678652965 43.31656335360946 115.34428706443728 18.063061181468157 130.7748891443709 165.19485866156094 11.858466949745644 44.83768045484877
2014-02-18 4.028529065411936 43.54637081764247 137.67987637446 27.06521718694152 72.31232740760754 103.09902546707367 18.469475413253885 118.00300381987027 147.3206108407743 91.68293581198583 59.33670248000424
2014-02-19 3.5890113803665926 38.79540594110155 134.980456644417 24.112367298036084 64.42295979318209 91.85078963013413 17.774512450845666 125.56022514670852 131.24774335369762 103.30592772608941 55.450556876551076
2014-02-20 3.1974456381596874 34.562777422661476 120.80468520469863 21.48167711714938 57.39433229855254 81.82975074166447 17.334085305399636 123.99151447450163 116.92844631262143 117.92571741008429 49.400830041487325
2014-02-21 2.8486002203598844 31.17982872858403 120.57235230368063 19.137998607173046 51.13253707330112 72.90202004149235 30.761414919001645 110.78050802313618 104.1714029340559 116.85489636775148 44.01113615902982
2014-02-22 2.5378142848129093 28.05703030351551 107.53862337548146 17.05001842690206 45.55391173386735 64.94831620480686 34.4270188265614 98.6995106854976 92.80616934083119 104.10587738245201 39.209464787979606
2014-02-23 2.2609354932180623 28.336336169344023 95.80602171579316 15.18983956079621 40.58392156998058 57.86237165223585 30.670986941976878 88.64733717127295 82.68089730126178 92.74779271090182 36.62811484365022
2014-02-24 2.014264532705968 25.244805570062322 85.35346193672564 13.532608593470759 36.15616370380377 51.87239280378128 27.32474295070628 78.97579905244153 73.66030542038715 82.62888963648834 150.62257724329703
2014-02-25 2.756797658251948 37.04001095812243 76.04128982826909 12.056183649018037 32.21147989659104 46.30372520549638 24.343578468298496 70.35943813992917 65.6238716768488 76.4657987126509 206.90389477123583
2014-02-26 5.215209227272004 34.066135710156885 68.46481696514111 10.740838558574687 28.697166149276264 41.39963869133337 21.687662852355896 62.68313324793739 58.46422315631071 77.42696578107679 184.47328245455736
2014-02-27 5.596842293252824 30.418606814061032 60.995217671957164 9.568999303586518 25.566268536650558 45.517255131824925 19.32151103462372 55.8443230596075 52.085701467027945 69.05491404717826 165.47828167912223
2014-02-28 10.116192807284945 27.099897818261958 54.3405612366376 8.525009213451028 22.776955866933672 40.55175074061618 17.213509413280693 49.75163582921931 46.403084670415595 63.50454022387379 164.00159341591382
2014-03-01 10.031057471581887 32.270488652503104 48.411936348747055 7.594919780398103 20.291960784990287 36.221426465055046 15.335493470988434 44.32366858563646 41.34044865063088 56.80891443138306 159.70164936430743
2014-03-02 8.936656243024377 28.868650687828573 43.130132035790446 6.766304296735377 18.078081851901878 32.2696224069321 13.66237147535314 39.487899526220744 36.83015271019356 50.61098904586339 167.59933998686327
2014-03-03 7.9616555913712785 66.64724507278932 46.20392428741214 6.0280918245090165 16.10573994829552 28.748965237208584 12.171789234149246 35.17971906996457 32.81193583842439 45.08926526477444 178.64818042191004
2014-03-04 7.093028760627537 60.18480583773983 49.684748986710595 38.227274051496714 14.34858307463813 25.612416277690297 10.843831426177944 31.341566623968685 29.233780647432397 40.16996862627728 159.21563156633457
2014-03-05 6.319170230575631 53.61856637236763 44.26407918338498 186.27782267881452 12.783134268325279 22.818068830271045 9.660755517311857 27.922161529803745 58.61373631651908 35.78737355688807 141.845002070352
2014-03-06 5.629740658130421 47.76871204966503 39.43481140414016 186.3223519272255 12.732306662298608 20.328588271326506 8.629474279922706 24.87581791460965 53.33953826542471 31.882925227441056 126.6106550245877
2014-03-07 5.015528735790943 42.557084332261546 35.1324229300545 166.27252480694378 13.389266257683875 18.11071323252752 8.215597830201322 22.161834292818227 48.84254773213785 28.404457215691526 117.88271697044637
2014-03-08 4.4683281215121875 40.571507332803016 31.299430553549822 148.4571327129288 11.92848014581026 16.134811203466047 23.360427103561126 19.743949763110372 43.51376316526995 25.306125650105717 105.11907221636837
2014-03-09 3.980827795685638 36.145103875815586 27.884622558680103 132.28464391363445 10.62706767126485 14.374482618604288 24.45830873878357 17.589859534982285 38.766355825401305 22.545194902777542 93.65044668966432
2014-03-10 3.5465143803137673 32.201626710013514 24.842374493355294 117.85221969230818 9.467640965920497 12.806208138845149 21.789875903262935 15.670783311984342 34.536896711822294 20.085485239108625 83.43306290909213
2014-03-11 3.1706882943743584 28.68838795798475 22.13203959169249 104.994391453871 8.434709200351532 11.409034415135523 19.41257251065402 13.961080764901872 30.768877009107786 17.89413305274858 74.33040879623245
2014-03-12 2.824762137080695 47.27214870476211 19.95049589782832 93.53936875817867 7.5144716144797075 10.677593436602743 17.294635965548053 12.437908957304826 27.411953086031883 16.046987057191522 66.22086591541088
2014-03-13 2.5165769669765563 46.60775835232768 17.79327969073816 83.33410372231788 6.694633128841937 9.512654305493085 15.40776901241057 11.080917146409114 24.421273866068923 14.296240199266542 59.006207258940535
2014-03-14 2.24440472910117 41.52279217148342 20.14492943072065 74.24224618358706 5.96424007290513 8.47481152687597 13.854627914052912 9.871974881555186 21.75688158263497 14.159991579797227 53.12273478405521
2014-03-15 3.680478944376247 36.99260231918229 22.83266404708504 66.14232195681721 5.313533835632424 7.83901821829782 35.826349281199185 44.72260990117013 20.656254618986203 27.74068795176642 47.507612923837996
2014-03-16 20.902489425398937 32.95666198683485 20.34159113127707 58.92610984615407 5.06231323101062 6.986187612909945 33.08004989420298 53.09714201945827 21.342102552707466 24.714143336559857 43.29766348311194
2014-03-17 20.075427936542283 29.36104791825561 18.82636814304869 52.49719572693549 4.51000836833224 6.223985589029386 32.39764368947412 47.30417576205092 41.38340385830438 22.017798618477784 38.57383289557621
2014-03-18 17.885173014784275 26.78940611648748 16.772387245880196 46.76968437908932 4.017960674149396 5.592521513280626 36.02010320853476 42.14322954909647 38.95606394941219 20.609480829848412 34.365378280428494
