2014-03-22 15.24116588331337 15.24116588331337 15.24116588331337 15.24116588331337 15.24116588331337 15.24116588331337 15.24116588331337 15.24116588331337 15.24116588331337 15.24116588331337 15.24116588331337
2014-03-23 12.643811989781025 12.773398810061959 12.643811989781025 12.643811989781025 12.67704406165901 12.643811989781025 12.779823374459292 12.654513004528818 12.643811989781025 12.643811989781025 12.700452654430729
2014-03-24 10.489091376399433 10.658963657760191 10.489101271506394 10.489091376399433 10.788772078595171 10.489091376399433 10.601924107799876 10.497968756227646 10.489091376399433 10.489091376399433 10.536079508428823
2014-03-25 8.73689141354596 9.084163778997997 9.016286441033756 8.701571803771067 9.11598107351203 8.736796811354493 15.492453345069608 8.750731476155016 8.704848738843815 8.701571803771067 8.740552358912257
2014-03-26 7.364575159566634 11.563810116838273 7.479757879367133 10.315738596057681 7.579372882704636 7.2550198783290645 13.51830286417035 7.2688445381325675 7.492972807404626 7.218675969069347 7.67992108823819
2014-03-27 9.045060616064243 9.805700127237792 10.248584822288755 8.896809833508886 65.68894310263103 6.263722671362766 11.234936592894508 6.030109797816216 11.718464557334487 5.988490806205733 7.017278909506372
2014-03-28 7.527784147452492 9.768809266506265 10.016756271664628 7.397525043296345 54.89542085410303 5.753556407204865 9.53407850309729 15.677414507855776 9.796401465458977 4.967950118508548 6.190168192811559
2014-03-29 26.31446477382549 8.814015221684487 30.040554074102516 16.515437403978613 45.57048950193626 23.24135221465505 21.76620660912365 26.703293803872043 8.142336664466757 4.516840572951288 5.886836722527355
2014-03-30 34.60173329942966 9.936956127005987 33.339113338561255 43.1093284763432 38.39824926500349 21.751206441526534 88.96615257823986 65.80970143073068 17.642398175121947 4.131540658903629 56.29232489194921
2014-03-31 35.42530973067295 24.81674119421216 41.05129332059597 45.75733834083364 37.36461740176924 27.834580362466756 93.81459416371872 84.61441353943837 102.85846863892522 9.247442216118841 46.789888075404235
2014-04-01 32.953610106918845 21.447529964221527 60.39985896873436 44.21868659194954 35.10757185868482 25.016027616266427 83.69035712604672 74.74809382048196 85.32963613046364 7.716178887817489 38.816095328766586
2014-04-02 29.014594003881097 20.20392289808402 75.54522299151064 36.68307030997619 29.20977523399562 21.21180751989214 89.22328901768184 68.56408169798843 70.8151776809828 61.069811412962544 32.20117248717937
2014-04-03 39.315390689058304 20.460811392590564 65.02621164691655 30.4316512108177 24.23193272417023 18.018470856193687 89.87261939709606 94.54239574517973 58.74706695512387 92.92338701502798 28.834485326507302
2014-04-04 33.94205653040325 20.32457540652806 101.71133826427226 25.660092933691686 49.181521956114544 14.947816957919173 123.74255694654326 113.4616157204721 72.21865937018566 109.83109942599033 23.92059859997837
2014-04-05 31.554227053527093 16.860922069853174 90.51215345735856 29.562556517624813 47.28962020291127 12.978758886462881 163.36719190712196 96.01145580610235 62.322391913975025 91.49414192073617 21.567478826830683
2014-04-06 26.249876098428714 28.575305429062592 86.94845029238824 27.475865332245373 44.01037510734968 12.04119199654901 156.74692352042476 80.38617676092107 53.14269565680979 75.90198397345112 51.12112394210748
2014-04-07 26.00394972359344 27.930595846584993 78.38091611506496 41.73813387279438 75.7548581880563 9.989168079582937 146.47482734478015 69.14527123557176 72.75237967311485 74.12116487106078 42.43989154645497
2014-04-08 36.604738561878555 59.3996958419832 65.03224583144565 90.83943929091659 72.91708075863193 8.286843939599978 121.64671351641991 70.22404562201328 60.76092714771005 61.48965769863949 35.20741219459477
2014-04-09 38.91145759726956 51.369364386871446 53.94967114042861 129.1288468822279 60.49076999844733 8.396980346796262 109.42454737040974 63.46932847477191 50.91750527877469 57.89413322935242 29.75408413639468
2014-04-10 34.32644315238159 43.03145619888488 44.75572958344522 107.12309510543305 50.18211394278704 6.966454668195723 95.02553026250821 52.70063410917267 42.77680009705007 58.69858484977851 26.11080616885371
2014-04-11 28.476633403206357 35.69816416871445 37.25987046212111 88.86749771283718 41.63022821219695 6.080792115959702 79.38045862415616 44.26552990711947 35.59521203302481 50.459554553388436 21.661080696065408
2014-04-12 31.077742957942004 30.225160403899466 30.91015480662053 73.72489467730583 38.66262997788048 5.20054951960126 66.3525387006804 37.009817936632636 30.259990809699676 41.86038822394603 17.96966412630923
2014-04-13 25.78156697691514 29.153168006297296 25.677997174942124 61.171305303343644 33.85802745494008 4.32921092231686 55.044937559171174 31.391208708940386 25.10317370334452 34.72666609463406 14.957375385530108
2014-04-14 21.387949462247096 24.19496803938185 21.30202971608127 52.828530111567964 48.25338786725027 3.591439748439761 45.66434397576411 26.042423569442256 20.825165940840208 28.808651548968793 16.789341545588766
2014-04-15 19.78136994646315 21.60031289710058 17.928666041419813 43.82933410624609 40.059646075585725 6.5733366885810485 37.88236308734793 21.60435165466847 17.31217755520184 23.899167337521977 17.168468234486024
2014-04-16 18.034213541409706 35.720457792701346 18.310234613779674 36.36007011007794 33.37518946743595 182.22759610941958 31.426564100938858 17.92260267843339 18.221058551699933 19.82634273791026 14.24266924008863
2014-04-17 14.990577358633177 44.1984896329808 21.285051608723215 30.163695738680836 27.71188024682193 153.80896635413413 29.883592646800963 14.868286348208029 15.129216917188442 16.447596722081027 12.19042943068868
2014-04-18 12.435928011801934 46.46960151394755 18.779697209082137 25.02328895024704 22.989304519526325 127.59763270466308 59.06151966266779 12.341884288190405 12.550941031549845 13.644646494229276 19.682158102998844
2014-04-19 10.316647709937001 44.67296277206048 15.579317393074136 20.75889490837793 19.088239951397192 105.85282586714511 68.94552893847096 10.23861729044993 10.412047209031563 11.319366658749841 27.627878491307712
2014-04-20 10.666422940840746 37.20987469062301 12.924336730880093 17.68068172918518 15.83527920429707 87.81605528707414 57.25341424312706 8.493782762216563 8.637657272915881 9.390354056399321 29.150125448781154
2014-04-21 14.842710338876266 30.86867916493088 10.852183161112459 21.81073614345038 13.28820800604916 72.85070586033366 47.4964586702389 7.04629771434295 7.165653561351691 7.9377223284851075 30.331605691834
2014-04-22 27.39742051586795 25.608131210062187 9.002786572777731 23.806153021995293 11.048809550446206 60.43570651174601 39.5293568903085 5.980809080417761 5.944504318585988 6.584999436187393 25.1648319180513
2014-04-23 65.07507669434305 21.244070099921178 7.468558618271696 22.608268017111353 9.179303423409193 50.136434210758196 35.45468530767076 22.74801920712641 4.931459676515987 5.509062316144634 20.876316547056543
2014-04-24 53.98517680622888 26.432003080397774 6.195789201892869 22.761222098324815 18.621432046051115 41.59233308344221 31.840896720523006 23.37292099829751 4.0910555071914745 4.570224397438721 17.639467793211463
2014-04-25 44.785184479900174 21.92754019085397 5.239169722837997 18.8823227220381 33.001345860648584 34.50429210924634 70.1860179117246 33.15578444905723 3.419021894202858 3.7913804281601338 23.926875462178582
2014-04-26 37.744270897930704 18.190714391150337 4.34632609245802 15.664453773132065 27.57488617183877 32.74699442148317 104.42085911379681 27.505474853896057 2.8363624115257644 3.145264718094059 19.957594232730152
2014-04-27 35.103052162599184 15.090707264941127 3.6056382024878753 13.680264506176968 22.875656564962696 30.755726445568847 96.61225988016153 22.81807411616911 2.3529980147707237 2.6092581143825693 20.696616004599733
2014-04-28 29.260040386033378 12.518994079030755 2.9911761268442967 11.541847248749354 18.986471267666435 27.617168116154367 80.14788758187045 18.9294861890829 6.9290305837754556 2.164596152529101 18.65547594365754
2014-04-29 24.30701794304461 10.38554456058635 2.481428839873756 10.094521902718316 18.32857818841426 22.910732946820957 66.4893243549436 15.713377643110125 5.748205920954008 1.795712151939804 25.388983398739782
2014-04-30 22.516333597409623 8.615671126531746 2.058551160561043 48.38295496900678 15.208436137021849 19.00777255124034 55.15841261144988 16.408349073617263 5.607389947028973 1.4896922591575026 22.459624594237415
2014-05-01 23.056624743635417 7.147414228259205 1.7077390302529485 173.7348586646837 12.767053160950042 20.759542486722232 45.75848094911129 20.092539152926584 14.416853086181304 9.43088283385979 33.01047885023034
2014-05-02 20.86717485508231 5.929373278073159 1.4167112536833162 160.12388657812616 11.206540759061316 19.61376820064197 37.960457519322226 16.668428740417646 11.959976113476348 15.401500932802836 27.384931800517013
2014-05-03 43.31381303208337 4.91890722266033 7.917904592896122 133.7249028721397 9.296755608999383 16.27124850150417 31.49134991344732 13.827844980653746 9.921792764333139 32.893846322675735 22.71807364932367
2014-05-04 56.53082310654028 4.080641769445799 6.568558979809448 110.93590498335439 7.712430330793992 13.91798807742217 26.12468827243187 11.917578457708396 8.230950524010877 42.509701788502746 18.846527502630327
2014-05-05 49.86226612519602 3.3852310069676035 5.449164809329354 92.03053993797184 6.398101026746782 12.063604635084227 21.672597053081773 10.25669135731526 6.829438871364996 100.15133935993308 15.634758667928688
2014-05-06 44.352381685232444 2.808330066202315 5.350642338063187 76.34697064530633 5.307755790676339 10.01103356613943 17.979217900215364 8.508776700677773 5.793068680602046 83.15367621092159 12.970329869534769
