2014-01-11 8.179869484758347 8.38324993005297 10.462770471776537 8.390365934638487 8.698296324474528 8.371744065660492 8.38538240986588 8.126851189981865 8.29787864975788 8.119430829742281 49.19379498102545
2014-01-12 6.802649375047843 22.856086070655092 8.68247085951245 7.051999022663861 7.242477321203829 6.969962678327911 8.078442536804209 7.319208760654583 6.883778994652807 6.841664561627983 41.38545992078343
2014-01-13 5.644130075438018 19.18076859706149 7.293982450194919 5.8502184463669495 6.126698559929436 5.897665344833987 7.433480240822788 6.071952839532729 6.137850314447607 7.850825578064802 37.637094036856624
2014-01-14 6.462301055511044 21.155307085348802 34.683937339623036 5.069416250239513 5.082604920312568 5.04219524680873 6.220741706870161 5.040842967465111 5.23729614650949 11.50850186355065 36.84034705928975
2014-01-15 5.44536470147811 19.003399300567473 37.52198186472986 4.222269215660838 4.265111666441256 24.268662317207674 5.398752936841928 4.61276562629063 4.549023569128344 9.683407172661692 31.128894205210475
2014-01-16 4.677339811097827 20.612378356795166 31.431197504422858 3.894395098271976 3.5382640959881115 21.408267938843274 4.532731071150512 10.868103085452779 6.973747030395762 8.754637078423933 25.8240011816514
2014-01-17 4.323130456617705 20.605957879993777 35.842162298499005 3.336846068029136 4.349818543932954 17.759934962844895 3.760276602371536 9.09666161705332 5.785301924518153 23.223805962343988 21.423152156761095
2014-01-18 3.8492818767634147 23.430582028669942 29.7340482269505 6.337979885852874 4.187708701888808 14.733339978065013 3.2779251507833833 8.299799925647433 4.799388078167243 19.345705895003984 17.77228265687356
2014-01-19 3.1932987750480977 19.45411401823943 24.742101247311574 5.2578803147526845 3.4740519130916954 12.22278958976924 2.724065272591685 7.297594258185471 40.89044199284168 16.07549741739174 14.743583415017325
2014-01-20 2.9520437094705105 16.630280068005703 20.54116592166419 4.361849971244988 2.8820143792269435 12.294404043364581 2.6641355943315745 6.097938165357507 93.57683004217313 13.454983790761322 12.231026037137024
2014-01-21 2.5927445015209356 13.79672523762263 18.226435739237548 3.682462454076772 2.3908701107117496 51.89705380802463 2.2101215765202418 5.058745786142234 92.64042666213396 15.11212167698234 10.146651170891921
2014-01-22 2.161473787090119 11.445528597661522 15.157273226768528 3.0549082193095862 1.983425179103016 43.05291315610822 1.8334792693712911 4.19664946328843 87.05047656523803 18.986680190709546 8.417489233623208
2014-01-23 1.7931218906784547 9.495015855114971 12.574216068786422 2.568020203395464 1.6454157938046263 35.71596449547979 1.5971680995195574 3.481469016681156 73.31142378450514 20.344065886479488 7.943751727784424
2014-01-24 1.487543422471698 7.876903658893305 10.431355784053494 3.8950292259904993 1.3650089567415244 29.656769043811813 1.324999941348811 3.063197513054052 60.81791026558935 17.01436435226818 6.627909251832507
2014-01-25 1.8223454189310657 6.536149545782113 8.653675338347492 3.2312499978800022 1.1323882139703658 24.602751186168458 1.0991974152877346 3.4268180506112813 50.453503944293466 14.246114444952912 5.498400785550352
2014-01-26 2.608464017375279 5.422278494091723 7.291707417387752 2.6805900400260745 0.9394100022613927 20.49036703254954 0.911875480194859 19.438683906305513 48.03943370714402 11.818334240695641 4.561379772993095
2014-01-27 4.015504372561494 4.498230014713237 6.049076453586274 2.268211089511321 0.7793185600677375 17.002651625967864 0.7564763888780105 22.0864994003568 58.442581736296304 31.93783170156321 4.296538399022192
2014-01-28 3.3557468212511496 20.81611686577246 5.185521474084054 1.9283900981637057 0.6465094225144458 15.841306673585601 0.6275599458029919 18.67798639786972 70.87293277867172 41.62178431648936 3.564335178820213
2014-01-29 3.3874385198614685 29.201932644584815 9.335259869007448 1.599759626712908 3.049794739597594 33.139462191661416 1.2973673028398127 15.494939834025176 59.16712686087866 34.633293688702295 2.956911840906103
2014-01-30 3.144098857190939 24.22542664538432 9.818430808001576 1.4738039655348953 26.774955347062008 27.491934186775413 1.07641011450979 12.854338543015981 49.08404210884014 28.731191389118035 2.4530037710386385
2014-01-31 2.609028550395142 20.097001910581877 26.450729524462268 1.965335444853194 23.25617667106124 22.806841009030503 0.8929715230436462 10.663740624254293 40.719373290071744 26.083592901975774 12.06104275995235
2014-02-01 2.1679481137805876 16.672130968264746 36.06111783315283 3.5787396518117998 20.96647415348462 19.19146457677293 0.7407939875502849 8.846457849296216 46.25356808686302 26.491105935939636 10.180002226790966
2014-02-02 1.9222592359079982 13.903860874456146 44.859759032845346 3.430407126514054 19.98354005060219 18.765824349979646 7.731339076673894 7.338870968164608 112.27010670167127 245.40006561356887 11.120452685195074
2014-02-03 2.2173831636176353 15.4014893821611 39.4794352444441 3.298730175896262 20.26432616914268 38.07924992112478 6.413787400722662 6.101579546604234 95.82796262352024 219.4488360836074 28.567979621362227
2014-02-04 5.386846482693226 59.56095074271229 32.75640605158655 2.7365704479819604 17.937204408655138 31.908082177049 7.764108487114903 5.0617666140903115 80.64106704979253 185.45904368333018 28.252603406622455
2014-02-05 4.873838597017239 77.27581781627916 27.17415732812042 2.270510680491093 16.101867913855838 26.47040227038977 35.22632001747618 4.313752470174345 71.33548202979753 160.61421900748397 25.06476962755792
2014-02-06 4.573911628762548 71.73494613266925 22.543218731948848 1.8835770429064016 13.368374298754638 22.14178770946764 30.830330492532166 3.578763506324223 64.44548519198665 133.36717847538543 23.888930543228973
2014-02-07 8.750937619452564 69.62340057639587 19.62819667248753 1.5625834782671832 14.869570829560395 64.44971099941704 25.633499476928876 2.968881336001248 53.530083220756744 110.63914290810754 19.844476763844916
2014-02-08 9.569072603250467 57.75838893931515 22.513459693464466 1.2962926766119751 13.145540279268078 60.48449568185531 21.265115182641605 5.308366939672522 44.40764658178164 91.7843511677793 16.462640401566595
2014-02-09 8.709473054677915 49.97132063805897 18.676783244994684 1.0753823567248 11.06064526218847 50.17690887645786 17.641177871091003 7.968904562677056 36.83982830364365 76.14273662881861 13.751168689581668
2014-02-10 7.225230712433835 83.79497768805452 15.493941718863418 0.8921189126654637 10.072188727750673 41.62591017769961 14.63482111460711 6.611467753342918 31.127137277091816 63.16671924528382 17.55093244699131
2014-02-11 6.010264319072052 70.45929914387553 26.328322520323468 0.7400866764818255 8.742783091653243 34.532147095551515 12.140798682583005 5.484761198045702 26.603486435223274 52.40203592449256 16.095605119502657
2014-02-12 6.723793164541725 59.14932516058086 24.918323801116486 0.6139633191606869 7.264500842062879 28.647281895776093 10.137217253524796 4.65115143127184 23.861439453920433 43.47183773101914 13.360103761658708
2014-02-13 8.315986892768171 49.211105086391456 21.044951915940757 0.5093335270767104 6.058812953728204 23.76529781786398 8.847321382725486 3.965306514166697 19.820920160700734 36.06349719761143 11.083314847410355
2014-02-14 6.8988012850620954 54.351548669507714 17.45853416964883 0.42253443114349676 9.085028228001885 19.715286861300864 7.35465887282002 7.574763900254571 16.44309824425692 29.91766389471308 9.232030390956385
2014-02-15 5.723128208891823 60.19640588744414 14.483303006357799 0.3505273774663121 7.544260801195025 16.355466655722434 8.116327781613032 11.99511751351188 14.138984216914716 24.82200661023284 7.6839469945862655
2014-02-16 4.74780982115503 50.44138235957292 12.015101837051642 0.2907915504565614 6.258590445277112 13.568216958158029 7.708658091613048 9.950945472105643 11.729460825622654 20.591914502581613 6.37603300830979
2014-02-17 3.9387022752408547 45.28872301445396 10.064515715136107 0.24123572437684931 5.192020185133432 11.25596201556493 13.574333817999378 8.25513511453972 10.781571719139196 37.364930028495 6.048281668592989
2014-02-18 3.267480416731269 37.58003252666277 8.349351056515822 0.20012505392372243 4.307211637913895 9.346580780113769 11.771571052249104 6.89933044833802 18.019394167162545 50.01994113618737 5.01755160100064
2014-02-19 2.7106461792850953 31.17575580993685 6.926479627837824 0.8511699407179389 3.5731895162701783 7.753764445306819 9.765495129997477 5.723799411114089 65.58278115469791 65.01616478236193 4.1624754679393
2014-02-20 2.260528363455513 25.86287677189325 5.830377191110333 6.448811661166433 2.9642572486565153 6.698304699937881 10.3439322342295 4.748909591895476 60.96093296739804 54.13509921395877 3.50217568513031
2014-02-21 1.8752958824760972 21.455402685215482 4.8367817526756545 19.10754167550324 2.5232106535900103 5.5672982064799035 14.66193914590453 3.939614626341777 57.158108321140524 86.85273609905788 2.905345382170651
2014-02-22 1.5557135684227603 17.799037146750425 4.01251187636491 18.50774202727545 2.093212642580465 4.8720001048587775 13.027162616671708 3.5889998222802015 48.59998050861469 72.05736688017477 10.67257490735193
2014-02-23 1.3491587125639215 14.765778484768806 3.3287116064444886 27.49168260611324 1.736493606201742 4.043919173125723 41.36450357114746 4.918305496987776 41.71139604700712 61.47910116652325 32.723719888751766
2014-02-24 28.909676159322252 12.249438689500693 2.761442532829856 57.88202047197253 1.4405655608226178 3.3547665656510817 40.03919226363563 4.080142588062189 37.13727671122979 51.00201666994421 27.979134141718077
2014-02-25 45.09429171514451 10.161925994123333 6.231334591812083 65.44893631194351 1.195068687622572 3.0863903748124395 33.333946406395235 3.7030893199866486 31.04905446618886 42.71087071980949 43.02190924665357
