2014-03-08 37.51516928402109 36.194613944432255 37.833786874514985 35.77638183565987 38.825024404357315 105.0048130398949 35.838870175574506 35.75633514627248 47.217493033227264 45.36327145947835 37.41350083020034
2014-03-09 32.38579806863695 35.45842719451716 36.24081929554954 57.50642681819895 68.95646277794064 87.11030892066836 29.915829121995724 30.465867714581876 86.0219400367962 39.278728596054414 36.517007352552696
2014-03-10 28.478584525355696 69.68277393959217 31.531031484916955 70.87957153594384 57.45654141724288 110.95023447193653 24.877551149599697 26.631530697399572 88.14413630028871 38.643427079177165 53.27172095982246
2014-03-11 77.99519576125363 324.31142441718384 27.708704149971247 87.70674206461604 192.33090425434915 112.26744236064148 50.35869328797655 77.38672332042215 255.49507740828807 50.98023614727381 132.79002520148677
2014-03-12 67.55349847975455 269.0438592367895 22.993971237929028 74.19826656558901 177.4389395983109 96.99615866650707 47.530250460063286 120.44289291869136 214.84935427837524 42.638363044341624 110.73661721441664
2014-03-13 62.58297845771414 224.3289942694639 19.12631083575902 81.72413796818493 147.20032634793918 80.46636348554017 42.06745546174267 100.28287169647278 187.79627257379474 37.33049909701095 99.31252584183179
2014-03-14 52.00800672287555 191.4035585710134 18.745510736001165 110.88719964827044 154.3117405565853 66.77176089551583 37.598369350229156 83.19701871575266 155.79259362330097 40.34637304362483 84.78035282203908
2014-03-15 57.131769998366174 159.28515561633535 28.058281629682085 123.71091112629374 157.84941469689082 65.81071234178593 47.71799525192957 83.95606908224266 129.29094872382566 49.464251703246056 70.63492800651218
2014-03-16 56.10771357029518 147.9627265897924 30.830257187381086 102.75188253435547 143.3406587499606 77.68045875609081 49.39985153817586 114.19485582821854 107.60923975873484 43.44945042296093 59.587120886488826
2014-03-17 54.67978596321541 131.18204559331727 26.28027300724702 91.91992450687566 133.31900061704835 79.9026544327636 46.863770192328666 100.33892058170568 103.68456697988347 38.07720442739285 57.24746366357214
2014-03-18 49.19798622160087 109.98177714737888 22.84084113151373 79.37664192063797 112.99566029214209 89.99710612096867 39.34968521546294 95.85964275629846 86.03195940873637 31.588201162711613 48.287815697148375
2014-03-19 47.573277743168404 102.70814227059202 18.948373317784096 68.54973075534869 96.79825329377088 74.6712459263756 43.92028604624726 91.14673768227159 89.55576778033706 26.532202352459517 42.02251286015211
2014-03-20 48.74236090859889 87.12620146526181 16.622688203615702 60.00047407085806 189.50815452233778 64.40081129232908 37.1054651954995 174.39752816315044 113.3176184882906 22.820833132005333 55.452035250882595
2014-03-21 45.5366644024697 74.25353910197359 16.674392324740353 52.5606242794523 178.36696601833887 53.425817696857564 255.41526403064796 156.57757251692593 152.27922192168575 119.64279539988246 47.68373229966914
2014-03-22 40.57692506852929 61.59947310913816 39.90643809134939 87.75464452165258 158.40304693996507 44.715849289380024 242.01629096285433 143.19531221545202 133.07617289787888 157.10196883302777 56.90054114219821
2014-03-23 34.36575268313045 51.10187518621051 33.10570229809135 80.32223499584603 167.48056930359448 40.13585692911692 200.77259868604915 118.79239549857105 110.46227335778485 205.72417649301224 61.52127353622549
2014-03-24 33.411708496921015 42.39324649612398 28.358730778993664 73.40226178988692 202.81473302380755 36.38877205222194 168.02839037500385 100.8122481871737 91.63762319709032 170.78731580872233 51.03700215056751
2014-03-25 32.20342124450809 35.16871625419532 32.81822299435371 63.278278836082215 284.3627626601897 193.30301207593217 335.9525407096266 96.04626818558927 76.02115314031234 141.7466866948933 42.4942727270797
2014-03-26 30.933954346752184 32.54828300396583 27.80607246435685 52.494729600233725 268.9798446310707 160.36089105374487 278.73573125809776 82.43018396466731 63.065855651153306 122.54358711347025 35.45782220467775
2014-03-27 34.08899974885078 28.9984279523544 23.067444781139674 43.695511865400675 230.20099227271567 134.0936967957753 231.23442181804938 77.12389671603019 52.318361202325 111.61264912404273 30.709988442308315
2014-03-28 53.7684517313591 24.141969669522314 19.136881073252884 36.249053455167626 206.7385611387239 111.7158531244013 191.8316722822933 96.82151886996768 48.401602840963825 92.72503467950123 28.366607072265328
2014-03-29 92.36331608250315 20.470095208825523 16.354030486831835 30.071598209976994 183.05671544143308 93.31500622493837 159.14029258599788 111.08822480697236 41.24273678261117 78.93612487375265 25.891023915680364
2014-03-30 77.36001832280823 17.177462273204267 41.01093612313745 24.946886406861047 151.87273633963994 82.27768526439036 132.0200800162377 239.16630141867643 51.25630112076397 65.53319406421987 23.389716391956398
2014-03-31 66.78174330391423 14.250130541635611 38.14754112289916 20.695512657865883 162.08465335265387 76.87086533293648 110.45831578989804 271.42611434433957 42.53089385158983 54.676022579331104 24.57812008450267
2014-04-01 68.39995179036167 11.821665926196237 32.70988888245547 17.384500490828533 158.12828256027927 64.01691543202713 145.08300660763265 246.37688408913237 35.28290615913583 45.35829838312227 20.38959038894244
2014-04-02 70.13375514438037 14.138213496083992 34.81789006561084 14.421885925599081 144.9234095327395 53.16631284061704 121.58747067351439 204.39007257713388 29.343516237798426 38.25813535329481 16.9148573934666
2014-04-03 58.62355782623704 14.247096632690274 41.409154061813844 11.964151271457348 149.44552368766625 44.12392900956499 100.9302470843154 169.55852787298406 24.34288198621148 31.738298381503782 14.032277999879748
2014-04-04 51.416964852132885 24.810044484587713 134.7110453084583 9.92525640438193 151.60505158895342 36.679854833868895 83.73001632461771 143.99730386244403 20.798262125254226 26.329552521346898 11.640939162866847
2014-04-05 42.85303473293569 28.163119848705914 111.85581691149923 8.236877868937627 136.98029140752107 30.460288368672206 69.46099743384299 139.04692287910873 20.314515649187186 21.842548949580006 9.657125136398498
2014-04-06 38.50965347115735 23.416256598839755 92.79699765288109 7.3521565497973045 128.68863716270047 26.297358881880026 58.632185822010605 115.88109934068149 21.48376129308534 18.367323136215166 8.917576311155647
2014-04-07 43.57964693381699 53.378932857261404 84.21799790110177 7.078178913363671 109.56043498529563 32.291132655243295 49.060432911704076 96.71242132811958 20.90938379669136 18.27355942140018 7.450963278511895
2014-04-08 51.992279619130784 44.28225481104348 188.6409453427072 17.53417071484774 90.88947342205171 28.686317433501692 42.05530261097485 82.44321589751067 19.906949641018794 35.99493452887073 15.065888550351909
2014-04-09 43.131910869367886 41.07283621523353 173.1889446826582 15.304273103983144 75.40036127135298 43.66421492903837 44.229995698846544 70.3488168511753 16.51446683790968 52.45160642728866 27.840813510517126
2014-04-10 35.781499654779125 34.12190179105761 174.76026971426825 12.696164666698476 62.550857275306996 39.925412560973136 37.26946414697348 59.45361938977502 13.700120804970561 145.10394196060375 31.41048262722345
2014-04-11 29.683723529491083 29.371114052281936 221.8514555497434 10.88522802558075 52.78940639061581 34.02551186843492 32.13287221296817 49.42172534418089 12.2138733316 121.08449190608341 36.10895701798792
2014-04-12 26.05397668979619 43.98173066320816 206.36671865055126 11.662844017262993 43.81715917527853 118.86503105487753 27.508840257208846 50.04378109595346 11.400514516037054 100.64852326396642 55.09730085920598
2014-04-13 31.476285442930262 36.54134610240062 179.17663400989957 9.675297031040051 38.95441979955374 99.4265489916199 32.89981566030221 72.82729910269228 18.4129056417406 83.58322852226601 47.13966407386043
2014-04-14 26.119851942034668 30.33344146787332 155.12482255016047 8.028559033566733 95.0275868984111 82.83966886294 30.65608378635775 94.00417875516113 20.94003568762511 87.77954257420447 39.42270501021219
2014-04-15 22.488996932435022 29.519301179596592 171.33200773043743 10.907649271097535 105.75390860003003 71.77113865286445 80.50454828230298 90.74057389833973 17.37149745108957 110.4637813919458 55.50609775864065
2014-04-16 18.65648935451556 25.86134181576255 142.1948602282331 12.964261135920369 87.76826417116075 62.18713087288052 155.92202181454024 95.93311356203223 14.411098824991564 104.3604930056757 47.08391953283601
2014-04-17 15.482209571924235 22.98287720742177 119.07340193196733 11.870979248974125 72.81105916341957 51.770369425522524 135.42756854809275 80.47960728403918 12.777348715799484 90.57391391550497 46.271504976410284
2014-04-18 13.3578937199275 19.06620403055809 122.3640302971367 12.124743588874008 60.40281628631062 45.4540235297732 118.81581175677547 105.63288056053875 10.60319659405994 100.1521914739041 38.38605352667948
2014-04-19 21.20757887670781 15.817984461786656 118.6731586084808 10.148202944972967 50.10914903914512 38.603202629247484 119.77817577539574 164.4023905518141 9.623009216420963 89.37884587667521 31.936094995997124
2014-04-20 62.82825621594914 13.122330871751732 155.01231115286288 8.505995242241186 41.56969776914747 35.86576230281315 127.69567814127628 145.74539814930233 8.636817126117553 74.1471703529839 27.972502510588306
2014-04-21 52.962186290424285 15.360414137708146 201.89133033666351 21.069990513707744 34.4855142374965 29.75362638913169 106.69722224830005 165.63123381768415 34.237599062782294 95.9699675836263 27.033743180758467
2014-04-22 50.84848684543115 13.050621299562655 206.0158602941611 17.897117445254665 28.60859606988119 24.68310239246199 109.35752873791147 190.05907610702772 55.79319327745157 146.3949515119644 28.557621520109382
