2015-02-08 0.5798104016329951 0.27349049033917383 2.1547588607621972 0.24112113144483677 0.3886319127584821 0.17730719532025035 1.157306753384131 0.16849970940768463 2.4915358602744657 0.8844308388876954 0.43793593862579683
2015-02-09 2.6005498552853012 6.144142211744467 0.07365200295050522 3.094775632341947 1.5914587214511444 0.7042177353905226 0.011284234417253337 0.18978610345106517 3.761801346553465 0.0 9.117073340072901
2015-02-10 3.2841020798053577 5.313951569843569 0.0 0.4480958810914124 1.9726634761664585 0.40820020427903364 1.1935745521100176 4.89050205001746 3.9334500377823804 3.8749928020520104 4.617001931061806
2015-02-11 2.609306481919905 0.4173150466676875 2.252340279178366 4.78233197366026 0.6202247837397882 0.9190071364454151 2.3699092373572475 4.4973948528501015 3.1967203349837603 3.1825985799618834 3.1700370040778703
2015-02-12 0.40778410402932413 0.0 0.0 0.18622987180424735 1.2063119067124526 0.0 0.0 1.5152753676249888 0.5095333682185561 0.04528462135665873 0.004432056201387356
2015-02-13 0.6170812428163773 0.020474633564206125 0.22257115356496232 0.9095337761257918 2.2074421215773796 1.084142234210543 0.3343414341526931 2.256194401276942 0.10333719049279294 0.8206912382567491 0.7285948709378252
2015-02-14 5.241427392245562 4.216780164338612 0.34079029992343407 0.5733279719666016 4.808234748050205 11.217056559121833 2.959944716186376 7.1102159667891875 6.198605632259767 0.07596905469241726 15.687577695065464
2015-02-15 2.297865408616408 8.947523646627214 3.7204970565620905 3.810675964623959 15.950117729906417 10.374755344609625 4.525705954725743 0.2116744856910487 15.877815016982892 1.5855501764635704 3.0598120799715725
2015-02-16 11.134096574805216 12.792774330900997 2.0957907811057903 5.382739165393196 13.615718585067789 3.9983842147479822 7.378918451012675 0.33535780372674945 14.076196900563339 0.5027861325926022 1.8486140508540574
2015-02-17 11.538182543764293 2.2048990889191806 0.5194372102176551 0.14673143944764305 18.71578944059725 0.8146921557374274 1.6621345946702084 2.4546606402016855 5.815313739402841 3.7226500415453065 3.420987704882285
2015-02-18 8.44167798940188 7.234654127326177 2.1459553015416812 0.3663915335955786 6.637386308909408 2.739833073719822 1.104537352820689 0.7579211469350975 0.9951651264664656 5.057322653513493 1.8453850812662957
2015-02-19 0.7560171337518328 5.0966994886754975 0.2256910271582002 0.46577609450114454 5.605819018202204 0.6110122245012701 0.35006994692511484 1.6837584188436925 0.1940000575290206 1.1375103193587752 2.672475149214277
2015-02-20 1.2697077626350541 2.7081362838142446 0.7732029247941042 0.17817543765849075 1.9493269048160249 2.917411757812315 0.8301241778501998 0.17410083742876786 0.08687066249470653 4.404732437714142 0.9659287370444507
2015-02-21 1.8439639893832993 3.5880944859245876 5.551300358798734 1.671602732815554 2.906750641928955 2.8107433464266602 2.585146927860299 0.29933915989388893 3.0551860909578603 3.3363103897785806 9.906693061149285
2015-02-22 1.5455724753463511 2.1172404099759072 30.248689401819313 1.1183364544987462 4.5203634533801065 1.7101487327176084 6.033355565856574 6.210816180699783 17.707464424191834 4.393268270557751 9.584392570811417
2015-02-23 0.6790175616740721 1.1147074716823349 9.725866490064385 0.7265673156934009 0.2036909176862128 1.1406845593373223 0.25382020462997124 16.708020094843494 12.205490993132512 10.064995008737196 6.798289047119599
2015-02-24 3.482928349110431 4.599982827273624 26.00924507066467 1.0310211070742192 9.72815290970263 4.029930170685688 8.69000213225301 6.583573068055731 5.681322149979425 5.419920300729659 0.5950282532078397
2015-02-25 7.6166357529955695 11.9372468645484 12.008783738219709 6.0730572469165445 1.2238387901801075 4.098931481449245 7.550673737713419 10.463732591508036 8.841990011278234 11.446121696383049 2.482278685926982
2015-02-26 14.31372345555976 8.417396178531463 29.393220405866312 2.7500030803371507 8.19091694838557 7.63093135076096 10.13280116157847 1.1591987268704222 40.3035681047704 7.577285191097387 4.835375061446649
2015-02-27 4.291562265841362 6.624863004451727 5.226898640736938 1.059568970304696 2.561908071514893 7.997216252024668 7.002187962079859 2.4274039472909057 10.228026912156446 9.477763140597174 2.849650551122653
2015-02-28 3.5744421420566175 7.1290739870199005 7.978630786591882 38.217433961316964 1.6456579768056756 3.4583775002435218 0.7974890713345473 3.4820163622113665 4.168953969505132 11.548958769411183 0.6209400438662556
2015-03-01 1.5933393263318256 9.43131058440446 27.262744372614648 12.3683597193756 1.5586012521297672 3.7842869238428793 0.33711534627797846 4.649053312388247 2.8967103350268717 8.822356841969574 13.286701470841482
2015-03-02 2.361411843773547 1.1627520713088786 5.170774262995641 2.5205905668023707 7.703310551916922 2.5111566689586295 2.736949650254288 0.64813564977048 2.2048663759260543 3.5888136877475816 6.598726551723232
2015-03-03 6.8052030594280755 0.5323888769835724 6.435130324548117 0.0 5.97849236362169 0.1291699091316782 0.439959133993433 1.379041677852181 2.064129284177948 1.1053436601001383 7.789903321700242
2015-03-04 7.83377333935433 0.964077986411294 9.248615343784895 0.7822047964551859 0.7052896049931866 0.36745742766137673 0.13802457085793107 4.6376785712554 0.3977203456948478 1.163933152748914 2.8518369180519247
2015-03-05 2.9884909894841623 2.643566094361819 2.6679378713516044 0.6599716453286723 1.1799162361913922 0.47424690688034965 1.010225078490873 2.139773383078509 0.6222984672836485 1.9549869447780786 1.035788876724196
2015-03-06 1.04649207957967 2.700948465153511 2.818189817102139 2.756310881029526 2.4957485552940635 0.1836666453726381 0.3575160238592748 0.596908984946637 3.788772028977192 1.6546216294804195 0.8078031471811234
2015-03-07 0.4569897754720834 0.2715085777474494 1.0041723961137943 1.3055139887481055 5.218526855646839 0.39073034007047314 0.5394621825700588 0.0 5.02804605501423 1.739953447908411 0.09728518661720435
2015-03-08 0.0839578270239203 0.7276096275714674 0.5482403250729962 0.38350438924527075 3.002438649495134 0.7861634745509555 0.23634158414556958 0.046294649759632524 14.01065505323402 0.6471198063110204 3.959577495191643
2015-03-09 0.15893054574487087 0.00895080864398181 11.033150329858 0.40330280969720145 2.6995489425908636 0.4264402417093622 0.44506259300861156 0.08606319371022136 3.407028860104777 2.652229084132446 18.02147022971438
2015-03-10 0.07220373388478482 0.8385276674782951 8.304615311381156 1.02456338042917 0.6860888072492713 3.702228454742043 3.506492487690164 0.08280013139298406 0.0719877902762509 3.25466258362546 0.9016940778986526
2015-03-11 0.2662875287335379 0.3273743261069325 0.3084278640829081 0.40844441578802676 1.5632441119726668 5.589006495779708 0.1632012389620597 0.24353407633448226 0.9744819491790704 0.2710724402531781 8.387108067709079
2015-03-12 1.0164981167645015 1.1193222685119397 0.4701877013640742 4.396896054375286 1.5574966068285752 0.29048793767363523 0.12072867336699405 3.2948556507054687 1.1633876691683744 0.17845495349723778 19.584348969594082
2015-03-13 3.382641274162735 1.1978932515022784 0.25855374825383837 7.015446211483384 1.1326024835349293 0.05956722913422415 1.2378832337067698 1.3750454622823924 1.8232876169956223 0.44531132646853233 8.155897889145807
2015-03-14 8.772552213426774 1.9465116739041357 0.03237386541954234 10.291145866444825 3.45852629397445 0.05011149325715951 5.28734864438684 0.6376846668397371 1.5688280142527735 3.062013149205212 4.801531368273899
2015-03-15 17.08942616756609 1.4574654480812137 0.2552012223445136 3.2931172591554376 2.8788584266732644 0.8700145108611119 3.6635305984178665 0.17543664137862452 2.5985599709448364 3.646775285914007 8.709626837885079
2015-03-16 4.119236138319151 0.9038454779294641 0.2920655835798385 1.2724830127382027 5.636342549879092 0.46572738929577795 6.01714500071148 1.7434103667195304 3.367248917658305 4.554543453403925 3.4245340736499967
2015-03-17 5.959088373914852 7.224617432020682 0.07063304220377287 0.8977079998066394 20.976404386395444 1.0468696363954813 6.438828180082022 1.4905859618419943 16.492328078363446 9.464149615714646 2.2080242216187367
2015-03-18 0.20164074072637167 0.809943880684286 0.21286159174701985 0.2715232363074963 8.70505194370393 1.4366821278731918 11.246006663005701 0.31837587906610526 4.771735030245637 5.742337322443344 1.244387560128434
2015-03-19 1.7469596130079141 0.8776216151935172 0.1296558583132587 0.08812655557018419 3.4660147957573786 1.7985255292349767 23.565910028932315 0.18028164803518057 0.1301087244872315 1.6884940318370347 3.128793016315536
2015-03-20 0.16721564900567018 8.763613519822496 0.053395789866762904 1.7186093245642917 7.9780051547013064 4.956983474817966 3.4705010470592557 1.6401275918106002 0.23085789308690208 5.015920606741499 3.3299759134826714
2015-03-21 1.8434875798925467 6.96646059460946 0.009296256102666916 2.3427612835350864 2.3684953510487703 2.657543212916961 0.18163339391641564 0.9338098345334418 0.08766876124550624 12.508131985375137 5.5529533372105995
2015-03-22 0.5525018654651783 6.31462492453193 0.1763984311831222 0.8150574303942122 3.29287158653049 3.1555040498252938 0.14816135017632717 2.856372024647621 0.013042777812231829 7.564868984382727 3.0193539697907563
2015-03-23 2.1470788951596247 0.6669873005898017 0.18028164803518057 2.0123019820790002 2.658601707737774 2.2953499360145226 0.0377804141285939 9.900983754349665 0.12994452016756097 16.330293336111502 0.8711172277949881
2015-03-24 0.36887437132814954 3.893592321004135 0.3674296479812228 4.8064111537126015 0.8667897184822616 6.089517447404775 5.504701645393638 7.041175848044286 0.6686412887468974 18.201031601473154 2.0538431519629112
2015-03-25 2.7343630589091856 1.8699975138403513 0.12046545871956489 0.3387172684515265 0.9777813131821143 2.347131763393601 3.2699153503059506 2.980898437147582 1.4602324099545536 2.337393468529478 6.390450638238661
