2015-03-08 1.4142154741277628 1.7055011373150177 1.52939542814853 1.3472084057663687 2.3431148586605453 1.6021057394409854 1.1197374490692793 3.6631070099646394 0.522808232440783 1.894682853779333 1.1723581703209538
2015-03-09 3.803891492151005 3.0182938462729987 9.839501091999175 2.8447979794131646 9.199688243850336 2.340313398518612 15.441538078836455 11.272159446161144 6.869897423715079 14.426996119259726 1.604312937367526
2015-03-10 5.192891147805331 8.32515053860421 3.4335210577612303 2.632857275254219 3.643599226722338 1.4237868937225997 14.486616456879691 5.4766240596543305 11.546312206785501 2.5518356888901392 5.925072255494337
2015-03-11 1.1654705295056007 0.5598187940572208 0.5609181475014864 0.674087779742511 0.6717454912075032 0.36945540538092037 4.485768460558632 3.6064585726045606 1.5166586522967558 0.7059064774294224 1.9153016063433743
2015-03-12 1.4865741048869077 0.5465653036713775 1.9798805714306638 0.17026186175578378 1.0995400496510888 0.6894665332426584 6.317548929240469 10.676762346377778 0.47787835231434683 3.502428923184673 2.6788842687205197
2015-03-13 2.136988393237367 0.282933118104426 1.7813695004923327 1.1963344610389317 1.3864204737832355 2.125214288300268 5.236191849796547 1.6154309692891085 4.857512069000581 1.7608156513453688 1.6277210431401552
2015-03-14 3.717776220905555 6.105886776491776 1.101347200906965 0.037913011669623346 2.806248136839746 1.064985457787274 3.0033133394531166 3.5928205028053037 6.017256938758729 0.6956673418466449 0.4378500682045694
2015-03-15 2.0872213308930636 0.9800631951099974 0.10758251885024653 0.9153270886566087 0.23496272135277302 2.779816732319045 2.064638811559724 4.4810435241338125 7.178173891308143 1.0099650966537337 1.6449395352160971
2015-03-16 0.7525670992189133 0.9227608065077065 0.3782223368037304 8.360769705853167 0.6854608999738525 19.445373955523788 2.3398094230145823 1.0970929527797653 4.64123918361358 0.34741056546758026 0.8960610657977449
2015-03-17 1.2032078032149718 0.5315606673752769 1.2439529936144984 1.0210672572026143 4.743809492905328 2.3800474569198897 3.5323289048936424 4.403092547122194 0.8037591458188248 0.30679855179706594 0.23324700107400625
2015-03-18 0.3121194694152899 2.860904613591881 0.9101004793568527 0.857343408913873 3.513735886863479 7.296663425312365 1.3054704004567577 0.18182039273124573 0.3347163988404547 0.0 4.9314641960614445
2015-03-19 0.9929317324915472 0.8104626117619169 1.6468026620947787 4.834979203665499 2.5761225497034017 0.974502151649221 8.765619340988682 4.614529028035407 0.1362718188329417 2.938516268098037 4.970415923106582
2015-03-20 9.771903380862181 2.072225665948351 4.405725309569158 7.863867215938646 3.492906174986293 3.464699671502379 3.637967128601219 2.495486301764765 0.8631016101835367 18.469358940562383 7.590190008139613
2015-03-21 5.869010559623217 16.878166634501014 17.115314353696036 5.135949277202965 16.87915666615423 1.6968950346641682 6.5778660626947145 2.357063867802511 8.226704452292562 16.42911439973286 3.358626663906164
2015-03-22 7.776407394600168 6.031046455008321 6.543009852817795 4.373951142173949 9.002390277047509 0.36828699467647197 10.198542794223743 6.690734022167685 0.8845987141996349 2.4864463028145045 10.835746703743059
2015-03-23 9.216277053558139 21.54003678110297 15.445743568123515 6.576313572174792 12.23597463529427 0.6377906844805402 3.199831602304373 4.5722367690121155 2.142022024476326 8.850394408687324 22.86033617117502
2015-03-24 7.504419636890679 12.94731577611078 10.829561040527873 28.130360470258967 4.488401740174956 3.111880840431713 2.140907099428194 0.8430808772043787 1.469562616073925 1.2472707656504025 5.046594759741118
2015-03-25 9.755341653956094 5.9435532398802735 1.1229004879031714 16.192709170761553 4.7452415958435195 15.709101379603355 12.865023006787322 1.82029440392748 7.993361278112139 1.3223603549648084 13.186701878121003
2015-03-26 3.2786792735101558 1.3849900385471394 1.531023292369051 2.765707735070039 1.4723575392814143 16.572505822301586 9.346433909174955 3.0015442018898275 2.012579586057087 5.988616911159147 13.252787288763203
2015-03-27 0.594670684283605 2.104900176848986 5.101375090043103 3.21727981181168 2.061449571466697 2.819224928550822 6.446805301078763 0.909668407249728 3.728009242900706 6.661306789518301 8.599983283649564
2015-03-28 1.7283868493588823 1.9720284008592852 21.45883388422081 8.138443885677969 5.196012611063887 6.576318901019957 7.273472627831878 2.1735595811459545 2.450276103382507 10.343850542994698 0.8728910167893007
2015-03-29 1.5668550718694365 4.467074716584634 8.154869934127325 6.93430447581753 9.156673022990628 4.155686761769956 7.938747007939154 7.72706121788093 15.625314168373977 0.6791682856395351 3.1674658017338615
2015-03-30 1.1481698800368274 11.408075016268924 4.9433140542495 20.0822779279233 8.639674306846572 9.134809288471033 2.261561248697474 15.458311539936547 12.489050847796525 1.430768652655686 2.8869357235699793
2015-03-31 1.111799455607261 9.103944418780468 5.952364324684776 12.01657853306974 12.505031104659334 3.9499098590466724 2.18213214752043 13.595428016582076 3.8536497088502433 1.2959810657892088 1.494959549744621
2015-04-01 1.3728926236903982 4.264437765023891 10.42248094579173 3.232373884470546 4.305078026358942 5.097690642230713 1.773149590250665 5.891431348747114 4.859518225331179 4.228482317400349 6.817379398797472
2015-04-02 1.354135545246683 0.8792011992102424 5.2539928268900535 2.2703112604475932 1.9833698176773082 10.95655688534594 3.7757986639662735 5.1518115123178525 5.5020051553864535 7.323915966515358 1.197394741611305
2015-04-03 1.3789511581780753 1.727597646070988 12.460625410919123 0.778657195952938 1.2859471362462251 2.6146763478033193 7.000210563856374 2.1766977933012432 17.459793500914365 16.75438173699935 0.2962587364099549
2015-04-04 5.798118878286939 4.905671395001504 13.115653516794278 0.768601478270794 3.1274344418666002 1.7479757846636022 2.9063619207711158 1.5370869938172418 25.69824894470647 15.130620560375018 1.6046898043947806
2015-04-05 10.983394448038222 0.9092302546187474 18.810478198819713 12.585557477821443 10.633734410794034 2.357286133263167 1.6169194893791194 0.30674201914360233 11.881393716322703 16.666726218753375 1.1262255033277808
2015-04-06 4.541611601272437 6.855370075611686 17.38130689182087 1.3822403608282983 16.876444259106542 2.239166878472382 1.4107274964187786 0.4174186834154062 8.06158812833582 9.880914584379443 1.1105999487492406
2015-04-07 9.008344116455568 13.845298875556855 8.439702655341675 0.20006918520809397 11.80091956546146 11.212096560870803 1.07209099904155 1.525926462611532 12.645192100272794 4.50162390966256 11.13273261419915
2015-04-08 4.31747241380514 4.4482422014140575 12.888078457215164 0.0027511973197017277 13.077812064927109 1.344895074962031 1.5109411017518672 4.698639510103914 5.353261670262901 6.480632809831716 6.619228673926105
2015-04-09 2.147915499289125 5.0116586932511 1.3805314113539455 5.184295533986351 12.526063833529662 0.3560378160187443 4.6278198127422705 2.002062776440165 3.2327560641921282 14.755543108906563 15.475315791444757
2015-04-10 2.413739701392638 13.943410011337193 0.10818097714034926 10.438142330310015 3.5816148140676276 0.6613355450030152 5.027109055750888 1.348066829578283 1.9302114860328143 10.490574841845508 1.2548707587920072
2015-04-11 5.523966011455107 2.6808488290199994 0.0851943092081211 4.914681980648336 5.5342042664682065 0.7932346617962047 3.8633349742209306 1.5414470639944515 3.3199413767596253 7.3152479849438645 4.543637520047511
2015-04-12 4.893711394680297 1.8551954393396746 0.15573362116682693 1.2709608313617693 10.159169495128786 1.0036327978769266 2.9396424201006477 1.416363994080684 1.435487930199018 9.408941987865973 10.094409948364246
2015-04-13 1.76284569772297 0.4083151946093044 0.36199283774025 0.2777047604772095 3.1494044559966508 0.6755976561802095 0.8632311936948143 5.833698109410425 2.190412711191818 17.353303441260493 8.646428265670501
2015-04-14 1.3138187813758808 1.10085685030179 0.5658089144143442 1.4275878064678806 3.162145993927732 2.1851114753606837 0.7193233991811105 4.489895223701411 15.672672402240106 7.459595184970732 15.724310992165226
2015-04-15 1.9864769414474495 8.256462976473028 0.6971027827861471 1.2766993603716725 3.2301026717979955 0.9667100055799338 1.3661988213831557 10.513149537395638 7.699184150996272 2.7354195071777525 1.8522801401354259
2015-04-16 0.9637046478980457 0.10709058596482576 1.102111758608819 1.6290747256102864 2.6904207023626254 1.9718774215032786 1.126269991151201 4.68452484444484 7.474044181036803 1.846947184740863 8.45232663749755
2015-04-17 6.5206813289227155 2.818958690038712 0.01606220247353979 0.4579198701036985 3.6996310392275653 2.0587963823978193 10.311565643488885 0.7390418987840164 22.718140603367345 1.199232999043967 1.3367828246233795
2015-04-18 4.213606356320376 2.713458553198934 2.5205552498692407 3.663279164223286 3.217784825115247 4.784532943142108 16.959994944762478 1.1953285272375402 9.907118796007051 4.515834609538309 2.9589795766395315
2015-04-19 8.247775968249744 0.47713713676985964 7.4310522140182 2.9709599185299536 2.336426806372439 6.559945697794056 2.552967577809913 1.1646140365900548 12.927865529770541 12.10640271387455 7.599691954737226
2015-04-20 3.1215430598483924 3.3185662513282486 5.682580319340136 5.200209572402986 1.0651468783907632 3.993766551728371 4.244737922938914 1.8191491920614986 9.155597691948149 9.94428220171691 12.546069149664364
2015-04-21 1.5247790261694627 0.2866611578293221 2.9462669608910654 1.0643429351275975 5.768463298145843 0.4374884231351046 3.139464685573198 1.8189615269705186 6.256930211774304 14.851175907837085 1.8785027207412417
2015-04-22 2.80028828229921 2.3286918219240595 0.8966784584342057 0.8265419798794058 3.202437664382867 6.900445679025333 4.127545772504913 0.6422888477638294 11.929406210441371 8.880510056301537 2.631721825787252
