2015-04-05 0.7875972025716821 2.8726266607293622 2.062720937289349 2.3217397554068127 1.1256594565996694 0.9054055148736684 0.5795977525389719 3.0950121800958503 0.7785543875573859 1.8431066368842126 2.536496376779981
2015-04-06 0.578457662426443 1.6271763750898454 0.9144778212663249 0.37572759774559106 0.014311632618183835 1.20671488559484 0.11499348712260758 1.386138436236039 0.006705343463716991 0.17294269085508596 0.5396550064587062
2015-04-07 0.48597521427421225 1.556117983554612 0.804251873285643 0.24089671534722146 0.47445403383431894 1.4551185212937945 1.783542073280509 0.6771109918833863 1.0157213617482137 0.7859082685153932 0.795920396730704
2015-04-08 7.726901036441916 14.975315001692731 5.761986684679557 2.0293383099952953 3.9104179870972233 5.836125640850955 14.561828916410462 11.67360658692951 1.0104915370181948 4.183006429080794 3.6995518250216315
2015-04-09 6.763649843499529 20.963346912042457 3.8186075420038748 2.275274495249074 15.21897132079461 5.307811384324529 17.60521767699357 7.2967263816545955 6.247960210777263 6.9417736426399586 9.470513549543684
2015-04-10 5.185012313901874 4.617821284662801 1.9100023884612864 1.0324572499191036 0.2540384203299982 7.675575546123012 1.56595323735759 6.754311976897956 9.015789885614726 3.6399500556602873 3.1799274891982163
2015-04-11 3.129881100132181 16.30222960144744 4.545497000335906 4.9268876384451 2.209681432723112 17.740597277231867 3.143841779988497 0.1998913686990057 8.194771293098377 8.452901318029383 13.646443025543185
2015-04-12 4.19474268749279 4.561133722115149 7.708733392927481 3.220252434193199 10.544390763964193 4.483399058982436 6.493249999879978 2.043686101098008 13.163709045418814 2.240314749458366 8.761186812756499
2015-04-13 13.911505463117953 7.140063664643873 8.954255862588834 0.6656760225104523 1.9413027290393823 9.326325630610057 3.788258652548096 0.5761388575892009 19.663890975303538 7.138137587045845 4.175163339487711
2015-04-14 7.971937890060347 7.938528387503434 5.380866028616414 4.1786101099655895 2.7300210511792784 5.3524251943656855 3.0564578125831563 1.040177138972139 11.647095038984613 12.753442897983993 13.791804342932702
2015-04-15 2.0950056479917007 19.753688535401093 6.757868080381404 4.179582164965654 0.41940084805007394 9.21123699335065 1.9196299914217843 2.5095680480462286 4.594969617704299 3.1856371093822924 4.3236052611802815
2015-04-16 1.3205460671395244 9.686794565555612 4.074159217221735 6.752010581028638 2.2905548914644047 7.670947336670992 1.666478322882075 1.7228610375077233 3.025234037757153 2.028688642838554 1.0867653873560164
2015-04-17 0.10584126596778759 9.469530292867983 6.873180989663117 2.9729973113765826 0.3598774083067783 1.0788265528040555 3.8543145688975087 2.2299185215876154 6.205919594179194 0.2721750913086297 0.4438033277291758
2015-04-18 0.921714582246965 3.136887357171764 5.198448551221086 1.3388043226966064 0.9670172762212108 0.1323986076523262 2.7406444311747338 1.2368074790465797 0.9069201258483857 0.8059342305714758 0.8698596462152627
2015-04-19 1.7332567873210978 2.5233969286834332 0.8956247334858212 1.337619397809553 0.27249682951002074 0.19194878197056192 1.0984772726826595 6.888730530665976 1.5816524725261558 0.16535234969002835 6.388445238512481
2015-04-20 3.4368457991867096 6.0556826515658955 5.521354387622578 3.4586159328433763 0.46398966688608845 3.390748400377775 3.0088369043760927 3.732334016989313 7.100750205287325 2.1122102339619566 0.22022419305510163
2015-04-21 0.2673330604499593 0.04550650844625864 2.7046336181829256 0.558542783862686 0.30728709303479673 0.6766894882644653 1.9120242008883346 2.2689371307952255 0.04222672071142369 0.20771845722862461 4.250582940613128
2015-04-22 0.3596134893468202 3.1644069676159696 0.36990830638889727 1.6023043707245646 4.9163672960280405 1.0177550175223533 2.902317888598869 5.441641113725724 4.525937882295828 0.35689472656755983 3.3797352688679103
2015-04-23 0.2614704704394243 1.7086206937248138 0.372247289446102 2.6017295778447087 1.2486234543103285 3.6864450545179643 7.59004518032539 4.909262092915039 2.829430947293104 0.4378848500079364 3.0664172257138285
2015-04-24 0.9755365252259727 0.7681562759923799 0.8258731308005076 0.1551434462651281 0.44979724212829153 2.4020478276493487 10.745687882867632 5.773221407520508 0.18055877709889423 1.1156143063161486 15.219051473349415
2015-04-25 1.7674554213849927 9.452864387330978 3.326812605895711 2.1402101434312977 1.0873388019542767 2.2531153465025264 10.241864059021736 7.9838864302435715 7.006089408959559 0.6469343598154117 4.173676350551162
2015-04-26 1.7236688657753634 5.741592946508611 27.041624253318087 1.956581886985128 0.45033326434954596 0.6277776556878174 10.872614595394817 0.25312132498278866 2.926400495958622 1.4800833736604933 1.8769114008889054
2015-04-27 1.0474759720979392 3.135908379443628 1.6768322480185514 0.6242362536957755 0.04851545370942503 0.6222076590547669 9.028019394320491 0.07263683404963794 0.24422727542281117 4.239502040729592 2.6518517782527518
2015-04-28 0.8782120780226323 3.1007683119407465 1.1182008870967028 0.4004218666827085 1.4617602688884967 1.7182875985668462 1.7942293229310695 3.005224995259005 0.1036409384259747 5.037361479725027 0.28346641112723436
2015-04-29 0.9707576333406629 3.2712670756350097 1.5559967008717006 0.46659827323681 0.057484713400724724 0.30052394025127804 18.6024750870356 0.5717930956561985 0.006316911546484433 31.165982373681096 0.5728657297879416
2015-04-30 1.2239439327591226 4.74273670762177 0.2197008533296786 0.08917206393668772 1.3115335803734411 0.38259564850617617 13.851445945365231 0.82995804777666 0.4948971685936072 3.1115176673742475 1.465073832761326
2015-05-01 2.2517545794861977 3.7861887285764704 0.06704553089011989 0.08984777734714391 0.0 1.0440612963855815 2.102518858139298 4.037119122918067 0.07447218377110956 3.441169936799201 0.930380449114195
2015-05-02 1.8997257119210604 0.9812527736337147 0.09300226117966866 0.2378279581587218 2.753045204747308 0.33671440236134276 0.6840009116144707 10.124693999120584 2.9802217110888707 0.19368620549496274 0.059818141450044895
2015-05-03 0.11132003003323702 0.09660666096399237 0.6523642432113879 0.5318772566393021 7.334912711421307 0.014514655824500856 3.085801058434837 1.372814785096494 1.9904414280164868 2.3805369174638487 7.83059736102872
2015-05-04 2.3381264403925246 0.0643151770768002 0.0653937706369859 0.11679663651495656 0.11191675826222132 0.0 2.58631545496844 0.008586348317944727 0.8655091193046742 0.030495959977883125 7.105950841550139
2015-05-05 3.8429665399690864 0.5408725205052104 0.6167638243019609 0.0032401466323640866 0.4916533721334091 0.011442075139769345 4.098848396112226 0.1689630729093013 0.06201405397790223 0.025275062686445623 1.6950901273895687
2015-05-06 6.880464643073756 0.7357086174826512 0.7456284217260815 0.024597589186133847 0.3855172776472634 0.009475155137285802 7.626761927689774 0.39441501035798127 0.15387070049462848 0.14999661212286303 0.195578688500544
2015-05-07 2.059084923136642 0.5324613434939103 2.0046714196909403 1.7384640052366351 2.4194952449257796 0.5686286076421692 0.32197658394129147 1.4360642990607233 0.24471237864697162 0.3075219031127514 0.746912086990369
2015-05-08 2.141261416562792 1.3270127273715837 0.9000351847569549 0.23463356394153778 16.591017671245158 10.068655228823314 2.0311084033084534 1.1368941863118245 0.03853032253765581 0.35373819374260423 0.7143101170202891
2015-05-09 1.8483789782936457 3.7561935854790023 0.6480089477545582 0.39419193237995986 1.4511731203921419 2.9113455233335634 6.997768801407945 0.08909872430458834 0.0 2.4816154306717593 2.1572438515915326
2015-05-10 6.225328404393062 0.4469313925217959 0.17041692754101276 1.4050641218725461 5.561964905364951 0.7292720272033867 11.459312896771578 0.15492645543034883 0.04741391891050051 0.7035424341717819 1.1817811056921372
2015-05-11 2.1643992726530996 0.4351066484327926 0.6316571820927173 5.127535806818255 3.7513349326853587 0.3581820545480271 3.663607675315819 0.15739227466974565 3.949027229656651 1.6289568864250472 1.0876511043915276
2015-05-12 0.7188441700641844 0.3089392028968154 0.5615446154121659 1.6659400530453525 0.3246715345502303 0.5706272957623627 1.6892344636183916 0.17928746412818172 1.931767793550914 2.7877793761843 0.40317438519774274
2015-05-13 2.7905645284001546 0.5411737068022835 0.03724094492967339 0.012944180727335204 0.16220756990890178 1.0959389051084836 1.829163482430715 0.01482536892955953 0.40478661141237526 0.2630093835263717 0.22220560957892493
2015-05-14 0.6095919846077239 1.0668777416269215 3.3110027924606245 0.23019371106794917 1.1161550492911803 0.3004681615552625 0.0270704046346035 0.8991850209725121 0.25227653462596744 0.008586348317944727 0.0790873709158935
2015-05-15 0.025370264709712514 0.857592863942512 7.629430610650467 4.2231596698352405 0.44117107291108826 0.6199152266769175 2.0394005195319287 2.370412760740888 0.5915243173705295 0.30378959490831337 0.1457004491178794
2015-05-16 0.6730420745181561 2.8374599422451263 0.3865358175630799 1.4349026078098404 0.20859937757976382 0.07450412148214822 2.5649073364486834 0.5494490548142597 0.557955844158006 0.10280202891020918 0.5645866883429417
2015-05-17 0.02118090912669067 10.146339014152293 2.0406355947451624 2.812815825007876 0.07908361098114414 0.21483268007118486 1.1118788852090318 1.6342031350972395 0.3523058113215916 0.2746042014099245 1.2914014455660143
2015-05-18 0.036833534185828284 6.28347741717098 2.7995467752029213 0.8627394230201657 0.656662748427145 1.7752091720746386 0.4501981716390471 0.4527683188287625 0.45042823509925545 1.2609856810709184 0.4940425831269816
2015-05-19 0.5075280160434552 3.28086941895317 0.07952532024154628 0.2820695850596959 0.025871068058200344 0.025071684009436268 0.0 1.1615717424606953 0.13997961173206747 0.3571609585208514 0.03130293264985084
2015-05-20 4.948631823363125 6.998619398732064 0.17288334239951236 1.0967098126089865 0.7298380416816967 0.35505250815521266 0.937402821210465 0.76886863605742 0.5759357958868161 0.3439901927171447 0.1228207465758922
