2015-03-22 19.67900194496349 10.657062091630495 20.524961805743928 23.292657457159258 15.649330466027926 15.970446184563468 15.774168903579874 15.20756157543352 16.38369714798047 28.550235395609047 12.883356476491576
2015-03-23 12.937424049647095 17.495576632979272 11.9623076994801 9.520384447308842 3.7942468576743207 3.1334706177175904 13.156194186420608 16.38854847495467 10.351916832002566 8.515156330480043 10.99342396618603
2015-03-24 15.26182494879647 22.43392127351582 11.251958625160988 10.620762190791837 8.302681761490756 15.36203733689769 15.852253961062287 15.509362146450625 5.3950758156399194 37.145382662259934 11.798433804031733
2015-03-25 12.140286478614534 16.781755094697026 5.50011710063561 13.25397161609044 7.872999421920948 15.55371809136339 7.876924897759178 21.085392849639312 18.79516862704808 5.069497812241661 9.248615838283428
2015-03-26 3.6598975125699305 10.582857764272758 8.33921914591447 5.668695204782175 13.676133773722354 10.504521445182068 3.0631861709270605 7.656750628571908 11.68411539684937 1.3199201929547426 6.16914190535026
2015-03-27 3.646172164618674 3.663865010862663 0.46976337551380876 5.16223254093264 2.0412213469179568 14.306702945765252 1.1709340233941736 1.991600297461716 2.353419776356578 0.5042443665417977 13.338643738366688
2015-03-28 6.965217987322425 1.1190864274250614 2.6485576017388643 3.401174129004048 1.6534431696552325 3.263980393892032 4.040755869760393 0.9220862153588401 7.410527196656842 8.588734126027422 2.751272305467161
2015-03-29 5.797431461482935 1.8172318198494324 1.8964954778506544 8.376493525135702 5.830942251050924 1.7277040582626415 11.156295885930785 10.12694965276427 0.5631825244046986 8.711150016043597 6.151664933290901
2015-03-30 9.40876900656121 6.292198911974595 1.9645248061227585 12.15494042616271 1.0848991202880751 10.56572972645047 25.68407409560008 5.274302358619065 8.993970749359962 4.851952821664638 8.650021509505898
2015-03-31 9.721291985862049 5.153787469678977 0.4059305216417506 2.4301005358831844 1.9846419767333674 31.520084108767506 20.022598528323343 15.127914434032263 0.9245178411173411 11.508195753437647 6.753433269107928
2015-04-01 1.433319338860889 10.226817855376591 8.155516212730763 1.8559738492191407 9.48138966854468 25.13535590076574 5.722969998176179 2.389630021490885 15.052176929383293 3.479628182646743 0.4355925728540622
2015-04-02 6.291668928683929 3.958296870185979 5.005110770020169 1.1080627257476832 4.4132836472073524 30.668083488034885 6.033376052707584 11.370150750924289 13.014030975857768 15.097470701173265 1.2076957316131345
2015-04-03 8.303256668453102 2.379717794047838 0.9083777417572032 3.1712706035316867 9.15166808343416 8.645738960555141 5.121555525843368 6.813119707718387 4.508375374991566 0.39092637988780177 3.8733921536088998
2015-04-04 13.092801472616934 9.41768984813345 5.804092070529279 22.855252415513306 12.317579367422676 18.267910768806725 6.824054273403195 6.4635066808570825 3.095001981029746 1.3955099022426412 1.9164856878012904
2015-04-05 15.711903330390056 2.1455694947618413 8.594382576356137 2.4301857239256415 9.594257021478718 3.86994460141392 2.533561356295395 13.295446060284107 3.874781285146394 0.7491673572668851 1.7339037703809934
2015-04-06 2.5703484128579186 0.46989431626759903 7.343831666708933 2.114756592111376 0.8769795847454056 7.788700628781175 5.992893911461917 9.618223751872362 0.44775224465659097 0.6808907467727356 5.739434426373314
2015-04-07 2.2325347607250334 0.011410158428105305 0.43472864213479406 0.3196345325741382 1.9625962448978775 1.660836873591205 4.195565257412047 7.257185338895011 5.407097295637589 2.2439504370013355 5.037312369382295
2015-04-08 1.275195306431921 2.691584522599951 1.8763771287403284 0.9501920791313371 0.7061477260133544 4.399664020814225 1.819017728242321 20.199939609761877 2.969320657232605 27.023105745260658 1.429021539640316
2015-04-09 3.07352684558143 15.16915313093132 1.233145363504581 0.5894759740855072 1.3048104868748203 16.417051367941827 2.660712140102522 3.9956774750997646 12.25985972440873 24.85159297998904 1.39960555106556
2015-04-10 1.150338106584146 1.9200987837308452 3.1882175576231218 1.4582073999032192 1.938045678001024 19.756474959072154 1.3090238652976378 1.3692461546251025 4.447958640319149 8.142712459063429 1.3004574775713635
2015-04-11 4.59426899289862 8.226624984122207 3.4595536972255103 4.064429745685294 3.916605652157079 6.675495807591604 10.19032921387324 4.219540490511815 6.179308082389929 7.849829250322889 5.681813421073886
2015-04-12 1.5910317553365763 2.729905318551382 10.35496532484515 10.21808082284462 20.243371904466088 6.862476145308959 7.944544941534335 0.90808789416514 4.941494208319309 6.571697139019968 2.9823378608724638
2015-04-13 1.9465649149900233 2.1764203804305717 2.1781105654117066 1.2420210292920733 3.1766081951121117 10.567031470802224 3.4716879067133415 2.465489380947765 7.240688558831657 4.817344223136414 2.0423404263546
2015-04-14 2.8405902341574714 0.8526036746116842 4.41972657674551 3.190069805727052 13.391402747185161 1.4288420613957549 4.538238139729776 1.7287659164154685 11.582988443889567 11.082129015846654 1.7298968172791565
2015-04-15 2.115856398996996 1.2400297152828976 13.81711427454134 3.0277094835876186 1.1495739397858824 2.6413474795120724 3.923588110991671 5.557845248827427 27.195643999076538 13.142362632247234 8.067098227688135
2015-04-16 10.19090570603053 5.035877440620441 10.33574116086714 1.433226000110544 7.1272755749417485 12.577070406727994 14.436948807824997 8.460038996055857 5.865335384866507 16.733406074668377 14.930379433992048
2015-04-17 9.880345911196665 3.985023001112226 19.306580585606795 8.95116200904995 5.276123162859056 4.451701592309414 4.086099678106433 6.358051447964328 2.001739152602715 8.54799378199019 6.60674424986538
2015-04-18 3.1179487357563858 5.186670299763819 7.165826578182342 8.72778309109474 16.905055218250737 5.954255095893536 3.3366931108219617 8.817722307585667 3.3919807584402966 0.4553615620336018 15.466457975072725
2015-04-19 0.25200078504808754 5.147659903553695 4.303363123225138 2.102743954273961 6.86518987200152 3.2465229448798825 3.0644538084374906 0.5535020982557397 0.4243998096978292 7.643391029020389 37.809953090075055
2015-04-20 0.9466818201418274 2.0780880720555075 1.6661417553626612 3.226442092664844 3.5246481478013996 5.595052264259883 2.578567199218919 0.3162572049234117 1.7252706679082752 0.5585421142854007 6.696209214531301
2015-04-21 6.664877130092835 5.7917789329244815 2.6436472695702538 0.7450918256907976 0.9420265757205087 12.237154363249271 0.4624447928298686 0.0 1.4583539341268787 7.260867091282862 0.7249410760693112
2015-04-22 4.4074751512025525 2.6980771165270085 0.08382595191676426 4.461896494100615 0.8332547567838711 10.876750979162415 0.5232621846410537 2.882678328021103 1.6337203054976697 1.7249300486825971 0.5192840731440476
2015-04-23 0.10266661950071894 0.877278282004783 0.46297627427733584 28.70238635949448 0.9658446114892683 20.803137485839265 0.5506184111440561 5.9754643069965105 2.8455342560510615 0.007956910282165571 2.694357217931262
2015-04-24 0.39741805444953837 0.043512058580847 0.3811598548142858 13.52817410608017 5.058423112638481 9.043420490997416 0.8540250632739863 0.4754494492203304 5.7021004741634105 0.3841978157834065 1.9416840126623998
2015-04-25 0.8635319839010325 0.23651527303256764 0.08268935591320718 11.993436987913151 10.214905348147342 2.1614594310043502 1.6388966239411797 4.893706022545161 1.1748592837047158 0.5001569945705377 1.2126360751977003
2015-04-26 5.1818198417296095 0.0946059440404603 0.5630359002053755 0.6809234390321466 2.3206981585899973 0.09807823136791739 2.9253346108338256 0.11886964679036283 1.5092949397032782 2.0208147034483197 2.3743130778403305
2015-04-27 3.02396192652918 0.1034054983630026 1.168401024151524 1.9085834613482735 3.854816338766793 1.4432129720895746 0.6238969820266926 1.4192777736728444 1.4879485269445931 3.4174170208712327 1.4169647438812627
2015-04-28 11.222998892018113 0.0 1.3704790385999226 3.2625082759168595 15.983446133664856 4.725151766506164 0.6086303221961408 0.6754906557762778 0.0 0.3027641051021811 0.17970985614679078
2015-04-29 6.080349312740871 1.2118525957460704 2.4330229666172483 5.160603145585773 4.730257622251207 1.2854408391209404 1.0446366634941096 0.08775494906463827 1.8501627848906148 0.16566591475323678 0.66562054873461
2015-04-30 0.8237226744468367 0.18676426254334363 7.351905144736998 4.002360932563125 12.123703975449494 3.4811211026326205 0.4268669485182293 0.0 4.7014639591638705 0.7211815875866497 5.2114298086211175
2015-05-01 1.0793984966757169 0.6709562544017071 1.2002334316862369 3.3709022402879123 7.9209869635603205 16.30874439722093 0.39402227967872905 0.0 2.0250853300645066 1.0757146138516087 0.5518154329209874
2015-05-02 0.008827500626130712 0.15473859584999883 2.7008779631694155 7.255338620587767 12.456540004368968 7.958903390410094 0.17018102126480666 0.02402682087625008 1.9437732038426558 0.978133271758424 1.08167866368563
2015-05-03 0.15291063225171778 0.09029504124686395 0.47294292784066727 14.989753851346146 19.246221771526464 1.5183777267485623 0.3624844890416246 0.24933385709488248 4.488014572738883 0.9727343703868356 0.7498851829698194
2015-05-04 0.05629265333899619 0.06753887990482706 1.6276450822300412 0.2652691475192169 3.8568322220952203 0.09692458069461693 0.25720067396824314 0.4041159763550333 3.153824388261413 4.567568589419829 1.4235621036514687
2015-05-05 0.5406536063479158 0.016644651492815098 1.171948380971911 1.8270262633967507 2.8172471619924697 0.5576226025452887 1.015034762520838 0.03919279995224919 2.1345385793576686 1.4494052725161346 1.8076487509695096
2015-05-06 0.7072682099401175 0.10264213825506965 1.2925914308525197 0.5656060369669751 0.834463419217133 0.10902165028858342 1.345809195780956 0.0 4.519375394083214 0.47757165011204467 1.551359487666644
