2015-04-12 1.2352070830073931 2.314472305978069 2.7817443484188633 2.313381940779183 11.732805590400114 1.2205922782717205 4.721584137697722 4.028998622943718 2.82575890327053 11.230174367580148 3.1769851969894174
2015-04-13 11.408011349530284 2.174926890879763 12.841357163981556 7.212310579844777 4.850475342074779 4.910769560032725 3.8056792518523768 6.094344598635211 1.7783181956388283 7.486760527047917 0.5253999942426226
2015-04-14 3.317709631797058 1.1534998195113557 3.689623152072044 11.19067023692829 14.010069384514928 14.353941008990434 2.853112196659545 3.0469024591112355 1.0422927580059755 2.7423859745109374 1.0769683099984055
2015-04-15 2.816273133450644 2.3513958623862585 0.47057189100586344 2.8297554630525403 1.489241227062311 14.022655645403914 0.23753521490431703 4.895018732954044 0.5466024508392753 0.22696878501986958 0.9798219814396194
2015-04-16 0.4404548138306751 3.395289477363934 0.4436793274198859 0.3261321373002471 1.3938954127029595 0.6942841373607644 1.464530223328531 0.46989844724598884 0.0733178658709135 0.8711977799690301 3.157343283455611
2015-04-17 0.25643539994146086 0.2502576038143023 0.043471321417718665 0.06341806334579299 1.1192048021315297 4.592762336190061 0.6460523465939662 0.2603829968344166 0.90770420185874 8.413112558623414 0.891386307943611
2015-04-18 3.293671642457725 0.8916572730851593 0.7943995749975039 0.23956509672301457 2.012488916793816 0.27003102970343085 0.8098516187120844 1.6906618265620346 1.7858869207991526 1.3095071364202955 2.7462795366780846
2015-04-19 0.7594118106193151 1.0362094603487755 1.6077551762765017 2.0041056116025016 3.5171813992030994 1.016538810860971 1.3986707956660378 6.465304359318973 3.2739151861873523 0.04439020768953077 2.4245111282359426
2015-04-20 0.358966947213369 0.7182688310785135 1.8646729257691181 0.2798451915627936 1.434113897593739 7.500921093869513 1.3233907137314775 2.2354794099114392 9.558934711371935 1.5757510379061843 1.2383886839583453
2015-04-21 4.321027579712949 1.7696012588620813 0.5104097600539081 0.7350145016697691 1.1649455918530967 9.658404704207323 1.0308919270756909 8.595277566130529 2.3895087405902284 10.405580579593412 1.2900021105743336
2015-04-22 6.809546192611295 22.154556798420316 4.991724143881054 0.19206561527790159 4.5814557563383875 0.8068226978717676 1.2768342109357782 0.2865095409568667 3.156498806277254 0.9650971687116527 3.679047962695529
2015-04-23 9.599791691059874 23.077322456267126 3.0037860810091352 3.414829063743218 5.4878147014432805 0.5406934254267742 5.05760340137501 2.829271356807494 5.234551978858533 1.8426074017141336 1.237533574583746
2015-04-24 11.579352940275646 0.29605961430649297 3.3906853205992005 0.48890040577560206 3.6697578285006 1.0245980987035819 6.435092316214115 1.5583589600374887 3.99305007197321 2.201762702938457 1.280911740168242
2015-04-25 1.1474626425086565 0.6616977227455888 21.672672055458868 0.2342878740486563 2.161883023457169 4.272864261511634 15.011770791092847 1.1658315639874526 9.666200121832084 2.456711503647992 2.91792503394785
2015-04-26 3.995585077091176 8.347934984466384 2.205019167021121 6.0439834239187284 12.393324332631781 3.0207816835501426 19.940959104358008 0.5025818813233882 1.4067650519351043 2.406713202019268 1.2587835024054244
2015-04-27 0.3653403003999646 1.1394414553132672 0.6353884775347014 0.12761895557377903 3.880166017465271 0.12810693565141312 0.4855726522676699 3.951711490601552 15.587817189633668 5.401875402562236 0.7203550702343267
2015-04-28 0.6684311173946499 6.9567691422195646 3.8047661326985827 2.894900060561736 1.7614470350857774 5.6207639410757455 0.5178144241309335 2.687524893391224 8.769989894401103 17.040508424526493 0.0
2015-04-29 0.9484446863595181 22.547815310410005 3.8234982049065738 3.5385606537784264 5.411009346668267 1.004417438755206 3.495389687965933 9.275937272783882 1.0264250012510812 20.032926704871844 0.3081362721825496
2015-04-30 1.2996943485541106 3.164923165967969 7.837730055992053 0.667928792824029 3.783054656297818 9.406970290591934 1.624945762344619 9.60045274289967 2.5845687030536997 3.844782660107189 0.6726547895717291
2015-05-01 2.3786574722126224 2.6695855840103744 3.1662895739723425 7.639320254520738 0.2269107962995619 2.657709254502921 2.2483269273307918 14.855289908553644 0.295329718220481 1.6715860540844658 0.9270799575582651
2015-05-02 1.7134950912414801 2.099978879739675 0.44981576968782616 7.5341015079115286 2.127963864530899 5.599455403484841 1.0529949583583653 5.138685648114587 0.11316917273670107 3.9887684620464308 0.2775162202439464
2015-05-03 4.885751627022764 3.7169450771119514 1.8444725309155248 4.041684608593364 0.0260952813857334 6.773438642635944 4.877863473094092 0.018965334512733106 1.6327966166274113 2.976327439250935 0.8657192691509898
2015-05-04 2.2152294542681434 10.8156380650445 7.07219913830736 1.9717309123666529 0.7019233952796529 0.9453807001093621 3.1192519966743304 0.05582795578335075 0.1445730714393273 10.532519954245146 0.22689200976263668
2015-05-05 0.6883988602454458 5.760732315863765 0.9576816412215337 0.27819096566705576 0.606594595409575 0.06738293316238984 0.7185481891575349 0.16072303431068863 0.23936043750272767 1.749461330060875 2.101389480571208
2015-05-06 0.39413788356689494 3.0901773745804837 1.3513316156476676 0.48458763896296203 0.03225570582556856 0.4321152426939462 0.6460560278506329 0.9371268784878521 1.4643680976335975 0.881563649634868 0.003826479817224195
2015-05-07 1.4087604446047242 4.216454390420645 1.8435976297406147 2.5723412817632862 0.0634075547944506 1.6557911438418595 0.8115976798850306 4.118683539029322 0.860462086286839 3.3718438288166355 1.7851673544455344
2015-05-08 4.88066016655044 0.9900788766385769 5.415492962097858 1.1985464861240922 0.014919542683530693 6.173970458625199 0.8112972958145511 2.6081230120599233 0.9504689177881865 9.806601557014766 0.2044222954578382
2015-05-09 3.491454094898506 2.97268570124088 1.1902996082304655 0.9270551838158932 0.0 4.8264626519351275 0.9322664734022437 0.45322935759669436 0.22577552788349198 0.5545423857558005 1.0056460075283553
2015-05-10 0.5262702249967601 7.216079014103933 0.835988637611486 3.5725747100593583 0.006148541057904203 2.538976156894649 0.0 0.20102914049649911 0.5192633793705276 1.1209641468369718 0.2538600717766428
2015-05-11 0.0 8.721723975325503 0.10227575936830503 4.719588227380575 0.7789898072009667 0.7619968439752356 0.8909573939640314 0.6398411786772613 0.21815188348800904 2.49826050801776 0.4427066487862867
2015-05-12 1.3573399285708931 1.3326399985620965 0.4375936286651608 2.3603581765783486 3.927427331166583 0.5320587851735863 0.041233815662000226 4.850304639412592 0.005368106879597758 0.8857959644847873 2.707108291028801
2015-05-13 1.2055209051670777 0.8281821293958214 0.7981352653596233 1.1355869935842418 14.506880646288593 0.18283056805443268 0.23671996164711592 0.3324266479544889 0.671041921123874 5.137650270107642 5.508856901448779
2015-05-14 1.0068923659206381 1.0834378675920648 0.4711538399384072 2.3502420144597265 0.4314588444478598 0.7736114154754985 0.04710019213304638 0.08108331389018134 0.08178852959042038 3.0653464487494793 8.977527400982462
2015-05-15 0.856306396278737 3.1367762682548643 1.9038003574635103 1.1723746281772893 0.07494372576592517 1.3079153238748633 1.7046361941286028 0.5103060532499427 0.09507906261633862 1.5720473914764295 5.675383869309545
2015-05-16 0.4390478911405269 1.3771876267340244 4.285867657730163 0.95923610184057 0.4611927871042566 0.29230845716679466 0.2658579262784829 0.1441900059992861 0.0033034670557760995 3.019244092309438 0.02650810718552322
2015-05-17 0.06666245407411395 10.628722241580059 1.8396866764292112 0.6903779864816741 0.22632218090074488 0.12040084700792579 0.012892011441747068 1.0968003777534752 0.6515796940907639 1.2969074010941102 0.10030190542702934
2015-05-18 0.2951508457296079 0.05483598810495008 0.9733067155912645 0.10096485621076791 0.0021713038768768943 1.5441651861759316 0.11482638709815753 7.662753277703077 0.3386143544738938 5.982899389095014 0.0793525366430714
2015-05-19 1.0272841508437711 0.0 0.9440507447020381 0.06104184304619291 0.1396302676200053 1.0915110566274366 0.0 5.703524334359287 0.901714982992752 1.2118065943070413 0.7179671313563847
2015-05-20 0.25828570768608794 0.0 0.022014681574078453 7.281301071701864 0.03166099798580535 0.261728709909796 0.03383230186268224 0.9007137586184693 0.3623859990844672 0.700717010592107 1.13884704992151
2015-05-21 2.014333077225489 0.0021713038768768943 0.08968500101164037 4.413557363706825 0.5967805165014386 0.33379485287465444 0.15560189960447735 9.053218835343653 0.09255752503576045 0.9791280968268339 0.07491568198879464
2015-05-22 2.660076882012243 0.015082344421552344 0.5289800916256167 2.3671238506775096 1.2616898272659336 1.8316903870665977 0.05252778956487998 0.0 0.03726026081653047 0.2378378294606248 0.26699686615560636
2015-05-23 1.2304522086808019 0.45102656458818563 0.28938805668418577 0.12242027103778372 0.8191146882924378 0.9369969074553017 0.014218261432517417 0.016317870231079192 0.014741274193965512 0.002845074002128103 0.4352718892864574
2015-05-24 0.7845239456049452 0.025424813354504753 0.3968916756275227 0.14980289822197435 0.9515269643773572 0.6315840346448665 0.10967524185853997 0.3655580453095343 0.01863247362278115 0.041878999497857464 0.38936448440357907
2015-05-25 0.7488841352728512 0.0 0.0128200948772565 0.0930003007068491 0.06209888832227388 5.46627565059283 0.057950589956046065 0.5026633379609609 0.010956426690224489 0.025724311090901314 1.731119432180941
2015-05-26 0.5257567077621897 0.014111597379462182 0.0 0.0 0.14303528785830188 4.6656317445241084 0.39530952886873105 1.7432030697391738 0.27074861000722794 0.2009888855355355 0.26769177007646694
2015-05-27 0.44702072062971676 0.16372381445693307 0.05530270464944637 0.10780128893242484 0.006671553819352298 0.015089641278242813 0.07294198861698814 2.5624230414991382 0.35768060135273705 0.11312199859342005 0.0888084506777409
