2015-02-22 6.029980877198681 1.5123559540278602 35.64633546186542 7.002689374484975 5.363301150653447 4.110765006905634 2.8952546431180552 4.439154888964255 14.767534700475093 11.875869269612874 4.507022322638852
2015-02-23 5.394958489944295 40.64178302561883 10.059356825621862 2.1126571021227374 31.766365808481115 5.311844383076568 0.9986253654159402 2.5182401582169835 6.191119264060886 6.627009260892289 18.146969939550274
2015-02-24 4.692858020932331 6.076012179837415 14.970152526946102 8.497057404744954 8.486376022108981 16.757616269484117 18.99908386888749 11.153713339355598 6.179070325000176 0.6959656439198033 11.905228256366836
2015-02-25 9.358289358318402 2.9810495380384245 3.8890453484002165 9.838119946590552 3.4193921797251963 22.230668821034385 15.182941763709906 3.556815214588802 6.400397862042105 7.025524807079478 7.922849344829213
2015-02-26 6.559205208905306 0.6584131553298933 1.314708436267701 6.8300537884919805 0.8169436423224168 1.578605057730244 3.277708112423646 1.1767072688212228 0.3300325684970344 3.7798257808556093 5.415169404196035
2015-02-27 7.888730393409744 5.145815167559901 4.350269088034186 2.243757223323861 3.062587251688301 1.5594760541185764 0.26473361481491975 0.9648060168877739 6.556184534608628 4.825087885847103 4.194668097679668
2015-02-28 7.9419382619752605 5.909080030575421 4.1988593372505685 5.717705772457807 8.093234291626661 2.2401616492609264 5.4977896963646335 3.615811923641356 2.8404250786011676 9.976192365256015 4.577385608338394
2015-03-01 7.09397989314152 5.967086688388143 18.982068249306757 2.2208692880340677 11.729468507285656 4.719349093015744 7.271276166664402 2.7130987544082075 1.6809625762745615 11.850862439476415 2.0205464402054805
2015-03-02 11.15741268584635 7.606936464937467 7.985764818243538 11.364664479444437 13.554359939608233 4.517217026308357 2.1502071327499643 6.794469440889872 16.59314887853948 13.928631524266198 3.54953281675209
2015-03-03 13.758514152939092 9.623990072771342 11.08527790223479 9.68110459602883 15.77282370097026 11.694380301402457 8.050713957723385 6.647408395651153 26.733264476657816 15.511904575986401 2.6877096444088275
2015-03-04 12.467674487235204 3.413106685794064 16.694092413070766 2.4605892882297815 16.87866713202246 5.583725812920473 6.161297624175876 0.5991138616210956 19.089200952634645 1.755082824323924 11.501371578172634
2015-03-05 18.171544749814288 7.866270747130232 9.141069681331409 7.619226898035358 1.921278076721028 6.0696628346759605 3.0466140595317928 2.6038808210981452 2.436491802550084 1.4426729721670895 22.775501092150435
2015-03-06 15.679068167417018 11.085173894277142 5.820187833223432 23.551967034381757 9.601855982513278 6.703404715073084 9.05952369105613 2.9561566552052936 8.977821528046881 5.384827155538641 16.584587894910403
2015-03-07 9.994544334526914 9.60932007042807 8.794677067181862 15.029748320880858 12.613069514695027 2.444813899673933 8.53750422761284 0.6019092622757437 10.824065324794237 7.54820496157738 24.811883006472634
2015-03-08 10.700561336309368 1.0457413911119344 4.903051719793796 14.186732677230566 4.184262861559326 3.735550719027632 4.493334376813322 7.506033768499696 10.720483288851486 3.430067146941963 5.644488760925787
2015-03-09 0.9756298982006337 1.141546275940592 2.1576166795375493 5.196565936704711 9.346924015302239 0.772367591385603 0.4701488540862163 3.2803453182768436 0.9467488623195603 10.152644281848417 6.091502742514742
2015-03-10 3.0204409580011866 2.0513216956989795 3.6955789378716704 3.8230221300642473 11.296298931654338 9.569309126691849 7.481263016816579 2.5870178822402776 7.697162343991828 4.943536858385995 7.448375324217709
2015-03-11 9.51731038924376 4.29928760091587 1.7291101835634566 11.347358894703497 4.162588760135039 3.2009136166909213 14.782512187738181 13.021267098552302 2.9640996252404124 3.510127887927551 10.79292815216495
2015-03-12 5.292483108251675 17.71577011324659 4.239101723005988 6.740289378078245 3.7396837652234796 2.215596108735585 14.847495422085975 11.576649583499142 0.9816580429494526 5.875439232975649 5.0324607876406695
2015-03-13 2.7174757621235357 15.31489126068484 1.6618886575371072 3.5727471804300315 7.466577157033232 7.767950110676701 24.469406328540003 2.338122795550583 0.0845556263944219 7.094337496355781 4.451529940683407
2015-03-14 3.13182774820016 18.385816480251535 3.114489035348892 0.45269448887835395 1.2823105740560474 1.7372671976636815 7.319533560018582 0.47262667429394617 0.32992889226577293 0.1667042847661417 6.348782163610373
2015-03-15 0.395691038602486 6.448644392911783 5.572555832214739 0.49148898051222856 0.2414963418644323 0.5247736869975252 2.8361580705201828 4.412842632993345 0.6777433462803609 3.010561063036527 6.01096580733312
2015-03-16 0.9999082879894639 1.6616569501615732 2.995346819930909 3.416445557364568 0.6950942526939374 2.198612027588365 2.0274410239530862 1.1863377551654182 0.14610843638701765 1.154921400427904 5.862713989469931
2015-03-17 1.8822816428602671 1.7562810161813172 4.3308739612956835 1.0848836322016058 2.9282708918875677 0.06817150118627106 0.19169800464705974 1.365522782090188 0.9528356171778096 2.154603458295293 7.61254738325235
2015-03-18 3.735421303088094 2.1503555005882715 5.926706955878768 9.027647153041078 5.110839175244068 8.748646546755431 3.2934637676594383 0.6351859143652416 0.033888929690375165 1.4756806816611725 0.2949697768630407
2015-03-19 8.41062189892129 5.648616316077369 5.256552415400924 19.38625789562286 12.483829998735626 3.7252569515477383 7.461154542978548 1.9368690356102551 0.8701908175914775 1.474359905751558 3.160733437886672
2015-03-20 6.738929306045615 6.010512185852125 17.379688509570084 8.556077869834755 6.772934576291972 3.468681527616406 0.18371655334464645 2.7069467612685036 6.933876793955925 4.021130580727535 10.304052742645714
2015-03-21 7.8121258594256675 3.122810456356478 5.292163626195061 15.064974728073837 0.7951380550568112 2.1965797958017914 0.6871839154638117 15.936583028071395 20.287621340893505 1.7230932836458708 9.550617374585109
2015-03-22 12.514641285926443 0.562929861896574 4.432783888820506 1.8048774250319561 0.7492637661299179 5.595398278339592 1.554503104179701 27.412263047834685 11.489408094902085 1.474987376770629 15.118211333682973
2015-03-23 18.144235607433096 1.8420761642394634 7.85531167843182 5.43422846601945 1.3776121052611556 3.8300568987480412 9.981382341348901 9.86087055973873 9.538812665719096 1.7835215957358868 9.32925855095755
2015-03-24 4.5345057423215405 3.3489763762202793 7.872121252148482 0.7743110150243779 2.1710914907310337 5.60265401797367 7.67214680076789 20.058268747630358 14.348221471525655 1.2374328166837907 1.0256620953951094
2015-03-25 2.501836343880051 4.9761730368901285 11.312644573527862 2.4853491543833997 1.417201081674198 7.262996960428365 0.8148233401510883 22.810229832783996 38.93064294433455 0.6264506980777733 0.6374359143549437
2015-03-26 2.1165476768596356 5.788300060732251 1.8455993850591752 13.802942244126688 2.1961911501874343 5.1040310216899005 0.7681347878591192 16.90034016762649 21.91675565075187 4.289397396812195 1.3318599281790804
2015-03-27 2.7564681004154385 6.439046862014143 3.525623358464556 0.4402446044146119 3.2424890621108906 27.249559182413428 0.6302393017929463 17.862110338156 24.86005366767862 6.57653559529793 10.008224343258926
2015-03-28 0.41372750385236984 9.334345407053345 6.89480502521779 0.9164014307402442 2.8108837881991446 11.169201388572276 8.7537012821986 10.037540027767035 3.7972771285117455 6.165194163711567 0.9392879261502556
2015-03-29 7.492770506070294 7.479769732227151 0.14767374776313863 4.723885393310457 8.777698567991868 22.760786578541957 6.40638955285989 7.027274930650463 1.577202952592913 6.566613978460195 0.6814594491628686
2015-03-30 6.69201871690561 3.2042854303330697 1.7761570235043624 26.101678259936307 12.833515053467764 30.69627884018945 0.6898800955774081 3.7408543754530794 6.640736834816263 7.729815283262435 2.001129429970141
2015-03-31 2.1745064045659586 1.0054934529337505 2.615292126213985 4.706590569560031 6.711244915347262 61.06403645888991 2.1571530536596226 18.470610584812352 5.541801327800135 3.9513805577135312 0.4666820638610625
2015-04-01 7.453300914949879 0.674853514279059 2.9284773315658725 4.8814756935171815 1.74117390741721 9.988049135374037 0.42455835384436924 8.620491445538761 1.095894781471659 3.472049159465043 0.5637254436627013
2015-04-02 8.628198356403596 2.5379650310753092 1.1607529255882945 3.6690814639791256 5.132326766069785 1.5762741420450763 5.689006371858278 1.4058268872022976 1.3213698882662936 5.56327850156241 1.0717198976802818
2015-04-03 5.447405943237845 4.338486529313478 16.821900866722213 3.8985550998499097 7.64409184011908 1.929711129219041 11.758031719056206 4.467849416127102 5.115463799072174 4.260937290551075 12.252881949497208
2015-04-04 1.4405192715118438 1.3608128294074968 2.9080609541278593 4.2144924070691765 19.15718160621786 0.6204001937828192 1.126630271224218 1.3162729623551903 9.204856441507484 15.31401795120179 3.4087131009007394
2015-04-05 4.162248974247699 0.7505072494709217 0.850227087771769 8.978123321678268 11.92613964400691 7.237526732598355 1.0639977073255724 0.8094840904726686 18.513698480262768 8.254210499354677 2.3674616291327903
2015-04-06 8.582926510935692 2.2194976924745187 0.3703724871924129 13.927244607768355 18.724960187592686 5.014869151470954 3.531777003194407 1.7372164970577024 15.020245425903433 9.272481393557054 1.2659962717368187
2015-04-07 10.81846356409364 5.538765468644261 0.3665306328409347 1.1992660984493155 12.16807914830719 4.935025206484954 5.693693836058641 2.854852137989965 4.285334964906299 5.831248317813184 1.1838962728568538
2015-04-08 10.766848631174692 10.85782910926172 0.9230811722325521 0.9394674993047298 9.584800238145395 6.263854271543002 3.692825999540212 4.050580697126332 9.856824282221439 14.666574973219712 0.6580183878214083
