2015-03-15 1.1226539575049639 0.20376529321098047 1.2309327761107398 0.7679357271611637 0.9358009170816604 1.1919781447025986 0.6330658286796068 0.7862731771692368 0.751076663349193 1.0783792646298709 0.6610796153109184
2015-03-16 1.350275494909935 0.6571656229463072 0.8872693404367685 1.0619857259229175 0.6488278601328186 0.603275238409656 1.0009744555823212 0.5718384147272453 0.840114602009566 0.5196522439115411 1.4923577413816536
2015-03-17 1.7274802623473817 4.8477886305766456 7.426647454657976 4.940726721028741 10.150268123950333 2.953427021897398 2.287241342308189 1.1707678904948695 5.256514558177411 0.4496247597210994 2.983845447020255
2015-03-18 1.3290134090536283 4.089099514958832 3.068879531263881 0.6558279639445204 0.2466661914326228 0.014193806324289376 0.9595760403239397 8.044516496109072 0.2975297567581938 0.0855493134540934 0.39700611016344345
2015-03-19 1.0294859402857002 1.115584922848556 1.198131825217005 9.258938371225309 0.11270247775518377 0.2236845955639743 0.5369102145542 0.5933317631542686 2.4697330871912833 1.3923265137255891 3.831028972397467
2015-03-20 6.533264609557067 6.394249454843935 5.377572953423632 7.082303577216115 11.641278353539548 8.507384462685293 12.603499386000577 5.935541476516791 16.387746962811903 12.476328065649387 23.04957757455202
2015-03-21 7.227105326126879 2.2667275936202853 3.943377600371852 1.8928796633740255 5.798648945762296 13.323144368892287 12.768076463678167 13.725220700746748 10.108952203722435 29.73753555085229 8.882275198171413
2015-03-22 12.17508172858092 1.7881000825985245 12.597383298713307 4.199231471984386 11.28850795614024 1.83429638448796 14.71479640064149 7.443516800278955 10.714185745800936 12.551194038782137 8.12232722454506
2015-03-23 13.135279458722751 8.912510725547907 4.349665160611254 19.521143169406248 10.2689992237688 13.858819839757583 10.938338168512313 7.978999999611659 19.382411365199232 11.317091515193027 11.81996784026177
2015-03-24 11.867407352442013 23.404780438836212 5.113195042795642 9.795927380031452 21.844077704229793 5.843845307519879 5.527748013225194 8.477931087914104 19.355676681215698 8.160893009047903 8.462606993601291
2015-03-25 9.022077564241892 0.2675712509765469 7.259141833011393 0.850003535821986 10.321308831451192 0.8817381401796252 3.0081385000455523 5.281558140076004 9.823455017055412 7.064732073867207 0.30188121034003745
2015-03-26 2.216875731102025 2.7565736029377184 16.788260933858275 1.7886766602839486 8.260170542766874 3.942432671818717 4.353925550252761 1.0341967087578858 2.590819455139105 9.678671006840164 9.314715550708257
2015-03-27 2.0969127508089294 1.4586631427689818 11.289760783627292 7.085276747493633 7.597034280980095 11.536127995737559 4.013440485104317 4.846947812543077 7.204200901068915 26.461553853868534 6.858727120457699
2015-03-28 7.082301730589101 2.094963027497789 8.74424201532827 2.5139121079743765 6.628589650738946 9.274595344145922 1.4704301577035022 3.0822475045059505 14.194891893869581 29.07647540978419 7.96847955506494
2015-03-29 9.93663802367772 2.786551908633347 15.01716830132083 1.4379039545316916 21.088701258572737 9.35914881983741 6.059512954793032 3.419415577028275 2.4639501904258374 11.63825001004847 1.0836990897944014
2015-03-30 0.95546717266934 3.1838643605449515 0.8083344202894978 1.6450785309480733 4.551702961328287 15.670081351345779 0.8085599508984685 0.7413443415053027 4.143070739292802 0.36422148388727504 0.2992599717287027
2015-03-31 2.7366194155101238 24.36723499609764 3.0852451709226685 4.146730541757538 0.3878928321657106 6.03816059143197 2.1061965360138046 5.64798317265025 1.5043233686946371 1.1425906055043922 5.987459143156039
2015-04-01 3.2048491601712694 8.888483624720607 4.058782204678222 1.8607295229629948 0.7220047366313783 1.1658716056902827 5.313405080711347 0.6917556023359714 0.5922407063241235 1.0925117570115532 4.460969727598695
2015-04-02 7.749890707269954 6.010301869737914 11.362467273293014 5.996658301345462 1.056362280233966 14.105465762012852 2.647626769171266 9.94079919389898 4.437899816346792 1.6321872066296974 20.567764907681873
2015-04-03 9.3813646786339 2.081828548850315 16.696319921280214 9.557955762380143 2.8972673439607797 13.625787389304833 1.8150230436508958 4.710046821899704 11.015836388437688 0.5494840838927326 1.624079566699535
2015-04-04 13.368562226528068 2.4284948608990766 7.835643009968645 2.9679020420487285 2.1107993978049695 1.6940998654824542 10.945918527432632 1.816717628982051 9.55749402252359 2.41767232608457 9.111354923339945
2015-04-05 14.648167720402812 6.872601195645462 5.28697450603301 0.4015202465001968 6.644118754544271 4.672345347515477 19.113486290111016 2.690552490101089 10.254401256919904 2.7850595685184105 4.274432913466441
2015-04-06 3.314166435484002 5.465162215018967 15.513044363818961 0.33016057413240796 8.791353477684812 2.8845802501268807 9.82936852578174 1.741050829223686 16.444445187889606 9.666881331380832 1.326203685851036
2015-04-07 5.183605569368145 3.0552683889107213 5.925435410552513 5.294181154094169 14.580522880169106 5.81249442447051 1.2303987376217296 0.9131865879720731 6.51938073184826 10.960738904000511 4.253383783397855
2015-04-08 5.487493412463261 15.992994762334025 8.747258617462172 9.031160638571293 10.588404002371757 0.17588950611939286 2.804800887116466 1.100470945303058 1.511713903078335 9.74959702787926 2.7598611721853112
2015-04-09 2.235077584593129 1.1846476590594537 15.351486872805255 14.668476295649224 3.057250780424628 0.10697298167717456 2.703525982150822 1.5241801222560338 3.4807850645205205 0.275365253719743 2.5042673966620663
2015-04-10 5.179954600368225 1.6873857943624977 4.452961322895007 0.5603092253437356 5.20278385773717 6.498862302109671 6.904740980902795 2.9449107529790166 0.7892324311652549 1.6567347996464812 1.3801969270030339
2015-04-11 1.6860027072971235 5.992282641239065 12.370326448734218 0.22709932159099436 6.045148678411131 4.620182412756341 17.31140556808095 0.7723382492340407 0.36829718096613506 0.7051223132636149 2.145858418042981
2015-04-12 3.3700394635566555 7.296766666001812 0.6914115326464001 0.2729075248578979 3.460499553559364 7.937341777441838 8.19604049545921 2.2132593940197918 0.7010584959517915 1.879368602967934 3.2796326785258794
2015-04-13 2.099029670050945 10.139886253700052 1.2569505006903854 2.059175571303641 3.1634321330616144 4.395289402176644 1.200585708971824 5.725699792646507 2.880216580913304 1.4097625241798992 2.146221432001426
2015-04-14 1.2957336491363183 3.8911813717197674 4.38502835127653 2.4185999740910686 2.1968137916703054 3.9110686504025787 2.1263446244705877 0.2969572243139844 0.1681830662422365 0.40108399577144255 6.612683315576946
2015-04-15 1.2295124378421822 4.403450110993055 2.754064046875933 3.540669303645351 1.8310867871369019 5.509098351869258 3.931339823074161 0.635630840640145 3.9544351376851172 5.716651429680621 11.953255963797682
2015-04-16 4.849979112179156 5.058983069112441 1.8750432762401588 3.944068299445259 0.5627267409838947 1.085320402583282 1.8506678103295449 5.013129676966794 7.464830954871043 2.562081426251143 11.5006943309783
2015-04-17 5.665283942135951 8.42279207034155 0.3692790357355624 7.062710054048534 0.6412155019735291 0.6466653800453106 8.30898904337252 2.2297292648176588 3.470612629161777 0.013991580209547449 5.408974208095707
2015-04-18 13.205734058149764 5.590724779337245 2.1491082448283745 3.0805109970047817 0.05494641128009744 0.4892482807944206 16.46303397195848 1.4967583605055963 6.984840077903705 0.017281769332963832 1.4254830750307315
2015-04-19 12.516020408115342 2.8884794671205833 0.5577916493758799 1.1121765899171545 1.2789523272614516 2.9679900505920482 4.709067210331586 1.06989610868219 4.042535041736178 0.6438032587198371 0.06538243491622954
2015-04-20 4.383132428803072 2.1927764942299475 1.4409063646731979 0.7274200971335343 5.207431987776033 0.3253568758308581 4.513554564332023 0.6212012349968077 0.847217590452364 0.35249982348878034 0.5090621476031845
2015-04-21 1.9545945922461863 4.474646342803228 2.168193721805944 6.1787788597752495 1.5534373736482046 0.02559627548775383 10.48522748429377 5.885346032579439 8.684897635664413 1.3788197395432125 5.3326541580682125
2015-04-22 0.9362155205280773 1.9509057626380315 4.036191765909473 11.844188079845502 6.9187257364672465 0.21872872860492332 13.859331818409359 40.081995670699555 7.460308526557397 0.7697447263332418 4.880391452742891
2015-04-23 1.1742870387849842 2.2638812643021367 2.9580094262661243 4.599441003264973 4.825079758664422 0.6099705690600398 0.5543116887663608 6.870660133222877 1.0268676372536136 0.10508544069263798 0.7527244106259824
2015-04-24 1.5355366472319947 4.3465524923960945 11.987345867857622 9.085134344849212 2.542535599679579 1.1233568337963087 0.6729340428587962 12.070237611346863 1.8684863284174402 1.9215131186406147 1.3501291283846273
2015-04-25 3.6026036468908513 1.7562675282718943 15.254858492050769 14.090004736125216 1.7948846505786238 0.5530433767679913 3.968643059132675 3.426524614179601 1.211002791942097 0.7191953110154888 2.0045155523070646
2015-04-26 2.505764393523953 3.2196566619027815 4.25019445032877 3.460371946958697 0.6372482215407316 2.434775558202844 6.419505081502216 1.70127432715488 0.019995283131940017 0.2696193482945969 4.661200262311474
2015-04-27 1.7337909797444366 1.3229752456926258 4.49400772477655 1.451196098686426 1.7639307457472981 20.243422888330894 0.7238626389267463 0.05706792876143954 0.8622085891672955 1.7499088228116415 20.34020885968022
2015-04-28 2.962085554472192 0.5577296903871833 3.393837741049282 5.525806910185933 0.3355103217484699 7.724627040416909 1.6196738875786894 0.07983750772121567 0.4264269716643325 0.7401256539460956 3.1729017204988406
2015-04-29 1.0040012921323225 1.1624663903627965 2.1025161250627087 0.5948479196932286 2.2299083607591554 23.020777274724036 5.116276044580161 0.09760846202450921 0.9683762366585181 0.24282090641827125 0.033902579041906314
