2015-03-01 5.761299767197439 5.391881636182326 5.663053783318013 2.939715605624063 13.860398940474532 12.618667890569487 6.76852778734035 7.7138160695691305 3.5088656075020186 8.638187704072246 2.6597498675678404
2015-03-02 14.049583267340315 23.43030711049056 18.433368038361124 15.86470742129908 8.867705991032174 14.96444540181706 17.01117458361359 2.47171027386829 6.868898240443617 7.476954830440112 13.636774293775193
2015-03-03 10.195619912755525 16.60799314261494 12.555076851175542 9.978882614518042 16.274151562667956 11.417461343942652 3.8546856772261937 2.632747544953529 3.323600227242579 2.464608478362786 11.042500838496949
2015-03-04 2.515757457816429 6.715747679228463 4.749739337526109 1.6334680961745351 2.4839891799622493 5.620612628301625 0.5065062027399926 5.921618183869413 0.088443118087252 1.393530048322717 7.998775399859099
2015-03-05 10.857902991108773 2.2709068840319375 9.919371581200812 12.82455068355542 8.820119167287011 14.429974135949092 9.845463920991284 11.673139730910105 7.304735786448798 13.341522992958339 11.952465082881229
2015-03-06 15.209664663974355 40.99427801761519 8.370300173586365 32.521299007481296 13.32936789773376 17.101404168214366 10.326940462702247 11.725959932887774 9.470984736185748 19.784609732129418 18.127732174988605
2015-03-07 11.195010733333302 10.271488806247433 16.571368007694083 7.841309324062325 9.360260825955521 5.770003030364855 9.02677170416331 10.582554122182465 23.40799243978652 3.7643034897772654 18.854279254262334
2015-03-08 1.1132595971546673 6.280277377948183 4.34689700953631 4.349355649328826 1.8879451287978273 0.5923432356918121 6.7433564280468445 12.793716161763417 8.496895231258957 2.6175971869892076 4.046274269700495
2015-03-09 0.6876027352656391 1.7973576088089749 3.839438012967996 5.3881048044464155 1.045307066761993 2.0656383599959582 1.2799896318775512 20.142760729468275 17.86531482330134 1.3175029955206037 3.5881897904452
2015-03-10 10.500880397330018 10.169684128064493 3.240481150314252 4.4643523222002575 1.4470844230340765 0.9909551862359963 10.822036693161285 16.11214569529416 1.1110562019808792 3.939942271849969 4.974245139998077
2015-03-11 9.057978144601726 1.4043192341182826 10.701729977547437 1.2834961089668764 2.1908764272259367 1.0475784072761694 16.370587233264658 4.588154748748069 4.304467502072275 1.5566617764086468 3.750219319956571
2015-03-12 3.88502448700846 2.832259348541241 5.209545404820532 12.952495314671435 0.6081440626778796 2.0184853047786087 7.723573822536972 0.8890872652567585 5.033915663904508 0.45667322627144213 8.137501655548345
2015-03-13 1.3845115367604266 3.6193142264326994 7.78438487322628 6.650885093722586 0.7244278130083978 3.262781077987631 4.133449217412428 2.38571588669137 1.959802352967178 0.10396663975196074 4.257579950278965
2015-03-14 0.015605144476936415 2.546938298304342 4.398340642264958 0.11536945945250367 1.5075202452885312 3.168717841737398 1.1402024527702537 0.9667903280752546 2.4157604530173797 2.7568215869356796 3.1918164461007086
2015-03-15 0.15817774376706786 0.6950037638004575 1.0523395075792454 1.2407421586543335 0.006219878611792382 0.5341729226765135 5.867496029749002 4.729411938507574 1.4223321116357757 4.310171953435891 4.144736625338041
2015-03-16 0.0 1.3621151357558592 1.803467133121003 0.10978608769439296 0.0 0.6385353348642261 4.304840469240304 1.1966225709207916 3.4234747733594753 0.0 0.0
2015-03-17 3.1682268140543473 1.0344684126436774 1.8800665883565442 6.233278884251118 0.39124894620421236 0.9754579472513809 0.4070189588611043 6.881106808468184 8.508285489989174 1.131780077720094 0.5539231293027539
2015-03-18 2.2819422450502778 2.6743461224549425 0.6355892967688197 2.4448710435252767 0.33090873493701806 7.680620654446004 0.5266048832748225 2.1377853473969752 2.1402620601392135 4.2984688937702344 2.903895915443666
2015-03-19 2.6115334347508847 0.82187068633555 0.3665009399484819 4.081970438983906 0.5437450354152207 1.3707705690316119 0.8522530070407337 0.7519199561387302 1.7706334981729843 5.694745580695068 3.740313843498038
2015-03-20 1.0784406111754286 0.978131184219534 2.559443065949071 1.5322901178434503 2.1681410873892997 2.410058746468861 1.6332066188225225 1.2439297570553 1.675287293085908 10.493141067046222 8.002508993709434
2015-03-21 1.536379839176613 2.1722434020387658 2.2217304549972203 8.076816881783099 5.413903798689942 1.0925531289954242 4.630352377210179 1.6043955153016047 0.5353753448817906 5.17952707085255 1.8908566102713045
2015-03-22 1.087626250312858 3.4143427495034624 7.34802591472387 13.534155420118935 1.6267731103142036 0.315796963091992 4.43310923355613 3.016950539037878 0.07149907487374263 5.858626493870482 10.293436468422883
2015-03-23 1.9301753930777759 1.8893097378736203 12.239273306681763 0.5835968997598235 0.6728513040267621 5.454945125184761 3.2103502197384017 1.3786768629999575 1.5525698868457678 10.504171310993359 3.6907577714930033
2015-03-24 5.213906390938522 2.841310793834492 4.144020803954763 5.722897308805354 0.6320008176645511 3.798654187289222 5.206005737140368 6.753116926274558 4.7886612816186584 5.160710993114369 5.612536384922302
2015-03-25 1.4466923703312586 31.71729069585514 3.070444388679925 17.50145585383995 1.8989850077440413 6.390394131147807 6.689408859539665 11.095565960099705 0.4737100271943201 4.429342329715432 8.58912185368199
2015-03-26 4.161243331649709 6.505283285782983 0.5973003081242012 5.7037994318277345 4.901999206385345 6.792385115797336 3.7979035405769928 9.065209932683779 0.2976316685560989 4.751656414594032 4.368565003747511
2015-03-27 1.1403278953522749 2.5679443162010376 0.7101947501489441 1.7305805079404664 7.1328279483707835 11.869416858449036 4.98527712938373 4.061608028960911 0.024116157604717775 6.173834745484597 1.6353706406457982
2015-03-28 1.9168462811631675 4.16113791272567 0.347746752505798 0.9110916574665004 13.37511429151829 7.841104202416901 2.4073995358876163 5.241239209150663 0.8607004292943206 10.309815186447047 9.875539161444223
2015-03-29 4.2670146683191525 5.437109397423907 1.0232096165910431 2.4179647066662326 3.890389537638427 2.7046331483426242 0.7692766632857048 19.197027084956712 2.4293279063119035 11.376394445384106 3.4740529329289265
2015-03-30 7.827383997925379 9.001720968661386 1.464517138180245 7.039957912654875 1.6808378027753017 3.7768550315064 1.4238543897863873 12.363898734602111 0.1376904731485011 6.020919694356845 1.2791845471590721
2015-03-31 11.791842165661674 1.1071728063408703 3.8260740691805717 27.3634951153887 0.2871095106711862 2.0375590332792806 1.155448558310372 9.187055212802356 0.22997924753226434 12.628157841333774 1.9641443873202935
2015-04-01 11.987349219530973 0.33461814200856516 3.4739930049922583 22.87665742399402 1.4469991978317964 1.8053840228813833 0.5379408666456416 12.045642917254481 1.587195399613789 8.913743948358187 2.7777573910182736
2015-04-02 8.686266717783742 0.8949385544512907 1.4103431006332257 10.861502265030207 2.608675269887292 6.023621174805675 0.684961857418425 2.1247517690300697 1.766512053825342 3.21048094383156 25.352232460631583
2015-04-03 2.945997473249303 1.9943234023587557 6.092563444460467 9.242598212568637 6.751837187189276 6.62568707491805 3.228823545480836 2.414860700945267 1.0864515519672624 1.4793825443261692 6.365232426717993
2015-04-04 1.9092002488119444 3.5505502176705726 2.5827685445692774 5.347981010655062 11.927523298155567 17.337244554302366 5.36468320277511 3.633248609565122 0.43682395062091905 3.2729281782877493 11.923045793646795
2015-04-05 0.9401180145525384 7.06401240315819 1.5891337513765262 1.4102660062606687 7.514848267963296 9.696904308666323 2.55181456499155 4.575540512484989 1.2990428969429926 1.2362393751362193 6.039767818471723
2015-04-06 0.27172400510369377 11.414447088971505 1.415853133842132 5.2039227327416 8.065237353057366 7.521125816872205 4.471197333452543 0.8636911910157188 2.201056434741396 10.243448451562553 5.915772640927195
2015-04-07 0.5446115945807941 7.681569019605043 0.44241673495686196 0.6783700692205389 76.42280266643124 10.880172902851216 33.57096377381564 1.3520062401080795 0.3081152888009614 1.624732375745812 2.4025990187453843
2015-04-08 1.160038775335215 12.217975398478123 1.3943121600440427 3.0267815792198864 17.952307521007974 11.476933049713965 19.719380086514754 3.9738509880761255 1.9981518170193282 0.5408054683764616 5.4359033925132945
2015-04-09 3.0246754498639925 21.04539912185211 1.0211479732894733 5.255763581901022 18.85616319432556 1.775257217033541 9.038467740278826 2.099824286934319 9.439343316695524 5.99737598697503 8.161905459462337
2015-04-10 5.083796677961362 3.3645596231538017 0.05818263571002019 6.7185514403942665 15.589419436764077 0.45493460096339633 4.271262077090971 5.177579454810518 1.4107396053290724 2.600649261129145 8.624506656167918
2015-04-11 4.192432308870609 1.6873523787060551 21.859635162798668 1.1435505583824321 8.249393576650238 0.545609035305093 7.797113380395606 7.900422411657378 0.5536179045870372 1.0723382430928547 7.460624939210377
2015-04-12 5.392922558630843 1.9307597881080136 2.4241445651232327 4.407284054441595 1.9189862795019406 0.22211033656185875 9.154550271757206 0.635268036888928 1.4813469285282597 1.0800417309872965 16.038025280597218
2015-04-13 1.3493777317909075 5.496185750743141 2.4499336625541748 4.228720437794807 1.822077541527551 3.823572879188606 4.715758623864881 1.8327358831248601 7.594495440871331 0.05076211684735832 6.122088772081771
2015-04-14 0.252281055575039 3.704202611195819 1.1168402415277032 7.161653514508116 0.32952204177321076 6.01966427445487 3.6145080269441356 1.7411000620136314 8.978601606821396 2.9303263994226656 7.413355818791649
2015-04-15 4.488147299062924 0.7313971805346691 2.7626507520890478 9.664603944690407 2.0321346135821754 0.7354483874283582 2.19375503800134 1.8593126683731511 14.666352313240964 0.8636049906608629 9.204360503184592
