2015-02-01 1.0084664967268948 2.068520653417912 0.4003224538798731 3.2172741712113266 0.3202341603837141 1.061837145777824 1.1434956526877968 0.9815604953007984 1.0435306708705652 0.9614710612354538 1.3880659916927323
2015-02-02 3.9601501565336688 0.24748656914343908 2.4263469858905435 2.124987454646906 3.894753360900993 0.5864141473784938 6.16595528540975 2.5928384379094203 1.8266880732218707 1.50184486959576 8.005517365165707
2015-02-03 2.779925731585158 2.3712255410943235 1.6741978298640556 2.975625190337259 4.011801930235709 7.199796514241985 2.334230313708182 9.289963163251059 11.140575040201243 8.444248855943872 21.81083125272628
2015-02-04 13.75164186649226 8.237580750140381 9.366672584969004 29.180023932812016 15.764283058275655 10.798256867358337 11.88956994062815 14.172775984222103 13.691197659923318 2.478154681702728 17.452241179013072
2015-02-05 12.812688652991692 14.094866819406924 24.893260597698813 9.752293464795965 12.453808131878151 4.966927355454333 24.231514479901712 12.726534722391973 0.9921309603678272 7.161993160849498 13.346534627131035
2015-02-06 1.3662967888170963 15.838004444685247 4.939340724397623 0.47987241340290643 0.7020108566308413 0.9666657202181294 5.669997279603678 0.38614752556050064 0.714486256560157 0.7429451508974859 1.6270978541459402
2015-02-07 0.08841595555724324 3.6252641762936872 0.5719505100963466 0.10917747346352008 0.2420740291372817 3.2390204408458647 0.8794081127651755 0.11347991901566842 0.10437528775788699 0.16382120553362917 0.1960505726085869
2015-02-08 1.3687772361320396 1.2148264781280276 0.8631942483519106 0.24873764714982233 0.3423485261303019 0.41860110642932924 1.4788324982324548 0.0714194509825478 0.6258331173802463 0.19120696641507118 0.38658504547860695
2015-02-09 1.7482044749781904 1.3284557463118967 2.0842390519680647 0.26514705170587805 0.7158039622549914 0.1727593171950638 0.26661163719053516 0.18969341038519869 0.36083120729189067 0.07499624226830715 2.870110523324625
2015-02-10 2.2401717776434413 1.8345585571466552 4.392213928509543 1.661995657157617 1.274921606846549 2.035510769960375 0.8590775974267594 0.5147555211302084 0.6806153331732505 0.1759248448153018 2.243094165604467
2015-02-11 1.0821610566576536 0.24215945398422656 3.1350031655387216 6.568830980157037 2.8613966296529436 1.4707281448934628 9.474655842016668 2.83030845490833 1.7590145592590738 3.3473738526179506 1.1782568919845897
2015-02-12 2.0290045350753707 0.2701164384614606 1.229843280770914 0.0 4.826329605559147 0.8429014885670447 5.423638892063003 0.9428185329334777 3.6120903010627803 1.0979785117777086 0.8736134949846864
2015-02-13 1.1134383945032158 4.171972077832294 3.0429090362524516 0.21884890625467546 0.2970612308547947 1.216244630335692 4.683851005831833 1.6300319054045327 5.424289732617501 2.4255177665271335 5.607658871545235
2015-02-14 4.789212357117481 4.370381224343143 0.620486309430514 1.9825664043213314 0.7643251510114879 1.0524346069874047 16.48118179741453 4.801959942282567 16.248218229526692 1.456983326745301 10.512782749390219
2015-02-15 1.8483339265592496 0.4473462943777142 3.8713472851214537 5.434089671131844 1.4046816276968837 0.08167137764295443 3.6143919708364396 6.545743728718121 9.880242520003023 6.232164652994483 1.1752576978452611
2015-02-16 0.2913661338305811 0.9655600752583495 3.192983213010632 0.07925436612982258 0.026418122043274192 2.826625930539068 5.256349899432005 1.6555717443715807 0.10735873029610914 2.496561474142544 3.8383485350165474
2015-02-17 0.31184565707019335 2.6789051682808025 10.064770190010849 5.496362171815074 0.5450649158211837 2.021796901908541 2.8666021115135063 1.4821013283990219 2.596776247059161 1.465007332726918 2.3990827493878246
2015-02-18 0.7258103290848321 1.4970555281647755 5.192779800753629 3.194959773623202 3.523172124979743 0.15629454015282387 0.511236754165477 0.5544559016512566 1.3580791415614053 5.339504428305949 1.4143906587757782
2015-02-19 1.1720020175626606 0.33024902977898435 21.416360110237225 0.2581897993246589 8.18266084132917 0.29056434599638525 5.247100983719013 2.129768038271422 2.631079960214274 3.509915945137717 3.063334707109182
2015-02-20 2.9351810150482125 0.2483081960238211 12.54807412277677 1.8803444855709928 4.091168553149762 0.38576877243448493 7.914795272549745 3.2743084430479987 2.149816367613993 4.118958413336861 3.7077508930806857
2015-02-21 5.272872606812796 3.47594290333609 11.766873248260627 1.1068039209106697 7.3924084651437845 1.7092362829762888 2.183135372697641 3.7220701311975857 1.2652436188616454 1.7841717708682527 0.7419726102430075
2015-02-22 6.350392017447934 0.5601763368381819 5.649487786841927 1.4738571636123514 2.6756899833740198 2.00766703090072 0.2539088263866995 12.661892757701995 0.39530204884784687 4.660555535865899 4.667225783448554
2015-02-23 15.760678308731288 0.4143370706281608 2.600086314448333 2.4127981439723314 0.741565790268201 2.095272333457772 3.415865657133541 3.2899421858444495 0.39577292046173074 2.6755855771484343 16.870619069950187
2015-02-24 9.846361441616846 0.6583000405970405 1.6140757463567719 1.6501424623752494 1.368109785045112 6.246708920272496 16.710316421336103 4.051723060017571 1.8157305433725572 7.7496052456512645 11.085694190308834
2015-02-25 6.4721270543355365 0.9950223565662162 4.621052460186864 0.2330591482392453 0.5611471615005607 4.202706996901155 6.366402247163913 1.0185607915085502 8.088970966359081 8.094790042540499 29.789314306854607
2015-02-26 4.290079478446654 4.226349239680193 2.701462899400817 0.9962001025256948 1.928310184113068 6.713021621511541 19.17947775464323 2.3420976111410736 18.041648589007302 7.515860183091506 8.822094773659085
2015-02-27 1.463795814305021 2.961523612390935 2.8514688653157343 1.3786729848001276 8.666007621448157 14.992365557826908 15.275033967924175 3.5238454959367163 12.07858285401229 6.825323888491563 5.190541881064039
2015-02-28 1.681355311428133 11.31250637994233 5.385981282078387 4.705950028546009 11.304276188516997 1.5827693976542476 11.238465615418733 9.872422810426174 19.63955052261741 1.5731968459676422 9.469233400752298
2015-03-01 2.035105508158502 20.349190427513648 4.601339134161798 6.729092549720193 1.3572961459160362 0.004713952962039656 2.772109486141577 6.691790366127124 20.835654882652555 2.826331195110871 9.111842153242646
2015-03-02 2.9087125410073655 13.49908156166473 3.3586241152096648 6.874054482295017 1.319293273189553 0.1875741468356164 0.5877224537901241 3.267618985240256 6.0804061937403535 1.2170418512626473 8.085597159836363
2015-03-03 20.41905293837396 6.082415674235053 4.86784033291913 5.085983257218105 0.5947831284635338 3.673661618275176 6.941540550244415 2.630980969568763 4.425168081152378 1.2595165135763469 0.8070345220225474
2015-03-04 14.126043210236471 11.004855424098494 2.142416938113847 0.8359142763568883 0.6555336367101405 8.29475980118403 1.0314206195000413 0.7095606103881724 4.946932252278456 5.070357381200814 1.0873126686696293
2015-03-05 4.7179876318356495 7.908103772867621 7.452086010262805 2.0569308936655775 0.42156662577388204 3.412952376324416 0.6751196146335567 4.694572045644108 1.3452614090259183 7.148662352493217 3.076986932258767
2015-03-06 1.6435316196676117 0.008251495567954598 16.31546845335251 7.9715368028686315 0.5404986975007431 2.872224560698857 2.10014337746871 2.3368731150278115 0.24644857513656096 1.480081374377802 1.6626549186063686
2015-03-07 0.4911501580881734 0.1261464088298475 3.976163606856994 7.349850147498435 3.156749006081825 3.2768779922669293 9.275001667708704 7.008206970411237 0.8303068992867252 3.4547563528852807 1.9412852897074795
2015-03-08 4.308368640913551 0.4758260552244048 1.2205678765064556 7.387143969271042 8.02341531271881 6.316947431673368 3.5807242997165734 4.423055439333108 0.7823593797335398 1.156998403502579 2.869715222863144
2015-03-09 2.992896892478953 5.679030508855824 3.531715716845504 0.20913658117646078 2.6142522647773627 6.257205515000937 2.38681993486177 6.679085239160418 4.201695945229928 0.39723552415358376 0.860761952191131
2015-03-10 4.080813749709847 4.435787554206066 2.405677743482414 2.255949469500978 2.643548332833535 8.896685954972778 2.6871576771766152 10.634346371209636 14.489082758309188 0.10394860374828477 0.011992265095192006
2015-03-11 4.124607273520153 10.620572505058956 0.45592144928952594 0.123407858233954 1.7716724176096794 19.978789065879997 1.1819294611764524 10.199271709653113 7.187669877957813 1.0424136821667347 0.5920722197044036
2015-03-12 1.4942729488098385 0.07835947242348021 1.324927337575385 4.7872330821009905 0.6680926422449479 2.1895620181902276 4.1359345081259224 1.3544106566759393 4.36384397760353 0.501076282565789 1.2328541318085464
2015-03-13 0.34505377034698503 0.07992177389981212 7.343967880025737 1.4125454708609326 0.4243281458238815 5.476084487029025 24.74307405654818 2.175006104896836 1.9221012306712797 0.3528373416602504 8.029303621749651
2015-03-14 0.0034055002796878034 2.294174797907437 1.7877452609841487 0.6967592187331726 1.9279833618572348 0.523871848272037 12.884131359961035 3.4969873573998607 1.6462163741156095 0.04751275405638611 3.0121049086182494
2015-03-15 0.09149871762854977 2.136978829190952 1.1723924595926045 1.2227172645614042 3.2386128847675737 10.37567162563336 7.750762995180609 9.396506241343406 3.2283403922842964 2.7425532677496496 1.814488570100742
2015-03-16 0.07047145969391 1.5670366899197372 0.43137253743195014 0.06913311969508898 1.8760196853115012 2.2243366923948837 7.862158951977769 4.217262818000599 1.1422650928312728 0.328419924766363 0.8795293684435085
2015-03-17 1.1808121308891253 6.259134357002389 2.0258623583613846 1.0096301078835017 0.13736663298461466 2.998198980205083 5.445817215102005 0.8452945518470256 0.5486434912648745 1.4212802874828911 2.2380630030365287
2015-03-18 2.0306783408609363 4.45131919309086 5.310480239012895 0.7693360536348227 0.7926785458362747 1.9685249783035292 2.157196854028099 2.5877228775705126 0.05989375771626168 2.9634988495873404 1.899427131321844
