2015-01-11 0.0 0.0 0.0 0.07672548375969407 0.0 0.10449060096711321 0.0 0.0698263891857113 0.13740646983216429 0.0 0.09013968400373809
2015-01-12 0.5172465853528881 4.718508601119344 0.2642689288974538 3.4073516337296104 1.8471678825903046 2.3260373300515456 0.4788569724974481 0.1496848039883514 0.5898505943566283 0.17744624882978172 1.0258241836053457
2015-01-13 0.5813597992123732 1.7988069398714912 0.4519078957924483 2.2324606579241557 4.858399339090209 0.11102701582678856 0.886006456579226 0.042423953760007516 3.9518664400925605 1.6530777546173785 0.9964728398848308
2015-01-14 0.5064953496928085 1.1557908884626773 0.0 0.38504288263434683 1.7999325209187491 0.2521851867855428 0.021847453947473554 0.01797794567947649 3.0209498161585993 0.6004838468928289 0.7882628614367759
2015-01-15 0.010358196573783835 0.00447618670650358 0.2751798328706358 0.025396241807795587 0.13805665616249077 0.9063148417549864 0.04959579951351249 0.0 0.2704358833100582 1.2170408457424324 0.0
2015-01-16 1.7674478688395387 1.7868124754358692 1.0814179021893482 0.0909769256394699 0.4707246740660582 2.5243217825164703 0.03840304693652374 0.037243641912937164 0.9289041314834539 0.8073115473754333 0.008670252276568712
2015-01-17 0.09445581090965458 4.541791882972876 0.3428130104862113 0.44125334783032916 1.2414561951603789 3.7235930567033697 0.07566799974986993 3.0880505384672436 0.7600662082668257 1.5158866570877312 0.013172646285648817
2015-01-18 1.9099269423807037 13.63790368306596 0.4854692876404194 1.3024665638896675 4.018003653965612 1.781828389965437 9.352203905854413 0.9710767451554858 6.002441351644993 6.1205876359052915 3.347429716035496
2015-01-19 0.516082676580596 1.6241615056279786 3.7879698508638575 2.4166011674872925 9.940342022748169 2.2575132638444226 3.967327975199712 4.305597041948782 7.7054406134043365 1.3938179407416786 1.6397386700400567
2015-01-20 2.8197098778184633 0.6172886340905266 0.5556966121242292 0.6187227142487155 0.9628463610034429 0.6139094147312059 14.179440814515958 0.41911680528288797 0.4636529872015489 0.6882421496676713 0.2563316479601091
2015-01-21 1.1777278881284488 0.9405116563273623 0.21604853665185544 0.01361356630745332 0.43260025678862335 2.4314359624922726 0.8376697526371555 2.2772336084736127 0.30243051780142244 0.0 0.03054838694286101
2015-01-22 0.31253581669388375 0.18232096014446575 1.17110817696314 0.012233482738324704 0.049965480135833275 0.025965724732798928 0.5928995045942891 0.11460700048800031 0.2423460953299464 0.04135470338237599 0.0
2015-01-23 2.4440931809666404 0.08647887239941121 1.1165319752972014 0.0 0.9064693350289195 0.04680277573346464 0.7414349014895196 0.005184867232326376 0.013157985540208776 0.8493796760730941 0.045472974167701366
2015-01-24 0.012170229636035318 0.4429754097925702 4.019582360965449 0.3422970840369167 1.0492048558665195 1.0065192738977713 0.5397804477176738 0.02211065906623582 3.513153463134746 3.0800791314069587 6.392251182820193
2015-01-25 3.0800010777302993 7.092589807267841 15.966642137955603 0.004815186610005604 0.18102834312587912 2.1870626534225153 4.688833169109932 0.10273837394289859 1.4425048307363773 2.469867841683235 1.663896536875595
2015-01-26 1.4994768179068996 0.0 0.48187675557024495 0.008826327676878357 0.689399642275736 3.2051137030426107 0.0 0.12946688406596107 0.0 0.23822161428910885 0.00294210942181552
2015-01-27 0.4317359610948392 0.0 4.007235284967394 0.01656514001308692 0.017269265153653693 4.109866472627574 1.491909707288173 0.14483694359745813 0.09795658854888599 0.03430153249112164 0.981493569278277
2015-01-28 0.2281677496058339 0.01632358681164515 1.3029815832626996 0.03804968640060156 0.0459401014920824 3.1393912360837066 2.42691994649393 0.07952284750862902 0.6950928770168505 4.994070728129159 0.2196496031006716
2015-01-29 0.4634251815890402 0.24323728472569567 0.03842435866170304 0.0786957083616948 0.4365161884712605 4.0145597215458775 0.12773998543010856 0.23499648845709065 7.665729127895492 3.4408142100729036 0.730688165489769
2015-01-30 0.610152277022892 10.184425859785788 0.08074638961990106 1.3470233599729222 2.5448713442967934 3.010664068021831 0.6818396171742513 1.4296899775185954 9.786126279520403 1.4245011765098186 0.9558482960730417
2015-01-31 1.557418922824462 13.655723387527063 0.024886928102335525 1.513303657580844 2.0787218098687994 2.004146677660882 1.7099623484186417 0.4732572236031014 0.35517213031102657 0.049344139732973705 2.6347906635069496
2015-02-01 2.7506656230206947 3.0151284977979316 0.863567454907949 2.002510832582908 1.8268986732199208 0.6321450215291337 3.117876633883574 1.0846395672775249 0.01314643898307229 0.0683942330532922 0.5559572741188316
2015-02-02 6.178841471252312 3.2412337256161265 0.7581951183246943 1.7916785857605286 1.1125431358081594 0.019604696136962696 0.516621045131721 0.50843856418911 0.6504976065837893 0.4072759963605244 5.810752472253123
2015-02-03 3.8231318227455904 3.743494482138935 1.3872644955425384 0.47565175340583393 1.2445302224719725 0.13046535076028298 3.1029203916497616 1.0399221112562926 2.948831851838282 0.49328571544596517 5.275867918101034
2015-02-04 2.8184874061241425 3.6192944384964223 1.6601171010641131 0.08988780595167328 4.332401267608156 0.05157079764477533 2.0126394064706763 2.9338062659371937 1.2868395888019004 0.0 32.489276406438236
2015-02-05 1.5829227330478866 2.5918225701725683 2.4823519068470943 1.0694760799403487 0.11772682402361763 0.057315382634062224 2.690682981057816 4.018802950427618 0.45862214439918725 0.004122826170581401 10.242201878193935
2015-02-06 1.4416906189686898 2.1103245706919127 7.6492029308759495 1.0644638682768086 0.0 0.19022755963003996 1.4398546204114009 0.08503039455805883 0.13268686524854797 0.007515742830379356 8.68523855186507
2015-02-07 1.5796424657385841 0.3256770274393575 1.3981969197441388 0.8514551590663599 0.10370586490021158 0.0 1.4344021043235933 0.4184315468184582 1.7711614746672757 0.01503106272839886 0.8919926976326715
2015-02-08 0.25518542590344767 0.4235433741010982 0.4533567378246936 0.02184289856221753 3.7153563590935947 0.05979500081328812 8.776056328128204 1.35058365034382 3.481468994829193 0.1736032749263896 0.7512203936007193
2015-02-09 4.631946924451652 0.6236833266160362 0.3571044959215725 0.22032058481048195 0.779861070727836 0.36015135759043804 11.624725421536095 5.007573942906168 0.5074169273114217 5.341194107383844 3.851610983743128
2015-02-10 0.6185783088967263 0.5450689202900667 1.5726024047421225 0.044564790627445616 2.045388796583845 0.030733528500103538 13.964676363280276 9.22201343753759 0.00859901287708498 21.781954907092235 3.4904018328419895
2015-02-11 0.44705025893184 0.1374808264075021 1.8051996072502168 0.12169369781823303 0.7157427060918735 1.4768053323797614 6.476939190620328 1.0649094587985284 0.0 4.387924103233544 8.42907551834514
2015-02-12 0.0796829513327025 0.18531180216796264 1.0773035502894226 1.3841950127643297 0.03216069479891326 4.513468522696801 22.649243721424575 0.17921740347088722 0.7511738670988428 0.5255913710478172 20.789366237329133
2015-02-13 0.02798978633169843 0.02982057225535595 0.08795623602867636 0.38808901964518555 2.359443480086216 7.715251866827889 8.006942434914983 0.19186030994089856 0.0 3.2465370727877993 11.992077014328125
2015-02-14 0.0031213384756505684 0.5226758308274353 0.6596771239648431 1.9223433060459256 1.8388500370214462 7.17399085529693 26.09268011716034 0.038725861483566916 0.0 12.929845282592105 3.5080385597184103
2015-02-15 0.08770509803089487 2.5806036587592907 2.048636859740986 11.809855063516844 1.6462280316173872 3.3901665762946287 3.9838713596578534 1.291375094485565 0.0 3.238697862006333 3.53077042870466
2015-02-16 0.5515093323524625 3.171317605860554 0.5049709086300445 2.910601114432092 2.707234571228602 0.4034592354913732 0.7595969168780697 0.15176548921150296 0.8997996922524717 4.406712926188283 4.804547646748476
2015-02-17 0.07153753708938448 4.479352990574566 2.0389516079065957 15.867150228142975 2.5594155276063395 0.07584107464831163 4.308529343350961 0.13042735305781095 1.7852406070800408 3.2810271072080566 0.7031092587075938
2015-02-18 0.6584806288251022 6.29212291687573 3.1836434353501564 5.724170478921671 3.1013776381679583 0.03338857624637405 1.974175768955093 0.08410117113331811 3.851536122667399 4.174394311954552 0.488546254462214
2015-02-19 0.41769011353751884 1.6592560230569717 1.1060835861828102 6.201989916513316 0.531926262204504 0.18791378292315045 1.3189107610833908 0.11197434069949636 1.7085770152107371 14.052573139989894 0.24990147325822107
2015-02-20 2.4569291262735584 0.22509350229016292 0.062033205282226236 3.354221590132904 4.054121009099385 0.21716950864585943 5.637642451321337 0.48837575281245293 1.9474050609200884 4.862267559502375 1.1168295411702363
2015-02-21 0.28587070085866684 2.165385765650255 0.05436815949084341 1.886612100495432 8.523816701100435 0.3420613801532263 0.7171249000710798 3.56228047909315 0.8704542901255994 0.008428699075126944 6.511916112591342
2015-02-22 2.967599733433506 0.6750962476746094 3.037736681605838 1.357095624638044 16.185184779047297 3.8988951776090524 0.2798174706273346 6.131019424190673 0.029969875216359423 0.0 16.180038753418224
2015-02-23 0.10596954282352447 2.304637646140159 4.028560444131678 2.93168172480185 34.89169634082391 3.9522074259915567 0.045221533750081665 7.647544947328072 1.0444299586223493 1.0664202319859122 9.965100514887164
2015-02-24 0.048214726345065136 5.721791601784691 1.830166652307609 4.130579248478422 17.365114039400794 2.151639343642107 0.5119132754669733 7.10298715826873 1.4127088445845417 2.6343958226463142 1.778679877479866
2015-02-25 1.0878136011372326 2.351896477017147 0.21680420553303226 1.9656715226937889 14.446441840293904 6.416439790486964 0.56196814561485 12.59556999036606 0.9413768206749127 4.682241292866354 7.037318865905821
