2017-04-19 0.912483624528063 1.8411118535423125 1.5195538802425146 0.6099577009511463 1.6418759128944558 0.4474739778971082 0.9516597613368474 1.6247990998189987 1.9408910439140197 1.4978860226531574 1.1667640659569425
2017-04-20 0.24706529661991022 0.5873591503611063 0.22841646023162887 0.3151489046091158 0.22265144679966975 0.8710341651425513 0.054533549842794474 0.991498351109985 0.5317252969592531 1.0676063604386292 0.035856648755754776
2017-04-21 0.2521027973068748 0.15386212725572096 1.2062058229294554 1.7638083577292838 1.0336501018189108 1.1218645068290147 0.3601912876577722 0.40168570334453046 0.29441444754627 0.562261067967342 0.398824628525803
2017-04-22 0.5306862549810588 1.4046186543668817 0.10748111550238806 3.322252907307843 0.9047408635302725 1.175812447819229 4.637172036662569 0.557719946711648 0.3793780898861736 3.6602954995938553 2.0719869483069573
2017-04-23 0.8776290979836185 0.8580981906826617 11.462954079933187 7.711551087446756 0.18869371736568707 17.18038461559023 7.939784365355277 2.768082112931217 2.9551237616662975 1.0589184436703198 1.5233223773407396
2017-04-24 1.381623459893969 0.08203623788021178 8.099923758772448 3.0865766212430783 0.6670131896541502 0.24394740720323543 5.202472991905203 1.5031120392214512 0.5130646565342543 0.3653279693275371 2.01932337301006
2017-04-25 4.432636994739516 0.03781905363554133 3.8300883759817106 0.5132001674641947 48.82523644032883 1.7815778812765424 0.548296260399328 1.5160502998060517 0.33754517924097505 0.24898565535884176 2.3314272776710183
2017-04-26 7.904352973159977 0.998696641517775 0.16834236152758553 6.872847119261978 2.907626978770771 1.8711235786810851 0.2878081579007119 0.4235336159677361 0.6320707285306104 1.0660587817460574 0.27899326451392925
2017-04-27 4.820684246839912 0.17767442528702768 0.11151262624711752 4.11524580047935 0.437562793003657 5.5471095728486 2.987986920455561 5.60334256727838 2.5319550828564594 0.6251992249764179 0.3469676903649488
2017-04-28 4.502229360979735 5.264354924658984 0.10027707405623709 5.405697327652025 1.2866506285699062 2.640839935613115 2.79923648134885 1.0500017917325106 6.648137348452094 0.75715830854761 0.49414470560806534
2017-04-29 7.43284078790312 2.806974387040065 0.622641522251291 7.31002778416367 0.3129598798855937 5.757946744738497 2.6225743268965678 2.0493721729899654 2.271450888548355 2.8872815533835117 0.8048886042167231
2017-04-30 3.864627987157126 3.452239064166162 0.9151069892615215 10.417421310828407 0.8235553498851889 1.8550858255265081 3.2734928037783226 0.35289658533651813 0.9103862889944438 8.449464982614806 0.41937595222608404
2017-05-01 0.5966156539579791 6.637534589881289 2.705153049643772 1.5182588207494419 0.008453907762435868 0.12275295479759557 0.1611923916112375 0.6048224584657884 0.6833150772501495 0.016693570387612777 6.067377955123623
2017-05-02 0.46671998725985153 0.4457939841671256 0.1270828727873676 0.022691980981186802 0.0 0.057392708846484404 0.3270348205368435 1.772799572646716 2.0308667975573504 3.811413118908229 0.1427876816467192
2017-05-03 0.2698732068695405 0.15237203368008684 0.34951206374876786 0.2588388160481862 2.241552557398121 0.0 0.7156972681859819 0.29833104662828613 1.6399511452685696 0.0025858880529172736 0.13584116577003952
2017-05-04 1.2303178748026213 0.5644841818620611 3.68702415331513 3.972235961417807 0.0 0.0 1.7310500647391347 5.994843050408572 3.613956361116778 1.5072095299489066 0.5921402519792993
2017-05-05 3.9179533011645304 0.10909412267671492 0.6453370087077857 6.919185464803038 0.15716248669936267 0.32623503970965334 0.050368275679316565 1.1430514994575178 3.549681970378172 0.9677507827456369 0.0
2017-05-06 4.446841011141823 0.3555972386474836 0.998322327078734 3.3256990170423126 0.9201043711412011 10.337251689726557 0.0 4.12242816067761 4.956990296244923 1.4391991779504127 0.17923305718348811
2017-05-07 2.0696321763866994 0.5022636950021127 1.3836007087708824 2.922026862627064 0.949864419223385 18.188714125507374 0.02300866722839081 9.787791586476713 0.653963800787746 0.4992410426828455 5.020909676756579
2017-05-08 0.5775917000853485 0.7291480131554853 5.049770600054398 0.6824835198938346 1.7266411717148484 0.9120551722163275 0.9328538655398708 5.710225229759056 0.44620306877163596 1.4165769578735228 0.4545503104647157
2017-05-09 0.3068123387610836 3.5929268684836053 1.0662430861346164 0.3488378559718742 1.7545635786402527 1.2634229021471928 0.4887710411669105 1.5950607725202182 1.2930268984625595 13.033292421540704 0.2347300037257684
2017-05-10 0.17594348890433803 2.3030130194068374 0.5371601974116365 2.6122589043284115 0.7292372717004506 0.008419270120423886 1.0128320670533704 3.038034643953221 0.021335617283827782 6.466469000870873 0.7382733524382622
2017-05-11 0.9008087298858906 0.7120138447338498 1.265705968880776 0.5558105268425089 0.0 0.03482616441830477 0.3208664937462675 12.398629263884196 0.006070408065828513 3.4336702844117055 0.8192376294476676
2017-05-12 0.1567387388911622 0.004879072894536907 2.9887000153807097 0.5061513129341848 0.01680481224681982 0.2204377143836142 0.07361062008046049 6.180720651062339 0.4569819909023419 1.0790102901133047 0.1654367865166095
2017-05-13 1.1360642302810007 0.2369865245437397 0.28785525250901256 0.8727584217587638 0.04464967562796478 0.0 0.1181210377351716 4.87891144156097 0.04430406023118444 0.0270240294980994 0.9919280950260974
2017-05-14 3.742803510750877 0.45480671032550196 0.7156095981175932 0.41278601961983663 0.35446905829073183 0.06511383622078354 1.876059454679336 7.026310882632064 0.5746999996648794 0.13543359783686165 0.511558754502206
2017-05-15 5.915480089064857 0.05081039823406426 0.22354495778071204 9.623408307281503 0.07429137564063694 0.3267897601718473 0.5731254051996745 4.245595776666252 4.467832807773927 0.2587812803549695 0.03602196136057828
2017-05-16 3.30775518982279 0.41808014702391205 0.0030025215464861517 19.743756776338763 0.3570120711610477 0.0 0.564888615653377 3.973148593887801 0.6386866056967515 0.08080592994833967 0.009131662471375023
2017-05-17 0.4330310501482232 0.41592360702294573 0.0 0.7503076233259907 0.001973498316834329 0.2465134454168674 0.07128870704068653 0.0 0.1697528960223006 0.5090127873044736 0.0
2017-05-18 0.041352069876296214 1.2508319819621638 0.20570354978012576 0.030797968365970887 0.3723254729919939 0.8419995243400011 0.0 0.0068525712113712365 0.06270784794284515 1.5320574794751396 0.45980831265229194
2017-05-19 0.07376316244077347 0.5537936992993516 0.0 1.3203527878327708 2.358204502272141 0.033800489912457043 0.0 0.1140394888314176 0.7700126657436592 0.33003216882243613 0.2712481126651807
2017-05-20 0.8182770893831383 0.010213160942011237 0.04485883058865828 1.4183345640483438 0.0 0.1346514748805732 0.01483131392998549 0.024435140781998405 0.005588409599403425 0.09307691020144666 0.0
2017-05-21 1.6917306886325312 0.18517102539195907 0.0 0.04970530044254971 0.02150733329219437 0.06511227454763585 0.0 0.020650117413914967 0.12833943346248136 0.23305307582767204 0.010244797920839498
2017-05-22 0.04006639419030554 0.08206172802731218 0.0 0.14761114818842502 0.026710746376857178 0.7190976242072973 0.011652185551436087 0.7543149432506874 0.013625683868270415 0.0 0.9420208334941718
2017-05-23 0.12807395483516526 0.04292880424077118 0.0 0.3189781110394232 0.09549637217698738 0.6127336470456419 0.3348557991787897 0.8023611955954599 0.3829056749713349 0.004559386369751603 0.650200510756388
2017-05-24 0.3800893626517099 0.001973498316834329 0.10730150798035837 0.03892147921662738 0.0 0.21447743878383743 0.3147209367743978 0.3198147572233238 4.326579293719281 0.3346748445480362 2.4173580430424613
2017-05-25 0.577337326170133 0.01718303032185786 0.0 0.03951108850403252 0.2546563559652794 0.1311307108913039 0.619182807763645 0.0 0.6278994971456413 0.18398632017063477 0.17188391792119712
2017-05-26 1.0838919851562494 0.09000930670396359 0.01023045649561843 0.0 0.23517124571328127 0.008519272735292079 0.0 0.07615363205656933 0.7007582171937864 0.09493825306437477 0.0
2017-05-27 0.15554358359547038 0.0025858880529172736 0.03686502815572529 0.6691125296471949 0.0270240294980994 0.210517256628697 0.12588228294055387 0.28337888692652646 1.024019091343157 0.14094569924330835 0.0330291275739726
2017-05-28 0.0 0.0 0.3008917979171303 0.3522301243997964 0.02866544207823174 0.07010415072193829 0.0508216374516204 1.6401095739903833 0.848003432381019 0.018088122883636017 0.01427745544987118
2017-05-29 0.003283174395173339 0.0 0.5290470152639661 0.00276549554816425 0.25164597345089496 0.07307419538914041 0.009600771205928293 0.010492771052126407 0.7683701677152659 0.09576617666461132 0.0
2017-05-30 0.002150982691928829 0.06310661004392346 0.06504847215313438 0.033407491456301716 0.41644280640357006 0.021435619898695975 0.07341507329133104 0.0 0.06004696246618835 0.0 0.027636418848579918
2017-05-31 0.08762386031657848 0.16761440057793964 0.04143104595839725 0.09843561049049027 0.0 0.14407094876444543 0.30061833072650623 0.0030025215464861517 1.8489781834477124 0.0 0.15256158420898921
2017-06-01 0.06343298239662348 0.4703271898284237 0.0 0.0025858880529172736 0.0 0.009118772739503206 0.0030025215464861517 0.278945478809211 0.5977926689961763 0.0 0.0
2017-06-02 0.06988305057452321 1.0969245497749398 0.0 0.5905575521734661 0.0292377548810289 0.0 0.0 0.0 0.01307865910504368 0.0 0.0
2017-06-03 0.08102035972410973 0.7649225486893791 0.0 0.1714575399352612 0.07615363205656933 0.01501392208841619 0.01693505719057095 0.008649664004949934 0.04199536747472232 1.354851268635628 0.352484733550699
