2017-02-01 1.136780664522695 0.7016315618958202 1.4288745092880202 2.3254266308397034 0.38358379201031356 0.414494538473935 1.9652168299799277 0.7863757975992025 1.8858172676821259 1.1893161231146696 0.7317302813711619
2017-02-02 0.7286685000235873 0.2054363379144727 1.5498451925582475 1.5036224884361193 1.618476209482283 0.4278411991321315 0.5318977937323146 0.38876162542265214 0.38934673669394604 0.74743390351743 0.28065852365882815
2017-02-03 0.16812640206030033 0.3843957235710457 2.8334480904893633 0.5385847665739827 0.015076960794184642 0.0 0.04715084553533802 0.08684744282027332 0.5090780498172748 0.1635568753102429 0.3008250085128464
2017-02-04 0.6056051577870689 0.004382080133700265 0.132190860822038 0.009553339616288882 1.385281295023081 0.11922562584982807 0.009191431095240798 0.5064243014214261 0.0 0.41981512887904904 0.06141813811366656
2017-02-05 1.5978313772766537 0.02496209299310144 0.6419518418512103 0.3151024198419156 25.975325810618358 0.3024457434776232 1.3939731839427978 0.87550963313401 1.2732113615527738 0.35672239948649254 1.8987840219477015
2017-02-06 1.1373484759977177 9.099417278563955 1.0536296495951722 0.31122994340540056 0.8480344264485367 0.43744257857808805 0.9467660783658624 0.828353676020566 1.4152025252379468 2.005858411669468 1.7394676486434018
2017-02-07 0.17114975357120968 7.617057829980489 1.6797742054439184 0.6607476179671208 1.1245183280007314 1.8730326281792067 0.0 1.6079675641305764 1.7806734649861684 0.35593330038331567 8.47507361561515
2017-02-08 3.7520287395150946 2.0725872900295146 1.3261545879143215 0.6195682325552124 0.23693790922756802 0.5879394077348583 2.40403851206624 0.5228365382401221 0.5457766444798676 1.681159993296213 6.1094290243957605
2017-02-09 6.3661779953837545 3.7163440439264184 0.7842309571817845 0.45232962320625125 2.299155469336919 1.4848426412164915 4.121875917076007 1.632172746981277 20.613105991076566 2.947498776788598 22.769248816198445
2017-02-10 7.424822863136042 11.914139934424803 1.3072390448588893 0.9231290548288598 5.233412831779299 41.33379112114305 8.473430382505306 3.143787104807963 16.041980496017906 30.199556945669283 7.437322756618819
2017-02-11 35.11963346151252 12.263627515455 0.9908978863739019 2.930158962299728 2.522677547350675 18.36087099638196 14.167432933317073 11.014745393742311 8.847990471267181 9.700374896584734 10.30053776847604
2017-02-12 10.46400223267062 31.5328628082524 0.5359667109174056 8.66187856826217 26.86818985567833 3.2395413809141136 20.914743923096538 0.14292729528247788 4.843565761243978 19.387662084117654 14.05674864741651
2017-02-13 12.820205165962658 9.403640568419227 6.341144812861856 8.954745844582261 1.9539853089721597 0.971433155410387 1.3706945049452426 1.064543621544346 8.044260196725581 8.09050114238844 3.8549561864761865
2017-02-14 7.852941393146152 46.73897659565382 1.1912334873404173 7.019089737526286 0.8491983142216369 0.9706444154284911 0.814160625510821 8.580609988303795 8.483645152627732 4.364940270887605 5.731165578288546
2017-02-15 3.256199340320892 8.30240706688366 0.22815494741973363 0.5950017618306301 1.653498536167804 1.731700382171455 0.9673048741949608 0.8331555724306227 9.150516309370044 7.311272975263139 8.012298405551318
2017-02-16 0.7877703348367249 5.878912840020046 1.2216891312480669 0.1424168857475624 0.15265351625709542 0.29558948530866314 4.226037575545954 0.0 0.0 0.06844147200490093 1.9995473888458397
2017-02-17 1.9438664872100626 1.239217468598976 1.1836597453895288 0.7599091380258118 0.812064370092053 1.197106578421214 3.394522859473952 6.4997204573203415 0.3827295864245943 4.065523352650486 2.8390592325041935
2017-02-18 0.43377139623679123 2.7743575310047035 2.1153502106921183 3.1115231883188708 7.2931356576177855 0.9959159440961748 10.91487128159529 20.623962869986666 7.112483463478851 3.599352479416997 3.8849482285109667
2017-02-19 1.6472361484845146 1.669372327042276 4.8898092760081315 2.8745976666677135 15.306196483057999 0.8564631271998786 9.331538155282345 4.647341827903695 1.8284570673850908 5.186675889724299 17.560789375122436
2017-02-20 1.8891912633636618 1.5951786164505908 3.9137152952102783 2.7916650373039644 6.186854157729152 1.0750205378571687 2.597120326404579 4.035267814145719 1.4537807472398874 6.702927634306079 2.0803757855048683
2017-02-21 1.365258225084063 2.9171170807325018 0.25692855181094687 2.4019937197035106 0.5952965540735402 0.582592908598914 13.702118107590998 3.318626787751441 5.866003604363852 12.54174273833471 1.41540097962858
2017-02-22 1.3254433985047531 4.880193430731412 2.7293219663516455 0.008487970396793111 0.7675747728269045 0.443054833021747 19.711590972293223 2.0666216873423235 8.061035651038269 16.7242173677323 2.9063300009593034
2017-02-23 1.6061250341915188 5.903768161598977 4.830396448798703 6.954107734645964 1.2297730892268413 0.4526767936602626 2.5305383928781926 6.114213640300021 12.717340294694175 4.046729374833666 1.8038350040016495
2017-02-24 4.631750088535369 2.9782453641386413 2.4293904997699345 1.2148077482864177 2.1399202225219547 0.5717916852082096 9.281057130063342 6.693361004444398 9.233153163434634 1.2369764147480649 0.7860400784450073
2017-02-25 10.429509174388109 6.218603254909619 5.404114322649185 0.24682270894628072 1.7785660305082052 0.42604649776302844 1.469135506887239 10.555162652405112 5.135301417284135 0.03959172041929315 3.323323290389273
2017-02-26 7.158454030621839 7.673407198899498 11.076839813557404 1.1155708634728758 0.820303151781649 0.34163027350970254 3.3731334591619833 0.9523298840152392 5.179092988870035 0.40141131141211317 2.1191388414487813
2017-02-27 3.4357075802915924 5.745022722778305 2.1514037364933394 2.9115523340811995 1.0493827742900599 0.6652597842705731 5.874223368909752 0.11989151233920593 14.3454898262404 0.4282303648123837 7.857151578114639
2017-02-28 1.89138961896002 11.933181379112957 2.79759749441483 1.7106473246321086 2.4068746321514944 4.42700695699817 1.353670784607231 0.12008668770612285 30.214772113282944 3.0263008128833317 3.510711450833405
2017-03-01 2.4236983399334564 1.208836412736571 2.932184560557004 1.7425934124920008 0.8811526577903415 1.0789847128504049 1.6522367245385432 3.7425908078347625 0.9343474882108052 2.8422398502503285 1.3416928339964995
2017-03-02 5.035291484988997 0.5851559494043722 19.90737034380468 3.6972446170204845 0.4655662962094532 0.12026087913090366 15.967371623455339 1.0823351501616076 2.403783242216651 0.49258731618334095 0.6597485423872904
2017-03-03 6.667782246280027 1.0290003084733206 11.340092994937566 7.983422554039081 7.27721681994141 1.9058805385493134 2.4687361729583115 0.6231272372293303 7.431013432907097 0.25532239149137154 3.1160787244394257
2017-03-04 4.990515572405527 3.3424997011467195 8.835201626470496 4.093538961632339 22.560587419411135 0.18905984747094115 9.855999922646635 2.863348557226931 3.566057525830047 0.32733860136854387 3.5600813287939825
2017-03-05 1.7197027030817613 4.848216994069075 12.697260789398602 4.902785770702458 17.53320237741024 0.5411727322044959 10.207009511499056 0.08631558893028672 2.6075564987114754 4.679587156690241 8.958564917530026
2017-03-06 5.402632849598859 0.26512549525279117 2.217060349463251 1.4563621080421352 1.1033429125445635 1.0869948462873646 9.66180848027957 0.17790285459517757 2.5633792451357684 16.957540337141243 14.807169572337195
2017-03-07 3.3752482017439 2.6322422502437015 0.5109273034384675 0.44222150181487296 1.0281456759435765 0.8041706108539771 3.6167769278599233 0.30737544091925906 5.732594969861712 14.411001895535513 1.3617525660708845
2017-03-08 1.4789096750343487 0.7215150246738102 2.1674806402473914 1.2109944499861358 0.9918778179220679 1.7233034248139623 8.8670674534467 0.004477478133201141 1.5810901950356664 4.381726319059814 7.304194397923221
2017-03-09 2.1317783802282024 0.23868726073621768 4.565891466314535 1.931136512505623 6.391382114565211 9.323270554943319 1.4955823114813316 0.8172636655249164 1.5209683025483651 2.1199154779914084 9.70526302728176
2017-03-10 1.9468927889132779 1.2282338789757168 1.5242844673898932 2.353867159631677 3.422772132663762 6.2965688638003146 1.607139114016364 0.13223926809156544 1.5610322576181561 1.4502579799336373 3.027916148244624
2017-03-11 2.0278038659854905 4.50873238249654 9.109207360614473 2.4873270747632104 0.49660355706095677 2.224854818620761 1.0176821433519887 1.0490534796146358 1.7061861298840508 1.4714570219683232 4.015170059058633
2017-03-12 2.66440679959695 2.4954746590049846 1.5020954854908268 6.516045925221982 0.4503133462663448 7.82587070296842 2.290586234521479 0.6738405092438446 1.1096214633077914 1.8271227191021013 14.942579333977758
2017-03-13 0.8541832605824955 0.5338960445266057 1.7738479962711948 4.315886609492206 1.247768684559983 15.184509967871007 3.6926606191756517 1.3162699974758958 1.2101501058384625 3.1302840866035835 8.026587565783938
2017-03-14 0.7042401121766059 0.15848547344078184 1.0952608376642017 3.7037126708205297 1.427514691422087 3.798271715189524 3.088855857513101 1.219358965634842 2.584847368406585 0.8110108347919562 5.385650033922849
2017-03-15 0.05694385748562366 0.5370148386029505 2.3348453831001814 0.24872830159575393 1.275048048732224 4.059780870507868 7.348214623387971 0.2366963471866152 4.622114591435647 0.2508164237757511 7.10048799683978
2017-03-16 0.8500731550321782 3.6296161629320767 3.4210836780565024 0.1349108629007439 5.246669989195121 2.2754646203307356 5.602482085039479 1.2994025172205084 30.824043387371848 0.9142408391757637 2.1063545567923248
2017-03-17 1.0710627852340786 3.9181858274953867 0.642570893822427 0.5903643352865933 3.2788184989761753 3.0704315214323237 0.6421995801954679 1.573017677686221 4.613677502343316 4.083572076389929 0.8376954693834957
2017-03-18 0.49857191061640443 0.6373320328458167 1.0674888410201029 0.16145595979492933 1.6918728455026928 0.5913344584858117 0.2856577105406787 0.8396937823493672 0.16187821058150137 4.7616045926738 0.1294632407700131
