2017-02-22 1.5783618094358713 0.5242812264298338 3.39886964081267 1.3851295039523324 1.0359571356955697 1.3418531556992432 1.1945969886451777 0.1690844615275489 1.8140042071349214 1.9748538792375931 1.389746163623116
2017-02-23 0.406471691005018 0.4702523453712077 0.3381689230550978 0.27995724654499965 0.6763378461101957 0.0 0.7980138850681926 0.5887819611635243 0.1636772883482598 0.02521468301538621 0.5531785612489297
2017-02-24 0.9449544864147459 3.2781116733216793 1.2822266225537606 0.5775225657844434 0.20994294895287985 0.4531973450675367 0.03786898840197907 0.9512834258172265 0.37417417674920295 2.903031741902491 0.996652191023746
2017-02-25 3.534002103582977 11.057893451313902 3.5397364721602043 3.9522906999405576 0.25375179798827374 0.7278318417077081 2.3415494185417476 3.178853251469122 3.004720544476238 3.1919790373543075 7.861545557415086
2017-02-26 3.1479077886143836 11.998702387322925 4.550714583584067 9.448423247908806 1.286219616748055 7.185398153697061 2.9422239753820194 8.175451566284455 12.354757901917637 6.411580268805463 16.04160797844642
2017-02-27 10.211537141966174 11.731939380191971 8.795444965970534 3.5245343348305815 7.761441508528565 6.552443393089799 1.364121485476677 12.108452688197143 21.314178597618287 8.405004088220636 10.438383753758508
2017-02-28 9.422178249121732 2.459889636644684 19.44237311263729 13.056746159533608 0.9548077612532917 12.80346953136105 11.565500964283924 6.770654686755063 3.6531536392743496 13.55580847685101 2.225321866052921
2017-03-01 2.8886041769988298 2.156317079165441 8.771332502391875 15.9170660015119 5.713552320776158 3.6393484323667 10.35901752357427 2.534263693025171 8.012479654145002 8.294259015486881 6.495519511816404
2017-03-02 8.277729051744988 2.34840282318074 8.744533777905339 7.420408374814199 7.959773204096677 12.899282846644894 8.817809288504801 1.5783738237882363 16.114568842786177 4.17329176409661 7.560675502380752
2017-03-03 10.46040638631868 1.9631282237066046 9.732440449217007 12.393437507846164 7.9165885882356495 13.022391579224237 5.397890826761597 11.937094372936667 12.514434021078593 15.794484200173095 8.419893558479503
2017-03-04 7.123285876420016 13.515995424328512 42.1065968588282 12.922391534018766 7.60290630366006 12.334574801004706 15.43385751947946 8.92980764471518 7.272517404145633 3.5939930944721388 33.413871027204195
2017-03-05 1.48948865469681 1.4928888864298755 1.0676830015031946 6.639773646152596 1.9877745386455674 0.48237931611832496 5.680709297651477 11.25351153129879 10.773589422555272 6.1160940281437775 7.347208392268314
2017-03-06 3.8893232174880605 4.304955628147281 0.8999679533777856 22.734609840241923 8.004131334433204 0.30713343850140695 4.047267992409743 9.650834944558312 14.520913700202994 7.604454651002427 21.287250089674984
2017-03-07 11.502005340572474 2.4245017349866034 1.7563793386587 15.017305087854941 16.732909816795342 0.2831892833345582 1.1858906770590683 18.791387510554273 16.610491981673377 6.1647729691955835 22.3563013948652
2017-03-08 8.966691218600998 4.365766883690641 9.561465525812348 6.8080436634822705 25.764745967143103 0.4504841695702203 4.929435915661101 3.7030874730174994 7.260541072792865 2.5154496329807907 2.223538876546457
2017-03-09 5.23819419113746 4.817071375176978 0.847447319383674 6.494055362703626 4.406053119486955 8.0601173055602 17.00511894614322 0.692203605180172 12.433850463593274 0.022341391073996988 0.3148376227625671
2017-03-10 1.7844810867308454 4.001221245579873 15.122055772669391 1.4798024038783073 3.326819313033217 19.394239599517213 16.247289564257734 7.123219083649383 13.604773475201256 1.3790343302532104 0.5198808718548018
2017-03-11 4.588827083228289 3.3701708016467773 1.217514450608927 3.693034390332095 6.648125667629881 0.8736982524546116 21.892377422483523 9.090181250915471 5.383315701811023 7.0122921872921875 0.17445156799660766
2017-03-12 2.5382765852649296 11.169143244956597 2.604977712388852 2.668055908522355 9.289427267155018 1.904003219753136 16.35797852331115 5.783971155853475 1.1847125829732135 16.450777719605853 0.5701291873413403
2017-03-13 1.4529371841432952 3.186794797534209 0.9446592575837045 1.4526611635958488 7.661176487231306 2.2460594494830146 8.972472961100982 4.936155435852158 7.66956356439427 3.9900106851197465 1.826999725205012
2017-03-14 4.678338759262879 2.7945652760729462 0.3829296883899102 0.8851285746117342 14.27228092289193 0.7982531789695271 1.1963236838210536 6.31626314890538 7.119567904126584 3.3814971204027127 0.5094977465924566
2017-03-15 4.865195003883389 6.899403570241975 0.08425436522435589 1.2045620605365046 6.556714308527756 1.1652660385125377 0.8480108280293404 7.98699128532731 13.568690684037348 1.3959117088903483 1.36901099249037
2017-03-16 1.9118222844009884 9.683495525507812 0.27387108937146215 5.330958238666564 0.3768929472837629 5.611758218977586 0.4965528797140104 6.106934789481346 3.6881518028234073 2.0410408022612847 0.5460324032384736
2017-03-17 4.629081623967257 6.176270494298535 0.8677719898014957 3.452002216457127 1.2442733837333813 1.90206435234616 0.11589927847850902 19.602384262970908 1.6447140123610817 1.0802914205322125 0.12902445836986481
2017-03-18 1.6239278882476598 4.1186460298715675 3.6557488258840616 5.010160623582496 6.422643622003033 1.656852674417602 1.277845264321032 3.4115452714838446 3.7539981669417295 1.1239113773384315 6.932116445417071
2017-03-19 0.07377314067717827 2.381158840153341 1.4818022746142179 9.74822898733239 0.0525038283005988 9.578168900757737 0.43973295627231745 5.226281916681357 5.170664059786644 1.511931182265002 5.322019157880561
2017-03-20 1.7430703398978311 0.7510617273545239 3.785636040171771 1.010048264542132 0.11206539346817465 25.501364910069487 0.29014587679239434 5.779132495882873 4.569896210807295 7.9454830581147 8.67906700776428
2017-03-21 0.7052489968651576 10.914080242814219 4.788450935713856 1.0710409349714929 0.6719789559906911 9.444864984153245 1.510687238651347 1.4603767529999228 7.9564307713532845 3.4797387774328388 14.392000014754954
2017-03-22 4.435549526766362 1.9963396916178628 1.7847461427941105 2.334559770687416 1.357922500702534 15.0355535824783 2.360820211606132 0.9286891662634975 9.161825464293022 7.383056492191899 1.6484368408760521
2017-03-23 3.228861836819501 9.266179904159188 4.773033758072607 2.6612705370728116 1.5625725333290832 1.0979706218739194 6.1256647246542535 1.0299480709252418 3.683727650477366 3.500040765230472 7.271943492884769
2017-03-24 1.9733794961839897 11.45808325172 2.326773282364387 1.2549779371165726 0.11311713350550023 3.425714128159214 1.96943990600367 1.6251626754519028 2.9932065323400385 14.779405777636937 6.718405673388251
2017-03-25 1.6849014208330892 4.976652390388914 2.6633784842188017 1.4235962975997811 0.65211324188102 8.508670377895632 1.908394710332083 4.210796261174693 8.17197797042381 1.1662745162083445 19.424221998931323
2017-03-26 2.680782357150507 9.876902128711462 5.364793166983476 1.0033109450199087 5.945150682419628 1.6615288883877377 0.6778991380535924 2.688525313909703 2.9725997284908443 0.8723094171971508 3.820591646273124
2017-03-27 1.8290011092184626 5.495415638803218 7.164002463956473 5.023292690220995 0.8135620621118378 1.8726731873397062 1.291797056415576 1.373774482094595 5.334779773703034 2.444445150345108 3.210674892037974
2017-03-28 4.114470817858869 5.256016789493528 15.977432465222867 0.9862167639514736 0.4753522336200784 1.5324124572430793 2.4732260207583123 0.5767660213299178 3.0223625640831253 10.43122107100155 1.7052707945070953
2017-03-29 9.677791001934768 0.9346752632378066 1.036512654913731 1.0593676811095807 1.0167273441131601 4.252612869392754 7.050141275084329 5.749166903780557 2.3008214259223214 6.786704451276857 0.4213637270546259
2017-03-30 1.7977489955245147 1.6262569757489487 3.64709177458697 1.5543114995184812 0.9884047761559036 7.169020449323982 9.472912782722439 4.393818708452391 0.2908931651508866 1.553324367857913 0.5135539943522266
2017-03-31 1.8469307558299075 0.36955412954405403 8.34957719663019 0.8822912799159034 0.3482857799113499 6.441857964562148 2.0645942378876843 3.9128719382689523 1.2540484751221261 1.524809950744607 1.5449692595850455
2017-04-01 10.477689659562689 0.23770581192146306 5.050767128781279 0.31924189960566784 1.8666510844653907 0.44041048604584365 1.602971943328968 4.256048249750368 0.3779704100782735 6.255063528818704 2.9496650362414103
2017-04-02 17.879445002916377 0.015172791797032917 1.5633562244967938 0.12336981224718724 0.9598219509999057 0.8329911824843275 1.6066625001363868 5.493329319816782 2.5895170498935345 3.5510041051886905 1.1503809218307857
2017-04-03 8.809052099949726 0.02058498932552195 1.9967189993698797 2.6375452660145147 0.1301875323591804 1.217053129527783 2.5593690345925797 1.9020921991056277 0.6005943946453562 4.190280675229746 1.72781542425925
2017-04-04 5.325216514243447 0.20319132783118482 1.0816451743008533 5.698614685402708 2.344999371543609 3.3682449359774984 2.099968273015458 0.6338172936934873 6.431203173436829 2.934617971068791 3.1292581637872954
2017-04-05 1.3912269423740369 0.05870144900709752 1.5198475831584577 4.39242879624075 11.123434077942061 11.289568290408285 7.122340483893193 0.2609505698180483 4.338686587758408 1.184738631910051 1.8804025961584672
2017-04-06 7.824312881290823 0.18834122447425278 2.307486643852895 1.6444736240460827 1.2355526294509562 3.601207106645199 3.037804429151887 0.0 3.6039917946481306 1.1421960514113094 0.7315383859230442
2017-04-07 1.9978582237777778 2.2372632970818964 9.278325668177871 1.0407265894660118 1.6661417827919927 0.10191008831246376 1.9044452660289921 2.761065044788784 1.142705006468732 1.3390161575506718 5.57910742292013
2017-04-08 6.310535217373012 0.31603658252638206 13.043872759790363 0.5934328381011078 1.841239250995625 2.191696013036469 0.3754333102249537 4.977986549465561 1.464363530075541 0.05054989577018311 2.40093482145387
