2017-01-25 1.4088380508503175 0.5773587847203568 1.5624500870489348 0.6814334116396026 1.4704948866170333 1.223986784223585 1.4204712595798576 1.2810577055008214 1.7404535917375004 2.0498263541371062 0.8141949102573027
2017-01-26 1.2373787768288242 1.9210238015904422 2.345417995492619 1.1975055419722715 0.2436213546133761 1.3405675429963244 2.987510735383678 3.2647492003133687 0.11143914023342169 0.059175181019926706 0.31354675584804526
2017-01-27 1.064070579389003 0.6971293353292147 13.35529515279513 0.6272336203127359 2.0300277102036564 0.49738063276326705 5.365511533726147 5.3359814616703405 1.4543774228681685 0.7457956506947245 0.2869566544527803
2017-01-28 4.534926781117194 6.229467979387261 4.67413288083124 27.415731362416004 0.5656187498541856 5.664578661177943 2.59123210326016 4.08619731111629 0.4966529615121549 0.30006412716221376 0.2652490996881979
2017-01-29 5.657953911669765 4.135952750290358 11.432886932333437 0.778984461297245 4.46132047826903 0.28268580557202483 5.262226174669878 1.0006068306539517 0.5120445614102205 0.023476526452778573 2.3462613315267555
2017-01-30 7.3223382641388035 9.109777502866457 1.4100479622779372 1.637345557859216 4.564977832020405 0.7207626771503248 14.440619135682763 16.451217125275726 2.807375449500409 10.80474123479569 6.909891596219204
2017-01-31 4.918672627256891 3.2041552820073687 2.2572251811348814 4.072878317892984 3.480108971716518 0.5457103858592349 0.5471276509448186 2.0749156625067116 45.21968978394345 14.173866466645771 0.44410045664094455
2017-02-01 5.426210594742315 3.1494973425553248 14.762752083383164 3.6800974346673456 1.5612472738922718 2.1862701535692834 0.7296024975400472 2.7077559745405217 0.2282729322558305 17.630756341468494 5.589265334389755
2017-02-02 6.255165758832854 0.5054424962952045 9.16725172752319 8.390572507516923 1.612850291515118 0.3606607879155031 7.351485858033753 0.6537993357443415 7.055160966726205 21.379146113447923 16.52444165586645
2017-02-03 2.2987163043832126 1.4707800688356616 3.4867310448504227 4.266406414195103 7.269925045624269 0.4586291990191955 5.773885175696151 0.19906983596446676 0.28669087611229793 2.570061019341864 5.387276469495821
2017-02-04 3.8122987669290733 0.8289647083183865 1.466937992562166 4.337055695652154 9.1768527467061 2.510561579090859 0.3659489284618752 3.3938407694014816 0.5070008039019355 0.46656595598435124 1.2402201290461825
2017-02-05 1.1647684368974047 5.843907285386865 0.15021999114918905 0.322045493816943 5.744077472407851 1.208419477895877 0.6853009306560099 0.8747342140755741 0.5525162178207641 0.0 0.8599139782748768
2017-02-06 4.835911142326576 2.007124413652595 0.32326561814708543 0.5304119010368656 1.6580689064979905 3.6371121786006437 7.97280026469859 2.296200767966832 0.8994404900020013 0.4857797319162114 0.3056676747176029
2017-02-07 5.227214937247513 2.69761637815344 0.0 0.24733878089916103 2.6720878865597633 1.6741205980969316 43.88571489584017 1.0299666921540087 4.996155122049036 0.21981784200955226 0.23595280842491284
2017-02-08 10.718381277925431 2.3561305373457118 0.3104515550268011 2.6094321351798584 0.6162612842554243 9.489913760587468 8.808022957068278 2.404535852202698 15.854768373237683 0.5023490299040616 14.90782276369202
2017-02-09 8.142005190081203 1.2037485883507362 6.805409734080083 7.7348217129573005 0.0 2.4528457870367952 12.191484123201288 1.7879791481357217 11.402872605210527 0.9692651202387029 0.19443675418415557
2017-02-10 2.0397497673500475 10.25541199532235 1.941734339667018 23.210463906994658 0.7918129005943503 4.4382273258171505 7.150118473550679 9.628078454008877 3.0688126348168345 4.185964898046449 2.47207827024119
2017-02-11 2.8911054798697684 10.380083396435113 1.771143910255303 1.1066106497784216 0.43478762375888635 23.19560250308622 23.289845724684294 13.2145431779486 2.2540655368424476 5.054754947058193 3.047327990313411
2017-02-12 4.694119893130827 1.3070865307589135 10.174078144828515 0.34777768154464306 0.9510838720455768 5.004851575435259 14.35600870528873 7.03808755458878 1.7304861371874012 1.6453957897554916 2.324816363337426
2017-02-13 15.55455993910957 2.6667647886999077 12.891145830288497 0.4820026103486183 0.05737899773599123 2.834976415071189 11.993547785416702 4.525984757539014 1.8869000441481731 3.5489808770029194 3.320839668511673
2017-02-14 4.5421828713666335 1.7141380356244258 17.28736445702637 0.6181296462523815 0.6482978959236657 3.0654655039380128 12.12246074528393 0.4252201201369119 1.2376848475904823 1.9397278553352801 2.902636193767309
2017-02-15 7.218305708976583 0.2324565188168835 2.8565594431967405 0.3785394116398194 13.078959560079511 8.141821633030858 1.750733577101327 0.3155893481171701 3.026522691199161 0.15934958757443118 0.342786635181891
2017-02-16 5.287227203365577 0.015932743816389545 0.4813287202036105 0.014598791103073827 10.153782605662688 0.9792594510841713 6.711344731087927 3.2088574285895746 6.026510196049128 0.6663313972025218 0.022554029370721342
2017-02-17 1.1700717727708623 0.5477985520335683 0.2788696080896838 0.2598988262116127 0.6785914749389481 1.733062832936565 0.7745695443006986 4.664379901167541 16.787291957411114 0.3608993595423763 0.7052063600929501
2017-02-18 1.252242324075284 0.2653664488969385 0.8555612951010225 0.28483132750330153 4.704449660007796 1.2507246309843714 7.457917848560667 2.7865844866567837 6.958214029151254 2.3517240906668073 3.2589063527326365
2017-02-19 0.5283838716332337 7.604096426610926 1.8310581472165715 0.9200828414126181 7.973961673478347 11.928268283688261 5.209129761044613 2.278474814077401 3.2224311749498122 1.0280164317239953 5.608995859632375
2017-02-20 1.0863201641303162 5.2702642685541345 1.3870834724299614 8.249421286697793 2.409801585427065 11.883201519231946 14.248190425442601 8.753326945964035 0.11828848103406002 0.6103796090148215 18.481868294032704
2017-02-21 0.9139368126241693 1.5149300829993813 0.8687484884547969 19.23878535119433 2.845595496042945 5.419628588247637 12.220507435438671 9.379719847630023 2.52241143333343 1.1109140122350984 8.761338110772469
2017-02-22 3.6223913856362286 4.361948573146124 0.27766051209374354 4.957325367997367 17.04109869193147 7.84158520426268 7.6475452049792345 1.2317297911412712 2.589797172681759 5.649864111507121 15.075872565339367
2017-02-23 4.4571028531276475 9.08506074310127 0.2184685782810514 2.3911392537224065 5.551324369391143 5.338157607342826 23.729295667454625 4.216953498541894 7.22264088905858 3.0684066323431347 3.6847457057336923
2017-02-24 11.25794435172303 20.823567300928865 5.224766510559433 4.902269894029108 1.2461791354472131 13.090744807667424 16.507468819843762 6.907409968830725 1.3277837897423943 10.004887847492716 0.6864926205344215
2017-02-25 8.905676790432437 13.950666790893612 10.17123082868332 1.1135366184784372 0.5343140635745276 3.316386837351593 9.269221874392143 0.7942852942442354 1.5864799787566424 2.2869594395342503 1.8869834854301812
2017-02-26 7.618753589961626 12.60164049710882 1.6551558586356747 5.237986955458657 6.832101142630236 7.789925482967791 7.239059137494256 1.9516065626709775 0.782525735901193 5.134265259357948 0.0
2017-02-27 4.39518440324364 11.167854174456146 2.929871753848117 3.9834010547876857 11.759966494029765 4.608439939372621 2.8362342362564053 6.4341482537949615 1.101452125106432 7.411111835983185 0.9031979755500178
2017-02-28 13.647625704846416 3.1034366608349666 0.3407365082555808 2.3127371802751715 8.71359923664141 9.15313466856493 2.9237350790258434 8.574202541738138 0.5008035247641734 6.07290296012893 0.5445096081238241
2017-03-01 13.076998185192998 2.2526879256489427 3.826210515521234 1.928064375600096 11.91875943724526 2.2304418277850444 4.060594979997795 1.3201931870961294 2.134931671218689 2.7856640892383617 1.2695652701917675
2017-03-02 2.767987827430926 5.37707340917553 0.9599899831602123 1.9723916760259066 10.322432711132123 4.483391769075192 1.9163312562159804 1.836765395077445 1.3444146697973252 9.42424275275119 12.179711168884927
2017-03-03 2.3340607025142113 6.979893616450285 1.0444290100939182 5.356592945959212 5.055838823646361 1.8990176049485101 1.8969352077265165 0.8415383530783354 3.4929506408108777 6.534166953845569 6.74692214441872
2017-03-04 2.8661877022267648 11.519676728405827 4.88371773127076 3.0506293537615594 7.420697062822172 1.8189385951159327 1.854773971722275 0.6405918420717815 6.357326071239606 2.3856058213695928 3.063032301539015
2017-03-05 1.07866863673248 8.352521116500931 11.520892119712181 5.615470585298269 2.46354685504575 0.5160057923635909 4.8178698427691256 2.644691292805282 3.673195214839561 8.91536471108532 0.35437116487304643
2017-03-06 0.034319936907090495 7.065712329951436 1.2031211888792257 1.6124504515685558 16.66096501021271 0.2002663572547384 0.9460754754303552 8.123095643344989 1.3789102557521418 1.6884634057110444 0.7848076309835611
2017-03-07 0.3509974093504748 1.4903142165456158 0.19628191204510384 1.4160633936912757 8.451969985881622 0.036326694481764725 1.6554461738719235 7.846980602741518 0.5414888128365756 9.531796858699746 0.4416067923034082
2017-03-08 0.5526492506010436 0.7181492907099921 1.020903154166287 2.8598072459634944 0.6942101956382093 0.8291052949876876 2.4754452878820272 9.835015662221434 1.8095357360025337 6.738782813880395 0.4213591249754924
2017-03-09 1.1576115893617975 1.47228632788656 0.02946913314869122 1.6306215846650476 3.9810794393745073 1.1857011255849645 2.4542673477400485 21.52667571909931 4.672000341994472 1.805389696242762 0.5313793462717886
2017-03-10 0.3820176852275714 0.4740681362318597 0.22699219631677126 3.537635998496178 1.2842694001486528 1.0277167562570504 6.552430296738416 1.3847921029947003 8.871287894627551 0.7243861123676434 5.778602600527522
2017-03-11 0.047982325811938314 2.4149867019790054 0.25437396579466737 0.5512499848159678 2.2700458018799448 1.830775998452633 9.689933655704653 7.421490342307759 0.6939889397543022 13.257543947663923 2.717436380029346
