2017-01-18 0.6617291160829322 1.8345268339797305 3.0888826482741263 1.509056263105633 2.384085722509761 1.2725114808075664 3.442633923143573 0.26747803922017444 1.5143994911755854 0.5658161343054393 1.6120469091542577
2017-01-19 8.522466228349568 3.470920036930515 10.428076383297011 16.0533084047574 1.4957777182365601 2.149725592394655 1.5746111989301768 7.410938308653751 4.236830830293092 17.941473757736333 11.871138931060662
2017-01-20 1.8628832465046896 12.976692980786966 5.448945332718782 2.10377803884449 1.3387050249658214 0.0 4.420251717976936 10.451472236113649 5.609501391454746 0.7450842709926913 1.930674484727572
2017-01-21 0.3834057280376531 0.5466733015278807 1.3140548032585908 0.4037343776759197 0.07854846592359176 0.01796126547216749 1.3497295523804593 0.696705578662667 3.3357377480526553 0.1688229039536409 0.009733434104167877
2017-01-22 0.9348086987871512 11.857496883310478 3.802231816917395 11.805839691380772 0.447774013713512 1.4468261703334067 2.7837485723010005 0.7523644870342134 3.316634199554799 7.672214544389691 2.327764009707959
2017-01-23 8.874459860428237 13.921537663594975 8.93279698848973 14.589240141188633 16.685460480261924 4.8545390391449335 18.145657740015615 14.403161991971231 1.9889966607398153 13.739094753100499 4.942286999304562
2017-01-24 5.593449889027016 30.718560072402013 5.448851488426041 10.110564283083763 14.906351610366933 2.095235709606655 12.068295753326964 4.5708148930922965 2.429485577061063 10.581800545060965 2.1076542447683932
2017-01-25 0.996181971475677 0.25513306361258914 1.5508626119002895 3.584187946966017 2.1367106670877374 0.4107325456919532 2.218740784673889 0.061456033251463156 1.9875973731273153 8.316574697513973 0.05798394175810681
2017-01-26 3.2740748934489505 2.5941402925937638 1.5382653229548353 3.289258581019447 3.0595876251342857 0.2279968509477534 8.760646967379401 3.4909141560716654 1.8057176244156983 1.0000554528426764 0.021289092960534276
2017-01-27 0.18616461739680862 11.577360411613382 0.15048622052690358 3.348779732275819 0.11505490210072432 0.03825643047067892 4.851657121637926 0.12930084440782913 0.08044587258072697 0.9610534588574439 0.04197175363574161
2017-01-28 0.43400051893018576 0.9767057470238922 0.4549020904081857 0.3542737972755251 0.3369525231700994 0.9780140806507974 1.1170566627614833 0.48002324171351907 0.007547709104414574 0.052868579341501305 0.4633798499154302
2017-01-29 0.13093743531154856 0.062244015821197304 1.258697427127852 0.052868579341501305 0.3492970587816613 0.004211849882845239 0.0 2.407378386046469 0.0 0.14904346700274185 0.027694699576335368
2017-01-30 0.8194050963314268 0.7794741076974626 0.48382441579996716 0.565449932211311 0.679815199696542 0.012210260543786482 0.12798912369483847 3.244230609959568 0.0 0.5478660687749382 3.9042864651296467
2017-01-31 0.4229181890078303 2.9153010718442234 0.3375166085115652 1.5661791470599353 0.19316848885518478 2.665514278512167 0.357586395643687 1.542631178774943 0.0 0.7132921000005796 9.732584084249723
2017-02-01 1.499328310632768 1.167980297900116 13.567278807200278 5.97037983257759 0.08793201091757472 0.07004990482640298 0.8956101641248007 0.006601828771086044 0.61294524435546 3.082005801989706 2.4505845949820793
2017-02-02 4.334720027184163 2.0832099178908283 7.706558688954827 12.960533694135805 0.0 0.8082821442139934 1.0029737121872186 0.9524137271070177 7.740452120880311 1.9299522565141731 4.272827102001568
2017-02-03 0.18303714991346837 9.533828279780412 0.6189531787839326 5.465664478817308 0.4110096670544774 0.5324591218143817 7.985827603347127 1.32472333613915 6.441708715459514 0.8790155491086756 2.5993609754534264
2017-02-04 3.517971810066801 16.7987578460694 0.3038552385934657 5.260796619348836 0.40098328804808236 8.909044454172289 3.8263731858925674 15.082738422027848 1.386167054301426 0.47307702088003756 21.773953892665993
2017-02-05 6.9227483094418885 29.593388422522516 0.1453861833727041 2.6596188606612343 4.040722600382644 3.7683502425958 0.6926539912130056 6.892562313051159 0.9356855790432642 0.45959328709339486 15.402753082807866
2017-02-06 1.9393305314271143 16.519392736178894 0.11513769539495863 1.7769834854440336 0.268924780792648 1.770946698080891 4.488761086739565 1.0477184730718667 1.8148549469102215 0.11826109178879476 1.9940977913887397
2017-02-07 0.2522743142495526 14.090571711869602 0.30822108994249553 1.8801243443417113 1.3890544195816152 1.4191426489706853 5.831393085694492 0.8797419335618795 0.6362350299599089 26.87327403659245 2.2405029991154746
2017-02-08 0.24488460979082607 3.549306268644067 2.130921174309873 3.7222091362993277 2.5736717660333372 0.12531227417542679 0.306244355947541 0.37608927967810296 2.353109848121204 15.640136435813055 3.85758435650497
2017-02-09 0.3408073211984777 9.669858561479147 1.389894200449108 7.605961795951531 2.115799034273408 1.5277744812574765 1.6496995867189241 0.696975815556187 1.4295112249537574 11.390773134682657 8.45341056928055
2017-02-10 4.747007791860812 21.714747052342076 1.9509072941320715 6.095294092616141 0.9783288254663833 0.4852286342238964 6.436271494343194 4.1684006868284875 1.9676374420719225 3.6144010696564886 10.672991523614336
2017-02-11 14.51980700306341 6.262883214960768 0.6931618637595902 26.90673158660673 0.044448336937498445 0.9781884138002749 6.9313592241163455 27.260169771126954 12.224144344553665 8.266357709791292 5.889497957949356
2017-02-12 10.660424832813877 17.548330465280262 2.336154372794317 2.0703083943795013 0.13271757713543036 15.298758804807404 15.112002119303428 21.426962678678812 1.7882424386740734 0.43484485909915743 2.8261595733481713
2017-02-13 5.795016757175333 5.65438590612862 3.2638568490187625 1.2013977589125613 0.7438456143859731 20.295680683535274 3.963153888826788 23.551256527558095 1.1449090077950559 1.8627581045483481 2.649370098778344
2017-02-14 1.7835021884513598 6.28411081931303 7.6615825185986015 2.2478628455078917 0.7144541661876844 14.956392871506738 1.718758514800784 25.24258443092275 7.517776781049096 0.1333455636745297 2.8258219037859664
2017-02-15 6.736377352060096 4.866703016513458 1.1744350276070095 0.8023877841408119 5.838837754913053 18.0103705750017 3.0304989109642526 5.118869316522095 1.2901193262171387 0.36570681718276626 4.796488137099278
2017-02-16 8.163602447894192 1.9242705979877628 1.098095341433865 0.25079044466349487 6.3152021902618936 8.955220069012913 1.6373977486584406 2.0886871618473934 2.921126094964344 1.6417029078614418 4.298791808826618
2017-02-17 23.644223613459523 2.7438482903851433 2.233875620133685 2.1781439599496526 9.876775117444868 8.613177666314748 0.019274700310194286 3.760381701067421 1.3298985563069308 2.6013043013899924 0.5996987295518136
2017-02-18 9.7905745423326 1.885009713594561 4.786622174948449 4.3426934822452505 9.12469977010063 21.473025627026203 0.585286635180389 0.7902374654983253 4.5981245261757255 2.2015350793630826 1.5759813969995968
2017-02-19 8.95418652064945 2.350196085902794 28.689933606615966 6.837090399049877 19.218938072476718 0.9533450867312432 0.45680853683424927 0.050432532154142846 12.474216752637567 0.5643571577681648 1.9778342846070875
2017-02-20 9.497874743365044 1.46236504481879 8.026570119366369 5.541417995007744 3.2622868320812164 16.086659737751667 0.5039316139911714 2.1398903787647185 3.8970792422396774 8.749217244700922 3.4160818575031033
2017-02-21 11.738555176003606 0.5445603055309236 3.660060611192686 14.512909679547256 15.55485316432863 32.40381485075517 3.3654952138563186 0.5344152990279729 1.8272952550772303 4.067597083136175 2.011342542501535
2017-02-22 8.941594539494602 0.8131322047284932 3.659201510555027 6.784512872778082 12.855388871730652 1.9977418318710307 6.982457189079419 0.4416225795564358 0.2571897715427218 8.360470760048901 2.3746576653064175
2017-02-23 1.398470984710808 1.9638240505047393 0.22171585156386966 0.7429452747082679 3.2111352508601168 2.133445349662331 1.831278630840073 0.8068278616385328 0.0 2.062924522401223 1.0586888693005758
2017-02-24 3.638204337845308 1.7554519859231723 0.9527656373952513 3.236393460216088 3.091299541192503 8.825048489212078 20.324535170637247 8.93916340183258 0.28486903848851786 2.5673560688818453 3.770726159317325
2017-02-25 7.456286448244752 0.23779411903487735 1.2244935150594143 3.8262810497966706 1.1737375409145085 4.322665939149418 6.15447064290268 7.284158983801759 0.18826113827562363 3.088100407212118 1.0582551102024542
2017-02-26 5.156101339790789 1.1777476194673568 0.32342365709292664 2.047475831901804 0.3655148482163565 0.7683328044158145 4.578592577512619 3.1568275444894125 0.10603351960808903 2.7459180505088407 4.407221620389249
2017-02-27 7.169752151797809 0.8885621635584231 1.7981278768596491 0.22588205349150214 1.340303808404689 0.5891174752720749 2.5911436000713097 3.1509274070182807 9.537544146273401 2.0825136783711002 4.42801077567912
2017-02-28 9.117350924190262 6.187569352567388 0.6591877457495625 0.352654437885051 0.9718563952980684 0.43883354333530566 1.591599012447844 5.89039543035781 7.365547974982487 0.8563057568301156 1.7545977096873917
2017-03-01 2.8266504028237502 8.79373541871188 1.70759895105081 3.5711480195551646 1.331272839942878 2.8342385645784054 0.9641917321676009 2.00384651514016 1.579707148537266 1.5468998102110931 0.37784350507818076
2017-03-02 4.031756960368929 9.963130317235665 1.5589636320069877 9.132732352361241 0.3543090750364879 2.1175626747243967 9.336864385451907 6.953932194950801 0.7256846941842255 3.4228774017906223 2.7157669451829904
2017-03-03 9.055997194536568 4.81302879447574 5.954533393584281 6.262188135622527 0.16348203430077107 3.4102704908477914 2.9773087404762095 3.9364963328591642 3.7452513403077266 17.25723256127935 8.364877694614353
2017-03-04 2.4566155525999442 14.843855871920937 4.624194403878723 3.9295259160784233 1.7125226708223784 5.175048529509482 3.4384632947608975 4.348333577399362 7.347104725440185 21.697268774189247 0.017084921053297498
