2017-01-04 0.2982742985484865 1.4170633631923426 0.737740324867795 0.3596408880999089 0.7688287337708977 2.153202371573661 0.40351604134240204 0.9316696024698232 0.5940210236892408 0.1883471136883647 0.8044583232268812
2017-01-05 0.025734031667431587 0.4519768656341905 0.4663286282387227 0.0 0.24048493905619633 0.06278975607927265 0.35523538071030275 0.12115636138908528 0.45965800216147534 0.09827188632436148 0.0
2017-01-06 0.1329776586354134 0.0 0.9818484578838753 0.0 0.1821052897724638 0.024308085774164594 0.2460220827798853 0.07002181281069203 0.5222129068295873 0.31296630435497386 0.15348997060784436
2017-01-07 0.6683253106232483 1.1975868564435674 4.0652161773178115 1.962156153210267 4.292956696286426 0.19408017544579576 1.662009122125934 0.3063960889436051 1.7698960447912548 10.222223839602478 1.9149663990006673
2017-01-08 1.4993611255433785 15.820380676045584 2.686080618467292 2.1393838000918186 2.3427809534198163 1.087895176368824 1.3342610041116085 1.548597915314205 10.84914676101396 16.141816314511154 1.2416429812949055
2017-01-09 2.3216698196270773 0.8355440429798884 1.0037205891108325 0.22569747521460032 0.20008219373835476 1.4477603661418776 3.056796505898177 0.9457754211806926 8.064195299442888 10.799641128682882 1.209724129909777
2017-01-10 1.034544450793948 4.887734203799782 1.1703867887521957 17.677464364452014 0.6577437426932913 3.7874909892928166 0.6463886055412205 1.5231053573588722 0.05180295614464761 11.489543380975277 1.1261829153537144
2017-01-11 1.8636028653798424 0.1683462610712411 1.847789231937 14.091694135862674 1.1330642748716637 3.268906490729665 0.04174651748690164 3.4184698469428385 0.037181633332181135 8.285978228495356 9.51764199356182
2017-01-12 11.450632216359436 0.23253385718796385 3.476350280704898 2.3865842508504924 0.35979372036858154 5.127846332410984 0.04128123924858156 12.73292159826493 0.4737955074947343 1.120518493171599 1.8896225240719824
2017-01-13 6.162742565936043 2.33416316306987 0.29131194643874125 1.647529332826818 1.2524260262089433 8.140736317588635 0.41631674008387376 2.9254301912622385 0.5009274604245362 1.4442866920915813 1.4721556579987933
2017-01-14 2.182751267459609 0.43048137644814183 0.5862620164583925 1.1710713230500864 4.921147180291452 6.3620087311560685 0.477213310274468 3.944263309867615 0.3446821687256021 0.859418335588936 3.1248010917928113
2017-01-15 5.518219003412479 0.41832376737125365 0.5639574706917947 0.904851707583787 7.907017068575276 7.669606564294897 3.970203529369328 7.072240786013681 0.7086051292564701 0.2596282394692415 3.9592773311018004
2017-01-16 17.30069760187186 21.631531192028117 2.5753724948673504 0.2525351152645885 0.27282741491894996 17.016509124012348 6.806094985206195 2.6825421197592676 5.582493606921718 0.9674162062922883 1.0711422732907292
2017-01-17 19.031934523254712 1.1580944989755109 7.830137795628406 3.9432295389810372 1.703027905629798 28.10714401952974 22.878093171447972 0.7520144001078551 12.628214726712386 1.6224388635985452 1.6511561043011087
2017-01-18 9.60558184546171 0.036296461295160586 6.538052133583751 0.11415706805743475 0.9043601922682042 9.657149615455722 21.59912760113734 0.12699229245196791 21.17907816997547 1.443373250163435 1.4130507047641019
2017-01-19 0.12313625588034711 0.01698634788602669 11.105947991610359 0.0 0.7997815297258128 0.002831057784815047 10.100513389399058 0.0 6.164671317877223 0.044514650644984964 0.9024464497357121
2017-01-20 1.3620774619957905 0.17711140612911877 3.020545048988861 0.019452867887309863 1.4337335997107634 4.789920035687519 4.604440966250046 0.8224054502082782 8.306583146388093 3.6331471511588678 0.3362224157934958
2017-01-21 1.993259580898557 0.046792961553694265 0.9889271778883513 0.48681509042122983 1.5176323104287837 4.163114720608808 21.80115352788309 1.931110795008237 13.15620756346204 4.6097916869672275 0.021018425609517933
2017-01-22 0.4610216365993911 0.008600642272387878 13.765956536842534 0.4568587299447685 2.107956306095291 3.6217581742284306 8.43990730316982 0.15789292424346724 26.322278409996755 0.6165313326924751 0.23433013008213005
2017-01-23 11.702301127658737 0.2316266445986762 14.620167739809162 1.03971043723178 9.884539386729214 0.39085382712020234 11.699474833553056 0.004989161393002205 2.104246594957513 0.38134103933235136 0.3777454792358862
2017-01-24 0.21683620343338805 0.04035305489066445 0.2046839307292476 0.28999776266405386 3.3698160252426947 0.30789028417877207 1.8804417142248897 0.7133689581396259 0.5417026224525716 1.4448684120858997 8.15954530580724
2017-01-25 0.48208523260615244 0.1076847966562445 0.15878488274425734 2.943016871566364 0.4634983731881837 0.5560068207734729 0.1475760921525401 0.3951027037314353 0.8140684772592267 1.8355864259581993 5.283860650510798
2017-01-26 0.201716169675212 0.25000071917143085 0.023171935868090587 0.9550400353490854 0.06694421098996794 0.31485454052297607 0.06581265443350844 0.49178192217054617 6.5496179349915575 0.29675744755604705 3.3159669854056792
2017-01-27 0.4499993242600463 0.23881769550262416 0.0 0.0 0.14957524177591097 0.2121781288840104 0.38173585889570544 2.6380220483896766 0.9261730287033809 0.008274438118067634 0.08175253542891638
2017-01-28 1.2716788012164457 1.1301090654985344 0.5046415486648317 0.46237332197986875 0.04047129349682779 1.011362882288066 1.0701091033699772 0.6246030366343946 0.643090817312576 0.22120959404007723 1.4489912602399646
2017-01-29 0.9813126400465002 6.8742422930593206 0.42693034507663674 0.0 0.24580478675122053 1.9360916374930826 4.132656843292517 0.7873463707486569 0.2646539480153638 0.0 0.05202149514729754
2017-01-30 0.17342811574143546 5.802204466282549 1.573641670415183 0.0 0.05831843109359974 0.0 0.411803624933724 0.022639652483628293 0.4540456508747259 0.0 0.08281376366642199
2017-01-31 1.304434845244067 0.01481943330581104 0.7722314075516827 0.0 0.8947790737577039 0.4813026769570231 0.055202379504880994 0.11846437477803994 1.022293637658499 0.9495190641076872 0.35743590333496394
2017-02-01 0.9590007001503398 0.017308871646170804 16.193707165361335 4.751603505060398 0.2217317332276686 0.22486181260082577 0.01481943330581104 0.30036893173451384 3.7744727697020877 3.0546059419662064 1.5356724209291932
2017-02-02 0.15307219944929523 0.23307765643006811 3.349100616521501 5.387143267246555 0.0 1.0356632278343487 0.021018425609517933 1.8101061141405057 1.6694228542443024 1.7106087029309407 8.708648878766118
2017-02-03 0.1950076161709342 0.7586145517643712 2.3436488069339454 10.802872090968897 0.6321108393447795 1.584606371627457 0.1729439266387956 8.93262774752684 2.9760063575108795 0.38290168073570885 12.475293757785943
2017-02-04 0.16572096359610594 1.6118072008177442 0.30431076470505375 10.566693506920918 13.613542816841779 1.4703926225661266 0.645716560869646 0.15395089077010987 1.4127654169594195 0.11070537707240494 2.590377126702818
2017-02-05 0.38943151112251767 1.8908431961095618 0.020678402873228408 2.038699261511553 8.556535970531115 3.5195952206045407 0.8935173987635757 2.600921438033279 0.7735002519659223 0.1677483695490375 3.4614371318266293
2017-02-06 0.15010961677629542 0.7850509002800986 0.1754845486946665 0.19756842903406033 6.788866304894741 1.949070688317091 2.8607305245144596 0.16187569854587183 0.9703387887344335 0.0 5.208754057978187
2017-02-07 0.021999149930703777 8.88085189493957 9.449054816655925 0.31631672507483743 23.226430896143324 0.45931326026829844 1.4232595901563332 0.1495227629169553 1.9737016441553834 0.06410183416314186 16.47358157930416
2017-02-08 0.15539061708515772 2.5266338709719047 2.9244400253580545 0.07098427361860557 5.308510690022499 17.79140156093946 0.20916860578830632 0.4801717367380596 9.783459638452998 0.06114969815810327 0.837203756121284
2017-02-09 0.9803105283328388 2.300989819623522 0.11611401106052696 0.07011988575614697 8.559302745184869 24.335436743451687 0.4427544076700276 0.05789866763172537 16.937743475840435 0.04309034415605373 14.245763115958951
2017-02-10 0.0 4.676276360029691 0.37454221228451134 0.029831127259794848 7.052547728563826 6.382443995919032 0.3203692837316098 3.0512515320490916 2.2528961120079574 0.23905211327089654 13.430078596103382
2017-02-11 0.004990644570924347 1.5283087059765328 2.2063778529723095 1.6131954083961828 10.759192556081725 9.228770723884683 5.120575839447791 9.023457195193869 3.363650342032295 9.101249596112195 3.9817647883759957
2017-02-12 0.15871169194714274 0.7744641213433457 0.13023631022110072 2.873051526148724 7.033773453394957 13.11990680032164 12.700857036411684 0.45932945222706345 0.40158308185424496 15.232314605483527 4.947898657905092
2017-02-13 0.8064532117519132 1.787564961721955 2.267603500707041 4.148454798849358 10.337129694456017 0.8863433489662418 31.386017578522225 0.0687465887499285 0.6787030714633113 26.956401624976326 0.27637709261100896
2017-02-14 1.1811929821663694 2.8508368467516756 11.441870625669392 3.6689519832765587 2.535140782497299 1.5792403008810267 22.52869601070403 0.0 0.7678989406672903 1.5329274381567195 0.05222284994334808
2017-02-15 0.12780314802186918 1.1883708180949448 2.5316933710887115 17.47661226868226 1.2375391978767705 1.073693386866948 21.80651699533172 1.4324374078210087 4.864677582399011 3.0109687713107416 0.30871142022855075
2017-02-16 1.1799709925585096 15.43332656003724 2.9130641508066906 3.8493951275937914 4.111950255767598 2.574999624418772 10.294853168045377 0.02292998621576252 6.758124192361459 4.436622476647534 2.3631730593829077
2017-02-17 1.1928967782651303 10.227699906124556 1.1184427265669692 0.7553017612103368 0.1133768537934022 0.5707717590183559 8.10008030989345 0.11661403399443707 1.605772448916801 5.343568236976877 6.364287725134465
2017-02-18 0.8335738242171344 8.148916503550534 0.4890284371879203 4.16310459916871 0.32927908515910476 0.7284138611104233 3.7581048340367893 0.2600777259050479 13.572376534683833 1.7055304980374566 12.95064585569305
