2017-03-29 0.4351053332306959 0.9637974705212126 0.7391423870251335 1.3469941158178202 0.10720693185463259 0.45814590275974026 0.8776803649580606 2.4840625789670248 0.4086094194980179 0.712247606671665 1.8075291238184055
2017-03-30 5.64393464315786 4.062309682902175 3.0191142757825826 1.6258816589864906 5.165377808187019 4.876181187067338 4.226106531945137 4.9536688260455755 4.679172051569722 3.1636936668600804 15.895777355495067
2017-03-31 11.277956445556061 14.610053218075715 4.886122496995048 17.81254876411556 12.901553446317214 17.307577526500356 12.932038929975004 2.363282131368604 11.103363095932243 20.802187378993956 2.2895298578970045
2017-04-01 13.072801928865564 24.404773062087123 5.9575124490967095 24.417159576376793 14.630689107117515 26.921460272597663 40.31711061016327 4.379287193131415 16.58748287989186 9.65946406743364 10.591209924855063
2017-04-02 3.243522281346539 13.891480108328432 8.353965212090712 13.63560054255078 4.150226574973053 33.54510565997041 6.075935019523964 0.7340976018722117 2.5260416742091296 4.180117199125509 2.46588298226995
2017-04-03 3.5708294967010032 3.375997345362567 7.544159348556865 10.40221033711391 11.637413775054306 5.748565006292494 16.330819599729665 4.0048558107061805 9.989730250125216 1.9903624374693578 1.3256467359572026
2017-04-04 10.38392850680867 0.8378716458512028 9.285646948217092 6.9436887064115105 24.007251375558887 7.216723796469221 7.812788640797735 7.5723425014833765 8.245388226709995 12.66905027195703 0.23492433080726205
2017-04-05 8.59451811414954 6.3084881197797 13.16161269452384 10.073554661089362 5.498764618843457 1.2870131813346202 5.2809848489720554 4.132888077328779 5.938308635344628 2.678388983312156 12.37031887882354
2017-04-06 2.710706671173261 2.0663593378234135 8.405197347419872 1.086749072731791 5.462834711879498 0.4526108444437992 6.856396346334922 16.43814624356984 0.6488028885724825 27.006884391165173 4.165728199652815
2017-04-07 1.7376359541518536 24.986489240243188 4.074037031826929 1.4013617959447613 2.36829169047947 0.617379420000141 0.2439847992579066 5.22625034099883 2.8855509507442756 0.24095390528912536 8.481035967607438
2017-04-08 1.3206591138919703 0.6646314594508007 7.790329259899192 0.41769236709066604 2.0334917454140893 1.821730408222559 1.4173494578579238 2.2201927518246323 0.56518077847777 0.9705029717095693 1.391194229196801
2017-04-09 2.574576206871339 0.5856038087206317 3.162060064291814 0.8540230693982966 5.310527583874997 6.853569151977566 0.4660542748762089 6.092556458450286 1.9147103076365937 2.4424671158914175 8.310044357024537
2017-04-10 0.6047934974770662 1.6758182923765685 0.3330675745233265 29.850598216916268 2.7668004148213896 9.061382495220254 1.513561626607225 0.38675242690113243 5.511508600448353 1.9492915388493288 0.01708224596022148
2017-04-11 1.224555365335695 5.112873702284937 1.4050227517452527 0.9798832832987046 5.889853313022433 1.6747364812258763 26.200497496369465 2.716027242202868 0.5374177477817861 12.989712598511229 1.5640326783183758
2017-04-12 1.0066191804643023 7.3315844084368 3.3304902415243864 1.6652352476776058 11.97400909382096 11.195353438137285 15.336706356577626 4.321669207584842 0.039941401379220934 25.031204647393817 0.610071044705448
2017-04-13 6.780888450134564 0.02196590705917485 12.230904685837466 2.0031197434375034 7.2296100333150415 0.32242178025421364 1.2301710271120447 0.0 0.0 8.620047811415652 0.5267003675604972
2017-04-14 16.360440365557956 5.070369939755094 2.4064220715079796 0.31644246760554445 2.7464138260007704 1.342261133220561 0.8771694397385447 7.657011021441646 2.0784572440990625 3.1954746152298354 7.486519469040371
2017-04-15 7.95693510666226 0.5743844791568058 0.4067230956757106 0.6855225060630205 1.9502944383869192 1.411730273920707 0.22614869173427332 7.769420809979306 6.813063377554435 6.2165236728996245 2.4300364253433946
2017-04-16 4.221480843072254 1.5470904160221006 0.4588020136203151 0.7342229539536422 3.5523273883588717 1.9620827706207766 0.27816982512864313 2.8524386069747045 3.282521291826483 11.790495885774634 1.823812938162579
2017-04-17 9.621171557192024 3.0502216395816304 3.311955388839807 2.287681841683961 2.145968256837374 0.9844386759199374 0.4083328147216092 1.3602896964744684 3.312941877791134 0.30763945517519115 11.016003243749621
2017-04-18 3.028769386393408 3.712854398126631 2.2067326908810143 0.17209711828113153 1.1337609175740324 0.06453224353287511 0.23553053186040157 1.0294627533734917 0.06350310799726049 2.3964946314735016 6.819665604913116
2017-04-19 2.5966581030175 1.9505365641678876 5.838599473218001 1.6649825441580368 1.1936301788384278 0.25761796960714844 0.22523174969268753 0.2476889399569333 0.37119507263169293 3.6686679267416413 0.7380096705427215
2017-04-20 2.067267151783795 1.97756252728897 9.071872634384812 2.893348189019217 1.7333929084235913 0.7119399245322247 0.053216343481171484 0.1692872770857025 0.1547288288700984 1.2417203505506529 1.5827285529044866
2017-04-21 1.6821304233444798 3.115292385776736 10.525011735927826 2.88897415008691 1.9198825057378768 0.8951583551985197 1.2132250775509428 13.310872090666866 0.2853449138219687 1.1943623886536425 3.279242106253039
2017-04-22 11.203426824886817 1.2060686078454557 7.2887257449547045 16.34315443388595 11.443260650355974 1.8139232995941659 5.5425544528672965 3.2375435893612172 0.9436000605523234 0.25950011069480217 4.51475265962056
2017-04-23 4.11305997805192 1.058172727256868 9.697667090853379 6.625869785680182 11.127196527184557 0.6817810021810157 6.168706992935974 0.5607292676137136 1.6883619420671592 0.6516604839340063 0.12634007226314686
2017-04-24 2.155010404684197 0.7395166338553423 1.4394382785883528 17.81950121790144 3.5038305339594227 1.2016146994608918 11.151989123451699 3.535440508036501 4.860138914013323 1.437923845649438 0.004343376507341698
2017-04-25 0.7559629767125496 0.1973365603183143 7.373066576848028 5.695473067088592 2.4670131803578466 1.3423629364992211 4.695479038986447 0.9633930930058828 1.4025153111619395 0.6663264812713879 0.27993225719162224
2017-04-26 0.04722059855969918 0.238754955696534 2.5028014107097696 4.688545527518912 7.906958774531324 4.661223068558856 0.7444717087351758 1.0842408590652797 0.8350487023295321 1.0133359629783638 0.04703822651405622
2017-04-27 0.09802870062072501 0.7178521748359024 3.0706577522372616 5.548910669155244 21.440823833526807 0.3078055002714493 0.9957470585798747 0.4768423266088657 0.01562964910466528 1.156228784108643 3.511656667134157
2017-04-28 0.30935130711737546 0.33013200173946156 5.592325187494844 15.787545850015356 0.9920270374498408 0.030888002835903705 2.303588996248176 2.4632214790189693 1.2913421831099785 4.496814732223806 1.0625799864760597
2017-04-29 0.13284771865488026 2.6974543612562365 6.3097007262750235 22.37783028608166 0.34134585154321706 0.43522451458653694 2.292679738044134 6.449362384635694 4.000416100346309 6.576658323819757 5.7935857858388005
2017-04-30 3.943225459676704 16.083230223425115 3.817928430982971 13.465507026389187 1.1066527909114967 1.4864322901690845 1.6575147291367822 11.526596760170204 1.643553624847674 2.390685672176758 17.784002042943722
2017-05-01 4.2557016264725025 11.809644922582944 0.5653897854163891 0.9383483992761086 1.606512747945849 0.4152202272741683 1.1167330355962184 1.4154944130266922 2.988696578634718 2.5176834751143615 1.0490887081121334
2017-05-02 1.4256567682796075 21.025965842276072 0.9318775981803814 0.08402728844708511 2.441813951567079 6.529852321242104 0.7362690105282841 1.1771071799280164 7.636502637418449 1.1803382931274595 0.0
2017-05-03 0.7417704474337412 1.143521524686261 1.7387598110989315 0.8483305897783262 4.247794564372408 14.346576447379597 1.3261242432582305 0.8863872349292506 1.653969605606087 3.517620213991256 3.5246355372730753
2017-05-04 0.5162329672722266 9.204532332084781 10.908399053844331 9.923287333258818 0.003660984638396617 0.01649239489606717 1.31425665007905 0.20939751767720577 0.5420496374527903 2.223164115236429 2.0875533623058478
2017-05-05 0.800479766311968 14.697992010759764 11.522029215978137 9.16825484229425 0.002793990642279051 0.22392437435955345 1.5526822561954332 1.2992972546995207 8.384874808740001 0.6860157599795642 0.24306645760001838
2017-05-06 0.3392028453738338 9.61986133701763 5.898512448619719 1.0760346106805192 2.3691238246443795 0.10356185858233402 1.0360071913330184 5.023813088683639 5.230317684097183 5.5721980551686405 1.9596190849757513
2017-05-07 0.6378063690102921 2.8996487019657655 1.60098595560598 0.02398042967303393 6.592673181501188 0.17343858729956071 2.8130619932629117 2.7122067437657797 1.0963308397945108 13.736879214690015 0.29942975847663034
2017-05-08 0.2111613940791207 0.31467939521948346 1.1956796586850083 2.233038042210529 6.651372238096014 0.2102915788072171 3.1108626190833397 1.2607250082215589 3.9371218457221513 1.3844375611350053 0.017419392568866557
2017-05-09 0.11108834075095014 0.10489661483148899 4.7360108835182135 1.0511696310914198 0.23284051873347236 0.1741368897872198 0.40480412901276114 0.8649216142365543 0.1490955659045084 3.594640967822545 0.05737471660686577
2017-05-10 0.9607215284325816 0.05844666743267816 2.685936819128021 1.7709517134766342 0.0567032896961016 0.03257464188292655 0.9325155466214978 0.15218054584560586 0.15393465211232688 16.604060392067314 0.0
2017-05-11 1.4699506634793313 1.8793714766719134 1.8262374808437691 3.6966657289173708 0.3093585416768189 0.007366759496294374 0.07024845004367175 0.298838134315605 4.117972319404588 0.41595817965846715 0.18597516925489865
2017-05-12 0.370351283978164 2.896148728220566 7.11954011532493 0.6774102317129689 0.400747374074426 1.045517514424109 0.2366927601129988 0.05908151587800719 2.1529123827178474 0.21535272877408906 0.4612271073430801
2017-05-13 0.024200477561683177 0.6536121087045554 9.073425226559413 0.40238207431870027 0.00926721462878038 2.2996456306678943 1.445450420506886 1.1130115267665643 0.044446517339688775 1.249839130769288 0.04700014993509922
