2017-03-01 2.252665577800147 1.6491990499051843 3.7897294727401807 1.1364480754819901 5.284604167153631 1.867561624641428 1.3118301594357438 1.6368408947465372 1.866438118481336 3.025799945421332 1.0331215623502565
2017-03-02 8.776929132977155 18.159399754868325 13.624994993315447 3.9619639759365928 11.421639474251212 2.281714852337698 1.105002799819786 13.962397475580623 5.213317909368335 3.145445688231627 3.209180395338027
2017-03-03 7.9683063502678575 17.72980051851477 10.199661917229086 3.211056526836244 8.991429649922953 4.29617152426273 9.768310658111632 8.173140351131204 15.844103321695604 3.9666965568938686 10.864541360404424
2017-03-04 22.610426495992655 20.76235189888685 40.746911585036315 6.906479983302449 5.560361607415279 2.7625236854437363 13.124068221975566 30.318437797075546 6.252723741372754 8.004336575452045 4.566516543474476
2017-03-05 0.9730953763777823 1.5138401064145999 3.020841909131269 0.494617209158018 1.5506130614174878 9.436571055317176 1.3275752909555456 1.0353234047121398 2.1902968637764135 2.521228025088402 3.301507209775665
2017-03-06 1.441803538861485 6.826854493592344 33.15477180679846 1.0356154121064074 2.15635901822277 0.9061819517867796 9.681835706361746 0.31583053046318676 0.8322692452705609 7.286750149588185 3.5091575008802933
2017-03-07 2.4441380575562928 2.146298903386567 3.5199449372658504 1.883856772497813 2.1576462944675914 1.5631006819581597 2.7144503492447942 2.8424285848273945 1.2390744227432982 0.8103581192453198 4.132125147381393
2017-03-08 7.684471407493339 14.613146003654652 1.8801424234943678 11.712043897638624 15.139510972519252 3.751027492363825 3.7771349640968164 1.197848961422589 2.2718763251241327 0.44871458500942213 8.798619905023877
2017-03-09 10.498692462707266 11.496389917797265 1.153580639160435 4.641796602747162 12.971038672997329 13.572462873227714 16.539958251243938 7.9596479791911445 1.0770065707704406 10.051096094327539 18.232806460029522
2017-03-10 11.01754626714846 4.650862436921759 1.9407042580023568 2.917611225717282 10.110874559843086 85.4006820985704 20.376918113969342 13.903692028860227 0.5356284231517423 10.305523953507965 16.302935844581093
2017-03-11 8.117379618590608 1.7128704554970708 2.2000770011441872 1.0852919109951473 35.04048746648766 16.03168937256838 14.176298170043474 4.363369133392238 1.52275059869484 5.4689966452489 31.615357277355578
2017-03-12 0.34717109566105403 5.3126315920035685 0.8490493820413632 3.170596790103269 32.48028756943578 4.217201441238885 12.924202001225932 10.20947664859716 1.1283141776331274 3.61369962181603 10.625592213079631
2017-03-13 0.6183694371412929 3.19692674159576 6.057123287947647 4.988361692080369 15.718214486345854 2.3906445663035107 8.983985709930316 5.577368555538578 6.342789503625815 3.721577725358695 8.927457871602119
2017-03-14 1.6878553990100973 0.33420611249347787 3.0487980587498793 5.0171486867981185 3.9530050303724273 5.285960442369708 2.117124864418395 2.9679186429309343 13.22147009852355 2.625377182547507 6.828540361799052
2017-03-15 2.322877298704541 1.4069412151892418 3.2611863173708793 0.7433966417129209 8.558104778641484 0.6046749480878901 1.4551738262085543 4.671959280539383 11.632799376233924 2.553601913580841 13.275554389729798
2017-03-16 2.6619630329634565 1.6169338259142867 1.8926560761161912 6.4603976301574715 0.279271199009286 0.18844190346461576 1.6831798877075879 4.338696732296263 2.3028112369217357 1.2455932697859904 3.1956479175427113
2017-03-17 2.130333531001857 4.3551069689758695 1.2423570585281243 0.32927887194694105 14.238829559959864 1.412902003365197 0.5668493980763004 6.3940994489599134 8.423245453481115 2.6329152482800926 4.628003975425679
2017-03-18 4.691837987277913 7.968346351321514 9.15286020342799 2.011287785104936 11.136802590945926 21.367392605780005 1.9554386996360296 2.455431882204686 8.33687743095859 0.3461417053085962 0.29367866090797407
2017-03-19 8.620880996629575 7.426157022452444 2.0156593717716715 3.0888941545711956 4.150763234397627 6.494445713449936 0.8919767968313679 1.4211107982245463 0.6024497759861371 1.158252287520095 3.109507820072484
2017-03-20 8.855608158292664 1.8918832406657327 1.7324142667333378 7.606478463687701 2.0348086120815334 40.05260427189434 0.7557553320348975 0.08731252398656072 0.626611603695894 5.7406952115973615 7.526031656281649
2017-03-21 7.003404960034708 0.7266298678210669 1.442899763111799 10.120116630520707 2.6782657991242305 4.477419026906642 0.1119443660697573 1.1154373751406077 2.703035632542543 5.976128976292069 2.0421106516589766
2017-03-22 4.476168401974 15.18564385535984 1.8659586155855483 2.259034642346893 24.531759620140825 3.185300254749127 1.0614191801150898 1.6097316376772826 6.8588187149719015 0.3168612298348378 2.8572474436923034
2017-03-23 6.175953356157468 26.276123024895448 2.7808172274922005 0.7616419882077337 16.28457349995639 2.0556178084380297 8.852502963522717 0.29755868333033464 1.084509374456489 3.280699678195421 5.356180949894979
2017-03-24 8.648842117758106 4.537832033649086 2.4619374308775677 0.6377177793347784 15.543742648239991 4.2426631922404 1.815112343388996 5.658235814007956 0.21917952951499545 6.072160615503949 3.38522674017313
2017-03-25 2.9557035072269295 7.132020434598289 2.5962997949371474 2.97071824113157 12.685600971792486 9.434587562179832 12.79205095416711 17.132731618850237 7.072220959142111 6.1984950569561885 0.8530118990563587
2017-03-26 7.484003224178778 17.656722511790854 5.76548787822814 1.4118486961698786 21.88252953904785 33.53762870977788 6.904429544684984 5.068406365391243 6.649932813659239 1.0524868699040488 0.34050726117034597
2017-03-27 5.409639383805089 9.321186764970516 9.441574606994058 0.2926283928963202 0.5748875708653849 18.4703106013965 2.407928140371321 3.3575905851577588 8.747772918999502 2.1517394389169437 5.795644631340561
2017-03-28 1.621560665046695 0.9737093374806054 1.2117232674213203 10.562446403188405 2.111033847830396 2.7281803907156967 2.4285229226636815 9.597185435619776 2.0263835068149145 2.295324810832536 17.116937745283575
2017-03-29 1.6460411419663723 0.61830459066792 7.088771050597168 6.567624463658243 0.7656825854341991 3.5098523837231066 0.9444633463208971 23.304233272581797 5.076947054698994 3.768940009506503 24.99955440199702
2017-03-30 3.7607757640754556 2.151556347224954 5.346918412932469 0.6279372423682412 3.0263261759219073 0.7065226289264928 1.274858397906864 0.9533775065372428 2.4634674500220366 0.7563880526963006 0.8612251948925408
2017-03-31 11.486935234578416 1.5131695256988977 8.101865175693138 1.1738047869596506 8.21921773959326 0.3971856634372219 6.209471604970617 2.9863728244148358 1.660553234392483 0.28966032638602013 0.6242280048430007
2017-04-01 7.28740527880024 3.5669435873694133 13.017252194419136 0.6362253164448308 25.55030273536241 0.9268258369922764 2.3674499519053183 9.032354753623252 2.852601234332292 0.45245921090335867 2.693359018628322
2017-04-02 1.5875601763807343 4.298831234195573 2.7969302435957593 0.5362330938705744 10.223173955295517 0.14644866589651145 1.9777847950687957 4.521587270881963 0.44982978287785386 1.7331489057474911 1.3981951670100814
2017-04-03 1.8492268318877585 8.660250890336254 0.9450544673615127 3.6030846121000737 2.2974505121111237 0.0193199366881022 2.8803817780095793 6.6013609989463955 0.3525413849363354 3.7420424887325923 0.17039514414512916
2017-04-04 1.5648387611423722 1.8359352175130854 0.8176361829303984 14.639760931745954 1.0005215289626852 0.6009511431255166 1.4414736692904766 20.47681992674405 0.12508161434480503 2.9036920889608853 10.096261516988967
2017-04-05 1.2610556048315824 1.3918399506010852 4.478757336052328 0.8551858355408105 3.04581771592181 1.7220555554373465 4.982571915204263 10.565844386842297 0.8623749834866278 1.5253449748818833 3.854005246756361
2017-04-06 0.9949436521935241 0.8964721091992097 7.8747613484586125 0.3400597690829753 8.898298291979781 0.5083996830403393 0.8217192898272558 1.188586893138292 0.4156017771522804 2.798291876654729 3.366895474005057
2017-04-07 1.0484306425039556 0.4881512166854592 11.298986919336244 1.3890786713809575 8.325260489010397 0.40904147982582284 0.3585589739717705 0.42525128936510165 0.3468952864774155 0.897410424112397 13.529329866740131
2017-04-08 2.199134564768876 1.1172637084189119 3.052440463191408 0.22454816032561653 2.7371932303510818 1.334262031059535 0.2657488709200969 6.041434552408587 1.232128788219689 1.9882005724982088 6.097741105988488
2017-04-09 1.4011960623817723 0.11225112673283677 0.152209529232761 1.425776349141314 3.069976926934634 2.8666199560444205 0.7703370143184638 5.334673238483084 15.513508893856095 0.4844653696203698 7.421432949707166
2017-04-10 0.7768623471350252 2.7566924336749095 5.805872859315202 1.3569342213391495 3.6263541613253056 3.0959171787661077 0.8009137585058838 0.3307645952568471 12.325760753532167 0.4887788172315751 2.9267996233842153
2017-04-11 2.0661726391855852 2.4379466007981243 9.140524667192347 0.35329712760541715 6.4551687157218325 0.8998659429631483 0.38445172473408995 5.002690027231358 3.9280732811234227 0.10835187264089396 1.2147645856739218
2017-04-12 6.800578643229318 2.602263950794011 4.072014655360713 0.42749532376879595 8.304804176163781 2.550358707490135 0.3441443926927512 19.277895373519293 4.399315120191334 1.1080247507615637 0.6166869934067611
2017-04-13 10.74474778446152 1.820799629790762 4.410773260859833 1.4971007958631457 13.892907206970403 6.86462503983152 0.023794898083845502 11.720389189141702 1.7519222679753872 0.9865558512928343 3.357925654513907
2017-04-14 3.964183583981571 3.2748768991737105 11.480739648783263 2.6734077100134157 2.81079347366527 2.6912072651944063 0.27385745053857613 1.6902063803249492 0.9579225848975137 1.2402346045017136 3.0554616939612496
2017-04-15 4.097278193908348 8.627348530432018 0.3072245214761811 1.5339676338820543 0.9876931169316421 3.915950274792748 0.809627826936477 0.15093252303430557 10.181042255876552 3.6233800189042356 0.015207649879997415
