2017-03-22 2.556809015628744 1.8850545871494295 2.47059670250276 6.85401402473705 4.30340697088349 4.508402736408696 9.305521486503991 10.317564602664596 7.4135652464060335 8.186111997318779 3.6047373664768445
2017-03-23 1.7032729153541146 9.910055847551874 10.277263061110208 6.594808606237403 11.976876649340335 1.6021536093588051 1.8042356278183658 2.340390224939147 2.098065777846357 4.730417117748753 0.5299249131157644
2017-03-24 1.9647984145194686 9.3789058195453 4.050709263011046 2.713548868298503 2.629638052364749 0.7634632377210353 13.32069152710536 18.13365372805984 8.059661024678315 20.729881985050834 2.622749490557377
2017-03-25 2.4544684006983744 3.7161549558842166 3.586894369928605 1.5050924714556677 8.041850666699327 1.335196050630069 0.5994661696433717 5.770446378331162 4.921022058071344 0.10927383354333045 1.0894001016498234
2017-03-26 1.9090647539261276 4.192196583848851 0.26011170851646903 1.870450525206981 3.2561276962338486 10.20598044750071 2.160350978162773 0.9224568655614034 0.29658623259502814 0.6201697598029839 0.18779484256088558
2017-03-27 6.174694384599617 0.4582265095539412 3.2009183051810943 5.158265196054725 7.048146395437732 6.8167172026054725 2.2268949846991726 1.1742538257154584 3.7917942710370083 1.7010754967248756 2.3917534332412203
2017-03-28 9.357793511842411 2.337600175487532 12.84402577637361 2.751946511727046 4.398385734601628 1.7655650729476304 15.07238001976842 0.6665381628588684 10.167369445630962 15.025132694050752 4.1693020439554065
2017-03-29 1.2755942952531556 4.216143971076503 15.491032151157201 6.7638470082830295 0.8605993124356786 1.3949158332480631 12.045600270600646 1.6546371234545587 1.2386628839502158 4.478150774117626 0.7110233271891198
2017-03-30 0.6162328681498965 1.62802493659447 3.075125595117979 0.4528209258297788 14.754760089433763 0.4524504086584915 1.0483075014698493 0.2460625853194459 1.2050625416445864 3.233611018802797 0.9483237473664151
2017-03-31 1.496502410206514 1.6267511697970223 1.81429191233968 0.710296180353583 5.50184452607549 0.2308070288664627 2.240166643964155 1.119762531961582 9.267361206385868 1.120689440934789 0.45830564911466476
2017-04-01 1.0699533951664466 3.518726933537109 1.8254029305335848 0.24472898687097921 0.8297030672715425 0.8313068317506869 1.4278470014075342 2.5408997877351482 2.744831015837085 0.3591713640529985 4.29738605680955
2017-04-02 7.957353324157735 7.518825558201974 0.4208942598134799 2.0328605510130555 11.155455345283153 7.880392432236818 2.2689677522537557 6.869619208791307 2.0972498590003865 1.8938758700023428 6.73915215744904
2017-04-03 3.0986766655859244 1.6907680846210986 2.9398549151422753 1.7180486494141016 7.9444730636115 9.055062677076009 1.2952892083013388 4.037822774039988 3.8731168849211675 3.1341985013009737 2.4079978570994607
2017-04-04 19.792209325553294 4.865230304831482 0.5991354016831834 7.140939471265371 6.516716843724142 13.024766162820296 1.4861797682731757 3.4276063328595057 8.25962391713523 1.405749603563868 1.6682858540541692
2017-04-05 5.4408120232334305 32.085214384060095 0.4320764159693277 6.257269144941228 1.5012140424968135 3.4644813232167406 0.17322126307502084 4.8970404159647325 1.1936357979928776 2.8296032957236372 5.877180737998359
2017-04-06 2.1098969583833065 4.525587413812237 3.35593690458489 0.12841925557189374 0.7726157039306653 0.43515023425743515 0.529832016476832 9.310338287034275 1.7481908418251315 0.04711435925104457 17.192283163468424
2017-04-07 3.8053267147819607 1.0437493695576436 0.9544936416803882 3.355500496270724 1.348422333108122 1.4223317916262241 0.5243414142481115 10.369592429795402 0.6655059874802948 3.813472874788137 4.457424445868621
2017-04-08 4.599344184685768 0.7734885076278165 0.9541573737401023 1.9595854457018231 3.1514344009455395 0.823073527637279 1.9877355412843352 7.409697766750901 0.6525431003243369 1.7886539583824688 0.8465931536200633
2017-04-09 0.8901906945610198 0.38080915138189364 1.948297297293215 5.021128878888557 1.6227992596093932 2.8109908224027476 1.274271367792474 1.946477345387318 0.8179654352080747 0.259234585763351 0.9805261623996793
2017-04-10 1.0277656670206086 1.7927375935315193 1.478718805341702 0.8766179033080029 0.7530050660206775 6.083799317567543 3.71899162159629 2.224021312539602 0.9535540005859011 0.5173298403972538 0.31484952352341594
2017-04-11 4.460336056979854 1.7414092975988757 4.35766741321701 1.8764294131467762 0.09369767207157817 0.3662619042674576 2.6748487615758867 22.772166494064294 3.9955350437989496 4.421606500754252 1.7583082318161771
2017-04-12 7.320505318611494 0.6557384060545173 10.43864152361852 2.6900222825278424 0.5120496925106698 0.4226122775836447 2.8035287030033995 17.734586483946515 4.929438062907655 4.200378729739656 0.5262633975782421
2017-04-13 11.85601473262091 0.09799327319445313 7.338867687474522 15.181898241996187 9.231848619842701 2.408363948871311 8.551432469155182 8.128324763890895 1.1871514796271334 1.5748886130135107 0.3043468946371998
2017-04-14 13.186108408872544 0.1616971500463187 6.408385134347927 15.22047379580719 9.411148952537365 2.540430518613676 1.0361061777685547 1.1324101507400626 0.4951399607084112 5.949633657948951 4.498599782893709
2017-04-15 11.727926058265716 0.9235495517186022 3.58274475062 2.552390736531213 0.9316392534379788 0.8743958399367655 0.5534031772436536 4.671233732124694 0.29551367718116167 3.074169072345212 10.65753829201809
2017-04-16 5.190011247006691 9.521636535651886 8.141652272943059 1.3205740221266047 1.1077420463309835 1.1048121637849413 0.0 14.692433955770056 0.3351139237637023 1.5814428001835674 17.910088954216125
2017-04-17 5.151032520167092 2.00377591937308 9.0131088756196 0.3852756666924209 2.6785023532107877 4.485461571865457 1.8853270561104472 2.1959544672565556 0.05219979979149652 2.117044678051914 6.498567396941416
2017-04-18 1.4206902931171177 0.5555707970273761 10.421859428628622 1.3141624089928838 0.1704021486260192 7.14841314864541 5.042086191327002 0.02086761516579187 0.6840822304735674 9.704381356254343 1.204803607182763
2017-04-19 1.8376348186330036 0.6632408189721346 4.350558397469451 1.9079873593239658 1.2176839120860232 0.9240744955088914 0.8465383981598031 0.7491113011712945 0.9696110012291447 16.32370264734518 0.6414277786287936
2017-04-20 0.28718126479257416 0.5353011224517293 2.579638604504103 0.0569205763900613 5.126695619099342 0.6569861774439149 2.81982545560251 0.0876409193869951 0.29172041940250903 7.9836641230748455 0.22333856493078386
2017-04-21 0.5989466233442278 0.6342278666469137 1.6759193127655496 0.605666622201009 7.488735934220191 0.6159180025751834 1.3147471887837734 0.06294918692590198 0.5891773068602368 1.6481585301499466 0.5306180013828055
2017-04-22 0.4525609179093961 4.1747294376843 0.6025197865229247 0.8821325658031106 1.56989677569638 2.4247382534544917 2.9931621472771734 1.1278759043334183 0.504340554443628 1.359830125876282 1.3620607774850129
2017-04-23 0.49811372044796876 0.38474054736263275 7.052365832831695 0.3775107800509774 1.1767123422176493 28.664973162194073 4.420834496841588 1.1191444818886824 0.104416981481069 1.019483639485196 13.59804854454783
2017-04-24 0.5566847202192511 3.941164980897927 3.136334462030838 2.240358771745528 3.0467040937734176 7.054425083974172 13.145373240680222 1.2462802834981845 0.04771530273046123 0.8953729836773636 7.778490930736359
2017-04-25 0.2600684283511533 1.9148064051363018 0.6960944527712634 2.267781863367962 0.6833224267364718 13.141758893117826 19.70594342739896 7.4179823987970455 0.3471825114533584 0.6434220596822148 2.321887543290135
2017-04-26 1.8419402150554078 0.6206937871703269 0.004797704571707362 1.0730380412337497 1.149901242862125 9.85030878950317 4.934556160818904 0.7451506840891455 2.3569461122013102 0.1895522283254148 4.38751199136944
2017-04-27 6.830310368564334 4.330979135198124 0.03357417010558211 3.1917879766290524 3.7747905698374877 8.543749370435439 1.9631698298154834 4.129215651025927 0.7810921668256178 1.6988956721698187 0.6736353288389872
2017-04-28 1.5074904255683552 16.440215868863785 1.2135577840091223 1.345569786115182 1.2392332583824808 2.697017342676114 0.06155391168256147 1.5281095827081876 0.7065196199035322 1.0633995694104903 0.1348536041445936
2017-04-29 1.679752017214899 3.242670168025316 2.0740618582239843 1.0731494685944867 3.424969507412129 3.54447681826895 0.06263136135705086 0.8002379062498233 0.4246260647281636 4.631504476515108 0.27135089313495364
2017-04-30 1.6623540107015686 0.41920106683774355 7.640249133641701 17.080930143759563 12.432768767629689 1.331059311498796 0.052517624974745214 0.35812920408996973 5.067978939970681 18.300867654455743 0.4954379438995887
2017-05-01 0.8699103857754948 0.02857675906616046 0.02055392894896848 5.949243283371398 3.908866846981492 0.323976132456693 0.0 0.16499017094809498 22.762775455867434 6.522852260163617 0.7723279878097066
2017-05-02 7.030577168070012 0.012412538898538548 0.0192374709104148 8.069385996994665 9.062028714985694 1.0295643331428512 0.16386941953699036 1.9657103635220459 0.7137338757204159 6.3628645897707035 6.253398331509807
2017-05-03 3.007445215900346 0.06361563343413595 0.0 1.5353113769778024 18.19361319696386 0.8046915788087194 0.05162919824479367 1.8460709367730135 0.016069910594084507 0.6429878173403325 6.6296109184916885
2017-05-04 4.501613877947413 0.7361692110496364 0.5011157145626399 0.5024229301903647 2.3020840298482694 0.602783528836424 0.7997350565799752 8.07188647644198 0.0 1.1310633892225992 2.5988630091516143
2017-05-05 0.6240679284099583 1.7854831715388761 4.408934009647169 1.962662421627504 1.3691464876613808 0.9856067383592089 9.327968193031403 2.992790011967605 0.03752709039392625 0.2836889016846994 2.822508633206333
2017-05-06 0.5199770319898054 0.35536746371619166 6.220869219571004 0.6072280025730799 2.7322423703746446 2.523274748343532 2.8329356556264873 0.1897958563919679 3.05283040503462 0.03910262975752223 6.047895434718549
