2017-03-08 5.753373328781921 26.23766520438794 6.249220657763672 5.125595989729431 7.152143178553735 5.810510949117868 5.559415878676526 4.905481118766476 10.619192729034895 9.455695261487227 8.597459961060718
2017-03-09 6.601274425497408 1.6717409986940601 0.550260999974385 3.1856939744980144 5.6349718031613625 13.900557830576293 1.7649326428610164 5.06435281083984 0.7231433821513262 5.23305881554568 11.029098113486707
2017-03-10 2.3002698913303483 0.6169974573726493 8.042110674623054 14.263101656911276 4.11434024152477 7.573532878080814 1.2156475845790347 0.8607642475750827 4.8844801547498875 6.542126717956297 2.68854950458564
2017-03-11 1.4929468603511413 0.028878858995042972 3.9591315414247874 0.27522415095222524 1.1387813115255563 3.227931269906488 1.0009159607306795 1.7106303708964332 0.4243178589154074 2.0841337113778913 1.3497214551673908
2017-03-12 2.9209666649814023 0.23047559934882897 9.17694550696013 0.4567472685040173 4.801775158720426 5.348789104418628 3.5897515702038603 0.27403115272823764 2.2795397829989756 0.8710001973995414 1.2585081907927091
2017-03-13 4.085802811743456 0.7984862444296486 7.876990515797918 1.387376583157051 0.6718330954950005 3.841307361950478 4.703864535634403 8.039902865972392 8.354662751946494 0.6453754191007555 0.3162428409829399
2017-03-14 2.831973426003247 14.465835189868187 15.107574494864561 10.703752272786392 5.0383808733100155 1.1369344483437913 8.92236961573918 3.0545535097908605 7.956281919414531 5.227869439304108 1.2782768125479065
2017-03-15 12.034376264385422 1.2109414699808436 14.673119824045036 0.5254213025598395 12.934351571104788 5.611245361543007 11.934554359944272 3.3075294136594673 21.75147903166014 7.881397565570858 3.199557227544804
2017-03-16 3.1915074347893966 3.575816887815081 3.6665943353193162 7.71481025126332 5.566331113853339 4.502079206696603 7.519118282973153 2.69914366514683 14.83486309371403 11.709087197714478 3.706241988497558
2017-03-17 13.206838060958237 8.298156483322265 7.07500993477542 10.370828304455568 6.390336608612493 7.540123697138665 7.784650823255532 10.515689427520531 8.434029687630229 13.891501052984168 1.538550291696428
2017-03-18 3.2024214680199665 7.1078733046974385 6.679576181566733 5.4303865363761545 6.073150043771172 1.6111248542278362 4.920562309795153 10.041872897337763 15.031417954886352 1.3578544606580363 1.4631284647253882
2017-03-19 1.4619791199292624 1.3492029297688881 12.536895242868948 0.8569419170723335 4.575430820745723 1.529385807110755 2.1981647301962695 14.27590684698989 1.684796647757492 0.0027511973197017277 4.490744155481537
2017-03-20 2.5473465917107063 15.572041051170114 7.70232843542253 2.428528811752861 5.320331169669282 0.4095212886386925 2.3905012430456662 28.088634172826794 1.9117345877448582 0.32688239965646526 2.8984952080002198
2017-03-21 1.430767173235475 0.6754378000025636 8.387640747086765 4.489385823413045 4.697054383777572 3.5136075510846423 3.1351323915479945 5.731680231660762 0.4779227018025316 15.470197427146584 0.29913631043250116
2017-03-22 3.800690251697333 0.660270556399517 6.454734382125512 2.825980786287193 1.8426070272277957 0.4085563654779748 3.7950155513506605 0.5902358444345392 4.017186919958288 13.248628112887934 1.0406825242912312
2017-03-23 5.428116473433626 1.9939358698334466 0.8727147703272458 2.336128198309776 8.98767905804398 3.2852653216108996 4.086488755402353 2.185890526357608 5.155694402852718 21.249820579677227 0.0
2017-03-24 1.567696822108962 1.9556134482821883 3.8536256807967217 8.681227545951657 1.4649006315718174 3.3811644102590686 10.230810075966966 5.464370049160522 3.239863969813296 9.108673299245483 16.539940253586106
2017-03-25 1.764369377125719 2.887460441214788 11.207751103720867 1.912477050535353 10.127753175042182 4.994950528644598 2.237310378452678 6.655411807184779 1.5966413263790185 12.578081869822986 1.0382908304561522
2017-03-26 1.5240704650627195 1.0230586744258934 1.9490746454713683 0.3789355611176587 10.963886325794448 1.747491731397618 2.1801217596535594 3.9006856730506265 0.14238951019054685 12.04582407571293 0.9604539732071066
2017-03-27 4.160577755428548 0.7721609937426595 1.9135737305240892 9.556106177308479 23.153773454271516 1.2075261009154914 5.651467830232778 1.7439306346109102 0.22303113248390993 5.826962991209793 2.054036425749974
2017-03-28 0.25615699279587456 0.8593871418295989 8.258621221069454 9.540066772693837 5.926075312398914 2.933010573593588 4.386623640164407 5.080728508209756 0.4804675492480763 13.473196532214132 1.5331598136677935
2017-03-29 9.254675351841406 0.6054425609432741 0.6496737457613009 15.715632540446887 5.494027143864077 2.969640662647341 9.715900417806479 9.40107807392063 1.0411884769779656 17.426393088313255 0.8301358240168244
2017-03-30 12.405185448811096 1.0008316693998194 0.5837294600508366 10.795845858541995 16.401460063652202 1.5739603587927162 6.645293091024029 6.52345309823588 0.25103571920621226 0.01682061084567985 2.2241052760256625
2017-03-31 13.093820307916765 2.3233166849260645 1.57718446527752 5.327461670636119 3.790112246256646 1.2842266197541585 0.31854607910443855 8.147735372875928 3.376085574756492 0.0 0.05250124522384627
2017-04-01 7.417611485443034 21.630094263749303 7.777294670092921 16.89170213430237 0.18132677855208792 0.003604912261413372 0.9979428492588207 12.253646729635959 3.1395636483934104 0.05097559006429031 2.4573070261688743
2017-04-02 2.3123130299547747 5.570229861710077 8.619327010384366 9.790056767103042 0.3017347888254161 0.39086160365400524 1.72779495278581 2.43198468703957 36.41300451010969 0.0252739467336296 14.678859658873353
2017-04-03 2.765620099539605 1.8241736159674375 13.864297514014105 0.9777002115682243 1.2156449424299098 2.3981259362508323 0.32003619644916625 1.2650925314149153 13.869337830215754 0.36346480653382307 14.590827431627606
2017-04-04 1.4619419446191966 0.03133298205232662 4.130420694671663 0.5687903040768754 0.5204316294853024 1.1104743703401863 0.004848423626536375 4.836380169771348 15.499432111775457 0.12215030148117703 0.034405364868958746
2017-04-05 2.7020421819373404 0.7937990665692387 1.9925741003888382 1.0152804622323957 0.4582265958766377 0.8292749099377454 1.425104418868613 48.59821398063572 4.572597217021123 0.18370337621918242 3.188993104333216
2017-04-06 4.474545450440038 1.7023909186052477 1.0300502102402085 0.5970765900104031 0.8008139104579752 11.704072152193424 1.324368824877059 0.9349973533727178 2.6179105609121454 1.8029862013345679 3.3701933550367307
2017-04-07 0.5119947234882758 3.9472635576714254 1.8728696671089569 0.4125588950943954 1.3370439862412944 3.3275887626357257 2.1289367559340437 2.2571028440601406 1.2517668199606817 1.5443352664255987 0.20258986427764078
2017-04-08 3.667504296998807 3.2029202142050806 6.135314485976661 0.5406063655708689 1.833524293265513 1.4325999378256806 0.7696014089416479 2.5189165325876477 1.0722310648479267 0.9349797810124029 0.6742633076057976
2017-04-09 3.160093962274071 10.524034196207028 6.1892300257023845 1.3667108705859226 1.2091697599138556 6.951194169403863 0.9118786492017337 1.1100184530354245 0.13497133264077155 2.0223578917762297 1.682892808037551
2017-04-10 2.5356306445176835 4.271432246451772 6.850244846964786 1.0194527688860644 0.4283612592378817 23.255904739459123 0.9325005872301233 2.0364622300868858 2.7306866095871665 6.438088955663202 1.8425194609738162
2017-04-11 6.461581863674535 0.7998385426419474 1.3591073415334434 5.083357926763702 0.806682133235474 6.080644112878389 1.9606274692798973 0.6205113315200657 8.794779097798704 4.673063284877735 9.078077689771057
2017-04-12 1.7493896134728075 0.3024488891467003 0.2996595288076094 9.390209151278832 0.4879059406445943 2.5845977458512728 1.0555597947092505 0.030228881460266685 10.768318879915233 1.4261759455269987 6.7617451904025785
2017-04-13 3.271973333552075 1.9970801114627048 0.4328197901575061 7.536758650135541 0.4484074349642217 6.281067210823323 10.871311921630173 0.8708098057301417 1.3320770521954048 5.677905208677986 17.33207028215596
2017-04-14 1.4991208581848947 13.241691380119702 3.9925135737326647 16.208941758833014 0.07511017041764431 12.034757030456916 20.437097547342802 0.40995999725862353 2.884402571160739 3.4718827339895517 16.25694909291766
2017-04-15 0.7943259387902836 2.130193668174723 5.155950982985752 3.6837042318174915 1.2412149162859714 0.8402803326706478 6.1715782592123425 1.0333261328069403 1.9231510754806571 2.430638400110319 18.632412650395686
2017-04-16 8.233083809636941 0.8545474192952432 2.217159461702538 1.0229716100979995 5.3185863998948335 2.437168685323901 3.8900150642200666 1.0432033669351553 0.38294364891630944 7.3041308384439 10.941453320168517
2017-04-17 11.79862472545905 0.9895964493209147 0.4509014743958052 0.16083722479488932 2.912205716329975 0.3119327378907819 2.9903181920876287 0.5801687001308707 0.9908483520953936 0.6164125202773696 8.415815765758534
2017-04-18 1.1426113241639515 0.7721419541711342 0.30508693312434154 0.1813426668026671 0.5586427133922228 0.46772830527204473 0.6416729776889106 3.3952165497612894 0.3631565035214417 0.009552972702825173 5.457491198194294
2017-04-19 0.9850527025509516 0.6603374898340717 4.576871291363245 1.1742705171905259 0.030550066957197086 2.1979658740083585 0.6871940533744991 4.89453511434849 4.23779928324226 0.16312506269845745 6.536831697233364
2017-04-20 0.23049672205448532 0.3010410237229773 8.180209258199103 0.10232822326850903 0.4240402100280938 0.15720124060275348 1.2689412750735356 0.5984962721612075 1.491910182585095 0.0361327877213612 11.852557233026216
2017-04-21 0.20930130963480134 0.0 0.4467810504666015 1.0092759755725327 5.274167260236569 0.0 0.24209687846821745 0.6912170323784466 0.8258108498687207 0.06179916526380626 1.1230246233975056
2017-04-22 0.1856574375031808 1.8088116423311913 0.2895765667098207 0.8230949205519347 10.12005174162179 0.5955745042288602 1.0065295250391744 0.9199475605534077 1.6883656153925939 6.016443023448896 7.273970703217176
