2006-02-15 1.8301624514216466 2.4866753330699822 2.187420371348971 4.6834687664557775 2.8962158815645678 0.7842216745988182 2.5631327144126193 1.9173664122563414 1.1570125332671912 4.116960268913982 2.9408004776477323
2006-02-16 2.645774140011607 2.363776859508775 5.998749811576904 5.020884833795134 13.632953192932025 5.413982311366974 4.406111908298943 1.5177668375454292 6.910503576197124 1.1464524552944386 12.954392230618481
2006-02-17 12.916208978991175 7.676405444448542 4.547243952572257 7.935310788622697 1.7070565974428868 8.501072124754717 6.342993104667458 0.1255152075802799 23.993468342234863 0.9089808322039609 6.812364986761579
2006-02-18 7.746499028672687 18.47919252745786 12.131759812317902 1.2336312034218504 3.7068264714614414 9.471220828761147 11.06323847537546 2.6517499884428153 5.201650436541653 8.797981004348872 5.203772794216947
2006-02-19 9.75401431117097 12.838590999313832 24.101766250449717 0.8848071877540689 5.017536355376574 1.2716893893037695 8.95147792890471 7.119760872401888 1.7254343025971308 12.937670295335225 12.72200031231057
2006-02-20 5.979210207732599 5.849586758705973 4.70175383987267 1.0658059727383062 9.91323495205079 3.8251975869365626 2.785026488775636 15.35270706109955 1.9913611812327838 3.8832784392682673 51.84447473990374
2006-02-21 10.763717217016115 6.9562823254299735 5.317070450048289 5.260942753682073 9.736919380548137 0.9881524594073222 3.2885227282769414 5.903928733357585 17.78784535328007 23.408908719656715 3.8162532464938277
2006-02-22 5.990759403891868 4.492957203856472 4.475574491275676 0.8158922689522787 3.435953431451323 4.487030201571647 1.0422901381782532 7.994883868187405 7.16423289345054 1.7857744408670397 1.556876681910615
2006-02-23 7.331136192948095 1.4949055509064726 1.3611393267570673 1.4926780946850506 9.14058321765486 9.962066071423255 7.72514079046444 3.7943031502111935 3.636323007254927 5.120798492715485 1.5244015704865208
2006-02-24 5.970312765517677 2.665228528868915 2.105995141258025 0.2305352506666355 4.549918114693782 17.653342315704357 0.3717614646239459 20.29213916624252 7.3444167289893185 1.0061404333912947 0.5352881523921811
2006-02-25 4.495329363383169 7.081168875688055 0.16606355475782258 1.4896855128769366 2.475111484646806 18.198421323285814 0.5268053211934418 1.1369132536172821 9.264547036416495 0.5934623305936695 0.4062240204077642
2006-02-26 14.784264267852857 7.601077729065008 2.54404173047278 1.1665260693176158 1.866658228970703 9.329137370773175 8.491033426935054 1.8216320505934496 12.06986195030027 7.852214288844092 1.3170165051661291
2006-02-27 13.333195684635543 17.41467081762863 2.946499025618431 12.597080389834343 1.6285157025759212 14.27761598919395 18.796826312627225 0.204668305621455 49.80847313501497 2.5487231970282407 1.6485815193270228
2006-02-28 3.267163168330239 28.57487775239877 2.708746632001977 8.449103511865939 5.305461528369311 8.157082864406782 1.4933806845547317 0.7147996754575721 18.369050770631702 0.7408391546105085 5.394465338810221
2006-03-01 1.1327610176983502 10.376352139412365 11.980004867276374 2.8145833843681753 6.251515152382645 3.0829345435212705 1.595225536151053 0.6787974501611859 19.879866337128135 1.0272331196719986 13.870012241648684
2006-03-02 0.7148616426238682 8.755945136288783 11.546069005139476 5.262935436277125 29.698391043340475 0.6165772228159544 8.345057178686424 3.3171621465199475 0.0 0.893948641661204 5.153330210054412
2006-03-03 0.8099063489800089 2.0271685878509658 7.004700233652058 16.55626668359057 2.8195601890500233 0.9199212985171971 8.639190120700334 2.1977829488697678 9.982814197317158 1.033934101139308 8.370564853701273
2006-03-04 1.4525458532045603 5.562445468702924 3.9915631540618457 17.30501897757815 4.206268424425547 1.197454289330346 6.803276186839436 4.31800933629697 1.1841322760606083 8.52207358050711 1.547013691183937
2006-03-05 4.4222871734360805 4.125292292763858 11.79486035279133 4.629724315177605 3.4910188124823187 1.5173149440554603 1.4471807510493153 4.587473660666859 4.186920731416443 7.554325384887406 4.82515356222303
2006-03-06 5.954660984117454 6.68696455755331 10.946541468167855 7.0066745279349325 7.38875866149907 4.787123435978664 6.247120793338318 10.58494668645412 3.6811597760728985 8.748634310958685 6.3659286923003
2006-03-07 6.428621997651932 6.927337440126175 4.951246520931569 1.9270151278888885 3.584093459689254 9.290822795676334 7.5498958995902745 14.507400197841726 10.875392670363448 6.835219645370298 26.609962570746802
2006-03-08 1.046856868333681 7.141730704924602 0.1955698059766021 0.9978723238098752 4.987887358460523 3.3696930325524006 2.3541481556113695 12.941667253327124 6.992156336782214 18.08262304019381 6.116638145986832
2006-03-09 2.3695844905355434 7.879137721275098 0.7249012363682963 2.435928655694697 1.2136465711583173 15.921389741075647 4.063858428991917 1.4546445594733544 16.11937859157542 1.5164612651895428 14.219448934958095
2006-03-10 5.666028466586871 5.678103953590424 0.9043606948772908 4.723656993565366 1.1195503852319324 13.174060468942184 7.987532556793225 0.8054777389573704 23.165777915857326 4.651539391851236 13.765721848911646
2006-03-11 4.628352056554506 7.074906043567226 4.890882042891799 6.202614726042507 0.7646455711175673 18.153569950358197 2.296161556284657 0.7651312526012566 13.613772526407992 4.954017760787185 4.193302322121919
2006-03-12 4.89239391884359 0.5529340275847846 1.3713073938815952 5.100191596705679 3.9804946802295227 8.493515278746608 1.1450006245630249 0.6406722412069195 18.752866408140957 3.308328194133531 13.927285393962785
2006-03-13 2.0701817344312534 2.307591919142841 1.0932559882827009 13.604249072889402 8.226456113177516 0.6088027150577761 1.3230528570607003 1.3020382727270272 14.807629755574546 1.0688103286103185 0.8483034090664592
2006-03-14 3.541063536082792 18.590206332958566 7.862375607187921 9.594627572750987 1.0674417208019933 2.9571223002247566 2.3808643019579376 7.6181426629892925 7.384366036585688 1.4384436975524317 0.37282759329134463
2006-03-15 6.409142254349277 14.523214837377177 8.842353372590008 12.783396105650512 2.4157180335117925 2.5667786057796413 3.291303089166903 1.3859465833427516 36.70216112602757 6.704955313129403 0.2158875356670344
2006-03-16 2.9792446028092012 8.1911606783337 34.848169517175194 12.455828382337554 0.827799633055887 2.318509508297092 4.32799875129044 1.0318364952471089 12.451962507830036 8.516391189662198 0.060544650585648424
2006-03-17 2.4402583538056715 7.154164108452445 0.3575057039375056 12.440304005665542 5.567930960533937 2.9136518053797884 8.034266190487934 0.7408066492878054 5.427250015385523 29.243588051201826 1.2439057615671683
2006-03-18 2.267350884618648 11.602152345408097 6.8864408244712845 5.689107289166321 12.530748706951272 3.4521432457995007 11.827659620464525 5.760282160515066 2.664702036818868 13.796728937152086 2.9289225529594534
2006-03-19 3.901617920454473 3.5077477172620153 7.276600587593654 2.882296035870057 10.828632271210974 2.9609655737088945 7.75268576013854 15.506980457382708 0.3687430297896813 8.251686770248483 0.9472653275830657
2006-03-20 6.378652173000031 1.3842260292246058 1.03457976414385 2.4776515710505223 3.759978391602309 1.3164170484751607 3.723219886816972 5.599735470377158 2.447466427668618 9.95163124834492 14.746282797807169
2006-03-21 2.197480987933848 6.41870348129865 8.531201045661462 0.4755127233121239 1.1591863599342278 0.5883496381712301 8.987856894103201 6.166101338908568 6.657623364206238 10.10393813849096 2.807147210240655
2006-03-22 6.2204486022612215 4.991661065446763 7.412011198775886 4.248490414316475 2.672093435318139 3.637625805038505 14.241426637440535 18.030993659546134 17.561082942301127 5.962881715910699 5.209153516268554
2006-03-23 15.573466639594242 7.000556602199513 13.568134746744295 6.610605770439807 20.361742632293144 3.1914000504922333 2.771352226985643 4.697705923381018 0.822725118628568 6.138960022074164 0.35334297643962415
2006-03-24 17.91351129749984 17.16524181210298 12.924397493650412 10.49495438724853 7.563751574282272 4.599722136279189 4.975758572823153 16.122124751112345 5.151570946482474 6.014188659407202 4.201635215621252
2006-03-25 9.92831355993437 3.271953509788366 9.496778369649729 5.026927976815015 22.63932700015512 0.4309851779506387 3.384911827837771 6.951716980945992 19.368265953772852 5.183399408183128 6.693257560749682
2006-03-26 3.2488403705421582 3.9007670788657647 9.176377362998775 8.499431580724657 10.441415168302196 0.1596768836475581 6.870271023150929 2.768829335349515 17.486464214124545 1.7587013318022051 17.767544631616282
2006-03-27 1.3159204963783586 2.311765699993397 7.865671345948055 16.692459098213895 20.123501208056037 1.1726754246328028 13.988018834230024 7.000041335310424 18.706066818197662 2.782657919814186 3.7008419001365858
2006-03-28 1.2995951737010134 0.05440734057908105 6.437464916752625 3.1719056670743146 18.92885069522186 0.03400727567562045 5.43374514124394 13.1646074287338 5.57677244597623 0.9325212547805418 6.553650713953221
2006-03-29 5.527716244207896 1.3753414038061773 11.784846280538286 2.1572923356811917 3.829402898281748 1.354345894448504 0.6477347024409363 6.362269279256437 12.095504720388718 3.7520217735459953 3.47401585075551
2006-03-30 7.632457090945552 8.843693226204957 2.070590510660397 1.4524857941970934 0.4187125101827789 16.548667381188537 1.3742925926656415 10.866633169594152 6.199670508738071 6.129033333979694 0.21190779957792638
2006-03-31 6.447399825470843 1.4118070178179027 2.257661518831397 2.694685289720471 1.0806842991488403 13.357695251627652 5.374935051163499 3.3431452824804664 5.085436992105345 0.6110482274275087 4.457410069244698
2006-04-01 11.551496164968292 0.8368402097381435 3.6541235149866718 9.583545242632074 0.5666819757429932 17.807572284700903 12.399625899295653 1.725520893145464 0.8051441073518244 0.09794129985296851 37.76164121051533
