2006-01-04 0.16798173704046826 0.28916465573209005 0.08663923761486889 0.0028310577850244583 0.8459382297754607 0.3240736112546576 0.09701708156141856 0.4647862184244027 0.04263612439103308 0.08484124611650308 0.37469455199735435
2006-01-05 0.5584747200537015 0.39305379637711957 0.21300853676541184 0.23989002345236 0.20934011070663372 1.3268087383460028 0.7163270918521945 4.43152918443352 2.654240267689251 0.3613495581928631 0.24573034897718848
2006-01-06 0.5846670492014111 1.788959383261485 0.7651500760112196 1.187969168699349 0.2874653620570733 3.2856502151883267 1.2917540245369687 1.4771491424904803 1.0848840182068744 1.7005646326714745 1.47306312744856
2006-01-07 1.055746563946394 6.102856112790151 5.024518866811832 6.654192423653876 13.669577108086889 8.515085613967244 3.5281338672212526 3.199387196650301 5.105912422145399 0.004400998946604346 1.4727266920338669
2006-01-08 0.9549072311879427 2.788121173822292 1.4763924141885507 1.511975102506137 2.0278589270804828 20.94088990332517 7.193904222363056 0.7787313797006579 0.45321304115380795 7.341590586698761 0.05755864317520563
2006-01-09 0.7625492356090298 1.1509721880832644 5.1637364474982625 0.041406495575382396 1.5179273908181752 0.6716375791614781 1.5080324525364144 2.0080474968570687 0.0 3.0395163523102795 0.3810150418235254
2006-01-10 1.1322803059402018 0.19255159950816364 1.9132346796110413 0.9358009526284182 4.681041404726889 11.477408690823157 1.1361347619788038 3.1710449628583532 10.72532382022353 0.8064865513426426 1.645419189112402
2006-01-11 2.091575260029352 5.762381267544491 2.423789681038458 3.558334490337394 2.622749203463277 0.024531414360156607 0.1669408233801551 0.31493020410978567 13.584481702818838 0.23583107554882232 2.7602707334950023
2006-01-12 3.59479945418581 9.086512796887863 1.596270410567294 1.2106284896341013 0.8822645127912891 0.22689513312895643 0.28557145246781923 1.4458915026706847 0.0 0.030414906266611478 4.499687433095169
2006-01-13 0.655821347057788 1.6260388575598546 0.29512384738462105 2.4873532154711575 1.410128146004864 0.44014056835710563 0.04766227035316326 6.54260888320431 0.027914764169183492 0.5498903294800648 5.075884313113251
2006-01-14 0.43302008832695715 0.9458369146501968 0.43931742624554304 0.6268795043163858 0.10370616294441115 0.8002881914300386 0.1224408070632263 0.23231808620961544 0.1935735532102768 0.21209815762842193 0.18657433762716794
2006-01-15 0.4680423615140948 1.0283354024138862 3.461235160943405 0.3997924655285405 0.33389095302173544 0.07882950124506345 1.7927811552212432 0.15758722579317802 0.05988348951481617 0.02499001673998822 1.0083749791414376
2006-01-16 2.333694332448103 1.8887849413197932 2.895060431103102 0.40659600972927645 0.32777023448370557 0.8380193991564204 1.3274336466663725 6.5463166941389765 2.0870612898007748 0.22985848060474817 1.6674354315469342
2006-01-17 2.417059545786747 8.160908815230908 0.27763508955569627 1.1139591202348633 0.9446032774079606 0.5733425454259854 14.421210531961218 0.12361324812243085 1.4661584922682498 0.5096407114368054 0.8647175068410017
2006-01-18 4.990291524554043 4.896586136620138 3.5844852779125325 0.4327745939944846 1.2450398682927188 6.433568541987649 22.818030059049356 0.09897465285820548 0.1736664630010479 1.1715157460675032 8.30560716868282
2006-01-19 0.045756304215302974 0.3335942654504239 8.030419528826584 0.0 1.6054414744126957 0.0 8.22891197324849 0.2849689249278772 0.4876551488498947 0.9286878667645617 12.326418293896062
2006-01-20 0.9260092036859231 0.5392544736271783 7.49793440971578 1.4074495547268584 1.9995918213105366 4.717787868909296 2.628334788775777 1.1254483371539954 1.3247675077181666 0.026265240730062065 4.152736085380055
2006-01-21 0.058844989303200305 0.5784577437745506 0.09459021258424108 0.3269602754502177 2.3723550816631453 3.2589478712595303 1.0426912029360893 0.18884204708722624 3.331450215982178 0.35885137511041587 1.7617992679357184
2006-01-22 1.5754893032376065 0.05599821692630987 0.15577841138497722 0.14058209804391159 0.31862160741467227 2.421868279932605 0.12732280131457313 0.009830271912808835 0.6216825292198404 0.004400998946604346 0.38038510403915177
2006-01-23 0.859983901642682 0.02600758700252014 1.2398698305815117 0.044892720952737504 0.595407110613301 0.11722986565643759 0.013697390766785132 2.52436278617025 0.07555896257832453 0.5760298104397622 0.2871391540496459
2006-01-24 0.020231040962205342 0.12620214750637096 0.02127607933705986 0.6910398074936002 4.059361741235534 2.439018433735024 0.31103562508432464 1.465811110750526 1.8750949006117223 0.7167413305545192 0.16858361713625403
2006-01-25 2.0875742281292657 1.1279939456296364 0.0 1.0287363258724285 7.583183055649414 8.017646939520134 0.8220073666859125 1.1100693141727727 0.518845537232744 1.872816976402209 0.35989399616555684
2006-01-26 2.5053869387123293 0.8912502693138481 0.0 0.18687524457557447 2.5420555814788397 0.4087734405789105 1.676232297773562 1.7372357710658144 0.017639380365026738 1.4407542741891974 0.12406031291475023
2006-01-27 3.253291934616005 4.187823351138633 0.0 0.749538666128678 1.5842845541262542 5.24379769300986 13.974507119750093 4.071966572699054 1.0371571273554172 3.1334286791405477 4.077992571444041
2006-01-28 7.177946527282054 2.9340166401853915 0.0 2.0285590225811165 2.8150817146954736 3.3352595117244443 11.392358837212083 0.8289082430622147 0.2578178522039336 1.1965006563700666 4.697109587189079
2006-01-29 7.997998892782896 0.49441300477047734 0.05428288129234406 0.8135470654537327 5.095035037823191 1.148944519075003 13.501543973007722 0.10463004279135799 0.4931246762519706 7.286016917825176 0.6449979098284178
2006-01-30 2.8630624084691885 0.10950771872837622 0.32470142377898603 0.7023597583401175 1.7598415862171581 2.549081283352107 11.968981540623037 1.821810942883228 7.835742892391626 18.81537006663091 0.014023594921105376
2006-01-31 2.904734884855589 0.6744337983687891 1.7019521610063393 0.4559440766241606 0.17043395926798577 1.6724855109562453 7.1991731153417495 1.0511434237797739 2.895652845357164 5.915876988604689 0.04465077130040944
2006-02-01 2.840553378777221 0.032548198750682315 0.8509616225603789 0.6212308973514419 0.39303983662506814 0.8678722662193609 2.724831320081775 3.9116978342464233 1.769022044512587 13.242157474827337 0.9680333340273585
2006-02-02 2.392351884438159 0.5784144262741977 0.9165395324119021 0.09539043509333311 0.9291685149861898 0.6378223015288726 10.87790642143463 3.203886949820012 1.8147559624360299 0.8915361635226884 0.06288352370323846
2006-02-03 1.391935436474235 6.286046277475654 0.0046334345814988236 1.971366673505074 2.3522214909620636 3.0857443011902426 8.777390024539836 0.13326301301608817 4.417814358449477 0.08183657992644455 0.0
2006-02-04 4.582179612539837 6.855813699093062 0.009296391820180785 0.9450882278902677 0.9174577407870828 0.2642388262585809 3.2390445772176575 0.023641858883554825 8.500552611817898 0.8098366062336065 0.3313957427083075
2006-02-05 4.51014056818371 17.810683145505948 0.4849095991416067 0.41808039949492704 0.37497829586235876 0.4576980062631823 5.926022577316528 0.021018425609517933 1.7048817298756138 6.011543998759917 0.08741924533182686
2006-02-06 0.720590572849995 4.189825622892618 0.4818211379477261 0.8182812686884225 0.004400998946604346 0.8377638338093036 2.4398437842527123 0.0 1.2836630190595917 4.00732624036651 0.027237216642941098
2006-02-07 1.2433254551704147 6.092631308876529 1.8676989069832748 0.14074830573561167 3.342747041237709 1.0500442858773338 0.14665737016506517 0.0 1.1134386413081803 1.3010688473708925 0.3672969813057473
2006-02-08 0.7581959450608626 4.950991717437313 1.648335090587228 3.264119813201927 1.8854863749659811 2.2123762705449357 0.03954741287867611 0.10882094715088671 2.6328717596136153 1.670365740691754 0.7936350764820279
2006-02-09 0.3549506813763174 2.806152631322074 0.40840444303289525 1.625953468184875 7.66486808966394 2.894844863879879 1.1865634008369002 0.06874178628595083 5.235392986429465 6.4421781239067 0.8262101691930048
2006-02-10 0.9554730257897281 10.92133797533496 0.2083177397663049 7.04136136622127 5.714611164406858 8.818245751761921 2.92873760981382 1.5433398473016038 2.221879881674514 2.4214542490983555 12.476031704041986
2006-02-11 1.3342973761916084 13.123490401655566 1.951550180576993 0.0 0.15670873056848744 1.4655172521844717 1.9713272459896487 0.899147997618071 0.11897981354093204 0.4033549530778683 3.488548773061105
2006-02-12 3.1472644840309707 5.087288502626867 2.097420128118884 0.03280585247822424 0.4370039816154312 0.5705571029004893 6.063681724608692 0.06477938023426918 0.29441209510551897 0.23164136338588776 5.519844501850693
2006-02-13 0.8721929723773437 0.19744268743306054 0.5370006531501322 9.89290482245799 1.726960577675463 0.4282843902974558 2.405447538298712 1.1052607559002738 0.292646279026229 0.8209687867062474 10.28970381658991
2006-02-14 0.41417471327907335 0.34256901396407446 0.021606588055915792 28.447893312875667 0.41631184481219585 1.03294795762243 12.681737813756854 1.43016274626737 0.06942413545140064 1.5146240196997682 14.886876381592842
2006-02-15 1.316751003935606 1.9585566403887955 0.004400998946604346 12.885880851847343 0.1789359501037914 1.4741530222512174 3.6291932482548126 0.19403636305932898 5.295599543590466 1.4279444528261265 0.9305573441231536
2006-02-16 0.7316521100969804 1.0787164185348466 0.5194023362451821 6.797171391420678 0.5166622885903941 4.204617607936169 9.996969074415944 0.09943557571587017 12.869858615563924 3.9032500512753274 0.019452867887309863
2006-02-17 1.8306259962394404 3.288963207653315 0.6934419168206698 0.4986030878529292 0.22646825591421638 4.919359221172408 19.72862253319987 0.15155493030209546 10.229004981412523 9.869424824091201 3.1071899211085316
2006-02-18 1.2523402984571559 4.653403702767286 0.15235382070177034 0.8741336759982286 0.3485351849975058 2.3787030295055507 15.52789140985172 0.7161284428083519 14.105545528254183 9.392874726469152 2.2312764863734866
