2006-01-18 1.5697059427435707 0.6761078457031987 4.43160573896645 0.3069579321773956 1.6791509077217845 1.2277134682333193 1.0441176205670226 0.8365913598061555 5.077183475574154 2.478379782087419 1.4274306716948768
2006-01-19 1.582818345252166 2.0012244176528147 1.92185411582025 0.5336796077244175 2.6300880409838294 2.995690407156745 1.3691928359686472 1.7317061401930505 5.809295762947519 1.5202500968275339 0.2986264963785884
2006-01-20 3.9253410550759122 0.9401541388082223 2.0253168413293876 5.6062034314399565 2.816897652869222 2.083999262079491 0.7741298350152208 1.3312106933723322 4.460511471741157 3.319585150399342 2.366088485314603
2006-01-21 1.442347612330686 0.0 1.584737806611901 0.0 2.019458560848938 3.1276438143270826 1.3740781977014895 0.32631906120896964 3.700404481108967 0.11981380381185094 0.09337467955025558
2006-01-22 0.0465652294890362 0.003636163784066932 1.5695909299791182 0.04450026161729309 0.28578227123087385 0.5032905749564448 0.22174725152609043 0.351838007919682 0.0 0.0737165276257353 0.7672001853222746
2006-01-23 0.009013873607924362 0.0033491166013451135 0.7563610650146844 0.0033491166013451135 0.2629078443059538 1.2785200685532576 0.9035942987289695 0.0598540369329565 0.24292291576695346 0.0023899788882408048 2.0293716735898037
2006-01-24 0.00997878064054538 0.03759777452611536 0.297141702745309 0.013535604820608367 0.1557014886656872 0.34142815190535925 0.05547201524086191 0.329209998158013 0.07343751217621602 2.8529162640323142 0.5421229214283592
2006-01-25 0.015153139883662445 0.4254193581441323 0.05309928140322953 0.0 0.0 0.01308255070551299 0.21356753705193338 0.0 0.02187644470575369 0.003636163784066932 0.06320315353430161
2006-01-26 0.060307196817281084 0.09273522591919837 1.6089691886761333 0.0 0.05337331499852955 0.46004597418396015 0.0 0.142333667924077 0.03701845451409849 0.0059087363351980355 0.0
2006-01-27 0.15794053512803669 0.061754823516202706 0.050530104789150224 0.014111224333075838 0.04510335896882345 0.007626868485410332 0.006985280385412046 0.07651286094135784 0.15229617917248275 0.058555927357335724 0.0
2006-01-28 0.49000794370189404 2.1346355919923767 0.11767771751963443 0.0 0.061877809257479724 0.10196008819882216 0.0480017740136419 0.8257750696772101 0.7135385181022776 0.27285947568474134 0.13257293609711956
2006-01-29 0.64321928181828 1.0788573864371913 0.4750627156391428 0.007064439766407804 0.030838037142169147 0.558734080763148 0.19973783238392415 1.2202782660424725 1.721168716665626 2.101659265314983 0.06510030620430926
2006-01-30 1.4433447567866322 4.628550882977271 0.4281967696050443 0.0354214292005453 0.48832618667142863 0.2722426656632124 0.00829871522343884 5.417278955739248 1.1203242441873105 1.581950610795204 0.9106312301974246
2006-01-31 2.230506655439698 0.8718510981432046 11.29548173335505 4.460795016441473 0.0 0.8044046601338539 0.49949503155139435 4.817377929229831 0.3679847350191131 1.4281050560802995 0.07577962064180567
2006-02-01 1.4688120555899795 0.3097350647219215 3.4454470781928683 0.049095563114464336 0.0 1.6765685933258363 4.597947632935558 0.4913269064506386 0.02404897891204205 0.2667501129846154 0.057473437718898936
2006-02-02 0.0 7.923176376534419 1.9017831601035184 0.0 0.0 0.7586352587245064 3.232422181334266 0.6990755676428941 4.602724727678928 0.03471346635920293 0.0414935761171942
2006-02-03 0.2845768480001763 5.487328411826778 0.3552888241523203 0.0 0.0676984166866301 0.25330156980989554 6.162442830750896 0.0 2.124203233429138 0.0 2.0772225803885087
2006-02-04 0.16997997612698118 0.11958273556606726 0.04821558478235578 0.023199259217963723 1.4943679033880162 0.38460173675882725 1.6350829120652106 0.17336759613681316 9.480798035751313 0.0 2.6485043400141164
2006-02-05 1.1207622357915525 0.7596867935119478 4.527290543059204 0.00371532316506269 2.5754604308040827 5.328528836338329 3.1246156982550115 0.192178401985709 6.288710050118794 0.2704190611762075 6.552502341050841
2006-02-06 1.3216834289503825 0.9425109593489862 1.237227799109295 0.09942390224166221 0.6216645427156103 8.075642533057133 1.7344497032201325 1.6400585901520892 9.850609851729697 0.8266148765482079 4.657120534265866
2006-02-07 5.378849814628446 0.29919253256499023 4.137552759538158 3.849743773666908 9.748687395886883 4.505319077137695 2.658389970491461 0.8341587167711978 9.947895305871723 0.29567747905804287 0.01824028092168676
2006-02-08 3.1140527568693295 0.09562570900128078 5.895395477041453 2.1533748702068705 3.6812721576507696 0.3676245093779903 14.813079867927067 0.5513792874291251 0.1439360732977504 0.14489133330526216 0.006846928498144523
2006-02-09 2.3092422840551885 0.9277980197370638 1.5386490690234327 0.3293664692591832 0.9854869006634367 2.8576607691816447 3.7188587782451155 0.7492934136320866 0.5454064043280658 0.29706989292259817 0.0
2006-02-10 1.2318356737991565 0.0059087363351980355 10.981753215007068 0.00371532316506269 0.39340494401378157 2.553840767673868 0.010979618999994004 0.7462601343888935 0.014912453433319975 0.34504148118757966 0.2306017000730072
2006-02-11 0.17861609564557385 0.5672097052964828 9.278835190744427 0.04915325617643861 1.3643143730055087 3.5584662972493533 1.0961277774625118 0.1627522489174944 0.051543412270722566 1.2472205772121434 0.6344615318382609
2006-02-12 0.0465652294890362 10.867917525643271 1.2256911668368238 4.0495773610569685 0.15799351378160265 4.019041332686477 0.36141882104359413 0.07186807532145803 1.109205430120999 1.9985719119130814 0.13125533638221698
2006-02-13 0.09894560177624495 1.1826521809973771 2.7608187131189137 6.934797486893659 0.1151615595392029 4.218003807932247 0.14298631525882932 1.428539707562536 0.5201346955630831 5.031141132818037 0.8925955946754164
2006-02-14 0.09775802170788606 5.7342219060167565 1.9139720549358814 5.312637208356142 3.9412958410293166 1.208410552216851 1.5577531215860216 0.4765491948498919 0.38935452488293415 2.181797340451576 19.554403650217587
2006-02-15 0.8291186759777357 9.456651036560181 10.55401627958468 1.9649928787377904 4.479521150818345 0.020137433591694412 2.4270032330296405 3.9521865524362747 1.0566174084628484 0.014612148870822378 14.264642162820742
2006-02-16 0.6345669217409535 0.9415515440015612 3.1695671160911094 2.314829048028737 6.726806047143507 2.867930169380271 2.102005152472481 5.715897940495538 0.058777315676699346 0.3643472968261695 11.012451396759607
2006-02-17 0.17026163822181334 2.814457328260792 3.7213369935243565 5.5402150927488965 1.9761384792679935 8.171177305374524 0.8997632297122936 7.0484892546503115 0.9784798420295933 0.015925583708849174 0.6744532049287695
2006-02-18 1.05236281437789 8.599295160382901 4.619299963946041 16.311936955623004 1.2236296755067788 0.3854183801138037 0.0 18.974024516080675 1.2443956033666845 0.014028431038841521 0.7724192882741389
2006-02-19 0.1101251190807428 3.3966550524180157 1.4686714230585525 6.176010869001082 5.828611155434624 0.13038467113798083 0.0 54.05065235953188 0.1010264710618828 0.01602932255324131 4.821616284526113
2006-02-20 0.10972231875504117 1.4340428956477673 3.4845379162513694 21.196205180126384 1.2977216963933969 0.23455033593286098 1.3815283909751135 36.754472430559964 1.1382664299858432 2.0557685483776926 4.1892839699104485
2006-02-21 0.06290812871956573 10.12044454675385 1.6473462909063166 15.914492989520099 1.5247948431250782 0.7671240749498878 0.8104990719867284 13.54007641003157 0.7192055285876982 0.3978433926245023 0.7404567141171499
2006-02-22 1.1205274993446204 13.727492862679787 0.03685614808127434 3.518252073502305 0.5298269540166747 0.2626308933090899 0.2875514609266802 3.743501072349999 0.7791696547441317 0.3846342779483817 0.2740034011226843
2006-02-23 1.020665876068099 17.516951963346273 0.7511630778018354 2.6117287634711013 0.01782654749813853 0.7150460473353073 0.7006791335222438 1.588280514831834 3.998557426681535 19.49638500698267 2.474632272896241
2006-02-24 2.070685645578664 4.810570862113734 0.020133733092145015 14.115045519442482 0.43908971936096386 0.6801226889500219 4.254420403047629 3.2651126382354247 1.6475642146722154 15.810082967366581 0.5866446153524378
2006-02-25 1.4614715208282862 2.6075922227620567 1.8842539665490734 16.36585757748681 6.166566148375493 5.567010836998577 0.039777996902785766 1.1455644849859992 0.9344514865033011 19.906348538644487 0.7097850238137242
2006-02-26 2.7692631930725837 4.347265358886074 0.7135481200026887 5.649300067668448 3.4789175256420406 1.6961012945219047 0.4653414707728999 0.6195755766347883 4.831593960319632 4.640466246342552 0.8746510351976832
2006-02-27 2.877611056116444 0.7975024544838079 3.8093644566746114 11.339362006851701 0.6694898740554115 2.985377340289649 0.187908692727486 1.0307742371337865 49.695207682360696 8.604091362985024 1.0996272213778602
2006-02-28 3.3048890545970564 0.11430524392268074 2.3583258249761876 4.256970564687044 1.3224146084404111 0.7846298014735162 0.23391240271711694 2.5654109467996253 8.844554140840543 12.771212786966009 0.393844830380098
2006-03-01 2.2629674942567632 0.8548426079979217 1.3813658563345255 3.769921794498784 2.697050495058473 1.9540344836870296 0.9440085341476376 0.09926610424853435 4.232250911547858 4.8648783652867795 0.1217030674615591
2006-03-02 1.5896591118818075 0.2556779935465684 1.2286537957035204 3.1287691386286216 2.758210289334315 0.7306261315719291 0.5236279603004542 2.0924439613883163 0.18799148629873336 1.0466817158204353 0.23462594619720992
2006-03-03 0.2970075975131169 4.742046811815927 4.3501093403170294 6.987661461726795 9.045442645353635 1.1385315566142507 0.32450106781282695 6.853170992052409 0.18692925177586128 1.5685077165808599 1.2346028007911343
2006-03-04 0.7114877561497623 3.2757188702266187 8.531230427452224 0.4336124044540326 1.171439438464402 0.9315522172519339 3.813444211562625 2.3583712250111075 0.793496870294076 1.0259456994304954 0.771061081040252
