2006-04-19 5.348533690209718 10.068287406289674 5.107847640307098 4.924871731476967 9.512248797120234 4.4487304583168665 5.797633552012189 3.0161238003368167 26.120789967078352 5.501284016932942 9.971260434681486
2006-04-20 5.779483011319827 5.167697331385184 2.1401166306377264 0.514241895461042 2.859483302160055 1.739803926795672 4.426288310998879 3.885460162550971 4.761064350048928 5.312637841731004 0.47165862143069115
2006-04-21 8.247413953349495 3.678995028626499 4.093223231418731 10.782203696396197 8.467487342228097 7.650536445646027 14.4827190394496 4.403753871636033 3.317120242753907 4.526491136017155 3.876296179240096
2006-04-22 5.365283250459312 2.917481138093587 7.169565400644309 3.948128513483756 1.6805424084816873 3.4912574928310587 20.690480429588334 4.966605739564461 4.4371122469904165 1.8219864288558596 6.544695838332249
2006-04-23 5.945397918810718 0.399723301263841 17.001450280531834 9.384378552555058 9.908425675714708 8.36004012474593 8.404482028146742 2.7957933337206455 5.167930594972695 17.938852361331445 2.352988108116827
2006-04-24 4.805524923283471 0.1282633230166843 15.069742824881287 6.067568207629465 0.7745534919199049 4.189682273394932 6.347683764542369 1.5608369783065372 0.6512054309062664 10.137971437093407 0.9772655396962648
2006-04-25 1.0895059614224183 2.5430475851930847 1.6790483981508113 9.09927295353325 1.8063599886637045 0.27614788245375255 5.135036808485468 0.4081003344849945 2.407361929966279 2.977650548823815 0.6226000314370677
2006-04-26 0.9700758844490333 2.3577957488512586 1.573730362539179 3.1863716166229956 1.30026393054447 4.046939834486769 2.700044080869642 0.7907281376598739 0.17506627533416402 3.1946826208681216 0.46185017474692197
2006-04-27 0.35816200931059294 0.7566034013374245 1.5552099654432414 1.312108457405743 0.18626218201396028 1.0357085104620771 2.9706777423162594 0.08979366482637316 0.7591644455317177 1.1575828014385037 2.395094316933141
2006-04-28 0.8300118002052228 0.08983634002239896 1.1022786003305323 6.68081625094146 0.48760794828462584 3.118564645453046 1.0072776851043996 0.05207456038508037 0.5973477044911808 2.8854557104532974 1.9413034508640548
2006-04-29 0.6719738228908478 0.37559891093807496 2.116255177158139 9.432760294499278 2.501236560967121 2.5726392229299657 0.28085543531959867 5.733752973509824 0.7084683656072873 4.837279218705364 16.90159033786256
2006-04-30 2.333441973212052 0.841672239280907 0.7732775881886618 0.012303957427320954 1.2685312061814522 2.623557077659161 0.47224830123392253 0.9868276618882337 3.096961034530824 0.4302120560426716 0.4901877980805303
2006-05-01 0.6405895847119382 1.1151715456987117 1.567004937394226 0.2527672957684647 1.2485710572685753 12.982641160305405 0.4778828931884528 3.029823729596939 0.6031542746799823 0.6626909213137756 0.6022220999850612
2006-05-02 0.5469769178303281 1.2054143611615804 0.7411217725481842 0.18610483428363767 0.4971283911426426 1.6773504335847238 0.5288163655129696 2.3312213947472604 0.4693614388936017 2.0299326626449887 0.5057791390969771
2006-05-03 0.2128934766140756 0.8058630743042836 2.848426372730756 2.8949798448258117 3.1155806615121366 0.44874292793437287 0.7664739622869227 3.0481300011944628 4.770897787690684 0.10577015322193004 4.554153395175279
2006-05-04 5.416793337230851 0.29290553250959506 5.567171074826144 6.902032661787262 13.49266977163049 6.279023566533896 0.007893993267337316 5.441011345479489 1.188192031690877 0.0 1.5646217914956912
2006-05-05 0.820222926699365 0.7405106175192347 7.109055738241635 1.215077651444874 3.585245291051752 2.2189208407383094 5.203818125765598 1.9803977858544972 0.9839477429494855 4.351354739331568 3.3624454002792152
2006-05-06 2.761503021474398 0.6443185092566375 1.2503645518745545 12.23325878424869 7.081368926566357 12.37928236445035 0.17184790247996692 2.7586455227540614 4.2379708084715215 5.4912948103717785 0.8236605458961934
2006-05-07 0.32754093377484983 0.9007653393825401 0.024269773194274 13.07773552335378 0.8717831233028875 34.64442784295185 0.025702302762865836 11.474547713925606 3.5086738169352243 0.8366323473822197 0.5386896256119249
2006-05-08 1.172369305764061 14.998989148885649 0.10064119870782282 4.367246375985623 0.030425806600201197 7.082492874693556 0.3916035273900187 8.219858848678777 6.222070304823121 2.369324167195976 0.8807899072883358
2006-05-09 2.9209631572769723 0.6848659631980278 1.513615234332554 3.6801742422811365 0.0 8.099973299934025 1.1871455367680017 4.511702282405178 7.159526827797805 0.8205435381739931 0.0
2006-05-10 0.7062557194856709 0.013560373878315104 0.12065054448471262 0.0 0.013398345629828985 1.8736688075290142 4.422608762313674 3.059558875434252 2.5869661028860476 3.5305099174045425 0.03507448561021206
2006-05-11 2.418670489440119 0.21188035391271462 4.294888527719777 0.1482582180737287 0.035907663021954216 0.9380128266483477 3.082055771266677 3.1574657103755497 0.6027838468016665 1.796137821553855 0.05884767130442907
2006-05-12 1.8774283983578468 2.107219875115611 1.2645621012656165 1.9481066683977843 0.029382579312575242 0.23362638353704557 0.24612258961215588 20.536257562659827 1.3719073352652353 0.8979817624613975 0.47280905038826193
2006-05-13 1.2438855216711595 16.982531070401564 0.37489801700983905 1.8340279106324013 0.26472691498224526 0.44860764614369986 1.0600178590262606 0.4012862231701503 0.9498787616361571 0.020422779175473534 0.14338883294754573
2006-05-14 0.6207362572730195 0.6330069260083335 13.329234414101304 2.4105605256248506 0.1553097861073548 0.049853088712627586 3.046678193001762 0.6311000521432784 1.4664431556333763 0.40552929391551373 0.41942387050601004
2006-05-15 3.2562037116891815 0.043008261982343476 0.04474662214901838 0.6431545315910132 0.03640395721213517 0.03386885516289455 0.12200175678845095 2.572019223882824 0.36771022734657266 0.0057680170946504015 2.6614604820081933
2006-05-16 0.8527900574725797 0.013560373878315104 0.011586875561480775 0.10401238768964471 0.2105363426348772 0.08143164928452874 0.004879072894536907 0.7665406039763739 0.31070217352376556 0.0 1.266911923514765
2006-05-17 1.7725474196821591 0.035198327150420095 0.01321568248849739 0.09772627539016102 1.7206929883954998 0.015533872195149432 0.0 0.2598791224015786 0.7842174145002954 0.0 0.015984233682746256
2006-05-18 0.3163206657920824 0.14067900529065377 0.003477887899115388 0.08466805760200101 0.2272934907296773 0.046623173944799104 0.257983590076981 0.10912563162360983 0.27925161405205745 2.5341436394736983 0.0
2006-05-19 0.5055957499155902 0.19318586575328578 0.003477887899115388 0.3072893339874391 0.446606928566565 0.30624318694342845 0.025702302762865836 0.04167573554723549 0.39198305581594206 4.24720938220858 0.02354614159898401
2006-05-20 0.31190435706891806 0.7514959484229435 0.09906215109594639 0.056510050007391475 0.030026551044585553 0.12555799723131333 0.0 0.9845012313257466 0.26008257936872997 0.034430458895300844 0.02569455789617628
2006-05-21 0.11431771047645095 0.7075204935511927 0.025759867500529166 0.0473977924887943 0.051117248917151324 0.0 0.0 0.12095727643921475 4.063865900988613 0.2656306588429699 0.8277042240519867
2006-05-22 0.35666850415088336 0.02834575593904886 0.029721159410223717 0.27172357019034155 3.6033602777691156 0.010629794435580115 0.08712831864628115 0.0234808316090287 2.171561742460286 0.7273914342396268 0.08609528697181237
2006-05-23 0.09026843962498757 0.17256452746142548 0.6344071480304208 0.549509748140376 10.279880957446252 0.24977901178979964 0.534436674498316 0.19067794081274914 0.9178021254105051 0.36889657021112876 0.0833588400295329
2006-05-24 0.3929434623826627 0.367265515762391 1.0717556333630105 3.2535044010985885 5.08060253124016 1.0211852175508387 0.010330459110486623 0.7453393710782505 2.9496905623757907 0.2417627958408758 0.001973498316834329
2006-05-25 0.16849626076109997 0.008453907762435868 0.06461568884680945 0.05279798888634124 0.49406142118913443 1.9282495582217993 0.32289524052139257 1.068100763236424 1.1159413218731389 0.6485736754429507 0.011424847312994656
2006-05-26 0.6897930064768165 0.05589562603511179 0.0025858880529172736 0.057106256984455844 0.009066297498518814 0.0817723182597754 3.5318727308087707 0.18923581225598643 0.5147859184622753 0.5358316917333465 0.25499347335713884
2006-05-27 0.42957550300698544 0.003477887899115388 0.1367065188687044 0.39581921320387725 0.016348650287542295 0.0 1.1197273046438665 0.3492054723698717 0.6686951920959832 1.3328731259374822 1.134937380832139
2006-05-28 0.12171511178310197 0.0 0.47502113650373357 0.1019929571411709 0.06702011603946906 0.5393142461802988 0.14746641271987537 0.30607738595020795 0.8431074988017302 0.3081387192110204 3.3623453178696376
2006-05-29 0.1061464423041285 0.0 1.2503850336128508 0.38182454154412404 0.1843073712924972 0.11817599135735399 0.06334509506582028 0.11246829722769366 3.1784439040960004 0.025050531181265073 0.033199047309339105
2006-05-30 0.03212280115458965 0.016531258445972995 4.949433825933764 0.3940569697350185 0.4468954017881585 0.5212339617054731 0.1627541559032194 1.2573431105764583 0.46337179578562304 0.004879072894536907 0.008656296118745787
2006-05-31 0.04127944047011786 0.010695159408436326 3.2481601484801863 0.0 0.5826451567989546 0.1470194020099905 0.017827203362675792 0.018849731845778702 0.06028829440834271 1.0706354137313459 0.0
2006-06-01 0.007817723755810139 3.4956816284726018 0.37055678246051593 0.0 1.747954056943118 0.1811750300839663 0.0 0.013625683868270415 0.36160240766482393 0.0 0.0
2006-06-02 0.01628576090886653 3.529962091482656 0.010647089989187309 0.049376014935291965 0.5373818810675456 0.02279672847944736 0.0 0.13902656534265498 0.8030222301727987 0.020823229868328928 0.03277446696038652
2006-06-03 0.0 1.2163980043202722 0.10113579726763404 0.26235152435979925 0.2376270952828766 0.06568206090656606 0.09981761864746602 0.3382324792808203 0.018849731845778702 0.30160000702358253 0.036224404242312026
