2000-04-05 20.55667655177087 21.178718845393554 20.55667655177087 20.55667655177087 20.55667655177087 20.55667655177087 20.55667655177087 21.388319402898322 23.3497161558156 20.62310557402004 20.55667655177087
2000-04-06 18.313916789198238 18.868093471215765 18.313916789198238 18.313916789198238 18.313916789198238 18.313916789198238 18.313916789198238 19.05482633921826 20.802232192156886 18.37309831996734 18.313916789198238
2000-04-07 16.315844991625546 16.80956028725823 16.315844991625546 16.315844991625546 16.315844991625546 16.315844991625546 16.315844991625546 25.329121871943716 18.532681994450268 16.368569741525324 16.315844991625546
2000-04-08 14.859557751090222 14.975615712421112 14.535765388415673 14.535765388415673 23.206993938535618 19.13868359538514 14.535765388415673 25.630248791962785 28.204240650988957 14.582737800515659 15.181083526002377
2000-04-09 24.340559576291128 42.50832041377272 13.064410110078333 13.48835209554621 20.675081151732005 128.91102423245897 12.949894751728236 24.92387747541656 56.48691430602994 16.416261623418432 18.093588557458993
2000-04-10 61.320532773595865 81.99558482792473 41.68727231749725 14.631741845276693 18.419403295525534 154.79808302329005 11.53704463436699 25.87069812265549 54.62013051842918 14.813571287201665 211.51895845322684
2000-04-11 56.749295597625455 73.04976141636558 48.046535135054924 18.032018937625878 16.409822784893638 145.45961848868302 10.278913879024662 23.073911617269328 92.39455620679304 13.1973916708485 194.82772586514298
2000-04-12 51.94936607892826 65.07993880629772 164.46831024064434 24.9300701369046 14.619490083971874 138.92949088733016 15.972950320212052 20.623831411010585 101.93641060438742 11.875834255531263 178.92986894932685
2000-04-13 48.909875665698934 68.60835344964248 202.3751034249393 56.30401280392226 15.237284231295764 127.20055952226222 21.03879833595817 19.462848518988817 156.31554249573557 10.69157140122878 169.04544149723543
2000-04-14 49.04149199363924 88.13434389624048 273.74402675852895 116.44484976238785 39.08017911495081 113.32281542511735 92.85880921946931 49.31427266331523 145.8866746011589 56.622412023722475 157.99261478052674
2000-04-15 44.23790855485777 100.05460148482788 338.0495073369791 110.08484164936532 34.81648147820454 100.9591509982913 94.94685486031102 65.44695932201344 156.2279433153938 50.54069442815989 200.39148553623752
2000-04-16 39.48869063533693 89.13851620687566 435.46091409095675 179.8780489630401 31.19151064212897 91.33392638479847 90.72565100971559 59.741090491993454 140.71914078457195 46.80814195626912 178.98385006255424
2000-04-17 35.18042386806209 126.9997488337863 422.96944391101226 161.13024857732537 97.36090627425476 84.48629145247135 117.58176780925956 53.223302099407285 125.36650214278507 50.40120060924414 159.45648258855226
2000-04-18 31.342194527690314 121.87115027357625 390.1670175537458 143.55073191117336 94.29070964830673 79.54102269034735 104.75344621794434 48.35819104157589 111.6888560567453 86.42127554711672 166.96038135937516
2000-04-19 27.922720928424454 108.57485155701774 356.83257334327436 136.73001989803288 87.71186271245853 74.01393185028041 94.15820772599744 43.082250410525596 99.50345869151526 85.77846694485923 148.7447897332895
2000-04-20 24.876316282123767 99.81701486597993 317.9016821822417 155.52087751240603 80.16655498996548 74.31554121718378 83.8854265654829 38.38192166533836 88.64750379880115 76.41992624521855 134.4944422075039
2000-04-21 22.305990204869406 88.92685059269671 283.21820115081664 138.55335041986325 76.23882039007023 67.9882486291067 74.73341899784428 34.19440481141286 83.00812463425189 68.08241433224447 119.82092615966519
2000-04-22 20.01368067758529 79.22481720129095 255.64979539277428 123.61476135445511 68.12918075332094 60.57064355227784 66.57990718742435 30.46375141405957 137.28912502175848 60.654535656496066 106.74830952203396
2000-04-23 23.585196193265876 70.5812880895328 227.7580750082626 110.12927854900434 66.04056976867422 54.82828809010567 59.819823024852155 27.8566785345369 122.31070549649344 54.03704806576984 95.10193211682822
2000-04-24 35.62405492317097 62.88077908365878 202.90937707097243 98.11403308902834 58.8354589521695 48.84645157730438 106.61001950006774 35.25979905202542 108.96645074166653 48.14153685388225 84.72618941555184
2000-04-25 45.467730398061285 56.09784226296843 180.77170393118405 87.40966631059418 52.41643496168637 43.517241095924625 116.91631196903899 31.64052123510154 97.07807128605315 42.8892334724296 75.4824535432307
2000-04-26 49.315578905872805 49.97749576251752 161.0492793083368 77.87315966918315 46.69773471685285 40.95555943963126 104.16059246291285 28.188499809644146 86.48672926828124 38.20996312260927 67.24722110375195
2000-04-27 51.15318546210783 44.5248869106911 143.47859649322274 69.37709812681325 41.60295199930182 38.33052144053088 92.79653830594734 25.11309834671117 77.0509162412623 34.04120716612223 59.910463079832596
2000-04-28 48.4475125194768 40.07083803520546 127.82489769638711 61.80796778947446 37.20256258536452 95.58461040832319 82.67231702462936 22.37322712561725 68.64456251087924 30.327267828248022 115.44676268283101
2000-04-29 49.08661318954565 35.699058240373695 137.43355334485486 55.064639274502184 33.143715318836996 85.15620688671885 77.59787026834454 19.93227936687508 61.1553527482467 27.01852403288492 108.34313958033937
2000-04-30 43.7312007684169 31.804245225166238 122.84731973403218 49.05701654451417 29.527693491960203 75.86555555707136 69.1318431524885 17.75764213756414 54.48322537083327 24.070768426941125 99.77652837121256
2000-05-01 38.96007070732043 28.33436130252161 109.44451967802569 43.70483315529709 26.306184281628184 68.08708753027462 61.589470447231 15.820260617550765 48.539035643026565 21.444616736214794 94.59599853384266
2000-05-02 34.709477051808754 25.243046163741734 99.51373307964433 38.936579834591576 23.436145855666094 60.65869900263074 54.869980272380396 14.09424990482207 43.243364634140605 19.114738484633996 84.27545383500582
2000-05-03 30.92262861277794 22.488997469234917 99.16263019282131 34.688549063406626 20.87923230096295 60.126517989916444 48.99270607756706 12.55654917335558 38.52545812063114 17.029296013548237 75.08089379230204
2000-05-04 27.54893019265365 20.035419017602724 100.37964263918512 30.90398389473723 18.60128129268226 53.566637803458605 67.57976336607602 11.186613562808624 34.32228125543961 15.171377989302517 69.1011977453922
2000-05-05 24.543306594772826 17.849529120186844 146.41180857255944 27.532319637251092 16.571857659418498 47.72244895418911 60.20672455506458 9.966139683437536 30.577676374123346 15.842058434168793 61.562168493332024
2000-05-06 21.865600384208445 15.902122612583115 220.24143330278432 24.528508272257085 14.763846745980102 42.515868599804854 53.638093729535534 8.878821068782068 27.241612685416623 14.113669551705327 54.845656996649076
2000-05-07 19.48003535366021 14.1671806512608 196.46748761832123 21.852416577648544 13.153092140814092 39.57412021135042 49.2817139520412 7.910130308775382 24.269517821513276 12.573850111870614 48.86192551387939
2000-05-08 17.354738525904374 12.621523081870864 175.03263287541537 21.00765725062325 11.718072927833047 35.25653296782378 43.93624081033499 7.047124952411034 21.621682317070295 11.202026946754293 43.53102680618389
2000-05-09 15.461314306388967 11.244498734617459 155.93634826143614 19.276282912963705 10.439616150481475 31.410000027106815 41.02135888719463 6.284680981449071 19.26272906031557 9.979871447436938 38.78173598096197
2000-05-10 13.77446509632682 10.017709508801358 138.92349277759902 17.17321573766989 9.30064064634113 35.683716945843194 36.54587604897651 5.599014230293947 17.1611406277198 8.89105467972694 34.55059887269609
2000-05-11 12.271653297386408 8.924764560093418 123.76676163514163 15.299595887037603 8.285928829709249 31.790577685534405 32.5586741253489 4.988154600618395 15.28883818706167 7.921029217084395 30.781084246666
2000-05-12 10.93280019210422 7.951061306291555 144.0593418816636 13.63039036382701 7.414331117986467 28.322184908983473 29.00648104262237 4.443940539576764 13.62080634270831 7.056834775852662 27.42282849832453
2000-05-13 9.740017676830105 7.083590325630397 135.13552110810969 12.143297302885912 6.605418088882171 25.23219823034704 25.841836778634327 3.9591009302008273 12.134758910756632 6.2869250559353045 24.43096275693969
2000-05-14 8.677369262952183 6.310761540935431 120.39206253044166 10.8184480011381 5.884758508166137 22.479333059279117 23.022459260477195 3.5271579437041414 10.810841158535144 5.601013473377145 21.765513403091937
2000-05-15 7.730657153194481 5.622249367308727 107.25713418264206 9.638141456481847 5.242723811490667 20.026809007161514 20.510679443597315 3.1423404907245347 9.631364530157782 4.989935723718467 19.390867990480984
2000-05-16 6.887232548163407 5.008854754400678 95.5552433547222 8.58660786883494 4.670735923220868 17.841858472921594 18.272938024488255 2.799507115146973 8.5805703138599 4.445527339863468 17.275299436348043
2000-05-17 6.135826648693201 4.4623822800467075 85.13004381631016 7.649797943518799 4.161152646769506 15.8952888427672 16.27933706267445 2.4940773003091974 7.644419093530832 3.960514608542196 15.390542123332997
2000-05-18 5.466400096052107 3.975530653145777 75.84224691118165 6.815195181913501 3.707165558993233 14.161092454491737 14.503240521311184 2.221970269788382 6.810403171354153 3.52841738792633 13.711414249162264
2000-05-19 4.87000883841505 4.417696495450316 67.56776055405481 6.071648651442955 3.302709044441085 12.616099115173515 12.920918389317164 1.9795504651004137 6.067379455378316 3.143462527967652 12.215481378469843
2000-05-20 4.33868463147609 84.19872589328368 60.196031265220824 5.409224000569048 2.9423792540830678 11.239666529639555 11.511229630238597 1.7635789718520707 5.405420579267571 2.800506736688571 10.882756701545969
