2000-02-01 6.097704335639865 7.2722812412207585 6.14339740127437 8.865261527402486 6.0974367135404535 8.735952985534448 6.206239305890094 6.185955885826041 6.0974367135404535 6.100983712483646 6.0974367135404535
2000-02-02 5.953861197280333 8.727273711611723 10.127292402585965 9.111011053716371 6.122438514359665 11.62680179921117 5.148590570305085 33.534694286763674 5.058329790243925 5.061272320238613 5.366397797796913
2000-02-03 5.224345657673545 7.437537193858846 9.529204173238739 7.558339806939731 7.239161319669723 9.664681168239127 5.898634103498965 32.117690745953446 4.277905186508754 4.391042600331002 4.832149000859528
2000-02-04 4.555248909094678 8.012130344057645 7.947086749560466 8.008874636537175 13.743419406392805 25.30548605100362 4.893406526256962 32.00815526962005 4.226599050935276 20.56936900924837 4.008841623276058
2000-02-05 12.207813712215456 8.583459280624899 8.341178911353976 6.644026180764981 62.461932789819336 20.99859361982111 4.2515452504846 26.553421205909483 3.506314685200257 17.249983723999566 3.3427703857231474
2000-02-06 14.716276130421877 13.8955397759272 11.315880826199692 8.626423645005461 52.26770772990582 19.84271298761577 15.36390791761629 28.415050587104204 2.908779026231936 25.51801599701075 2.7731054570037053
2000-02-07 19.48965979188756 42.7126899603605 12.605786289880195 7.818193100340409 73.16095331927768 23.13867116468858 20.24912250958644 34.66152106101229 2.778233386752871 28.41841315319696 4.727802208192987
2000-02-08 16.572973964993007 35.47169919664717 19.648298710774526 6.4858400215135426 60.69308252689051 37.43504271180582 17.609804468792312 47.72940683154128 3.6412616401912206 25.13550469768577 4.1231594487770735
2000-02-09 27.901674702685803 29.42979837364783 17.282521200088304 6.528918971417754 50.34994897538238 33.03913296914395 23.076059741765196 69.0636469825837 3.7901949258930197 23.755798199688893 3.641178414826679
2000-02-10 26.716524905145924 24.414460178596165 14.337285640500404 5.780232383906437 41.76946130064206 27.409391614973046 19.189258066143243 57.29574146555092 3.1442812455772766 19.70740613963617 7.852980006513264
2000-02-11 22.311124373526827 26.27831251191246 11.893968313850758 4.798867469751897 34.651334467639764 25.011203707223338 18.794000159101977 48.62262184383317 2.608442242310463 25.467470407908692 6.52700819083236
2000-02-12 21.760320224759308 69.41912138452058 20.00065404966229 6.031372872175728 32.546808490889404 22.455058355735837 17.094349980872224 44.83860180246172 4.47553472929136 21.174638794238472 5.5030843587993665
2000-02-13 21.374959661122244 70.1125582281544 20.30772374443354 6.4302657173792275 27.588149198167027 24.149632442001412 23.877852954750622 41.84730248316841 6.162768156002183 18.266082488234087 11.010538615611932
2000-02-14 45.461643183518724 98.69301979416872 25.091602026845397 5.4719211955922775 39.48672057632812 60.40413037806256 47.193012386918404 36.961091800121245 51.482250745828146 36.00892023882975 9.20393935059613
2000-02-15 55.67084166520139 88.45712675552464 27.852297281264125 4.542125586832373 55.4771016497554 90.83333649130083 70.09599786449047 59.937136242019626 43.44483016206522 48.224372048506154 46.760215843690425
2000-02-16 74.90146417981359 73.38252784699539 23.272996758492635 19.175725272294798 54.39069061202466 83.7038255878079 80.44707808590806 102.0295707646377 41.36112885511173 40.00611883465252 208.35137851424128
2000-02-17 87.1092847257851 68.06851415031511 21.227070493085417 44.13548884447704 146.57552383766568 72.34307550585568 78.57334971176569 126.99407918526637 73.02134180798002 45.02160325110807 405.26476674424487
2000-02-18 111.84902028905351 69.88826035668504 20.753389965329013 54.25028096227761 135.57283814477827 67.55941552051307 67.46315554485591 206.1933070354674 115.26226715870482 45.58295547422703 349.59450542211516
2000-02-19 103.40072337187385 72.25357123774221 17.894814603170882 59.70462701009553 121.95958845681949 60.20245905832088 63.52300430217915 177.57954175012316 100.65968655756721 53.90487785737927 323.46631889854785
2000-02-20 105.55616418865988 62.76458481211533 14.850006387821967 49.54502797017418 125.70270528621207 54.021920841721794 112.555625139039 150.92156855848242 203.27151856348294 82.70432874341522 326.8430758455443
2000-02-21 104.55303285688031 60.047574809390206 13.852264724633427 41.529583582612084 105.74065904423792 44.84288980602556 99.64015099539186 130.7518598593779 170.10104195220208 87.08214152185874 281.85851204645496
2000-02-22 97.60408230005501 144.46387416216314 19.62161627599377 48.53351884675476 87.72065226942009 45.40093669367995 88.9270567619548 111.19243871196919 141.68027911028358 85.9136014588129 254.02656417140437
2000-02-23 87.89101160761935 131.6112451248864 16.637872323913662 43.27997499149422 72.90733057384851 63.02677860250912 103.00343810624521 122.24018485067278 117.62399815537427 91.31508995873082 304.5273970450119
2000-02-24 113.55745322188586 134.64604754005734 14.832483915470407 35.91969990053735 60.48567410737951 76.16030442695937 116.49586613600934 103.46264097679813 97.57886828007932 109.24947253611568 308.87426303636
2000-02-25 106.3817354525841 129.66658263791726 36.47646375995863 30.760068463185963 55.450615564494555 97.95290606621 132.20518704887849 99.81054508102635 80.95442437080382 129.73103072990358 287.7712902659537
2000-02-26 111.82191098235663 170.74172248783515 128.64717175139552 31.24273806627596 64.09467621690364 88.16241457089669 147.3321407580161 87.29459625033863 74.58372540508033 196.2983320549712 258.1324414535954
2000-02-27 132.82171204365227 175.13695766160922 115.30139259683607 48.11100147592394 83.82423363758478 129.0516074967475 132.97336631811672 87.37493747910118 80.26907231557415 179.39845077616152 309.2678487387726
2000-02-28 186.5994064046144 170.90498849254604 101.3252179902098 51.02342051264087 73.73504172062083 122.45547820113362 144.23888773748826 74.11915921212808 70.1535917096922 186.9996217033498 497.91928623412116
2000-02-29 207.53047056675072 171.69700400953323 88.7826102696778 79.43780935766182 82.40966873573771 140.09777935827145 195.78266559082832 64.29429551442854 64.11011524599093 157.03277789429683 435.45378762521847
2000-03-01 203.5507697913169 169.99475340362125 75.92550859049899 79.28656760855058 103.44567371239741 118.867545525406 221.7921998097579 105.16170175063736 77.6227158362203 133.17855315519503 398.7188809950004
2000-03-02 180.94161580079083 150.69890190221935 62.986510559383454 92.77706472064321 111.80949853261762 98.86545003022414 274.227131109149 116.79072766102652 166.19288549424184 110.5475894876756 340.7069644407909
2000-03-03 156.99928219207968 126.87900214588466 73.40229989662414 164.84055199664257 133.467135878115 84.78449846988285 254.30045111418696 131.89683603044716 148.80192704367744 109.80724785490808 289.35898007395184
2000-03-04 130.34250391141103 115.34297113997276 62.061697766034406 163.49928146297313 114.31960935533917 71.21765117714685 276.4708186509274 111.33237820202842 154.9374948094578 97.32557354382446 240.0472883517935
2000-03-05 111.21469242903405 122.97091916484801 69.95902106109361 152.97660281516042 102.9981279874166 60.85155302093693 277.75959839128234 92.35944737683043 128.53351046345728 80.77087334534806 200.7644047774053
2000-03-06 101.1729882451577 123.14051243619241 80.42401475343435 188.31382708287953 108.07076746591376 65.12330124857965 307.33228246238735 76.6198266624122 106.62921413810822 67.11721749679474 173.76075985543366
2000-03-07 93.43299206621715 104.66111061256568 77.29130077591346 272.1239436983959 92.97410452363862 55.03677463409881 255.0861398153338 65.54564852098336 88.82791753470607 55.67958583014065 169.90892470556182
2000-03-08 85.32617207370376 92.53577149840565 74.7984587166262 299.0894341996124 83.86892222467345 45.834070108333385 211.67021896449097 59.40589412762271 73.69012957086613 46.19083738704294 215.48077741297396
2000-03-09 70.78514109531588 76.76610215468932 70.50166980899878 391.590918303759 73.90363319375297 39.06666906073339 175.8760371935673 58.83155995698875 61.13207814479498 50.78305991773863 210.5126997211221
2000-03-10 58.72214911452666 63.73608672611566 72.15700186033258 325.0548778869141 62.60494620610705 34.15449161067924 145.94604018857888 53.042557980621986 55.68284737940714 102.46590181441829 201.7061879535386
2000-03-11 48.714896138801436 52.87437350259155 87.60653515242713 292.35856622992986 79.56448808060694 28.333985328820958 122.47922604870348 51.36731450173471 46.27029901751476 85.0039693697643 168.20228518056535
2000-03-12 40.413049276957686 44.13256380179836 78.99769050965189 246.32060738904025 92.01832855673162 23.505392314574184 104.2419452042318 45.706430694100916 65.6047260332809 70.51784721226261 139.7283037539299
2000-03-13 33.52766966685045 61.379063564568746 71.58777929889466 207.03618491596797 110.92944718767457 25.593313439242504 90.76915691999488 51.215795505211126 55.56289038708907 58.69402823811647 153.72230275133586
2000-03-14 29.789990047009706 51.503493089401765 60.974119777571275 172.30775414321363 108.98937853194812 60.352354707959584 76.50355706309016 44.20316538841846 72.81640876372447 49.1857297044566 150.22434131550955
2000-03-15 26.537494819834354 70.47725722989867 54.56316269079033 149.70201862802054 116.29662215318027 107.78134651610459 95.79190041133937 36.670194183516124 98.71789715619042 54.28135774035202 132.52496074135763
2000-03-16 40.302624844693284 65.72881541533147 53.41237521202719 126.7549573221471 174.68654674963054 92.66053728698158 79.99623630036122 30.420969395307374 85.81500070263047 45.45190407145475 110.05580020376377
2000-03-17 95.57238023063815 55.38359602509784 53.91597736065485 106.28411228609397 218.62044663445994 77.7413932232708 66.36518579570196 25.2367187999848 73.53751479490046 37.73318673952309 96.99128108229726
