2000-01-11 56.51182396405248 56.40655346646045 56.464329711986956 56.32037483763714 56.97273633805665 56.713440100548276 56.337260441511454 58.62017706463985 56.371977580378235 56.290563162607455 63.7825438222372
2000-01-12 46.881247987943176 46.796322353742184 47.628089230118206 47.58639070538325 47.79113722717883 47.07126349124004 46.736782931468504 48.663705262623374 46.765233806602645 46.699607190932475 52.959911614176754
2000-01-13 42.50637647683436 39.7957884087072 69.95362212986257 39.48365239916585 51.25552863581193 46.7822570915263 39.62173235394171 40.50016289723106 39.33054835859365 38.82032058777369 60.209458835256264
2000-01-14 42.97147910522183 33.12324889563154 58.06695853182576 33.03734202247956 57.79244331380918 59.1259635143147 35.182777239345654 50.82026170247171 32.892052353645546 39.65141932687707 49.94874298644169
2000-01-15 40.00929324836688 27.953965291128203 49.86289789464104 27.420763514412354 64.12374150981525 95.45972754986069 30.187412841920924 42.83385986788952 27.313314469168745 56.0313132499186 42.29207399892329
2000-01-16 33.24012364914944 23.19013415481722 63.850146315781785 26.99769485040347 63.89259696266706 85.06536126823401 31.05339155469513 36.41786493539826 23.26927570015625 48.271820387529814 53.50389585350986
2000-01-17 29.412016250197105 19.242462544473288 57.97671911732674 51.41218037977686 69.87682453617688 73.50031448182408 39.48861453567557 37.60618009282523 51.01041150258977 47.98453028734805 54.07503501428158
2000-01-18 38.98453341529842 17.341299193093658 67.00722799855984 51.81400207309196 60.74555726027262 101.2903522481661 32.99709101921748 34.63769978366628 67.47583162212537 40.29371714059884 66.26280505249993
2000-01-19 54.06772175811766 15.342588427575468 60.005015732363574 44.03597505822232 63.5442001775144 86.45435951723206 35.87693780570883 39.25436572992368 55.99722420003007 33.44480199212618 56.02186481072107
2000-01-20 45.21760603646233 120.78792421692418 49.83908750455304 36.53656719349978 54.50056484974909 71.72106620986555 34.62338272424372 56.952755576081266 49.498777450913806 27.74523889191636 46.47478620773385
2000-01-21 47.811756359676 100.91879533327902 41.37992758145306 30.83909004472527 60.21714018954035 60.6039727634239 40.58222939331677 49.11795874667875 41.98390542743563 55.39699684402252 38.55469217870873
2000-01-22 44.33828149070211 83.72051614673364 34.72509149364403 37.979622109332375 60.67916254826642 76.02175774239166 56.411547911602185 41.27746939133831 38.19157711408254 46.189009304837754 31.984316879926507
2000-01-23 50.64392923786614 69.92988221016995 28.807345286769085 51.54365189631659 55.246050772133216 73.74038974528536 46.79806068035987 34.35888479968287 55.14368125866279 40.13466441188896 26.660083267960243
2000-01-24 51.50763679457059 59.7782866583498 23.898083684618722 109.85663855444379 48.45053940761673 71.57347274532704 39.057295207773585 61.46053989040453 52.29971474180896 34.59809463031793 23.880234960082134
2000-01-25 50.27796906826012 49.59104988200522 19.825443757893108 210.69436914573478 72.34154882403016 89.26837364004473 33.75992252044413 51.63316517025927 58.963833603130276 28.701990848960243 20.070484033656577
2000-01-26 41.70974799395241 45.877473379173736 16.446850943549215 184.68090969543104 82.81537502237407 80.62063065101103 28.05211771897689 43.38857905958605 58.00538462412265 23.810683434917152 18.21952007038558
2000-01-27 34.60169752197261 43.57714331427046 14.042194598221787 154.4594446734795 68.70222656603738 74.38844014408957 23.308717529895766 35.99442721988317 48.35500242150607 19.7529379972743 15.229816045222579
2000-01-28 28.70497974659766 36.42937869426116 18.031525891804066 128.14352575240724 56.994198647968 156.8721171011644 19.343746142931163 29.86036461595613 40.20563185548504 16.51194541055486 117.91678204532647
2000-01-29 31.997816848613404 30.58307769692129 17.476164134699143 114.23609270255021 47.28141782132366 130.13844021193265 18.979141060766622 24.771650609995415 33.35390835602725 18.418953937139733 126.24016741159068
2000-01-30 26.658488879753712 25.495182756669337 18.042334686095494 94.76859679607755 39.22386004587328 108.17082715662823 15.744772620221811 20.550140021257256 27.864738561483634 15.280050910317188 105.3043355624538
2000-01-31 23.255560394775593 66.11395639909134 14.967613985321274 86.1838590571017 32.53944716108761 89.75656531062452 13.0615955732023 17.048046637751437 23.227926594853116 13.39373671721788 87.3586857300726
2000-02-01 31.98851463392513 75.59740747918067 12.416877987871503 76.9476354497153 26.994171922674393 74.46051997100601 10.999028238954104 14.142769531609849 19.269492834486844 12.336828392836173 72.47127985494491
2000-02-02 28.004159475885462 64.46629498446156 11.06596228192534 63.888475776783295 22.3939059008449 62.56479381617992 11.591442444509852 11.732601058312081 15.985643513296699 18.21180218494709 60.12094115108433
2000-02-03 23.84245090043306 53.580731367824846 63.00930823760492 53.20747398761458 18.577603452049846 58.009289662125944 9.651159199460144 9.733166285842769 13.261417969281746 25.64390648339366 49.97312099151629
2000-02-04 20.246529105446655 44.44966342314822 52.2714504298231 44.14001544901633 15.411663849520716 48.12352006165008 9.037668266510574 8.389537425085095 11.00144679253668 21.318094838459015 41.589251218856816
2000-02-05 17.82278855784945 36.90142057495702 47.018878099255296 36.61780606786446 12.785254202657677 39.92245374168196 16.794478569210973 6.959817555699517 9.204133535918755 17.685128892460906 38.35719299747467
2000-02-06 14.923380497141872 30.612790876868686 39.14514348251218 30.37750910559826 10.606429430503255 33.118988609207285 34.26345159122145 5.774650042137549 7.63559263431486 14.671282134401503 34.77538788417608
2000-02-07 12.380182638416192 25.395850638522326 34.696087249109404 25.200664882830086 8.798913457728819 27.474949650993057 47.327578118363526 4.82021286839616 9.47162949048538 12.171046124462887 28.865257417843615
2000-02-08 10.270388950405666 21.067965748313124 28.783283858816993 21.060907016568272 7.341387326762244 22.79275092702414 43.25584856127874 4.541803257604115 11.647869321405974 10.098266727585939 23.946508627107065
2000-02-09 8.731855122802864 17.50156675855276 23.878122733234385 18.664855690782925 8.28471931664695 18.908478502073944 36.54703176975466 15.020059786606856 25.010304691244045 14.187836277576066 19.865616266552944
2000-02-10 7.802873698655252 16.086144882904126 20.873440049208046 17.482134020398153 6.875570639544998 30.91822491183818 34.931573273709326 15.435692922213377 22.605245018280677 43.9144089587145 16.48017737346517
2000-02-11 6.546908269858792 13.35682633595052 17.970986797773595 14.531560970311379 7.392771243802013 444.16266926896617 34.384475550735154 27.36619842419292 41.96626285514303 37.219399926743385 13.863462269026572
2000-02-12 5.431203748597262 11.080595950786451 14.908424990678718 12.055135823159477 12.276418382664055 413.6867115225376 30.37088822870906 22.703298517235236 34.814497887922556 66.37850574978363 24.43130052740152
2000-02-13 9.06743809947751 18.320347064926107 12.367775804622664 10.000735640977188 10.18430788869192 362.27634012561236 25.196002844811684 19.01539158046022 28.88151531080722 59.975762327733534 90.25099037824498
2000-02-14 9.667505484741367 15.21283773171623 10.260096452110153 8.296442934724421 8.4487286062311 304.94249686442424 20.91122146684025 45.346162256521865 23.975303612046144 58.99764662179919 124.8269696428336
2000-02-15 8.019998121867639 12.62031143703022 8.511601509404763 6.882587949879375 7.999827903914214 252.97510883132892 17.994600934557347 68.67633442786554 19.889504096303227 60.518990012209535 159.2541376155535
2000-02-16 8.272540038410895 10.46959571754209 7.061079843942754 5.709677901786228 6.636521165250186 209.86384759837264 21.391869508068744 56.97271897052266 16.499994310733424 55.68546500239386 135.76288020511922
2000-02-17 8.157769871963897 8.685398536771132 5.857751741249354 4.736651675147685 5.581716317843166 174.09947853074584 98.76528593666883 47.2635986462484 20.961803969783233 46.34253858431834 143.4252900000996
2000-02-18 6.767547135612578 9.667407645350277 4.986311381589711 5.897657566420241 4.6304969215233545 144.42996624499472 82.4412330671193 39.9786339863912 84.09681966841953 38.444981799635904 173.63506580176437
2000-02-19 5.614241998924375 9.494778386807413 4.146943028490935 4.920050346911943 3.8413814890047298 119.8166434820566 68.40448674044141 33.64166571994286 78.68592520047461 31.893303015439148 146.9288355924989
2000-02-20 6.0152313207315675 7.904241456273834 3.4415034114376413 4.0815900858823335 7.671549984047111 99.397849549825 56.93170965344752 27.908553692186064 66.96109288778746 26.458141729287043 122.38671758728525
2000-02-21 5.954195593082671 6.884586806230488 2.8584401799530346 3.386017714154111 9.710733258005178 82.45876539355115 53.472798529362805 23.152461464710193 55.554473860970106 22.67728621414814 117.27308256629694
2000-02-22 12.474509533452643 11.109521110399928 3.323647249395204 2.8089827051037024 8.170761850664872 68.40638928330519 52.61090607662751 19.206888246056874 46.89198227502863 18.872248279694933 97.29846343624219
2000-02-23 60.85110926428866 9.620326951776269 3.033844545917315 3.309252040117916 8.24933732061501 56.74877706991562 43.645112856694354 15.93741617270714 38.940818578878286 27.89775646824493 91.13443241477593
2000-02-24 61.06818374485095 10.034141829939236 2.8262486933411806 20.735211241862565 8.50597331352493 47.07782025438593 36.20724329474815 13.221409387795525 32.49270157575449 25.671625278286854 84.98730356158585
2000-02-25 56.48103030499235 30.362649029511235 2.3446078461822526 52.052522239514225 29.693839651098365 39.05495896719903 30.036913212014195 10.968256353815098 33.86064214991878 21.296743698991058 74.13598640178118
