2000-02-15 45.146723957664484 83.83182965989629 55.08339029946654 47.62160209626497 70.54667671753852 32.934182068535534 39.42275550082296 221.62207921315255 33.99716326597895 85.78513382243224 36.55286596982147
2000-02-16 56.752747527291554 82.0668242369883 57.580653729899595 78.92667344100558 76.40601807481228 40.47166007365703 43.49669366079988 384.53796841369984 57.03285077908229 111.05486352139688 34.07218011201525
2000-02-17 56.615052500705985 91.51935512186705 55.204784540910744 148.01011551361174 71.59228984438258 67.0503474882894 64.0455359738599 354.9011901012744 61.9183651267323 122.48394646191363 37.975244129929216
2000-02-18 64.00127863607383 82.61134452761033 57.16715650382984 136.49777241425545 71.27686199579662 66.15215310795564 57.91481044123747 339.1872610389102 66.0483759852454 113.25996630050254 48.045550558691126
2000-02-19 67.10862098178796 102.41331646230117 61.465248059371255 121.89881045353594 91.11716444657077 102.460322638846 55.44573347037766 312.00566614724073 64.21177739947117 105.15178935112847 108.56019423682855
2000-02-20 70.48454989252735 141.95387111915852 58.161573050810674 134.705007915796 85.0283740254535 164.17685555037906 130.64726380004421 317.66300827506456 79.65803160364759 116.92607613477787 207.07792513023958
2000-02-21 73.149930200815 131.22104443673055 91.14682011085635 144.58344575603033 90.22490942648692 172.65622208174688 116.90638630100476 310.18070847183895 75.86515145069805 104.51894102901355 323.99823687941074
2000-02-22 68.23311712959737 124.43632231806122 138.80600505734094 130.53424385449767 80.56813873942457 192.20107067502315 117.29568543818867 316.98752202115656 78.84568877805435 93.11579058413388 294.71316450843926
2000-02-23 68.76250627058316 124.66369390198234 152.3526641102166 130.06698776298572 74.06274491732412 199.98559437396085 108.21543303668533 301.4410990705052 72.45044669090956 100.1204619748211 274.82834724407775
2000-02-24 70.03211934344539 113.42008472544454 177.33351958364602 299.3303663731254 91.42328849863488 184.4240035343191 97.76394971678832 269.46621169546836 64.81635279645775 107.77702581973526 245.13693032969672
2000-02-25 98.65936828387609 101.88979232952653 196.7626601540835 302.873410632199 102.85381289338545 173.170217589332 103.77128532463497 242.30183971096184 60.69947962427942 100.62289650091616 222.23764862924682
2000-02-26 103.4725385078464 91.96787533274816 203.2797416058291 274.6741618152982 93.48726513301288 221.3607375342377 129.21075929199299 217.59700415474276 119.51560964148536 113.05781344280201 197.99123628631907
2000-02-27 102.68123756533748 81.93406224403584 216.67090057136573 244.70685866752123 83.28768466944723 218.199648115214 167.9738067873239 255.60750585664962 119.58124747945614 186.39260666859022 176.39459831659374
2000-02-28 93.88318245825127 72.99495102524232 194.50833117104298 218.00902670704383 74.91164394586528 194.39378680451722 284.784136339247 233.60651810811822 106.8282813481809 185.72271587099388 157.1497215271334
2000-02-29 100.40034238827879 65.03339696658027 173.2872229078988 194.2472215889686 67.51372247368977 173.18517547859082 292.9743240614397 418.22440004092573 95.17317891422987 165.46012949901092 140.00448546463443
2000-03-01 89.44653633456873 75.12531384291725 162.481977575585 212.35285657872976 60.23195194636957 155.29736734493324 279.6324689464203 389.8289358110697 85.62163034744293 147.40821727400333 124.72981663434055
2000-03-02 92.44048406389791 67.94115924964419 144.75498554299602 189.23635599230425 53.66056878011117 138.3542254981704 288.13212911961756 347.5315225418499 76.34445996105039 131.8368566621277 111.12163375341356
2000-03-03 87.49135341259009 60.528691684476655 128.9620310646785 168.59042697909277 47.80613194088255 123.25960214561945 259.0149739289612 309.61538794589444 88.56061964479869 124.39947651019004 100.08494320004709
2000-03-04 78.81990460828912 56.246276095149014 114.8921081642967 150.1969952864062 44.98599584682084 114.43200071223929 238.04569503903014 275.8359522375212 86.88224290985272 120.34342829860212 101.85664937566204
2000-03-05 89.46284132078709 60.9270311630342 102.35723188801315 133.81031056918988 57.51735405904393 133.6498450450021 213.28992138308143 245.74189626542747 77.40327883754537 139.52600384171757 102.57544222024623
2000-03-06 113.49846827570413 84.0448967687249 97.69826498415706 123.4826943523054 82.19176515933141 122.57685523209979 252.7811975613108 218.9311403762456 69.8174821316897 204.00439338857657 91.70438820334908
2000-03-07 137.17366650601525 327.5248856990827 91.81750743521097 197.7678051179376 83.762446958533 145.11345570567852 239.55436635174811 195.04547232219986 126.15633812002746 181.74725256488045 81.69932189820774
2000-03-08 129.65606628911578 313.73067004826436 120.9615192087848 209.64450933540226 91.55998167599749 129.57760114729044 213.4186779076936 173.76576127092488 144.94023044318737 178.18783909168855 77.3662051390756
2000-03-09 118.70164634852634 340.58986945793157 125.8767684575997 222.47349702119297 94.73900405695964 115.9294148010517 190.1344265751702 154.8076939729472 178.85762684158456 160.41766448863999 139.66291114507783
2000-03-10 144.28878720246075 357.0698491501461 117.216489351385 198.2013533163794 88.43097658564578 104.91076077500104 169.39051691016758 137.91797611876058 166.95664169583853 142.9192350568245 129.3788756481292
2000-03-11 167.18128256661458 363.5664998022591 104.42802010805963 201.57770853711338 90.25614237805519 93.86815660788804 153.8663362727517 140.4986991712628 149.35410571823104 163.7946383581285 115.26347446935668
2000-03-12 176.4932861659445 581.1297831787418 93.0347892522039 265.0210381130824 104.60128821345153 83.62702039616407 137.4263541065041 131.66905942410426 133.82610055450343 163.92733627750619 102.68808165315158
2000-03-13 224.8094697189506 621.9275382837395 83.54230140747278 259.3348980435114 93.27323024627472 155.78496354382375 182.45646965694732 117.30379625967865 145.1988762445436 147.6684034617576 91.48468031308325
2000-03-14 235.28874942739063 781.3458182073849 74.43354623186427 231.04112823601983 86.98444477604279 188.99865086468188 313.3423721438833 109.45680726776973 130.92122032347814 138.29891660734967 108.18330360637113
2000-03-15 209.61844525770582 703.1393290462985 66.46224645298783 222.86401219254032 79.45947877793893 227.49646792543834 281.55462105180146 121.06635309531455 116.63754736355563 132.14085847277013 115.91443779132574
2000-03-16 187.4513552326798 627.9911937638518 86.52519858612882 526.6169059867166 71.09505784333291 202.67631165622782 250.98041596977626 109.82159236481505 103.98583018457373 119.2046318231488 109.33623621655815
2000-03-17 167.0432205733613 581.8626685297901 138.75858115576415 469.1623264945973 136.66629793542143 188.3464222715812 251.69684073832744 98.68546725917591 92.64084281619573 106.19925368763437 130.54598135201442
2000-03-18 148.81859108284158 596.6549254014185 145.80886046184526 425.5414336568976 123.53789175067087 257.5167896040493 284.92928182206356 87.91875628028023 83.08559110315335 106.86440195653321 127.15557223153422
2000-03-19 132.5822920311549 589.091966132523 136.46605379956165 397.282865906354 293.5592461900124 229.42137775786296 295.7893652909535 78.32670727059457 78.02442174110692 97.5034264628977 159.67841020469038
2000-03-20 118.60237549631638 543.6834964123124 121.57743239970004 497.0085199253849 340.11364573738956 205.83769686169722 269.0720480606938 69.7811631035263 71.42691041572603 86.8656776500864 246.03880950324242
2000-03-21 106.75841492201226 496.04791310396695 108.31317867968652 442.78425330635264 305.5447983096552 224.40725711961218 246.88044940836065 62.167948759273514 63.634142930095166 77.38852086885389 264.2789786700486
2000-03-22 97.38466457781357 451.38580709377584 96.63925402245492 394.4759236833569 316.3249830412282 200.5464878378468 219.94547591181936 55.38534585905107 56.83380664038342 68.94533404083883 240.10474477789782
2000-03-23 89.75113765516473 403.77087784429557 112.119288452337 351.438094746729 288.123152440263 184.89290158952414 203.3128722539462 64.71917419167113 54.4055150816671 61.42330971874082 240.01269378095333
2000-03-24 114.08633389588714 369.2329259697909 127.66390413007848 313.09574811554387 267.68116586301585 170.67371710614754 181.13117727247123 60.33244684431742 55.541998907898076 59.32387834723349 260.48130736628764
2000-03-25 164.00450267229874 330.4734723572654 128.11417940527667 279.87917140234003 244.08324313672995 176.74242537151218 163.4360508079923 59.2234629547437 61.95188779334762 60.31537394980099 252.6894427773637
2000-03-26 159.14384179417996 299.1845889614112 115.82549079122929 252.46414034584416 224.49388453289075 157.45960020449476 180.93965993366857 52.76210723021303 68.92956303660658 150.88039649597312 228.78931618225616
2000-03-27 141.9258996315082 402.0150859583163 130.28048152614164 418.7020946605462 201.70084331901703 141.37782977843415 187.73848075086582 47.012047769008554 61.40925935128652 144.18475329197778 203.8281085109768
2000-03-28 126.4416020526251 447.7756148115095 118.02509274325301 389.1312766744944 195.6504555140177 125.95332732307006 187.47063176069219 41.88297309456211 54.7094304380088 141.22270737881075 186.01072275411184
2000-03-29 112.64666118829459 417.98842888461877 105.14840383335876 366.7789378436399 229.50526617735724 209.2534280337538 430.5253230495587 349.34659677944813 51.821166178999526 127.94742529335869 209.92561692033746
2000-03-30 100.35676605544076 392.26410256631357 128.8254237766118 424.06474008752195 367.0224151738087 194.34324714882462 655.4834158156727 311.7492169276245 215.8987676528842 147.14379565418838 207.36786552357393
2000-03-31 89.50878980748699 381.5615046310217 146.65887914993732 377.7987333524895 501.0423356052995 173.14014976411897 845.6280033852141 294.07623550644547 192.84306981757518 147.84175397421754 194.2614950854184
