2000-03-22 28.490368709869013 28.490368709869013 28.492143354514262 28.490368709869013 28.490368709869013 28.490368709869013 28.500762179270247 29.548381682537133 152.4038752456878 28.600828299395033 28.490368709869013
2000-03-23 25.382032962967937 25.382032962967937 25.38361399160754 25.382032962967937 26.294903079606733 55.056969931722165 27.47327547917723 26.32461536409381 135.79800728401293 25.480441269682974 25.382032962967937
2000-03-24 22.926062955341447 23.21497155711191 22.61422916689234 22.61282063050397 23.427759509825766 58.78258391898582 27.11623323038278 23.452566083408655 141.52916310965668 22.87545452789291 31.797565656326388
2000-03-25 48.977500193631734 30.692237214433625 20.14698777651626 20.14573291325341 20.871760916203915 52.37570210362414 24.157817425742486 20.901177086642047 249.44631730547613 88.57694646557505 85.2266978820944
2000-03-26 54.730532507582204 27.343674791198136 36.28089387766536 21.207501640841226 32.09544252207308 87.61030686684902 21.52216857766233 19.304117226897112 261.67821403048987 83.27525578188799 111.16470144571986
2000-03-27 62.43337735927832 51.435426182118476 36.3740749923934 100.0748503159208 60.203660820692654 78.05191008355754 21.13144533959886 23.055470727074866 246.42615144212127 75.3140946416917 124.84081560505014
2000-03-28 86.90760727630104 68.27614810058928 33.94167857560292 105.67317287942305 181.96899982166852 80.04915615472474 39.578195929659 20.540089316873114 234.99379091186242 189.77754875424154 155.11479405130737
2000-03-29 83.46554634903258 175.17058628606617 30.258476378667996 110.83320815586298 179.90940910957283 71.31766828189976 43.919395084790835 18.299139242890334 229.07099450063464 225.330521513569 144.99367292948966
2000-03-30 82.62038788644469 163.14090827671603 26.9614409538616 99.62320634260713 163.6453235856625 64.88055236419613 79.49535515487555 16.322308882419545 214.7550371656289 204.44729124637786 129.17467735134196
2000-03-31 78.90651440596378 150.33719846282818 26.933673720728493 88.77082435085305 177.34331598556446 69.42534838599724 87.78531858588062 21.02989863556508 292.9468204753093 182.1418296986626 116.69436628336138
2000-04-01 81.1173631978785 133.9352173993434 56.80750845910142 79.59141198895466 164.37257742600585 80.24139290440864 131.284779398078 25.915564972073742 267.0142259667884 170.25149326614775 103.9628613360459
2000-04-02 72.85892094672371 119.82343106501234 165.26464849510057 128.75208188031098 159.13839961761758 71.76058993803049 117.61948829681 26.604218261785 240.8537231181108 170.7323090639186 92.6203798984851
2000-04-03 71.5623756305468 110.03799447978824 148.3514845821579 135.87713484841493 141.77880623323526 63.9314175887859 105.88577733131046 94.97102663417822 214.5767174552225 153.9896223571115 82.51537772523164
2000-04-04 88.16507861705836 98.03270822877708 162.1456536888854 147.51984634366548 126.37381532622365 56.98463343368525 123.31382774830922 86.11353247545699 191.16612252361952 145.96520171187356 73.51284424227477
2000-04-05 90.15203640671034 87.3372140968434 197.40117888384145 143.4877958004248 117.11261055233366 51.20003343133022 184.66133403811722 76.82013409823875 170.36463677679217 133.3408105215266 67.49032751527257
2000-04-06 81.89399931662511 77.80861208482614 231.77005621551618 133.8680714723557 104.33547461914283 58.89548370579095 201.45277252288952 69.19211860052708 171.64022634241678 189.56253399489654 63.37342636170876
2000-04-07 84.53426874306182 69.31959276665053 228.41922737642932 150.89485341650277 193.82410546947298 53.98493126068513 179.79752888444528 80.06597297075298 169.55364945567146 183.5514103058489 56.45930430980752
2000-04-08 95.13241995012935 63.88097399289759 216.68631548933948 220.27677127197418 173.1261667853533 79.20611262943056 160.18138800795293 135.800597013468 165.61798854637826 166.496610357386 50.39871324046969
2000-04-09 92.69146364357607 56.911477843828806 201.0278243455208 309.62340829510646 154.23788006562185 112.45083484295043 142.70539324622555 127.83950980768938 147.54885369694978 148.33161674210675 63.400496988874565
2000-04-10 121.26537303044105 62.65500946948179 180.9614930197743 275.84309755635326 137.41032963914589 142.35479047090854 127.13605191477538 150.08342804916222 156.6984946082046 134.3708764220863 75.00439911629452
2000-04-11 108.97716504387951 78.11438313042987 189.14764183018747 261.7793431284297 122.41868653475652 187.19569942368975 113.26534568029703 133.80391048259827 147.22239782559168 119.71084155983063 66.82317733127904
2000-04-12 120.17207623310492 137.117880270981 208.14011307887665 233.218881228738 109.0626509102386 287.83344314227566 100.90795127629904 129.7551926269193 154.78042976036573 106.65023529315435 65.72885805422942
2000-04-13 132.51820419340808 214.14001089060653 208.13934074382684 212.24854026339486 97.16377589291888 334.31067671728493 89.91310124834968 115.59873478337518 138.71899314873033 95.01455791203678 104.1327741478762
2000-04-14 118.2884686088552 199.52932423665814 195.2233181648633 206.88897177181167 86.66033004774283 303.226712683276 81.41102557211805 102.98676463715402 123.59020077553195 84.6544815354239 125.93585166033102
2000-04-15 112.71236191803278 181.21390776620726 351.4349742015466 336.84726716716216 77.20557695315283 310.83079419857216 83.58910755213121 91.75077660066133 141.39843661168098 75.41856908474416 112.5992904151008
2000-04-16 117.20090808292409 196.5477345629612 313.6678391101442 313.3879054157501 68.78234954084917 295.6408427826671 128.61379190586496 81.74064926190981 209.81713846724622 67.7393461135776 100.3250435171862
2000-04-17 116.70316962967816 256.2328349964694 279.44627578507766 953.642420310695 61.278107036623275 443.5313881127555 118.11343379894186 72.82263964739451 250.9212679886063 76.48097350060816 89.37945266683494
2000-04-18 108.82283820228393 234.5837228731578 254.5209933926694 849.5988098190488 54.59258700899418 456.0242455789513 108.44332808747714 64.9729806328526 223.5454360051979 68.13680125381707 79.62803980896837
2000-04-19 96.95012705880832 218.02898431087277 226.8288052109283 756.9064906013484 48.63646578627785 507.853604791222 96.62535356217964 57.88434515956546 199.15634238315405 60.70298889520868 70.94051859383782
2000-04-20 88.47494115200925 230.53837489151536 202.08149179972077 674.3270222288442 43.3301650238714 777.7668716014458 102.1601132989351 51.56908890304982 177.4281301386705 54.08021499402866 63.20081707946102
2000-04-21 79.86315447459904 258.4422661152221 180.03414200425865 600.7570797110693 38.60278847657639 701.719413129869 145.51664124654158 45.94283519939229 158.3380440411623 48.17999421493409 56.57465217447626
2000-04-22 71.1499819480642 230.3982880024492 160.39218633308988 535.2137122283252 34.39117477042458 678.3091799699832 131.84864987835272 40.930412986871445 338.58507291547704 44.435838219339296 50.75182128118393
2000-04-23 63.387427713238665 205.26153944311068 142.8931932038762 476.82121015534733 30.63905351831163 609.2579569666214 120.80086380452575 36.46485246295846 301.6450074418518 39.58783130910088 45.214732522694355
2000-04-24 121.89390431206931 264.702017602192 127.30336265631315 424.7994049095243 27.296293504497086 827.5005023560756 107.83407787258045 32.486490316426284 268.7351504633789 35.26874816723396 40.28174724552671
2000-04-25 137.24388007521333 242.6902331387797 113.65587897150719 378.4532453006741 24.31823289313892 784.2527588329054 138.53952999892547 28.94217257978272 239.41580106707545 35.22142757132754 35.886956985492894
2000-04-26 147.77774171563783 216.21241760851893 103.07299237015864 337.1635111144219 21.665082511935697 742.2021373808312 123.42468968780777 25.78454445152491 213.29523027320002 31.38017174458171 31.971643976333105
2000-04-27 175.49080412468322 192.62336569345325 221.9513598345947 300.37853985553454 19.301394238288193 752.9835466585008 109.9588978297371 23.436192289891007 190.0244472358424 98.15510018386846 28.483496635354467
2000-04-28 185.41584189858676 171.60790958017532 199.09050996605282 267.6468159031262 17.19558738521228 690.2591088407436 97.9622411246373 164.4268057494128 169.29253645773852 103.50451945391292 25.375910640591957
2000-04-29 176.21825651435938 152.8852666677214 188.58209559707046 238.4462052024385 15.319526759155814 651.9201878013041 87.2744350440942 149.81620688137005 152.0434726371247 102.97318073021059 24.62578818930905
2000-04-30 162.08210608562953 136.20528809681696 168.00754723164897 212.43141856028078 13.648146752248538 592.3562003510458 77.75268230720583 162.2514200257218 135.45533487402014 91.7386747153781 21.939083131050943
2000-05-01 146.8001287974612 121.34511656938984 149.6777084665786 190.42036954400356 12.728080763102112 537.4978653448907 69.31432468904684 144.54958211736533 120.67698420453495 81.7298677078239 19.545501038627624
2000-05-02 130.80266395019135 108.10620880425944 175.29828378821585 169.64526313456247 15.296191533624594 488.3521505722012 61.75204301423511 128.7790374160825 107.51097053686216 72.81303437467983 17.413061820724018
2000-05-03 116.93453227370577 96.3116828467266 158.71997147266438 164.7278714966285 17.651179664506294 444.3034031454911 55.01481596392915 114.7290793573347 95.78138583731426 64.86903898831072 16.375921052853094
2000-05-04 104.17685429704609 85.80395479008764 150.72389793195833 146.75584955833287 15.72541333677348 404.8029266561737 49.012629020991156 102.21198973287073 85.33151386416854 57.79174368168171 14.592219425490436
2000-05-05 92.81102595313126 76.44263333386068 134.279727460697 130.74459825111524 14.00975058395849 369.3616820518038 43.66528836748901 91.06053063158807 76.02173631856233 51.486590365105286 13.00018958099199
2000-05-06 82.68522405093441 68.10264404840846 119.6296370669691 116.4801949856922 12.481268836714488 337.54378469197167 38.90134943382423 81.12571001286089 67.72766743701006 45.86933735768905 11.581852233287158
