2000-04-26 32.830153017141384 32.830153017141384 32.830153017141384 32.830153017141384 32.830153017141384 32.830153017141384 32.830153017141384 32.830153017141384 32.830153017141384 32.830153017141384 32.830153017141384
2000-04-27 31.38880954312858 27.235336556431434 27.526709969422537 29.262904799945012 27.23553995226752 27.235336556431434 27.23787961091045 122.90524938841182 44.02155287510049 27.6110647512305 27.630525682090187
2000-04-28 26.039622525258427 22.5939719791988 22.83569040683649 24.276008108436095 22.594140712924993 22.5939719791988 22.596081653941443 101.9601044776612 38.388223569607376 22.90566969908909 22.921814156332047
2000-04-29 21.60202795605522 18.74357486785973 18.944100364197386 20.13896343202306 18.7437148464891 18.74357486785973 18.808140388413943 84.685292480778 31.846217353171898 19.97276606197652 19.015547161956395
2000-04-30 17.92067497758663 15.549350913177882 15.715703454332639 16.706941532756723 15.549467037068 15.549350913177882 15.602913370876957 70.25347828532708 26.41908026472016 16.569067021308435 15.774974502561678
2000-05-01 14.866687160373079 12.899477048838987 13.037480287599449 14.32936410348012 12.899573383243151 12.899477048838987 12.943911552737346 58.281090690065554 21.916819642764214 13.74541618846003 13.086650541107787
2000-05-02 12.333150810493184 10.7011867609541 10.815671900622991 12.32798533243026 10.701266678337305 10.7011867609541 10.738048869630777 48.34900157154339 18.18182080679453 11.402963483158409 10.858095659984636
2000-05-03 10.231372145894824 8.877522527405889 8.972497452072371 10.227086953150058 8.877588825507734 8.877522527405889 8.908102705800575 40.109509367222415 15.083329298625364 9.459704560085504 9.007691481280828
2000-05-04 8.487772313522061 7.364641696765953 7.443431278902915 8.63570381434801 7.364696696543624 7.364641696765953 7.464335024468428 33.274166774649345 12.512873443662844 7.847610009123701 7.472627646942038
2000-05-05 7.04131154833427 6.109581491267174 7.906242037500183 7.164033005349375 6.411146787109187 6.210177597177239 34.14484286842303 27.603682817720337 10.624186469993926 6.510243788707155 6.199164798870885
2000-05-06 5.841352299439154 5.068404891283182 24.081304466131574 5.943159932889922 5.318578331586918 59.16524227857937 32.473160005815714 22.899545772603314 12.523639474849634 5.400787518636533 5.142721679607357
2000-05-07 5.2715451270622165 4.206556782827812 43.36612115031424 4.930344397008781 4.412202123667589 49.45623683702726 27.210679681147372 18.997073689563184 43.234357286039256 4.484546976667517 4.371859122648651
2000-05-08 5.529462771258124 83.52597019606942 66.25760148068588 49.897985133894146 5.640956431337545 48.98972939980783 22.76539007393428 15.759649224067259 38.54351713059346 3.720303897120019 60.97370067920221
2000-05-09 4.58714826802332 118.85844450626092 132.29935001118278 41.39451978490056 27.916598538422864 43.651445296230655 18.885780403713806 40.50871557739054 82.97847456675997 3.0863008368378684 154.54936505059948
2000-05-10 4.01306559133458 110.50544860213988 109.93879220936157 34.37246774832243 90.31273807740315 36.22602349788443 15.66732220704124 36.53018786636699 89.58409492912514 2.5603426813709818 165.5535925822522
2000-05-11 4.5956251092764635 93.41984760093884 92.74641479991271 38.2898352455558 76.25834957598637 30.05249294911646 12.997344027731216 30.520470958455554 74.3174414759501 2.1365516437838066 138.42614332774224
2000-05-12 3.8124524266770248 77.49951665267933 76.94084825492592 31.76459607296099 63.26262977986954 24.93103700740017 10.782375542087427 25.319263604416125 63.98616999668507 1.7724469044758668 114.85225075613867
2000-05-13 3.1627456896642174 64.29228087649534 63.828819075744335 26.3513686388998 52.48160167270565 20.68236426564534 8.944875359346987 21.004430447437617 76.78195378962097 1.470391805565245 95.27947378051152
2000-05-14 2.6237600310751414 53.3357827098046 52.951302682620096 21.860647229646045 43.53784412245528 17.157737621980186 7.4205164605837854 17.424918248582102 65.37573009065005 1.2198120329665059 82.78205214335985
2000-05-15 2.1766266959640177 44.246458182626185 43.92750009144313 18.584287879691267 36.11825497728762 14.233767306463887 6.188125401314772 14.455415809992383 54.23596193063069 1.0119353155659605 161.64453349550095
2000-05-16 1.8056924861541348 36.7061091492525 38.61901715094287 23.84384223360986 29.963090017393487 11.808091264609427 5.133563583156451 11.9919670932623 44.99323155366413 0.8394843264495133 134.0975556817664
2000-05-17 1.4979717746730972 30.45076384002857 87.5037192388241 19.780445972693347 24.856869855838642 9.795791677023567 4.258717035164226 9.948331937050334 37.32561963648592 0.6964219189845212 111.24505141601334
2000-05-18 1.24269190624864 25.261435764571722 72.59159718702507 16.409521546285212 20.620836458170338 8.12642216504931 3.5329592186423584 8.252966970310045 30.964699203388864 0.5777397790064212 92.28700256043672
2000-05-19 1.0309160692919344 20.956457455058455 60.22075436337926 13.613059975984909 17.106695199385022 6.741541611129169 2.9308828779956184 6.846521029255682 25.687787800825088 0.47928309426742993 77.02857452765369
2000-05-20 0.855230436909271 17.385120670045456 49.95811356445374 19.977725813955814 14.191423380825995 5.592668258124184 2.431410586117586 5.679757397875706 21.310151852791414 0.39760510319326936 63.90159529952033
2000-05-21 0.7094846244065584 14.42240041572922 41.4444013082074 220.85431558448892 11.772963464100243 4.750882280191105 2.017056867972947 4.7118301340020246 17.67853952664811 0.3298464310056307 53.011676600061314
2000-05-22 0.588576377249447 11.964578083718685 34.38157042458647 185.19319362176313 9.766650251186816 6.112625025393429 1.6733160708714048 3.908854138733893 14.665815708597417 0.27363498902166367 43.97758526649176
2000-05-23 0.48827295185714964 9.925610480574562 28.522366050603672 162.00921815873642 35.33839539732388 5.087720141659307 1.5124247385120728 3.2427189103527287 12.166511270590673 0.22700293281537995 36.483056751110716
2000-05-24 0.4050629361470107 8.234117636472003 23.661669757320904 134.413002022718 29.498961615134114 4.220686095819146 1.2546818392283206 2.690104454745928 10.0931308178541 0.188317772120758 30.26572336428229
2000-05-25 0.33603332237857025 6.830883942499502 19.629318784816306 111.50674033524618 24.471836827380397 3.501409398204894 1.040862713762826 2.231664901432193 8.37308965903528 0.156225220779065 25.10792933312484
2000-05-26 0.278767528875785 5.6667851366636315 16.28414900164571 92.50409523693651 20.301419606536054 2.904709683570802 0.8634820039862303 1.8513512453014946 6.946172768733777 0.12960178602718325 20.829111130420422
2000-05-27 0.23126080058226597 4.701068566737067 13.509053045331385 77.02690697689016 16.84171241202128 2.4096977491853524 0.7163299841079754 1.535849504681577 5.762426786035357 0.1075154373775838 17.2794763250759
2000-05-28 0.1918500268007999 3.899926525567219 11.206880639764321 64.11446664455015 13.971598167347716 1.9990442677532596 0.5942551712293771 1.2741146268259402 4.868992335417762 0.08919297819010909 14.334759663977872
2000-05-29 0.15915551918374038 5.342260982572459 12.13732628063699 53.18827104730847 11.590600205861723 1.658373124093542 0.4929839827558885 1.0569838238341638 4.039233227959198 0.07399297768288035 11.891872806689827
2000-05-30 0.13203271174409606 32.20233124344883 10.068919446576801 44.12408501634843 9.736006352662434 1.3757581375659957 0.4089711272536443 0.8768558027079216 3.3508791852412845 0.06138331578892731 9.865302552773793
2000-05-31 0.10953209200623308 27.107149562536232 8.35300431721889 37.09659136601431 8.175927632235133 1.1413055515561092 0.33927549124865164 0.7274246600612223 2.779832379165993 0.05092255475117352 8.18408720530643
2000-06-01 0.09086596057000196 51.33673956899224 6.929510310781222 32.001950494220864 6.782610504700168 0.9468076738529169 0.2814571770263607 0.6034591256980312 2.3061016614073893 0.042244485314474244 6.789379547739276
2000-06-02 0.07538085541050234 42.58808599342465 5.748603894318648 26.548273829770533 5.626738313716488 0.7854555425974681 0.23349208694140475 0.5006194268389703 1.9131027153306388 0.0350453065093751 5.6323537966915085
2000-06-03 0.0625346755461849 35.33035178725799 4.768944016485823 22.02399642696044 4.667847547043999 0.6516005588407544 0.19370106401373996 0.4153053617986232 1.5870774739272753 0.029072990218768593 4.672504912716194
2000-06-04 0.05187770322299719 29.309458931874342 3.999850781588309 18.270732844063186 3.872366932664307 0.5405567409680014 0.1606911081724044 0.3445302644922429 1.3166124788090325 0.024118458203283667 3.8762306040118744
2000-06-05 0.04303686024113234 24.314628624475027 3.318208177562147 15.15708921249605 3.2124497447841662 0.4484366783323878 0.1333066102511547 0.28581644753417274 1.092239319021052 0.02000826271161308 3.2156549808194512
2000-06-06 0.03570264727147354 20.171002355257013 2.7527290668750655 12.574063413675137 2.664993669818435 0.3720154411797348 0.11058889654067558 0.23710846361063537 0.9061031618771892 0.016598514439331646 2.667652679117545
2000-06-07 0.029618308934657073 16.73352047854168 2.283617214513234 10.431229143968975 2.2108334213490153 0.30861768263669564 0.09174266763717294 0.19670114858987972 0.7516877717787273 7.927386331945345 2.2130392902382074
2000-06-08 0.02457084533494701 14.341817125971518 1.8944500006103888 8.653570279886722 1.8340698037332668 0.2560239804403662 0.07610815668198628 0.1631799273102259 0.6235873905033595 11.729115774824024 1.8358997550455598
2000-06-09 0.0203835553816167 12.868918499301413 1.5716034990470726 7.1788547212805245 1.5215131146850729 0.21239313963014214 0.06313803231071374 0.13537129227712763 0.5173174929728642 11.430594526102933 1.5334510266259864
2000-06-10 0.01690985085519256 10.675835908007262 1.3037755324350295 5.955455776332805 1.2622214015228868 0.1761977361823867 0.05237823773264853 0.1123017216325305 0.42915779345670146 9.482626803353138 1.2721248902249356
