2000-03-01 59.77486419537804 46.609042051993214 61.485549499285035 47.99142018836684 86.3222211585048 65.13836504396524 44.88616844693772 46.14321790719568 51.05299053988815 51.92576901251052 46.37750831316443
2000-03-02 49.65952466917656 40.06987923832278 55.16424404819919 44.288954710846106 113.71949109683347 167.1939480430324 38.50459920766729 41.40372479898749 42.8139512546723 43.076734801351876 39.60994429421685
2000-03-03 41.196697039189175 33.241290293757295 48.022807425968566 36.74136354626857 94.41673198604556 149.7626850907966 40.75025902796085 35.36234222959449 36.64420173596132 35.73572652720742 95.95519288503446
2000-03-04 37.9355578464505 65.24204416755336 39.83890425207644 30.480010288174586 78.32772751209235 130.68998437973636 35.36785820403037 29.33599765873302 30.48539221224433 31.788599312712503 80.11150475869894
2000-03-05 31.630504688738696 54.130882756930866 33.04967737366969 25.285698120520415 65.04610925093543 108.41818822100026 53.887755689627944 24.33751567075502 25.29016287319105 28.473726509992524 66.93878809824109
2000-03-06 26.973237286581234 57.33333983562788 27.41745022886106 21.655904485870717 53.96114590786686 90.06584890908067 44.82034865522944 31.641704140518357 20.980288975768904 24.4281706906467 55.531280088255535
2000-03-07 39.258788040850305 70.22990195269509 23.295684838234923 22.79133527401561 59.877500060648714 75.30777670316678 65.92738454209255 71.84053945731327 17.404890894292542 106.36164831566784 46.58336994836576
2000-03-08 72.48646928593682 69.3834783985211 123.64216801165117 18.9073041004165 83.00678584833183 97.1233520139918 130.82774430511606 126.32358599508049 14.954340970694671 90.4269431618858 40.11353545214373
2000-03-09 66.38059047602964 59.389613775972116 259.9087896349142 33.48912929314709 181.37148237934278 116.94698331400267 117.59335439434544 152.6336946092463 12.405866920689613 86.3549147739973 45.79919264257084
2000-03-10 67.32748657689216 62.54304037734842 219.33997107396894 63.05333948608256 152.20606714411696 124.95856724917948 101.48663750869609 137.20924476560194 10.449232801615706 92.30486047421297 59.265986402152755
2000-03-11 88.61731046483037 333.77561445493075 189.81186043238586 53.083704674403435 134.25102510066958 110.95674286211097 111.50480660365623 187.15210136841205 9.837740459354645 84.0161889229682 84.85791120492381
2000-03-12 84.50721203428587 281.545494885508 167.2831501125205 216.75246042138593 119.84226675872533 96.28250341654024 100.31994351091696 177.0503542982808 25.138994300680963 100.21661244220505 70.39667984291933
2000-03-13 147.07378188780135 267.89509598245024 240.35723868534254 197.83529168508514 127.70873955421014 80.58766614489763 206.8585093068812 175.34782716286648 87.44945656339857 131.6550685122502 62.9120208200603
2000-03-14 156.5115005467328 233.5007456140602 242.13062234975877 176.74720449152468 150.91623801309683 70.95368458535924 233.43704319716863 145.5050322999089 89.05559889185518 109.8043601975161 57.25800566863622
2000-03-15 133.27274941696166 198.29816956803924 284.83598889396166 147.04284579027492 135.6430787705442 63.028632889515876 215.28029517635045 121.09806962036116 95.97053492212694 91.19600741155699 50.84994156124973
2000-03-16 120.47942941835223 165.90608094372902 240.94378281032502 121.98424391206306 134.51358554511833 53.52075569735253 300.0113499138499 100.46509606146056 79.61552347136534 75.65465665541086 42.18424664583072
2000-03-17 99.947685489684 188.52364156059934 211.2352623932999 104.40830583484903 111.66578112387523 44.39990862701151 310.97416307480455 93.06322222074246 66.4128637497164 69.37484822889121 38.624162509240186
2000-03-18 82.92515302627821 157.78325672249528 218.5967956376664 94.96793566506457 98.77084634257717 36.867333246120495 263.14559207768576 81.31952115796992 56.87548057216344 64.13839636375127 42.64723008874786
2000-03-19 68.79395002092086 137.92458095239394 185.60225788009862 88.22999918808038 84.42932559138004 30.584512608635148 278.9671090816652 67.56595145936858 157.03370807442406 53.2081227353531 65.04278053236635
2000-03-20 57.11577013819937 147.49461309533896 189.01057048276812 82.98388565159736 73.02511816335809 25.372391468162522 231.42636892512692 63.81129396273021 135.59524624294738 44.1405536391062 101.74063347874338
2000-03-21 48.5272301656693 163.34418915517904 156.91258577733308 69.82800512373241 126.45377298599531 22.455988816810247 191.98737948060506 59.12826004601234 115.60751829662782 36.6182525412094 253.70411047253768
2000-03-22 49.2423728237669 149.26810434810386 130.7018688501055 61.4987481175723 127.04087608579499 24.48333898208507 159.55116253282628 139.44718802352384 96.51072896491465 30.383090357154458 229.9154183720521
2000-03-23 47.739194741566074 139.8091170155154 109.23707014969482 51.052814978705634 106.74279377145356 24.024085956199524 132.501709523458 132.92983365794572 80.59051329381407 25.205294994193356 190.81772624303514
2000-03-24 76.00107030142576 115.98326555428191 92.37635753952954 43.09310510599394 89.7245763159317 21.186040123890546 110.29263358298059 145.1560694820508 81.1011965739472 20.909884026814186 161.9133415531856
2000-03-25 138.17354758322617 96.46894582310814 80.09102982005086 36.35202951280866 85.53360518471294 40.63697788071664 91.89801871220251 196.86561455587236 70.07240559606996 17.35057914109922 134.38230086764213
2000-03-26 122.56458084643053 102.71485670393602 88.46617434889629 35.24851372138337 132.14030876606833 80.376514122182 123.52456680169428 182.13751598139982 73.86571186035582 14.393745350809686 111.48127117917116
2000-03-27 108.20635760557134 88.17136451140624 161.10160557612355 29.304643526800774 123.71659604700461 130.0768389678018 114.0787992775312 449.487041586666 76.39369136598843 12.231184551440164 106.564309881968
2000-03-28 94.1546685472529 74.33299468662588 140.69305796898811 24.585657879814455 111.65230985604407 129.82951398814922 103.84272199764725 408.583117787775 64.33594474121878 10.157276300138253 88.87979111170365
2000-03-29 88.30713629485268 61.71805277177903 116.99649599295923 23.58276403120458 97.99736320930121 107.83019309528659 87.04759391546766 411.79493781104185 53.37297299954479 12.367120388618636 91.11875376043966
2000-03-30 90.6671409404758 76.51673410424603 97.24987462409975 22.53039020612658 86.1101588664837 89.74540973458329 77.6365426373931 397.0023969547858 44.64408299926317 13.618010865109053 89.56083294560858
2000-03-31 84.00864643675784 64.60061245973064 80.67684192866975 18.925272899791164 107.14710890315558 81.18405365274181 64.4122017082986 384.2775151481273 54.1042143110107 14.347667376806724 74.2981437300723
2000-04-01 72.96370789405985 63.48025220053037 72.28726287246222 16.74064016652464 100.08239565810061 105.52812407152292 53.974561153930466 332.4943969217521 46.53848826113962 11.929053835187828 61.63647634995753
2000-04-02 62.621420265763966 74.03016513941536 65.13327820545861 22.12717533544306 461.98329672134327 172.27075840229287 52.47449879569187 280.1619762013128 86.55374986642289 9.896140168201962 51.132572445429986
2000-04-03 57.64628812452688 61.41700498147393 79.63966355616743 26.494761360084116 482.39338495979723 142.9128911299343 43.9224537797881 232.84520129159026 71.98200369480978 11.488410838031987 42.41871242026249
2000-04-04 58.47114385901838 50.95050273098085 82.20223082873844 22.595184080538083 404.55270771951893 118.55810376954057 37.57635705358892 197.98925772820957 59.91600706720364 36.126992419122836 35.189842351727016
2000-04-05 114.24686872814601 42.267670481860094 70.55139369885674 18.756269525322782 347.3876988543065 98.43152758802626 39.04792033151174 164.24852074158784 49.70530039079358 74.53039654989945 29.192894693990965
2000-04-06 144.77338089024025 35.169110814221774 58.52823625008071 15.689658999818834 288.18692647946733 126.14305041873756 193.29867843015538 136.547018790277 47.55635700360248 68.39696351293496 24.779579821022576
2000-04-07 120.60835478309694 39.32137634269605 66.73293766142685 23.047790531948447 239.07497262450175 113.16153682395013 168.23793550117452 117.93136212368977 63.92683302243132 58.37605779377665 20.86652771389438
2000-04-08 100.23571286596963 51.83306737223442 55.597796793395595 25.917206163446924 233.40516522129818 93.87688625861448 159.37916447894224 109.20817740188797 54.50940707268314 79.20347444127063 37.25573101086527
2000-04-09 83.30832539956023 42.999831097279476 68.96825108265887 24.869048406603934 230.00157748422788 77.8786681496151 158.43173114475584 132.161264104715 95.63315631213158 95.73518610305233 31.010068389102475
2000-04-10 73.39977215989991 39.44162905315276 146.96330815247757 27.633890908269386 229.03719462745292 64.60681850961305 131.43226949604087 137.3578832385608 213.30279617784825 99.69747347959702 47.18480188326662
2000-04-11 61.348466301129704 32.72010462563568 135.73841446429876 75.19458320807038 384.02619367501643 53.59671778047379 109.03397532844383 209.93214128204133 274.11425411983635 92.07362890672026 55.15756106164634
2000-04-12 50.893644207496685 51.56393418199324 183.82409275602782 65.47105493523905 393.3452422136934 48.49063020687723 113.72588206373386 202.9933770540901 227.40616204751623 76.4913428380692 52.11832238379896
2000-04-13 42.22299294140401 87.84617382000071 248.726415710637 75.14586205907591 339.33051408102506 69.36808463488381 626.2224449944911 173.1267331703584 188.65228423200708 63.455917027262984 62.34602275201095
2000-04-14 35.420904314137196 72.87569168298289 215.37559493046862 137.16557752084935 365.8007886130682 136.93202888256494 529.4391379410226 143.6595352427252 158.62263963762854 52.64194948564639 250.87465155086468
2000-04-15 64.5541007512939 60.45643432524803 181.43433781965297 119.93879976749552 303.4621125671403 114.76987144155689 439.2137039519995 124.27432852076548 131.59064393469038 44.12761736399596 225.00517219317277
