2000-04-12 56.69628026787715 55.84614618052863 55.84614618052863 56.078495154653844 56.13202047022247 58.608736023665564 68.17160341098234 56.38718342030611 55.854486422629975 55.84614618052863 55.84614618052863
2000-04-13 90.05533528316361 66.0701154599932 87.64827637055983 87.82888434528692 67.95401295214032 118.67341840429269 62.68977327693812 91.53731490407357 66.0049411393787 68.80711340419323 51.123439755110674
2000-04-14 85.75177514478347 234.6193228866012 102.73046466491316 104.39259040648047 67.16742196954883 113.40467961417698 55.85755628793028 161.412508481721 108.43599357806717 158.77046179822457 68.38799449764322
2000-04-15 76.39614655474618 211.54379085492613 91.52243928393254 93.00322497648295 59.83937013346232 101.03208369938615 49.76342529536893 143.80219689818188 96.6054876789741 141.6354121282608 60.92677663413892
2000-04-16 68.06122903648486 188.46409210320172 81.84988426783269 82.85645391446624 53.31081814622687 90.00937457627583 52.49125471598331 128.5070091743772 86.06570513852034 133.5149961916553 54.27958720377713
2000-04-17 61.001588465479685 169.48470338465398 76.60214514198823 78.2027335535843 47.49453954948626 85.76631428570661 57.34101563679888 115.1559773524533 76.6758263837522 118.948338959658 69.76639591981821
2000-04-18 57.57997572833596 151.88243559771223 83.08429635521829 69.73142782425013 42.312824403302955 76.493395455903 61.52945537647054 138.412556193401 68.31039543763605 130.2006635044292 69.35462240813771
2000-04-19 52.80263638768397 137.33763417994592 74.01969312045604 62.12363966272003 37.69644102179988 70.33120492293176 65.54832445241088 123.33601213460166 66.16019393655343 116.21016717146361 61.78794420051714
2000-04-20 52.38435423535023 203.7164988948446 65.94404971815558 59.43886016203484 33.583710984774406 68.81899176046444 62.40545254010369 111.4433952228673 58.949061322460324 106.12290565246131 206.1297267321549
2000-04-21 48.04553287547985 181.4907677294549 73.42535348968434 54.13143307205371 30.163578779634026 77.1429711912833 97.98377721073759 101.90590644906057 52.51764316775616 95.34438129011279 206.54427503692065
2000-04-22 42.855862219759246 162.806189140427 65.89187066338123 56.4685802770463 26.872693669301093 68.7486058847365 115.11510392854059 93.43703421067667 47.45650261500046 90.24438202850709 206.35886617977064
2000-04-23 47.121996950361314 218.89138405102167 65.48020872690672 102.33258352171681 23.954534270651976 85.31396664365387 122.28394760445407 83.25612663776592 75.25366364024222 174.04664975760102 225.9522541010011
2000-04-24 69.21634833879634 195.01005346301994 58.33623401836306 125.20126003124312 24.22466794098276 142.48263563217003 182.21870202288596 74.17530712377517 67.09502553409396 569.5940557429354 201.52550829610254
2000-04-25 77.7484291397412 173.7342066546835 51.971676108094506 111.54164207138977 21.581725615996916 129.0656615076722 214.3019194344051 66.08268603423727 59.774872241917656 507.4506141217381 179.53881701357807
2000-04-26 80.34658070778956 158.1441530715414 46.3211387289304 99.37230594066969 20.792883730493777 114.98443239312007 195.03874164851936 58.87298027917249 53.25335705732699 452.0871016405844 159.95090193382964
2000-04-27 74.93815436127534 244.8795764243109 41.26744311640491 90.88245506131878 18.979866417632152 102.43948342512516 175.1492313094883 52.44986266381624 60.82408897779342 646.3147013143359 143.1156548611073
2000-04-28 66.76230566026305 218.16290073516785 36.765112173334515 80.96706271557589 16.90913866194336 91.26320447040254 156.0402256568889 46.72751541383073 54.20956449079564 587.5781852793901 127.50155346157571
2000-04-29 59.47845253282188 194.39035321293505 32.753991307509494 72.13345238489502 15.06432995878259 81.30627187606132 139.0160370160516 43.85882458140648 48.29523151579589 523.4726520726354 113.59097053981974
2000-04-30 53.65622009197064 173.18211649625164 29.18048886984003 64.42899309154765 13.420792249922517 72.44226303997415 123.8492091785503 44.29928172098959 43.02615984971347 466.36111471303474 101.38437954889815
2000-05-01 47.80225770019257 154.28772559134148 25.996860128848915 57.39970735633258 11.95656661188377 70.36562001160455 110.33710169986522 48.537710750741475 38.33195065661107 415.48051928834224 90.323213779567
2000-05-02 42.586970109315715 137.45473695411457 23.160569364465193 110.22338083980495 10.65208986788683 62.68864066948869 98.29918246773018 43.242184289302145 34.14988570379354 370.15106204626665 80.46883537453206
2000-05-03 37.94067707987032 231.67869162884318 20.633721558202453 98.19786869927664 9.489933208816073 55.84922961440781 87.57461565474411 38.524406552927594 30.42408939814876 329.76710669530416 71.68958228541659
2000-05-04 33.80130057583301 215.9739093690275 18.38255608666725 87.4843553482989 8.454569330971676 49.7560070726014 78.06466891017166 34.32134441512048 27.104782245397814 293.78909263969496 64.72299349045254
2000-05-05 30.113535354485943 256.7861880881427 16.376995653754747 77.93970003713342 7.532164979391292 44.32756292076225 69.54771346412191 30.57684174428393 24.147615757897945 290.93391503831486 57.66163193484969
2000-05-06 26.82811004598532 228.7704858038704 14.59024443492001 69.43637885532472 6.710396124961258 39.49136898439231 61.959968774777835 27.240869114762567 21.513079924856736 259.84489859575433 51.370673976637626
2000-05-07 23.901128850096278 203.81133255101082 12.998430064424458 61.86078091451576 5.978283305941885 35.434907488086324 55.20005675746501 24.268855375370727 19.16597532830553 231.495487074264 45.76606759579176
2000-05-08 21.293485054657857 182.6888594193406 11.633319289184287 55.11169041990245 5.326044933943415 31.568913658557612 49.17765980649955 23.156197349341685 17.074942851896765 206.23903268973532 40.772930955414985
2000-05-09 18.970338539935156 162.75727067521117 10.364934733017853 49.098934349638306 4.744966604408036 28.12470471149203 43.812314082752145 20.62982653553323 15.212044699074376 183.73808985378867 36.324551923003774
2000-05-10 16.900650287916505 145.00024381256586 9.234107067253886 43.74217767414945 4.227284665485838 25.056263375543807 39.03233445508582 18.37908601596411 13.552391122698907 163.69202872429483 32.36149674522626
2000-05-11 15.056767677242968 129.1805313426516 8.226654149387134 38.9698500185667 3.766082489695646 22.322592922658707 34.773856732060956 16.37390417221346 12.07380787894897 166.88830845175207 28.830815967424837
2000-05-12 14.6705997942058 115.08676978185622 7.329115636272899 34.71818942766236 3.355198062480629 19.887169420365254 30.97998438738891 15.555626849794693 11.892771760343047 148.68058007227546 25.685336988318813
2000-05-13 13.088326554651397 102.53065567356803 6.5294997254578435 30.93039045725787 2.9891416529709427 17.717453744043162 27.600028378732507 13.858488020351537 10.595255116425246 132.45933819875228 22.883033797895873
2000-05-14 11.660373350141095 91.34442970967027 5.81712293550809 27.555845209951222 2.6630224669717073 15.784456829278806 24.588829903249774 12.346509212694432 11.222231920337546 118.00785460698607 20.386465477707493
2000-05-15 10.388211670678473 81.37863533760557 119.96197436458803 24.549467174819153 2.372483302204018 14.062352355746015 21.906157041376066 10.999489231097359 9.997872032502315 105.13304639985542 18.162275961501887
2000-05-16 9.254844461177962 72.50012190628293 106.87396918699572 21.87108883707472 2.1145661058016976 12.528131687771904 19.5161672275429 9.799430856183104 8.907091377887461 93.66289627182002 16.180748372613124
2000-05-17 8.245129067051664 64.59026567132578 95.21388215126461 19.484925009283348 1.8838642330817414 16.94231697148454 28.00831833205106 8.730300388278415 7.9353162909188075 83.444154225876 14.415407983712413
2000-05-18 7.345574916737981 57.5433848909281 84.82592555772698 17.359094713831173 1.7221705843327633 15.751623861918201 24.95257489929086 7.777813424897346 7.069563111617717 74.3402900361377 12.842668494159401
2000-05-19 6.544163277325696 51.26532783678401 75.57130834444682 15.465195228628934 1.5342795660010577 14.033101507211706 22.23021699207903 6.929244010175767 6.298264713952453 66.22966909937611 11.441516898947933
2000-05-20 5.830186675070545 45.672214854835126 67.32638173225598 13.777922604975608 1.3668876986192586 12.50207214430817 28.1156694929964 6.173254606347214 5.611115960168771 59.003927303493015 10.193232738853743
2000-05-21 5.194105835339235 40.68931766880278 59.980987182294015 12.274733587409575 1.217758498541696 11.138080047462193 25.048213910967934 5.499744615548678 4.998936016251157 52.566523199927694 9.081137980750938
2000-05-22 4.62742223058898 36.25006095314145 53.43698459349786 10.935544418537356 1.0848994853553011 9.922901236828556 22.315421664986346 4.899715428091552 4.453545688943731 46.83144813590999 8.09037418630656
2000-05-23 4.122564533525831 32.29513283566288 47.60694107563229 9.742462504641674 0.9665355608141514 8.840299992123748 19.880780556097495 4.365150194139206 3.9676581454594038 41.72207711293799 7.207703991856206
2000-05-24 3.672787458368989 28.77169244546404 42.41296277886348 14.167742680498804 0.8610852921663814 7.875811930959098 17.711761913056634 3.8889067124486725 11.7024198399418 37.170145018068844 6.4213342470797
2000-05-25 3.272081638662847 25.632663918391998 37.785654172223396 69.57163910338078 0.7671397830005289 7.016550753605851 15.779385984349041 3.4646220050878833 10.425670834544224 33.11483454968804 5.720758449473965
2000-05-26 2.915093337535271 22.836107427417552 33.66319086612799 61.98128409612424 0.6834438493096291 6.251036072154084 14.057834746498198 3.086627303173607 9.288216782248568 29.501963651746497 5.0966163694268705
2000-05-27 2.5970529176696164 20.344658834401383 29.990493591147008 55.21904654992929 0.6088792492708478 5.5690400237310955 12.524106955483967 2.7498723077743388 8.400828470014073 26.283261599963836 4.540568990375468
