2000-03-08 21.86627725096663 29.037682224058837 21.760115684931947 21.191600033842406 21.547500992520288 31.614629806402487 21.02685653740226 23.065179013843238 24.721424938239416 21.60356660096741 20.99307403820153
2000-03-09 43.469705956526965 24.149920004848315 21.807099815853284 17.587584490446474 18.17704358330008 43.98108775104047 24.059377601862852 34.70264630371391 39.99225137392346 44.635454879720854 20.65516937824402
2000-03-10 59.86719847832106 20.973869791307383 46.29653876719914 39.10585887973297 15.76487672538765 52.09496927247614 22.461240753017282 29.966240944876645 37.1239570853966 50.885718615468996 43.20632326788846
2000-03-11 49.68087856921531 18.64561754316269 107.80419733285842 54.379183789341326 13.45285849947048 45.58086173036213 104.91022292796131 27.2975057923492 33.914998185198506 42.21436985361362 35.8432309149607
2000-03-12 45.605634526409204 17.04720423277493 93.57208585802736 49.66105250813973 41.66258890684176 38.2673338379214 88.53260416264563 25.4981709438799 32.788444262431625 40.96460775660507 45.58938884835555
2000-03-13 49.54315849482991 66.19469281455952 81.25953924857643 41.19796450840691 56.37281670448023 37.6508665139585 78.03488639737395 31.053771990517344 32.8603517364855 43.14949081301496 40.54453864895161
2000-03-14 42.540376636792416 58.4205732459613 85.4304998939397 36.714891457957975 47.21834562547525 57.359661171670744 71.75258510810546 36.62916653938807 36.78675285343588 38.57500262350895 33.635059667643525
2000-03-15 38.8118956937712 50.36381622264543 76.21309651603435 39.4342068260017 39.53972839285526 48.209100537413676 64.90386122617086 30.860372379996974 36.14919985513268 32.00152165777491 27.903073423557288
2000-03-16 32.19768854141611 41.83825680498119 63.225088611013256 33.90518008820874 91.2794765885753 39.99344984879353 56.887091384295104 26.150370840097022 37.98173175088059 29.16173850522283 23.147915127066778
2000-03-17 26.710654784543955 41.217688376886585 52.45045815753584 32.10582957463328 76.78689453817309 33.70399383197554 47.1925634570982 21.733425216631687 31.513471241132386 24.192082271005688 19.2031166816743
2000-03-18 22.158704905209678 34.37139187042496 43.51200799197028 26.767128928168752 63.70110169082438 30.396462327804617 39.43289377685824 18.02967991011067 26.761578176841123 20.07035884505979 15.96517314617698
2000-03-19 18.38248470645099 28.611650551072668 36.0968217628673 38.77209678167948 63.258609735960846 27.394228188268343 55.61964045834247 14.980853941156921 22.355541081347155 16.65002833426233 14.439153827434298
2000-03-20 16.597506533841106 23.755235223595506 30.281372782030292 60.29426670718367 57.8304321346989 23.52602118919895 47.489612217988686 14.830867017789245 18.545776650316892 15.219682524664638 41.21573351604409
2000-03-21 31.780680924573915 20.192463335888036 28.144289467666194 58.41184616756498 62.74591993999646 82.27376526723593 45.03923717160662 12.303435029446819 16.324401361078866 12.91852841452233 71.40355460377683
2000-03-22 26.54911858936067 18.414711572656856 23.348023854573515 91.11479656180816 56.72739892766149 93.68685905090904 38.51361754436908 10.54272264751531 13.719328377540178 10.923902360962005 59.35258191637821
2000-03-23 22.057327359233636 22.024925836182238 19.5938480919981 113.87778452610137 51.517030857833404 77.9766996453012 48.348958765936544 8.74606339410928 16.63724718509015 13.43698313898088 50.14567399880719
2000-03-24 19.827154222438743 19.518348439709822 16.599446590056704 94.63295286119654 42.73765258019117 65.6062237231227 40.980819750503066 22.680634995375215 14.35393195436714 13.797511116678054 41.59999825445451
2000-03-25 21.55923601113845 16.229626470880742 41.01893885125128 78.50729931552918 35.45442968375972 55.305008809116366 37.43004123326441 29.45696776285646 11.916429978856467 38.31803937368219 35.34895534404474
2000-03-26 18.054402558523513 17.02774440767823 116.03447595834095 68.91836734161687 29.813046818299394 45.88009466133703 31.051325584037784 44.756774017052315 9.96612562320654 289.1965164226 29.585684424460734
2000-03-27 15.37151601156299 31.093568943413068 96.26022770056358 65.23300756213939 34.379435310305354 91.86999559136332 25.925927715089923 47.05510482447124 8.772905312129783 246.9373607564152 24.55053316699466
2000-03-28 33.18111305545782 52.739428085485464 81.98586557628299 61.29439753714071 28.590486587534375 76.23946047505866 22.05283572787282 58.35704243881909 12.795232278111206 204.85503448753096 21.491903738419406
2000-03-29 28.70252856967169 44.994063270575246 70.77113807197952 77.2506303857764 71.40466449808908 63.2469643660321 18.297092150966623 48.41200985049535 11.333526993785691 170.23218897182176 23.584611267966586
2000-03-30 53.20694028491641 39.83705838573122 73.48311363970326 68.59979846201549 70.54690992674283 53.21984285734346 15.384499035134947 40.16177996377399 25.888293611258916 141.32081178019607 20.44264296280994
2000-03-31 64.03278431034073 33.39773033677694 70.66662163304835 56.91363012973052 87.89498063985663 44.15027645296942 15.644654565067823 33.31752957251178 21.476488062855204 118.77110980953496 120.9165195873565
2000-04-01 54.24798251930712 27.937897678072396 60.50699026474065 47.21457954893092 85.31807271737273 36.62631842222127 35.34382072121111 28.699910133177433 17.95909940425612 104.78510874856157 101.2839664316492
2000-04-02 46.80231270988382 24.712833963303748 50.19556999982399 39.18303004949915 82.83140942231232 33.118718282484814 29.320786941916825 23.80895730849304 15.05005748437714 111.71094794515368 85.3316171844844
2000-04-03 41.008801340423624 20.50134673153555 44.9494437429433 32.50557529054618 70.43289422818417 27.474725392541934 24.324026148935825 20.202306839326006 13.588382904755541 94.07060854065463 71.12517272063566
2000-04-04 34.905537382219656 17.007568554491296 51.73329551004587 26.966072394977584 59.14266515127808 24.339563530477204 22.7787266179928 16.759490146088112 13.689528148934025 80.65821334142927 59.00423356751674
2000-04-05 29.136190641215872 14.109189602202317 56.28325670054234 22.370595010593977 51.952322282555905 22.817931004046393 63.03650096268656 14.972536422542966 11.364918144632098 67.58470531072118 48.94890860321233
2000-04-06 27.013850294260035 11.716757065021573 97.66298700090611 20.09079684172709 45.050179652951364 23.715121656964016 54.474631125289825 12.42924268642877 12.087548586114423 56.10318456429807 40.678386580484776
2000-04-07 23.287515113519703 9.765268999109695 81.83866241542532 16.86484444815263 38.76322830201717 23.30724886090242 45.68687198397048 10.3110883318066 65.92807817161946 66.84701344436876 33.74609763511099
2000-04-08 19.329231190500558 8.351287144887605 68.30463524514974 13.990788111084639 32.93384654132741 19.335297237260612 38.13327119496971 10.681664080875725 224.725067364299 70.08045353512453 27.995188632795596
2000-04-09 17.668432204921427 6.928085773821524 75.87324910914901 11.606519856796695 27.3213589404401 16.66832091837442 31.974953464940768 8.920480159055662 187.5784193764549 59.11537464873754 23.235485008712576
2000-04-10 14.65778414700396 5.7474221226859745 65.72020161367716 9.687918449594163 22.6653346858732 14.947483569081653 27.076956988427543 23.088110654545442 156.704978940797 69.33763129397866 19.275763166068284
2000-04-11 16.42803541854138 4.7679636388394115 59.18524747617086 8.03693237031877 49.41559089885543 16.08162110017916 72.31096486683647 24.97966957897404 132.07398880315176 66.75955800138614 16.012269899630343
2000-04-12 13.829000177507453 15.607875262468042 87.83153647848849 7.005324802586531 41.01144209403147 63.699985600841615 64.7744332816518 21.87017938225336 111.62845423852258 69.32817688035574 13.28350676651311
2000-04-13 11.472303338846089 14.299345845097658 84.72517726228386 5.811498307241267 34.28153353964209 53.46374214870455 53.73576814450725 25.545355439847185 104.79393943018948 57.513476382346795 14.82023043910183
2000-04-14 9.623681410730313 20.788998781394973 71.33335169885912 4.8211201517165305 32.82972962481925 44.35261115675885 44.579759738609354 22.156366462651658 91.87133070751389 47.712201797708694 12.29461110467783
2000-04-15 7.9836424154430095 54.28333274097164 101.68754290116766 4.272986438030072 66.88569046013363 38.31571666341684 37.3434775463785 18.757433637929708 77.1839050989478 39.581231105759144 10.199400261446351
2000-04-16 7.141114663635352 62.205032156960954 209.23779004070056 3.544796872560591 118.4248789168971 98.85532728580198 31.050995573804308 19.486703949823244 65.31446592893569 35.81020966657704 8.46124898197179
2000-04-17 6.03066716314501 60.773779933994405 187.7262215765692 2.958294554889895 115.37683900859481 82.20114962114155 25.759377801962913 16.84782656658318 60.40796648211781 29.70754086696871 7.019308243597482
2000-04-18 5.286751831558844 55.976183076049416 161.0273755771809 2.4541508470414737 97.97959142901072 69.58864113972177 21.369541700107533 29.069849113351168 201.43085551608243 24.64598553896365 5.823098732068664
2000-04-19 19.522029437503317 46.503465733207435 138.5549124939746 5.364407211990219 81.28220257874801 58.81297016774236 17.861303901647993 29.750401085769422 172.54968986332665 20.445890415683817 4.830743666849217
2000-04-20 96.75262801086916 39.41208827886985 121.77759667238648 4.48183280012889 67.43033278353157 66.4635235950176 14.817433925577337 24.68042673564976 158.9142057147285 16.97561316759116 4.007502783061131
2000-04-21 100.30543211797043 32.69559810173023 101.15905664918165 3.740482529900022 56.511685902160664 56.311317293929974 12.292291164621854 21.265688879762443 215.76113585459126 19.453336295170327 3.426985752918894
2000-04-22 176.5921282781864 27.123712087161877 84.4502169956956 5.699746921135687 1087.2667290182005 52.96002576067411 10.197475678634138 164.787428234761 190.5900322895471 20.76050121473765 2.8429690932643528
