2000-01-04 55.3524197748542 57.34322359519927 45.785370912208016 41.4655825507115 76.6096737573663 43.7400331413075 47.52334389769523 66.93340421899165 39.19034686733421 43.125408664579 63.71219670192664
2000-01-05 51.22317312363214 51.403701159809415 48.995068273296525 37.166501822953585 93.9067203158527 39.221153982546426 45.50601390216672 115.53619242372872 34.91462978758331 39.09612152362397 93.86928753017462
2000-01-06 46.088295805140284 45.795832287246405 112.13884363170727 33.28305062322865 83.8534797738548 35.040549840385374 51.7927483230605 105.13922100150447 33.11493598102864 34.83068454965552 90.90698305384197
2000-01-07 52.138900129569016 61.4558903778325 108.63700456965107 63.236252820429144 78.36577263900216 33.692952507605995 63.65351619093722 98.16643314131441 29.971941955259236 31.442215692455704 86.35795330611512
2000-01-08 57.737428289641414 79.19824860133365 96.78456811370833 95.51399394293603 76.71565391182934 42.72407008049515 70.6033769723577 94.4520758633729 30.866661007708384 43.9641910138419 78.21658656274398
2000-01-09 69.89136512630235 75.28324716776791 87.00675713330155 85.09329476822583 97.71375187777491 71.06840747607865 72.3781663108065 88.59477109862297 44.960553805486946 39.239318133116356 69.68305670606149
2000-01-10 63.761041761829865 70.79918165705318 77.58310261637372 128.65418601472825 100.26293119865383 64.97716952499113 64.48161558764579 78.9409120623879 41.17270543404751 46.35938782474864 62.08054589553076
2000-01-11 56.8222977703683 63.0749001836537 69.11868667027774 114.62084008230609 89.45612895647437 69.1291602099474 69.66666607283588 70.37485472156672 38.72778820055684 41.40337054350487 55.30747875978085
2000-01-12 51.47738825183828 56.193347720446944 62.25464166584047 102.1155595014953 79.6963506171199 69.60733497749254 62.55986789244012 62.6968678607564 35.88396999985933 36.88621155609608 49.28698141192765
2000-01-13 46.5044355262744 50.062581452160536 56.92542475231675 90.97462106206571 71.24257806577455 64.84164608642791 55.73450611240387 69.2718538265046 32.21725596954209 33.73102652791774 45.11554181879506
2000-01-14 43.275592453294294 49.57724205935043 51.46441789683735 81.04917328749747 68.76675517779177 57.76733938050817 57.07601574640177 62.10305004551297 40.8308306656444 31.931593790977256 40.1944408897697
2000-01-15 38.74910042145007 44.316009306561185 45.849583934131125 72.20660458816572 66.04915592993554 51.46484860447267 58.71024156411722 64.68136685890964 50.508412065226445 28.447815976559657 35.80960242299191
2000-01-16 40.349751621852874 39.49356557673313 47.79242639299992 64.4095860653702 59.0163551445732 46.028308854106925 53.3345688656512 121.50173398576963 44.99787956421429 25.42651335437745 31.90272889575868
2000-01-17 35.9475419971898 35.18476694710297 42.578211410340145 57.482736976162556 53.00420414031365 42.79465211159757 47.5156990349763 166.95357010933427 40.08855322279188 28.1087261453655 30.441332389713907
2000-01-18 39.9430708351455 31.346063771240615 41.6905110253479 55.19613462964131 47.599756401005514 38.396177931260766 42.33167536180254 149.28452038471957 35.71484067828605 28.06815204727575 33.790566473344875
2000-01-19 40.6447460537829 32.094606004722344 37.14202283109813 50.01862909730031 42.807932987483106 34.21990221020715 37.713235316562866 133.76075916408487 34.114732300656655 25.061925382146683 92.01086749830624
2000-01-20 37.00650563994706 28.5954896299377 33.08978052936454 50.22427818696694 38.137532624786246 30.48646701396132 33.59867300045082 124.09998027361344 30.39277127635584 22.327637197083316 82.12447888782788
2000-01-21 32.969048437482066 25.475685055906865 29.479643057156025 44.84485886793222 33.97667892845744 28.84869922381625 29.933014707318062 127.13942626650143 27.076880970837948 19.91155682760683 73.16459296910921
2000-01-22 29.37208299125952 22.696255160054424 26.263376210855053 39.95222728062523 30.269779704028615 25.701269158514098 26.667284432825582 113.26835188592432 24.12275854815807 27.515730519611356 65.18224208943907
2000-01-23 26.167551086024773 20.22006462867855 23.648218083854715 37.22640875226632 27.749985848677795 22.897227747900047 23.757849517488136 100.92417090258988 21.490934668562936 24.51372904861677 58.07077592299454
2000-01-24 23.31263771941131 18.014029658404535 48.430649990017436 36.87352153392501 24.722426820999605 29.235169557526376 22.084350557807653 89.96564012289846 19.1462461478605 21.83924978625228 51.73517983121072
2000-01-25 20.87637999033644 16.207820340118882 74.81351927550106 33.232994308251605 22.025178364146893 26.045575083415713 20.266520006376204 109.07406350812903 17.139343007992537 19.456559639718833 46.590549322095875
2000-01-26 18.598740172801364 27.008024281928716 71.34138215647525 29.607232029186555 19.6222031714308 23.20396945504302 18.0554166948461 98.21817919964029 15.26941871558814 17.33382404244657 41.50746066850947
2000-01-27 16.569593778973964 51.56378420989611 63.55794591356386 29.03885760624796 17.481395652516998 20.672386643265416 16.085547588928073 87.5027879361705 13.61795429168723 15.442681619885844 36.97894350283563
2000-01-28 14.761829857794044 46.17391665612814 56.623692542027065 27.824599363982795 15.574152978131494 18.41700276138663 14.330593727561446 78.17956352075305 12.132218022157888 13.757865259805675 32.94449336486029
2000-01-29 13.151295297714503 41.13628316046343 50.4459751020646 24.788899906140774 13.874992924338894 22.573701805650785 12.767107582074477 76.00779666753718 10.808577484139583 12.256864524308384 29.35020690853695
2000-01-30 12.782141218294969 36.648261936714896 46.621737812108 22.08439915048999 12.796884183635092 20.930061251071727 11.37419977922996 102.57827290570206 9.629347825540487 10.919624893126137 26.148061711969298
2000-01-31 12.290849783821603 32.649889581490676 41.7540587791051 19.674962894071125 11.553656192845299 18.858586369776386 10.133260003188102 91.38685184073987 9.706646187645614 9.728279819859415 23.29527466104793
2000-02-01 36.83199747662985 29.505795739585324 39.536132599800595 17.528399221786707 10.29313749204007 67.95770187257985 9.027708347423047 81.41642915979625 8.647638646015286 8.666912021223284 21.43686103528083
2000-02-02 37.10520270042642 39.17395351331948 51.72020208713972 15.616028397741898 9.76545619551648 62.75766543404978 8.042773794464035 72.53379237402622 7.704170184675879 7.7213408099429195 19.098072017284284
2000-02-03 44.985080087835314 44.25483344687176 57.853992123050126 13.912299681991394 8.700032406641267 57.32968149746724 7.16529686378072 64.6202626478775 6.8636353418627625 6.878932629902837 17.01444787915045
2000-02-04 42.59205653654649 44.463435467306454 51.54204742172664 12.394449953070383 7.750847718856115 51.07493975748749 7.788150284209878 57.57010915888609 11.022666861761897 6.12843226215419 15.51056765903187
2000-02-05 37.945208571370124 46.41049900492416 50.88903990134635 11.042199575244993 6.905220297229885 45.502598359040654 6.938453104886899 51.28913645285102 11.177675359794671 5.459812446563068 36.10254676629402
2000-02-06 33.80533767580146 41.34705407174042 45.33698041550203 9.837481447035563 6.151851911278757 42.67651455391632 6.181458977020597 45.84679679673022 9.958176649829927 5.149243532770889 33.41939819062376
2000-02-07 30.241660553646238 36.83603747139284 40.39065773652443 9.323915647147137 5.480676981947441 38.45006663293348 5.507924658764451 64.52565926409201 8.871726812348543 4.749091517061032 29.773299009048284
2000-02-08 26.942256621678695 32.81717856463339 35.98398520231479 12.253086458210715 4.88272809775824 38.67251448166162 17.74112204353014 61.80013373841388 7.9038100448125945 4.230959544880832 26.52499392197015
2000-02-09 24.002821888061618 29.462223342558538 32.05808629032319 19.796158018070756 4.350016203320633 34.453293578976044 44.933385119412364 57.587446110551554 7.041494237348278 3.769356435037967 24.883542395736946
2000-02-10 21.384083251824975 26.24785700944978 28.56050798208131 17.636371802402838 3.8754238594280577 30.694395085222546 40.03109520459067 53.887505463319535 6.273258189846167 16.437669734494985 67.67346638397777
2000-02-11 19.05105235765717 23.38418216364973 25.444519950673175 15.712221031407111 3.4526101486149425 27.345597235517896 35.66365140352371 48.0083095410519 16.63956384231807 32.38994250836827 60.89717714738405
2000-02-12 16.97255812466126 20.832937914355735 22.668490207751017 13.997997576018273 3.0759259556393785 24.75622320899651 31.772701319603186 42.77054143020775 14.824166097535503 28.85615826134457 110.89882595949608
2000-02-13 15.120830276823119 18.560037682996793 20.44690790535038 12.470798097006258 2.7403384909737203 22.055287522891103 28.365737777727976 44.70111914887162 13.206830573793857 25.70791440548664 98.79962189058362
2000-02-14 13.590518409790985 16.535113780418236 18.267838309893087 11.110218038809856 2.4520303087191553 41.70331307577663 34.163025365405055 39.8451122656082 12.231733494933751 22.90314798990961 88.02045649507116
2000-02-15 14.137566198996785 14.731111671279265 16.27479373347873 9.898079009035374 2.184510658879156 108.16202630022038 88.37396523729146 44.432388441682306 20.60829588038652 22.479154134968745 78.41731186158638
2000-02-16 12.595139604310424 14.97455988190723 14.942971289511705 8.818185901201415 2.009038831126067 96.361410582328 96.35504025340802 39.584757906608395 27.79756585248502 26.157035474019672 69.86188261749854
2000-02-17 11.220993728278776 14.624804111163764 13.421533395793777 7.856110515703553 3.0338483368262916 85.84825716599096 85.842581848122 35.26601007689308 26.09977874620367 53.88079925073786 62.239861670800295
2000-02-18 12.217445433518344 22.30539580566802 14.550562923179427 6.9989987880091356 4.272782889917881 76.48922787381557 76.61261033610877 69.87946500065739 23.252259428739322 61.65029401613499 55.44941297974803
