2000-03-29 34.886713661545905 51.82519212828583 47.69113917360456 50.51157736460373 30.423426039633043 32.64087931782545 43.17167555869592 58.66263659444448 30.134713040858546 34.316074663287736 36.30712716075348
2000-03-30 30.667851741510773 51.05468597127027 39.56375791104362 55.59405575841303 25.309474080609206 30.691622975078637 36.50025172720644 71.71971729410102 44.825009429524314 121.19661762006967 108.94460791897203
2000-03-31 25.86125208642182 42.78514674672319 43.33561344547687 58.21169843742169 21.443885531048597 25.463499702273072 36.74072314376515 59.49745763344462 37.18606542348005 113.57647904298453 114.43669789135913
2000-04-01 37.30567100926891 39.40921914583349 35.951431057345765 86.41892530398667 40.84984224129002 21.124086261002702 43.78637521721245 51.53776103218053 56.983672727284365 97.7996815158604 113.19025396986123
2000-04-02 41.51349195105263 35.35520864531693 52.32779070523842 75.41529118031441 45.102699685578465 19.179418482722856 44.34348266764923 68.12852477679442 47.35579396598649 81.99343276963808 98.63427592960535
2000-04-03 57.020683817441196 69.59914605266586 44.52714864784441 70.25200274016328 77.70752813813681 16.264561380074596 91.70861260313615 58.15073357322806 39.31354207948409 80.52185048825095 84.33372634869237
2000-04-04 49.52230397024888 206.29768936961372 183.16450287639825 97.01525776496284 64.46484366689988 13.664838080327764 93.20052092893783 145.2980628235525 32.8973972523627 66.8566689955632 70.85086271568291
2000-04-05 41.34760600885538 172.84059323753866 151.95080185795877 84.35103313748425 157.29180488179915 14.363919460443057 77.51400526531268 131.03175781550772 40.61828345577311 57.33193923848217 60.24610326348541
2000-04-06 34.45067169910273 185.85407031431362 126.05580078960037 83.76320479937968 145.97704007528202 11.916063277878019 67.58526844428992 111.21305989293822 33.69623710510542 49.992240690098754 49.979142580839344
2000-04-07 28.580545336959723 154.18137566248276 203.24572471508282 70.26770342658384 121.93642590275643 12.654341994025762 59.502911584782 97.83374350285744 27.953825185148617 49.69702106463043 41.4618466225325
2000-04-08 26.463775474675636 131.73715248850786 177.89088794752766 68.39450580523041 190.34508810077722 150.01223681139592 49.362603404647906 81.33849015017314 23.19001792527939 281.0768899063179 34.39604276063501
2000-04-09 29.54543794230639 142.967335609089 188.6908647839413 141.0473149148334 239.26015925645993 124.47476688929872 46.64161152256346 67.47702799542805 19.245346468670725 234.2702323968414 34.69911251268309
2000-04-10 26.342708291323962 119.66082341163326 159.58735124747346 136.85609146233674 254.80711517908315 105.3346898806683 46.92363258676949 55.97779475239144 15.965612098905625 194.3466002473266 58.6335495976585
2000-04-11 22.526250175221882 107.72705796470862 141.61887785135158 113.53348578144454 227.62428986807498 120.84754196254876 218.02280047593064 46.43822643690226 13.260100801299183 161.22663405102546 48.75412661897184
2000-04-12 20.269730993202426 89.36853502848327 150.2097326612037 94.1854487875159 189.8027689072451 100.42172929661447 193.51889748903906 38.53729119053418 12.194544053415989 133.75087341040793 40.44559421606203
2000-04-13 16.81542407737095 74.1386166486949 125.4891636920226 78.13696152778208 157.45714885434796 83.63401977588781 164.69086318938693 35.071485126452934 16.1722338373197 110.96141291260075 33.55297704899921
2000-04-14 13.989664887410786 61.50413539653891 107.26415364807032 64.8210943029978 130.62377260395152 69.38136032975942 154.28523443340367 54.05350410735648 14.419665031804442 101.1315456295846 27.884115868157533
2000-04-15 12.474208419796469 51.022784641374905 105.89548847677975 53.77447733418951 108.36326005796158 61.249470867282405 128.08889948589 44.85005290192514 21.136363136575245 87.66400355891072 23.990654725175567
2000-04-16 13.847685467040675 42.53562657713536 87.84909613326433 44.61039178154611 89.90606503395355 116.8207040517647 107.83665711034355 40.68747603610828 17.534367363533892 86.280299437654 20.997073442186554
2000-04-17 11.767167387234556 37.81304986861293 72.87811598436313 37.008022273008045 74.93062972850993 107.71446233021179 90.23273500633232 34.037041945508676 14.54621293420801 99.72231554702988 19.015611570946426
2000-04-18 9.761841924400851 31.81000284847208 60.458445484440226 30.701225832453407 62.161175976721125 100.28769265406099 74.85554225170641 28.236551084220356 12.067290843202708 83.83112956865585 16.983664824050198
2000-04-19 8.098258027702656 26.389037327569575 50.155298075753244 25.46921477354325 51.56785433152065 83.19856397521534 62.09888468307867 23.42456252244921 10.275417634860084 69.54487926132818 14.089359473991443
2000-04-20 6.7181771218117925 34.80815995105776 41.60798222499919 21.128827386924048 48.28588057934595 69.02011360390418 51.51617853378671 19.432618655568707 8.913336877546712 57.69373848271296 11.72562230592123
2000-04-21 5.57328547517782 42.4599135080247 34.517274370916226 17.52811583379378 44.95360554375063 57.257912327849525 42.736945506658486 16.121017785814942 7.394352672499565 47.86174417021263 11.393942549835547
2000-04-22 7.812285651611141 117.37620159375321 28.63494373637927 15.227913268548978 37.29274657263449 47.50019020481981 35.453843107583005 13.373722163270436 6.678523166609739 39.70528891452032 9.453959720055025
2000-04-23 6.907042993607542 97.6829992679507 23.755062290680222 20.39424168244658 30.937428268734088 39.405349894265235 29.411905230833174 11.435840731663934 5.540389228390331 32.93883236220845 7.842844187544229
2000-04-24 7.389658584604398 81.28462412811366 23.614212609302676 48.98440479774388 25.665164297268905 32.690008052471356 89.18608031276115 20.81520632184831 4.5962126710189395 27.325495092642576 6.508646474148182
2000-04-25 6.554452351694105 67.43234165969905 19.589949141988004 40.636629076520144 21.29138377902951 27.11907467737453 88.87991934731025 17.64766614299919 3.8129398579048814 22.766792571896914 5.39946241364569
2000-04-26 7.004644439553248 55.94072372831093 16.251488615567876 34.49626520423789 17.662969851869057 44.056448887611225 93.7760324900941 17.910454875415862 3.1631500543202042 19.044367669742876 4.487681592366677
2000-04-27 5.81093388964084 46.407472945841505 13.481958544540396 28.617514889033988 14.65289937121507 47.62138704008878 189.65103961726126 15.033141815024882 2.6240954851159333 20.291725975741482 82.26871969079978
2000-04-28 4.820651920475159 38.4988502415296 11.482284395259407 23.740603615358324 12.864518500676548 39.50589272744659 157.33127681604125 12.527594513214378 2.1769049829305027 23.51237710838234 68.24873060066588
2000-04-29 4.586133580597282 33.196245392616625 9.525507839646439 19.694800970909764 53.04553565577021 32.77341667681125 130.51935130184705 10.392679334506056 2.425548951485547 19.505468142477806 56.61798610831164
2000-04-30 3.804578415919626 34.7627542410321 8.351618487609898 16.338471909485147 44.00567416322121 27.188269053484085 108.42886641669323 9.481545408216414 2.0990449708876566 16.181404615256188 46.96931829717737
2000-05-01 3.1562135442634336 29.995487495770202 178.07381648894656 13.646479575252519 36.55949062702171 22.554925579293304 91.13162733471526 7.890124534604289 1.9954270575547117 13.423818049894638 38.96494758893782
2000-05-02 2.6183410743513 24.883746252872182 256.49135311281583 11.348784876998442 30.33177629307437 18.711182638612062 75.60124803866115 6.98251987106321 1.6553723480355693 11.136171137256222 32.32465779048622
2000-05-03 2.172131221633074 20.643132660026037 254.81918700626835 11.419798102059199 29.054610298447052 15.522478870731527 62.71750952071424 5.792579723923696 1.3732687447865193 9.239235095797202 26.815986314035047
2000-05-04 1.8019631171094361 17.125191749222743 222.48027345441392 9.704652783775748 24.55132860294766 12.877184459473764 52.0293791773038 4.857466593545015 1.1392403936466897 7.664712291370356 24.79386640130995
2000-05-05 1.4948779535436882 14.206767803975403 184.56585083638547 8.05188142639908 20.367364631522925 10.682693207976074 43.162688031826036 4.029671668535297 0.9566523981757892 7.2794715307529465 20.602351325964094
2000-05-06 1.240125324860141 11.785692936561485 153.11269069407516 6.6797038821592905 16.896419283134477 8.862180590399369 35.80703186528569 3.3429470781694497 0.7936225584532308 6.038925770145769 24.58892858728033
2000-05-07 1.0287868770250237 9.777210405033138 127.0196840062349 5.541368729927948 14.016982057149722 7.351914286765628 42.16215621123016 2.773252038051145 0.6583757762872484 5.009790106777165 22.213112691565275
2000-05-08 0.8534640952183686 8.111007457842392 105.37336945688013 4.600733374010298 12.190759131039398 6.099023048402418 38.53033335268103 2.3006427223391563 0.8690767971954154 4.156036664341665 18.805066980074155
2000-05-09 0.708019297382029 6.728753832208629 87.41595507473593 3.8166901562165685 10.113246430466123 5.0596457866635625 32.17442356582708 1.908574072327085 2.1368105066408147 3.44777732943083 41.69212513798815
2000-05-10 0.5873607668723831 11.16025389051934 72.51878952922038 3.1662612380129485 8.38977722912468 4.197396088412749 26.69135455649333 29.886532642757196 1.7726616526986825 3.989453282946506 37.420197436705756
2000-05-11 0.48726450216356026 9.815483324608625 60.18815552430662 2.6266764701910894 6.960016493051748 3.4820884041847857 22.142693764283127 24.793359159954232 1.4705699570378585 3.4871449279157143 33.58342930742288
2000-05-12 0.4042263434329756 8.1427580209631 49.931070122011036 2.179046124250312 5.7780759605020116 2.8886813155496123 18.369202136260654 20.568149065076078 1.219959824397609 3.8112907732344823 27.860241754864465
2000-05-13 0.5999146420314778 6.75509355934895 41.42196652832076 1.8076996027094874 4.793393541320334 2.396420070741483 15.397174625275468 17.062986634199007 1.0120579208230085 3.1617820017255327 23.112382703214262
