2000-01-25 44.36137407592678 44.36137407592678 45.58755324086046 44.413091815950004 44.539454380331954 46.99362841363491 44.36137407592678 44.36137407592678 44.39354062095406 45.01069984000271 44.36137407592678
2000-01-26 39.521491299187254 39.521491299187254 40.613892745437056 39.567566567479055 39.68014281410785 41.86656331447076 39.521491299187254 39.521491299187254 39.55014843291906 40.099974790057985 39.521491299187254
2000-01-27 35.20964593744049 35.68250289049068 36.182864985599096 35.25069433489963 35.35098836871428 37.29886758980336 35.20964593744049 35.20964593744049 35.23517654114774 35.75869332082709 35.20964593744049
2000-01-28 31.38125205834064 31.789496085177102 32.235268034315204 34.33245064965186 31.494150222681597 33.22951332384205 31.48293660732393 31.396550323763716 31.390973613957076 34.53029745780357 33.476748677358756
2000-01-29 28.08835768935506 105.73991699132277 28.718358970681667 30.60717782077218 28.09879124906003 29.604130824638208 28.04810786675845 27.97114643746975 27.966178153851573 30.76299774216181 29.975046276375544
2000-01-30 26.08595332049515 94.20355650383534 36.52490069039096 27.46037606651154 28.156806219027633 26.374368595353136 26.33099799197601 24.91945850605752 28.37915794556981 27.40671525464611 26.84989660533835
2000-01-31 23.809576186970773 88.24701979698179 55.38144315526827 24.46441383730678 26.379050663763078 23.496891173360932 46.7282686719874 22.878912816096502 42.53492334836699 47.447186807042804 47.548183845679944
2000-02-01 23.159875747205586 131.83555407256702 49.53133414920489 24.316434499927475 23.501062422105594 28.415692548037896 54.6620017999266 20.390827995255886 56.96773256813231 48.396940447561676 54.38641145839822
2000-02-02 23.09526048810055 119.26862511049359 58.796532809174764 29.30468332004066 33.4302785045312 25.31550406611696 52.86352649718287 18.42498489942296 80.62233500013198 47.665693939733416 48.45278425254003
2000-02-03 23.52025153806782 106.25626522529943 52.44684914833482 26.153768013959372 29.784292366234844 22.55355012158014 48.112102444443636 16.783679126913196 102.94361499959957 43.494824498016364 43.16652338091833
2000-02-04 21.078836640324806 94.66357048359916 46.72483067675124 23.300358398176204 26.53478788979572 27.891232412088097 42.86301039479151 14.952558219845736 115.42541614398687 38.749483391021805 39.61884796316551
2000-02-05 18.779108542754983 84.33565359842615 41.627091755242084 20.758259429145674 23.86165511509203 66.891481679534 38.186601016355795 18.792820761914466 102.98295734775823 34.543453214220335 35.3637513441691
2000-02-06 18.973043865484737 75.13452568436557 37.08552268465545 18.49350671625049 24.555552051838117 90.76700532228917 34.0278674339642 17.956266529251966 108.70933294369007 33.95129617267981 36.026284742504615
2000-02-07 16.915090347478003 66.93725262028367 33.03944462132402 19.829907931333864 22.01481854616619 84.63506877596996 30.47082331012224 15.997214833496855 99.1444038473874 72.29049550404487 85.29534781776701
2000-02-08 15.06963230779618 59.63431255524679 29.54546971980177 17.666439556866283 19.61297362287162 83.46234470278668 27.34127953970266 14.25189818897797 91.99521540480032 64.40350977828354 81.93088437410916
2000-02-09 21.747891605998166 53.1281326126497 26.889181275957405 15.739008355315956 17.473173059536617 77.62180133143981 25.88623742903989 12.696997827627095 82.01593968990929 57.3770043052116 73.22915065336348
2000-02-10 21.991803401047257 50.81476731130392 28.136530371068496 14.021862368551075 15.56682748058548 79.36436783467202 40.33747932725045 11.311739088863652 73.06789553681557 51.55336455479209 75.53271806725509
2000-02-11 20.36847328432311 54.27445813096471 26.50277513970321 12.492059210082411 15.593239290235337 70.76211018675949 63.70641657080558 10.077613854206598 65.0960944709612 46.175675176738785 67.61726157074769
2000-02-12 18.146246739479206 48.35304517663796 25.295744114358474 11.129159537195642 13.891996895326235 63.04187325828946 65.58314838637025 24.385287071210684 59.53111196008869 44.69887272501003 60.24013165753914
2000-02-13 16.18108197656956 43.07766596604868 43.15478303749295 9.914953965666928 12.394928802139638 58.27282625908164 66.7555377164803 21.72482099322579 77.06753249007824 42.562185290092685 53.66785607430689
2000-02-14 14.556926195545053 38.377837389630486 52.753395283471015 8.833219778433142 11.042626181266975 57.019196636515574 68.04149471868273 19.354615174693187 79.3985773938061 43.08613016440134 47.81262418194023
2000-02-15 12.96874688767461 34.19076613542019 46.99793223559495 7.869504177657976 9.907132426926795 53.832938343486916 271.2639357693846 17.24300184923372 79.43300967417046 39.38510337342937 52.874288244927605
2000-02-16 11.553839978115825 33.691847951279165 41.890245881769815 7.010931184275537 16.81640330937654 49.07702842803843 260.2132086529392 15.935502209437395 70.99586958481558 37.06917801727207 51.39836987111993
2000-02-17 10.293301226101994 34.6141304070741 37.31996635865236 10.420891250859928 14.98171215205452 50.11430927716621 231.82367077554042 14.199386645857185 64.66705280871184 48.10907738877614 71.65239079511659
2000-02-18 9.170288867766649 59.9690697877514 33.76561151279844 11.139406955022721 16.06402180125206 44.646773895515885 362.0374301501987 12.727252081249478 57.78339007759872 42.860315376575045 92.0313274566059
2000-02-19 8.169798597269931 53.86846627710493 30.10470556251567 37.32843464611793 35.06774615394353 39.77575363261667 328.6899673444254 284.83731669404443 51.479148149935895 65.47244063908705 95.2951516588467
2000-02-20 7.278463097772522 52.19121659333205 27.33150225343051 51.91000668887008 42.91032764301389 39.39494759421559 292.82947057273856 258.776096540832 46.15438614642829 311.8340909986288 96.41015835753103
2000-02-21 6.7942711207521285 53.345718444508535 55.406997115740246 57.830379781484766 43.675269376077644 77.44698501447873 270.31936717200597 231.49662083518413 41.125060609709266 298.46601029608973 87.08503120944833
2000-02-22 7.590925235860756 83.77007116114865 54.27831404918915 133.47943737380433 38.91024150158158 70.98082221000396 241.84153485421996 224.75197789620273 36.63826378063374 340.8251003305747 77.58394267370895
2000-02-23 6.847629205586984 79.57213804855253 49.97662113703573 125.82377806481757 34.66508427629007 101.15161059349771 215.45631339471674 200.23124900723286 32.640982237054224 344.0706625565406 82.47059281089966
2000-02-24 7.113603242757871 76.17664831853646 54.899531942750286 112.66765923541924 75.56666816086376 118.6984410687971 191.94975341859632 178.38576307218284 29.079809233833195 306.5321122213192 169.5019099382009
2000-02-25 10.886411284714233 69.4077877164061 52.74617923998759 100.37589822010332 102.5636780860023 105.74828899344793 171.9735472849551 161.19344878679536 27.74888930995259 273.08906584682387 152.99934123756046
2000-02-26 11.724086647687985 65.93045001036855 47.961429373608105 104.66721588497336 91.37384933457786 94.2110151097969 156.65436441595637 143.70357503611592 24.721449916054922 243.29469870107812 136.30691698485896
2000-02-27 36.91367787117903 58.73735340065306 42.84247590830152 101.29656817318748 81.52103714066466 95.87282330400097 143.79741769198353 128.18788289918245 27.529867647839556 216.75093520313055 121.55736012899801
2000-02-28 52.32486374353308 52.32903285159791 38.16830686866419 122.26184639467981 72.71579921310352 85.81134609882047 128.10893509367907 114.20242055600556 24.526323798033456 193.10313032818877 123.94194804265257
2000-02-29 83.97516488915524 46.61986828901228 35.589772970330195 141.1615928968326 65.10945659882668 76.44921824133617 127.41089827550653 101.7427900818693 21.850470432362904 172.03533127827023 123.28635730293614
2000-03-01 84.94369222957862 41.53358089855249 31.71119396247253 125.87272498547317 58.04182898051698 68.69731712355977 113.51020595075792 90.64252126395897 19.833659669998067 159.62858511635557 110.36596983875415
2000-03-02 76.98048396514443 37.00221398229849 30.900703967044187 112.13984933838951 58.312548169472706 65.5277310435868 101.27506107024715 80.7533060030695 17.669781976033022 142.7904386880758 98.32490105566143
2000-03-03 79.968770164311 33.629347558813066 35.102460516633464 101.26937486390594 51.950574415680016 61.00928658839749 90.45002978703742 71.94325262342517 15.9795512936179 129.0980762882001 87.79445267615104
2000-03-04 74.33619482479526 29.960342632042508 36.03049146524433 100.75198237160912 46.28270015358363 54.353095216259916 83.17153562023744 66.62049942967268 14.236161763941988 128.38956761274883 90.56217443055844
2000-03-05 79.85767354499903 26.691630845932032 42.48770761047859 98.23332032822812 60.80562538678891 48.42310285512576 79.75679652625696 69.44881906907621 12.682978266734429 161.55993323509622 98.25936663209782
2000-03-06 71.15195822795836 23.779539705715987 59.94251200125855 89.62570993514178 59.29272521974723 43.14008026200935 71.0552277882222 61.87186388500035 11.299249080035484 181.53922355602634 157.74577792757125
2000-03-07 71.310990188936 21.20681190727783 53.40603496195881 98.50755884928986 52.82381289332017 38.441332911855234 63.303011353696974 57.2151818136205 10.169159146253572 161.84786884158873 188.21679256688753
2000-03-08 63.921796469667726 21.355594617872896 47.57936808856725 106.7018260579002 48.596232229084364 74.14892674430395 56.39657166943197 77.85154293973129 12.944629761977017 146.26111339815785 360.32200656200007
2000-03-09 57.21558306952992 33.12652826883333 44.16722793197456 95.06052005821674 43.294320999341494 79.21924375496842 50.2747754875129 69.35783981025418 11.556419748544434 130.3038384401976 343.1414615399135
2000-03-10 52.93035408367721 29.5525302850748 39.34852674840831 84.75769294050784 38.60440971919924 122.72087519524038 97.66190618721197 61.790810579938444 12.544970288642734 116.08752263513794 305.7042882267115
