2000-03-15 49.66452893728227 49.73534220835916 49.560049665441646 50.75266317709105 49.495117945956515 50.36107616106292 50.855991184436334 49.66696613627123 49.590101628383415 49.495318374432365 49.59487793997204
2000-03-16 41.26844364242543 41.25964132882344 41.12397687934722 42.10354615287745 41.06030801789223 41.8906977057639 42.18926568899659 42.00748402880847 41.182264973730476 41.377644224828735 41.14437373905077
2000-03-17 34.24697207071903 34.37946032173156 34.115751768294125 34.92838577676198 34.06293316373308 34.79818496142829 34.999497245978915 34.84869427249217 34.17704078794755 34.32619025421836 34.132672656187346
2000-03-18 28.530722861936223 28.632917272779494 28.51376376488632 28.97599476634453 28.25802999849296 30.68487133638028 29.718774764290654 71.69075138797632 28.352691742759376 29.261261125481965 28.315884695279625
2000-03-19 26.14560161232409 27.044670391036437 37.43850624573963 25.07629166311724 23.849144623538375 25.455647361764335 24.654190077263245 61.68004142079508 24.684979150542787 30.755455834536573 24.479415195239604
2000-03-20 21.71179236090713 26.532715846223432 38.37319002877071 20.805072315871474 19.78484474519357 21.117572092871917 20.452696761112353 51.22911429030463 20.482177095940393 71.13068271176968 20.342167226338127
2000-03-21 18.30240640356164 22.100362677977035 34.353059189683556 17.598535170386633 16.41317069313596 17.53530395103469 20.192389427235145 43.58211014806786 29.441678248477118 63.19956230448267 18.92914936131023
2000-03-22 15.228755250606026 18.334084987043667 94.12495250965632 187.6145025313055 14.698520331816727 26.5229295335219 35.97806527335612 44.25649017558483 28.402279738419736 52.42928196779839 21.473459586553936
2000-03-23 12.6958268116938 17.154369988295368 78.46984861144823 155.6418002876596 150.3157058610204 22.18755537670423 32.27515083002929 36.71443151998369 27.051003670327038 43.49444058513609 25.10543649603081
2000-03-24 14.104001909959994 14.367582868916951 65.09725176574882 231.1514044547672 124.72003610856554 18.96547580792026 26.774916181672058 30.457667937237687 22.53549249777099 36.08224814095024 22.804403230041014
2000-03-25 19.559859327308992 11.919102379239392 54.27521953126753 191.75934456095032 104.18163874352648 56.62492485888242 22.212015067287094 28.796197317891117 27.358384731006407 35.84835199783967 49.75133401681934
2000-03-26 141.59344619495462 9.887884609605415 45.02580242816142 169.99924788931756 86.42732056887036 207.603817937972 34.27338961128012 24.321480573651804 33.05175211257147 30.227340975717286 41.57397323930591
2000-03-27 134.85236236135768 8.205401442528116 37.37537688225402 151.5312489698539 71.69863515819239 192.92385550424345 33.814649860505256 30.892495468868034 32.92946144155394 40.78106341013713 72.7058749566057
2000-03-28 133.67982834274702 24.09127493298967 33.79861921920613 136.47093942324548 59.54877027508947 209.27197312540238 45.79291353549914 176.84142171136907 28.643369196802034 48.1907046411298 62.03552025341348
2000-03-29 116.0724982528335 29.165213597003227 57.036151921342004 234.93625557647718 49.4765500911253 175.11188357426357 75.70468086015343 147.6251858580907 23.801735609515568 42.30076436073005 66.1320160786447
2000-03-30 96.49246576395036 26.325954304599495 95.78578038517733 233.12540414494077 146.6159006221639 145.4501386062739 79.64489882525442 122.46734332768187 97.42563699921432 35.09199464764068 54.86199574265551
2000-03-31 81.08046081803265 24.283405273597698 141.6504898373019 203.88570451860707 178.1088172754424 130.16034381586996 68.16173048877299 102.43890236216924 86.14812180734324 29.142392603164776 47.17894479447691
2000-04-01 67.9138088487403 56.22584382438815 126.16466374906393 190.87040908327964 148.11712327118806 110.68145690813593 59.8486105617689 137.79289422785808 71.94970983783092 27.11168629051194 39.14404345777053
2000-04-02 73.52190649654341 53.909599030669625 109.757551796731 178.36622509773713 122.87866704842664 144.68692507981052 52.03917543611053 130.80477908464104 76.39254414611474 22.722909632917784 38.44718683708613
2000-04-03 103.15174363654997 45.34207857561751 95.24029469930699 150.8510913632834 102.50731546477205 120.03606594884906 50.820900879378144 109.30882371650321 93.58681152402725 18.941516450333033 39.66879473829407
2000-04-04 89.44504287948051 44.64480180971677 83.02635928356072 125.14584737563462 91.12859477061258 101.05980796462411 49.48422544504505 91.11744688953236 95.12807903636796 15.73276732423443 33.26283556777918
2000-04-05 87.43445284317221 63.56154868309787 86.65211412211534 103.81886645899567 87.92069116127493 94.57838965318716 102.2761149556625 75.73889006644976 113.95510954875459 22.936739776876003 27.72144166302846
2000-04-06 105.31001099321422 55.27294706922487 71.8851200665977 90.93338218227834 72.9375100018877 80.1201043884691 99.23938265937245 63.371618994706246 99.55694297633495 49.31371839001637 23.642427690808866
2000-04-07 104.22297581599612 45.85349678724008 59.634672960279765 87.71003850204781 60.50771775118456 80.09721074185379 94.05597425124886 106.65267050129114 83.58225154735452 46.957849715277604 19.61335589371376
2000-04-08 104.8021175801549 38.03928104257199 49.471910400717505 89.45512588639143 55.41829460493304 66.52282304460934 80.13410844021662 88.62320636239072 70.8671123810123 39.22135671990506 16.435942465949296
2000-04-09 89.10792420795427 31.570451782210437 53.13165889153952 103.4574548423615 46.09882248491816 55.18894681497483 66.48352897383388 73.52030466411189 58.79015109894472 32.83142316366656 24.151007463741507
2000-04-10 89.81686352955693 27.04982948896636 45.88996901888923 86.20282235982056 67.42474002919496 45.91376650289562 55.154055970347954 66.82089241214071 48.771309428473664 37.574989512284866 276.90318845765466
2000-04-11 74.51465635531609 22.46746795942141 48.64536223760321 71.93710162280382 92.51231793061963 39.320700627053206 45.77198404981006 55.43347583227672 40.65905323971115 31.171572210982518 231.01618524315717
2000-04-12 61.816091541338274 18.644397113898737 59.29311235196952 61.16533913697795 76.87630910803362 32.619784460136216 37.971659461996786 45.986668718739104 33.73005902443337 25.859406129357048 202.59983028152695
2000-04-13 51.28157815324223 15.46707473534076 62.80273320968137 50.74172502680676 65.77698153882075 27.060818379560395 34.938243379986375 38.14975821190923 27.98188327416772 21.452523499197568 170.22031990765228
2000-04-14 42.542325021123006 12.851315351837918 264.76182314852264 42.09447204944074 54.56746512696739 23.963383537789543 45.461102628612764 31.648390548326102 23.213294438707504 17.796648623000376 141.23772217878175
2000-04-15 35.40027705331792 24.2904510144662 284.68074613783483 34.92085805488566 45.26824096702388 19.87961540544077 47.31760398527618 26.967597682813537 19.564923274211807 14.763797006090817 117.18987401557986
2000-04-16 30.167435327681716 28.455810386218765 250.596068635434 28.969749896309335 39.929784881141465 16.491790820984278 39.25387947202124 40.740646889683546 19.27684745909276 12.764327052896961 97.21872627743915
2000-04-17 25.77140098258959 49.051890174412456 207.8902363153963 24.032811786459135 53.95171405048718 13.681309167010784 32.5643507664389 128.61717260532845 16.48360467770992 38.93983418677973 81.51278764936227
2000-04-18 21.49212706940397 50.36238595699716 172.46220417825162 19.937211899677354 54.239822027584985 11.349781388517846 27.014831530104427 107.67280515318176 13.67451808178311 38.525232692650846 67.65143940603946
2000-04-19 17.829503071252297 95.06362359722662 143.0717112894937 16.539571892981808 46.002429629219186 29.443929392625417 22.411044759782847 144.1169064577361 11.344147619718076 32.02311531718769 137.49015709064363
2000-04-20 14.791052497560706 82.88352582369195 118.68985827264281 13.720947531662887 39.84095130996231 33.694719324886364 18.59182155792087 161.95578473922362 9.410911920135286 26.565831806925196 114.05949584228007
2000-04-21 12.291578925157769 69.53175175310582 98.4630877048477 11.387055640835865 35.46774045931424 277.26174205806984 15.428804764372044 134.5990307618041 7.8071324649024385 22.038562226175817 94.62181778742361
2000-04-22 10.196884816888867 59.780230321999575 81.68330286571067 9.464863664020935 30.11096624888999 246.21573647861428 13.330520093710799 111.66106661315074 6.476664306476619 18.282816383352134 79.29543760127223
2000-04-23 8.464109554590955 50.13565802675898 67.76307875954352 9.057785405794712 24.97954546235772 204.89173246306495 11.099554073860903 92.63212169225129 5.507047532186387 15.167113511169163 66.84547267893794
2000-04-24 7.021681325988732 41.59168917439794 56.21509760105074 7.514184714703271 20.84771828148884 251.8757800305276 9.534025229138948 76.84603263674622 7.178471686287625 12.582379401357633 63.98813189748131
2000-04-25 8.531726308677733 34.503757933254924 46.63508884402056 6.2336398354679385 19.17896621427525 218.56879547171576 8.206230345117145 63.75016165155878 10.634196095313381 10.438127945909201 66.20513699550933
2000-04-26 31.661846838764447 28.62373072958735 38.68767651928885 5.171321583604254 15.911404851716888 256.852984720362 7.252977412668312 52.88604982134791 14.270653470670972 8.659293408639138 54.99638983358597
2000-04-27 48.989309515948364 23.745760170959997 32.09463842702746 4.290040430134171 13.199830838311566 213.08086747966072 6.016946700403789 43.87336742757447 11.838691399062542 7.1836025315525935 96.16402091164774
2000-04-28 41.78873529196757 19.702514292303388 26.788555154537395 3.5589445743498715 10.950355156178654 176.7682635080761 5.343750899985758 36.396599404517666 9.82117702810776 5.959394478982133 92.81303453107442
2000-04-29 36.0841649506159 16.344870749722226 24.976682828400577 2.952439887122241 9.08422839014117 153.14415632662138 4.433084858266817 30.193999820044812 8.148941558269529 4.943812300323403 76.99611485080571
