2011-03-15 38.830954162014336 49.091288725137936 39.09494313377091 35.50886006787175 35.26184096528451 55.58526132827798 44.676272854141054 35.91705108661464 35.57946122216068 36.65846008856306 39.31040440549152
2011-03-16 32.530931931281906 51.80902935757205 129.28711447910604 29.461599753549358 44.81801220133819 83.60089063941356 45.8884186889468 33.08844574592948 29.518938346899887 35.086540620197866 32.681901933378164
2011-03-17 26.987107832858044 43.183945538174385 108.5828182124964 24.445632386625885 37.18026064198812 69.35387696161257 38.06825165826467 30.14641099522788 24.48986026681942 29.107197334506722 28.99733770957514
2011-03-18 22.388045652082226 35.82466673099807 90.07845917498219 20.27968084818095 34.49327354026127 57.534796732642356 31.59401589204295 25.00894982106395 20.316371545346435 24.146835843434857 24.0556981671221
2011-03-19 19.88384893480793 29.744437949385755 74.86734326824023 17.751389500133563 29.16630628129651 48.014545739046625 31.932674923666706 21.07363628401721 16.854116286151275 20.053942712155173 19.957882182789785
2011-03-20 34.62171070951968 24.861017769549807 69.9516419771396 34.80629632496826 30.0851617241197 183.2284020369927 28.963973643656725 32.666561384670544 15.267567725883163 33.10758480046086 19.35320530748006
2011-03-21 40.586116901651046 36.26796565687002 67.31211578850211 42.376409825984034 25.535116681082194 171.85768267700757 40.53098691051664 27.099623720556522 13.882363961482316 50.961048474849356 17.23604575436858
2011-03-22 41.98023131286874 30.64063119244124 57.04104650775024 62.563576914297705 22.513935892736882 145.19923044352902 50.20460936876587 22.596218906343903 74.63274411803204 150.69890681737962 30.990784572676272
2011-03-23 37.487398570929436 26.723688452634047 47.32028200899466 58.385539796795776 39.682296263545695 130.73546083013588 41.82330743616192 18.758697327433214 62.978162468132076 125.60093337830295 25.70942777951731
2011-03-24 32.87866104699151 22.778250392469875 40.08484143037322 49.30005410058261 33.91092061611814 119.01887563160848 35.52630671983969 16.013832357177378 60.57394670565502 109.22842299559103 24.37772227877526
2011-03-25 32.92556080590971 26.21882756669273 41.63075539384398 55.57117023563591 54.42217352922849 98.73603490980526 29.62054542598837 58.10842004275451 56.93976260347748 172.19941751705323 34.6227568060699
2011-03-26 37.277671185365826 62.198997291846496 37.991015536604294 50.24828652817541 45.14770952870983 81.9097352245636 43.267002221091836 142.96725269833777 48.68960911844647 211.42585831209854 35.49443345940858
2011-03-27 96.31739586966562 80.14726079820589 32.25851255078759 45.30977790188895 51.92506122235889 68.47417513500567 36.28700535856153 131.42076852594633 56.83387785533679 179.32424968445116 56.68671265336678
2011-03-28 143.71972523369234 90.61517386907309 26.8027132656048 38.05799526024993 47.71787645578538 91.479494272925 30.11947712681806 110.57800964628159 62.78909324194876 149.01055619250997 48.65044014644829
2011-03-29 143.14416909621676 77.36274343195502 22.242880909368008 31.633865160465874 43.986818140229495 139.10618552558506 25.605807790835463 114.57644613578424 52.08876381491977 123.61662299425856 40.35957768199185
2011-03-30 124.90832245564575 64.25520707691034 26.192060687350732 26.65798749171805 42.267501789866216 131.17264936340658 25.306184327150305 95.16433297974994 43.21218162321607 102.57250097823585 36.96447971159244
2011-03-31 106.76430722847206 53.40445353529229 49.638081503671245 23.417361271048303 37.798336899732725 125.27864563330846 30.48866323978949 78.97000600336945 42.662489542757505 86.93133577021125 30.66510366409005
2011-04-01 95.62403481183728 46.08043739892408 58.545660713822706 33.32834310434885 31.356945853265817 103.97753387337053 25.29287646200741 65.51217383123667 62.29754817677641 72.57265023487881 25.43924843704743
2011-04-02 85.64790525986871 46.089612084697585 57.99441580514767 36.6699392460628 26.01318895009651 88.95129477999325 20.98465947571829 54.39684995404381 51.76215719799932 65.59739474914393 21.255125151645252
2011-04-03 75.83370678114866 65.23581350361997 66.75709356729973 77.86944674765442 21.58009911169186 73.79248123511388 19.668030024433918 45.67007758150816 42.94100522279919 55.80784399008985 92.38991122651092
2011-04-04 65.69266399322518 137.18594460159065 64.65178844125427 73.46989384014547 18.008641347666206 61.21698734462279 17.166226012267803 37.9074426552144 35.623127577375236 56.03391999955143 81.46050406061826
2011-04-05 60.52617183834108 123.35623844555124 54.60700086519636 60.994566989723936 17.615044696413968 51.43579845877168 22.739949764886703 32.52373564947391 29.552340747724127 214.77274474146708 68.21073144163236
2011-04-06 72.14689510070221 102.80806355977168 49.43025250231973 50.60005535799668 27.548296966021436 44.35492244663978 48.94064311109453 45.443119058653856 34.55756855036962 208.17568469747036 241.83780482576512
2011-04-07 91.0068615126084 91.12919650923762 41.08113064438527 42.76022077768064 45.51786322849604 47.44382464958204 57.85495885192442 44.168631584856676 62.693457143341725 217.27540932802714 202.6302966300027
2011-04-08 75.49774443470174 151.54125187467628 64.08920862308224 37.15852925069707 85.28523137388031 39.830718763383146 54.390988302782176 57.516813797191 57.47552752923998 274.2504718645838 168.0986476781217
2011-04-09 74.96120058600144 128.77386353472633 54.54502102981029 32.3580184865575 78.1974837913624 33.070900850590206 67.18888473840698 56.04027121768175 62.71267725923964 250.20573111838104 142.19669461521877
2011-04-10 71.25913379268472 113.25841051571756 45.27079692988294 26.929436072535935 64.87130254348023 28.726419730017202 89.1972643054243 47.95658904133206 65.16863963316653 217.09748697158372 122.39161048327654
2011-04-11 59.11536539443241 109.37607445929967 46.52404697622159 23.290802971388594 54.94727070953957 28.545520210206085 127.51981588797042 40.35250138748669 67.90639000304657 231.5843636802264 102.30809274032339
2011-04-12 66.53576638025572 114.30581613892781 167.26449463003607 19.71213204824215 45.583321218461165 25.794453901495995 154.32199861928032 40.725542872149795 57.92085344789167 192.11844924220603 90.7952216177489
2011-04-13 60.250851951583165 129.94186717084435 150.416561609517 33.90112761014725 40.73424183226935 21.398640235693975 150.83972328336566 128.51046343152956 56.66002284402829 160.15296342039588 75.32217157757069
2011-04-14 67.19545741844108 391.12047672314816 127.16786731131563 30.13751959500268 34.651095947977524 17.751947984062966 242.69979615429173 210.2757983217345 47.33382919444404 139.42288448945266 62.6890738523731
2011-04-15 94.3067645597 328.74259746462 124.88099508930735 43.355737946452024 52.73839536668534 14.839200186883634 226.75617555593357 174.44122584424662 39.284936879773994 153.82929671330177 52.11711993973906
2011-04-16 104.55455666282194 273.9773381630622 152.54388072436436 38.9285720436496 53.90157030751485 13.363709372105944 188.88123386595325 146.52196732050507 32.95040111858675 151.61209009291574 49.436522820245905
2011-04-17 94.13047788280592 227.28981545535223 225.20985971033048 45.16101767191931 100.89886254290536 11.75266305534036 164.00569585267712 233.80014663714206 27.407986602879696 215.54933058143286 49.3828623520432
2011-04-18 93.7941595087718 189.54252734504698 298.5655682621752 57.48181674276617 396.78744155705635 10.072744806336086 193.05470441127954 285.20496247049243 63.37384139668072 355.32427706181215 45.038453609349446
2011-04-19 94.27994554297986 158.90124089415323 459.9583904268357 69.51558395618714 365.2585326718797 8.356177770612149 188.9759845461473 294.4773850746695 190.40526626936116 682.0640829885708 42.50454781059516
2011-04-20 87.71587828323024 173.3172026639713 413.19797807087616 98.86721284054786 305.03530116779046 6.932142953741078 184.72680686225462 307.77285764184404 161.97747178462504 589.2855108896879 57.12729319035314
2011-04-21 88.28758879743243 216.0655079877006 342.84468722752774 147.8439261226767 285.09566829779067 5.750787890141243 153.2462170755405 258.4688054456793 140.69114312877528 488.8612370624137 53.77415437310386
2011-04-22 75.70356761193953 186.82287753055368 284.4181213030038 164.2305932523575 247.53723908117206 4.770755822274093 128.4428707811061 279.21632196799965 120.75508680940538 405.62913149211005 52.853731789782756
2011-04-23 71.04707272114673 163.17537067876086 250.93567387498058 238.02516939329553 207.83303017465664 5.059732715444612 106.55402099926069 369.0842381579364 105.10284243752486 346.42457264586324 67.2407692419345
2011-04-24 65.15287994056725 137.45109793740605 210.34897308467237 318.39572855108133 277.3359031911054 12.320102655700211 88.3954035133653 321.61333888003355 95.92088842940484 316.3009327484378 69.41018911997685
2011-04-25 55.908542554539416 123.81299130466788 184.74942274599448 273.26220074730895 230.169077357979 11.735226506486208 73.77859195344332 319.3638993931186 111.8977407370495 280.5060600377127 131.5860857031045
2011-04-26 55.186735792739476 115.46854423017659 174.27096060004826 226.69367400199746 190.96678845581764 11.403126280621596 74.04245466908681 328.77101859892247 141.12766971822657 232.98184526204926 222.70553551071623
2011-04-27 77.78353130689449 95.82292640617615 144.57955114320478 188.06121626768766 158.42279967379628 9.663977462452564 93.425636547673 338.4199385968768 395.6879697052745 322.96919770120746 201.48683907061084
2011-04-28 107.28622254968418 79.4982584907253 120.91749289627454 158.42136303552917 132.4190588953601 8.01707133458251 77.50945967929275 400.28849546288296 375.9258465983403 284.9947140899814 170.5576133563502
2011-04-29 153.77544606310164 88.18269748802133 100.31109550023272 134.84622114343114 147.04924086657942 6.6508260220502216 64.71732483791499 422.13971712956106 314.1404847119431 236.42676752043593 142.97636804427628
