2011-03-22 40.910685374879684 34.311169833903115 48.251323361846985 35.93583330760369 42.500566999044885 35.56886418517678 42.3565352405198 48.832323112093206 36.348592259277765 36.16975107888666 41.993371274522346
2011-03-23 36.44727718282577 30.5677772470225 42.98704215574722 32.01518785315177 37.863700683789425 31.68825553238455 37.73538297474793 43.50465408848143 32.38291427409915 32.223584895738014 38.34824760439723
2011-03-24 32.540638721076256 27.34724368990338 38.29710077663031 30.14636659795674 40.36151137766933 37.134774984964835 61.297029910883566 46.9258255936347 28.84989683987381 92.09568371284486 42.25124418019427
2011-03-25 31.008840506895158 24.363624370783192 63.4057717348332 26.85735938148519 36.860829457797614 33.34107681118739 55.4091100423169 43.384448509058096 27.86320140112266 82.38266914003094 37.64157930274633
2011-03-26 34.70011182098493 22.683076389500624 113.04036970279074 23.92718706774099 34.26159706458643 36.66383105945759 49.491114965528716 39.281502737241716 79.8753819461025 74.50213452718523 33.633199422528584
2011-03-27 56.58378159272187 74.94265535369438 103.44144673267287 77.5440998055324 30.55891086794872 92.81791514939303 121.68440106028196 55.840769549418894 233.52799594324588 74.57843443371743 103.44979942710506
2011-03-28 68.54780944788769 84.98007668235353 92.15585231764379 149.24161453810623 37.13048029248466 99.38782878929634 150.3680944070125 79.5205052828287 258.7794591381894 90.47603428422417 93.27104778130965
2011-03-29 77.69580144074114 89.2582031216655 82.5588636254183 149.1169149810012 59.17822353430013 88.54448928747532 160.48876740807543 70.9258197587969 242.63572552121997 87.40047895450385 83.0950569283148
2011-03-30 69.25628171067432 89.91128078656837 90.38191316449053 133.11284423432366 56.859658330692284 122.6699617863026 307.3042497553621 76.73242196909082 216.4571196308517 80.48356981894342 74.0292797210065
2011-03-31 73.23003099211556 93.47807539531634 171.83571262811532 118.88183430307302 92.86784479750695 138.82014740439988 314.0103792606947 83.607418506301 290.5507297355695 80.36838518235717 102.24548389925003
2011-04-01 96.93362738676024 83.36193924028366 190.73893818167585 105.91167380946459 94.76209404984004 165.89778080331467 379.37949486354125 74.48574199297107 287.4655196593742 98.69318521146157 145.68746815404648
2011-04-02 98.687705153581 74.26704482902494 194.2761497758576 98.47575858411851 91.22945587559771 217.51863138047594 354.963249099936 72.24673748618211 396.0902387317604 118.43235605995666 131.44922483745844
2011-04-03 95.7715328121601 79.49270923330468 288.2459313961556 93.42750259944951 82.87948998302245 259.4936000161 704.7595381562084 78.27338919760942 418.13920650227374 113.12686591765039 134.82382332925707
2011-04-04 141.0611446591741 90.13571245708941 391.7013296550379 88.73357763601756 74.27267909352688 279.3208717282175 684.5626167078377 72.89553763713178 423.5510742734558 215.91546934078588 121.97188506667686
2011-04-05 136.81862465853644 81.83637826371631 455.7622876197912 82.84116733056622 130.84661878813077 432.5561213388312 660.8961108629948 64.94254105575692 377.34110915387083 210.54539876348977 121.50241123600689
2011-04-06 139.16491237886092 72.90792450861274 513.2559100890103 162.22229076345963 116.57108496756328 415.1767123055974 800.8542815361816 57.85722659557014 336.1727104630573 344.06884053065664 127.28565673854494
2011-04-07 123.98184206420731 64.9535765027632 475.36028606589616 175.7303973637409 104.30062935999084 403.5525227510787 997.6315251328768 51.59946905022952 300.83892580378904 466.93684509530124 114.40122097742463
2011-04-08 110.45526418300791 58.752940594914406 572.7384524877526 192.42080549208018 144.92133200564453 374.11651531966436 1271.990477067258 52.537473107979714 281.2894619373136 415.99343676322565 138.9342247845626
2011-04-09 98.4258196271023 55.843949124847555 610.937546755799 229.6889803526103 153.45792239378423 333.31528804677026 1180.3358546066324 54.49830503473027 260.44162854273407 378.29111887693244 197.82851608824745
2011-04-10 120.36411280804705 53.822398410730756 786.2511243619737 214.96571680669194 136.71546636358647 298.1912554663656 1104.4776148475587 70.50583910822148 241.8413808685136 338.41902072613044 210.3493437415507
2011-04-11 122.5632825794799 47.95030576543903 799.5041304379504 191.5126815612814 121.79963374735823 265.6582072697239 1042.9225333774375 170.94352286815155 220.62720561506958 497.3548971961949 214.91542972182432
2011-04-12 119.5053907194829 42.71886595455456 904.8418226432537 186.61049072575756 108.86558412814003 246.50194937472745 1167.6002699134765 172.78720936663726 217.13447285066871 443.5846215965808 258.24136009946903
2011-04-13 106.58779903198109 151.13035251879296 859.2901032750465 282.3970294130819 107.4922995368333 234.65389057387048 1093.9436564531682 154.47295990650886 227.08423320865393 459.39819671928683 298.37787876690334
2011-04-14 94.95893353992669 134.64183734402485 811.0723264235116 398.62770464041387 97.87973443645558 210.51342886265925 1029.174917288506 140.16386703344745 285.84008850491 441.23028929334964 301.14821850867366
2011-04-15 85.08107011572574 119.95224031042562 746.943891175515 377.4170384465781 164.71873709992474 187.54614393764442 948.1995647824243 159.2927178412283 254.65456845471917 402.4780900865445 275.45336007046785
2011-04-16 75.79861631633143 166.74667407696433 676.6142937580375 406.9301875507658 191.8119824589478 191.41153854711487 859.0132974559668 177.92482995963434 227.67297151171562 538.0617460398049 247.2878611835155
2011-04-17 67.52889012491316 148.55439820121458 624.4096416106324 387.149104979558 178.5696252905095 200.51267685323597 779.1594816224367 158.51300294825816 202.8335584868715 707.5584475683537 220.3256475969817
2011-04-18 60.1614016612756 132.34692294312222 570.001818228765 536.0546224553619 207.53333481275493 178.63648679098668 707.6310339547679 141.21903114672963 180.70415726334804 725.9383346433555 226.3285919806284
2011-04-19 54.81956966929943 117.90770401107427 518.0684654703341 632.2368817615579 202.8989686757528 159.14701710641208 644.8984138411864 125.81185383687051 163.7675050356223 975.5507144058549 342.2275056494839
2011-04-20 56.42097190528244 105.04382237325183 471.51505401245515 595.2613553487806 183.3958245313366 141.78387354687638 621.6899058343307 112.53687047209247 208.32583591015677 898.2047148075926 340.3977196930594
2011-04-21 65.40908169622396 93.58340671150226 429.76260491478416 569.7415219178681 191.86200208343564 126.88036883420996 598.7248356321235 109.6984541032944 230.7461361555896 856.4233712035453 303.2598921430519
2011-04-22 58.308059144627876 132.7400342801711 392.29508398987554 513.0987045843356 170.92961172628665 116.80009838628094 546.2660778551056 105.71586589072015 205.60460551451763 794.0386426688156 423.47544883281944
2011-04-23 51.94657515922707 155.38679101205346 358.65254065920647 462.48180109342195 152.2809719892017 104.05705794103021 502.25819552617355 106.06239166980092 183.1728795066609 718.8961597236497 424.0407076600974
2011-04-24 46.279137230883485 140.6344446430305 328.42499519559567 417.23766932567366 136.86221016909056 92.70429954286612 481.6493604906695 94.49084879127156 163.8832801228526 651.6313530524004 406.8421042328664
2011-04-25 41.23002404511035 125.29104646832974 303.2515828713188 390.7850276005209 137.89243472175633 82.88136224375467 440.1579755191268 84.18177607361184 154.07355595349551 591.3936975278029 397.68298184341523
2011-04-26 36.73177557989525 116.05381535818995 321.5191859521989 382.01165629970836 130.4569513150358 84.71869161902784 433.51358046093264 74.99743640396895 145.19238077266908 537.4252120358979 359.2377822287016
2011-04-27 46.1064849422353 105.91141881928799 306.6213531291345 482.11354868641007 116.22393070801617 75.47577377487272 496.08307208252154 66.81548258965357 138.84682231332815 489.05036976174495 324.84913020288644
2011-04-28 41.076208341698646 106.12658702981291 291.50723678250546 444.57768156269987 103.69401235791636 67.24127011538872 452.11719444834046 59.52582779975488 124.89966481220034 458.47670110379937 294.07829722625604
2011-04-29 36.59474136614637 173.72804827428646 330.3492196473444 420.9223656285131 92.38086269695773 59.905161360389656 428.0513403647811 53.03148369150574 111.28977775351365 418.1530271719371 275.824744967026
2011-04-30 32.602208182002556 166.0664760088488 301.8197969197832 623.4555549747846 82.58632315725411 53.369431474186825 400.2884682820176 47.24568085006827 99.14792035095407 381.95613218358176 268.6783161018123
2011-05-01 29.045265485886613 157.48011321729263 276.19341879394153 565.4501669789727 73.57604944471755 47.54675809622778 367.1619969697922 42.09111651498946 88.3307551549415 390.4237482445446 243.6557280829105
2011-05-02 25.876389797195223 353.1461419055907 253.15920488938116 556.3941608189036 65.54880814390208 42.35934584743112 337.3554963100431 37.49892175607278 79.42414780686131 356.73370904377805 221.24345019285352
2011-05-03 23.053242507977146 403.3760110954202 232.44002921174842 504.08399104812037 119.13876896528944 37.737886924295864 310.5149591923532 33.40774133168629 70.77563411113898 326.4708697190115 218.0742902401877
2011-05-04 20.538104206680607 372.6129390735556 213.78884205463808 457.2467988647464 125.6226016890583 33.62063509352564 286.3247722289234 29.762913935708735 63.05392171252878 299.26824829445604 500.84625982857364
2011-05-05 18.297370717904958 363.7456557235388 196.98539305979355 415.2920064870901 111.91701482137695 29.952580715026595 264.5035333356371 26.515741880584642 56.174658034553694 274.7987076862827 481.41463206254133
2011-05-06 16.301104124861407 324.0605384201592 181.83331167229318 377.69328674007227 99.70672504939935 26.68471577095354 244.8003254422695 23.62284045889427 51.212294892713786 252.7706139663223 441.9594957246044
