2011-03-08 96.85137792532566 110.26242919004451 94.48785093102288 99.36539214736736 94.55360265005686 96.2860845172064 95.69199289589952 94.48785093102288 105.8923660750003 94.89472823920845 103.6429252935332
2011-03-09 86.28476847961471 99.21916930433248 86.83403246926436 94.73997033708714 126.50193351564182 87.05077649637366 86.5813297439395 84.27205381982824 97.49399780452539 85.16753747296613 92.33534932414021
2011-03-10 98.7576300373821 118.22217766837517 100.04728072653312 86.45531482249388 147.99945105619372 88.52061555766551 97.05538434942613 82.09018285479497 98.49595223188516 116.33017284708158 88.33625723618341
2011-03-11 148.13794376496338 119.91023653140029 102.69279671291741 80.24908679820783 181.17907124394569 88.59506487476129 93.65119348046291 133.81885568996262 129.05515670450038 135.4114646076755 96.95099132028467
2011-03-12 158.31215615538173 262.42577089510246 120.13846613586617 73.90394078124777 306.5299466490907 85.52087454216198 104.79415269250782 132.14310422155503 246.5278000740269 156.90019662393058 86.51840235343523
2011-03-13 195.34022415403118 511.6615153564878 107.03120551177393 67.6581051150101 360.54257370185707 77.20181526604301 125.80601999747861 129.87704350673405 295.242118520679 142.1333697078578 79.88668702821218
2011-03-14 199.67338049582932 461.1569721363133 95.40170085550805 76.72544694678034 458.18161581857345 102.0843978552604 116.5727846393035 145.76370720637127 283.8639865926783 127.0698471124597 73.05914656684176
2011-03-15 178.48485908116518 421.0138707512063 87.58655987519413 79.47996472737614 441.90954754941015 91.2604831823227 113.19260235135151 131.83120050820744 260.8347480959571 116.43556737270484 65.08830005505118
2011-03-16 159.0544609011465 536.2207902182936 81.2144727088045 93.99474260365157 396.02850748658346 240.22007578117436 101.8824483951524 137.45735904804903 232.50160531766602 103.73229774766739 60.998071683103625
2011-03-17 154.2268164755842 499.5891676055358 77.51833677031053 190.06841619542072 352.82128969539093 214.01175761358536 98.84005552710624 166.77944360908302 207.1353821716417 92.41497112171085 86.41779940331358
2011-03-18 153.72819796011973 445.27257644602594 87.758035480649 195.03576663858135 314.4952299533797 190.6628005526694 89.29070473965248 164.69448538044244 201.43489411406514 82.33237933707389 77.03688662156104
2011-03-19 138.13499995578053 414.86690817094944 84.28360454780596 196.38547740606015 280.6783544284782 199.63220492935517 79.5489744213946 153.6130077331728 181.5508951674425 73.34981123983397 79.90084290247287
2011-03-20 123.49145028026828 374.25526742586726 78.89670102047063 197.31921433470305 255.48009291608565 230.38949729895327 73.01866493910644 136.85363170540344 202.55679304330513 65.34725283564171 73.46106497803187
2011-03-21 114.38248461653849 355.43466928831367 76.16810909659043 185.2864009737019 306.87420129827353 205.27926975897464 98.43650484069464 121.92272508469988 183.74455208630798 58.217783810771735 65.44636864765866
2011-03-22 114.31300804741544 319.9998430526455 84.63855002929016 168.4478143030884 348.4536768487783 232.99548331476316 96.50894281441379 109.80888902808348 193.63506318846336 51.86614899478231 61.861912543890156
2011-03-23 107.36560466538552 287.0081036757177 85.794564510371 150.13416402377152 585.2843515736513 535.7665676090759 197.18235567224772 132.48484236769565 189.21838422046426 46.207485678430146 55.112698611164255
2011-03-24 109.37677655157457 255.6951516840169 76.43426756912855 146.8106123622293 660.0334254572144 477.3137483288055 272.63095084545205 142.9926508216942 207.6221579505128 41.175053702697745 49.12464843352516
2011-03-25 100.48228848829372 227.79848289276703 68.45219370072859 130.79338638568512 620.5550656629846 427.14026184262497 246.70399383594253 130.27531165308764 233.21946604457153 63.8397655670855 43.76508634129918
2011-03-26 90.34160241564736 202.94537642562156 94.48822418472737 210.94348433157143 620.4185774291763 676.4978345215812 232.9118837569499 116.06210817921043 211.71289389365512 59.01730257833504 38.99025934290613
2011-03-27 80.4852178083682 180.80377573161863 126.01245215139282 269.708460367411 582.2975804888448 602.6910536215157 211.6106897448781 103.4968449847593 188.6147458051628 53.90705928479612 34.73637209007824
2011-03-28 71.7041773956446 161.40664594976258 185.8796124204804 424.1369401738995 548.7880992216878 536.9366871269823 275.45169350452863 111.223922714037 168.03663528110886 135.6640944117335 44.26690076376194
2011-03-29 63.88115974742698 198.46658346601546 169.66494192204922 547.37675326985 1028.8070993100396 478.3562063042886 267.0880513559168 165.89309840633013 163.81602776883898 198.3885663062362 64.61858045894292
2011-03-30 56.91164335207326 221.2843684565351 162.08950201578133 487.6572478477026 1150.1548482617975 426.16693103073885 267.56496124350343 214.35213411626364 186.26901696796335 206.61576522053926 119.93004587737965
2011-03-31 50.702510128843 201.28533485646017 145.65064076763633 434.4532170185847 1159.0857180725723 379.6715725883084 244.8502270938044 295.2862919391009 367.252284532252 244.4406732430715 130.97715576733484
2011-04-01 45.1708012989684 196.77625807835122 147.8425370579801 387.0538141524883 1077.1228828152998 338.2489173519353 223.86113446252708 284.60134487138015 340.8086429269575 531.4421711247085 228.53584824724192
2011-04-02 40.2426089927863 181.68565423937528 132.41314867132272 344.8257468979443 1044.9086887883448 301.3455268993601 214.89062095517812 280.1740922768581 381.97790788602987 485.1408187288302 224.43324519119648
2011-04-03 35.85208878395293 192.62343581523558 117.96670443386431 307.20481591082034 1008.4664867119544 274.61228570609626 195.1352868808891 337.47740916298454 865.6910079871184 438.74012247732645 203.5798569783202
2011-04-04 31.940579957441482 244.07550357505872 127.31050429684075 273.6883767186529 976.0185216178613 244.65173333831396 173.84577696329566 553.0940366582182 937.2775541722839 399.4045991270782 182.8724894889998
2011-04-05 33.21159811485229 284.12392109108407 137.96542684851082 243.9185004031001 944.6421424149216 217.95991563860142 154.94126163557445 555.3447643653294 895.9474243998425 358.2370274757495 183.72076899448754
2011-04-06 35.14819558150233 296.0923727092542 159.52423538061169 217.3066793560556 892.4450884204992 194.18020946462644 138.03697139440013 833.6429402080252 835.5887518127902 383.3610809052231 172.68828940982453
2011-04-07 31.893110997077695 264.10099315761175 680.337700241249 193.59824209741117 829.0053549356198 173.61282987110735 128.14383339717213 784.0043342145448 760.6994866620427 510.728961573366 153.8477756888281
2011-04-08 90.02568052901727 252.18170973714382 606.1119850628028 172.7983599589846 765.2004078850874 154.67144760021395 114.1950086673371 830.8442664330604 688.9762015713976 462.8277497999185 164.65478298698284
2011-04-09 98.82057333328196 226.04029496324836 539.9843905568475 206.9439308546974 738.2524844508464 139.89230454664744 108.32374337401833 759.4378345414276 625.2690424954842 412.7888885160061 164.2095701222295
2011-04-10 102.84139238339239 202.71267162447518 486.79248277397835 199.96675619872482 954.3994128000263 128.599755467257 96.50548413056043 711.5114009047256 563.8898703361724 449.3734808884846 245.22025163730402
2011-04-11 121.59718264069964 217.9274227500507 497.4956160221816 178.1501267822061 1066.2559950670031 119.86902397609349 85.97661211950953 656.9913884163849 509.0164833185355 400.34625810389355 218.466407859806
2011-04-12 108.5848840399541 358.6271297602774 443.2182066082876 158.72548583395744 1035.732510057337 182.0824325227371 91.49107526423454 619.0085618089903 459.9444132776815 359.0557946081997 194.6314427327133
2011-04-13 96.73813401391831 335.18414775507364 394.86253213708926 156.396075131708 999.4484198848995 182.07954032172887 127.9467838610249 575.1843014926443 416.0459019885614 320.0534037813848 173.51906962782616
2011-04-14 118.9810494600602 316.29566047539276 372.0461387584626 234.40531817201273 938.0874780936558 173.77029385547522 143.41516678157106 521.9760904668436 376.7615361539726 285.31170120026064 200.9306057024352
2011-04-15 145.57634255216553 293.04639650627826 348.6232028876309 253.7517365169219 869.4676249983844 165.35126443637574 200.5738010957714 474.3066995003142 344.9060664395669 301.2063849826187 214.88479126584807
2011-04-16 133.31277802976533 264.21334718386316 441.48676305135444 268.68475082381 804.5259414915059 172.7098657853451 226.52976186619432 431.5792637268656 313.0471996573533 292.09958595125516 194.0135588345786
2011-04-17 139.72907650813005 238.4384659840697 439.4456222936956 534.1580456315307 739.8275824985378 155.7250881497821 312.9040210235631 393.26182981020975 284.5031973631106 271.30131736773427 172.84643087945346
2011-04-18 139.50577746615164 215.39054520050666 429.49423757040074 475.8807181490303 681.544173796163 147.06425414936643 281.82539688861294 358.8802797925181 323.28930057966977 241.8504886067923 164.02894468724907
2011-04-19 141.6888561620275 194.77444418196185 402.6008221869295 445.5457461173727 774.3527147000299 133.5662374843687 277.0938947969695 328.01202679894584 307.96166722252826 215.83470689250896 148.9744666910776
2011-04-20 234.568659819996 177.40458423328937 376.1593582159367 398.6889031225166 711.4405814846884 132.47369886613998 276.2890593548374 300.28039839214705 279.5160125785794 257.79186478246214 132.72116142163694
2011-04-21 244.58588766362715 161.5686733231622 338.50216032724995 357.39660704977433 692.5380274866337 118.02064851776416 248.47647249221936 275.3496325576539 254.0300610653221 229.80285130972416 118.24111259124412
2011-04-22 245.47797515651797 146.92175706550358 341.9342444755598 321.8472326667592 709.7597651182023 105.14444448888237 236.19898454966125 252.92041948556067 231.18491533936816 204.86366990858306 105.34085564934166
