2011-04-12 26.577876665578593 26.083168663238833 27.510059119231755 28.920735886471594 25.99453691633011 25.908300246507583 30.01608516432253 26.570068286663 28.06611113749762 46.67847393689253 38.57656072565402
2011-04-13 22.08684269813297 74.4289085622028 22.82187714472166 49.23764668907948 21.56462570171997 21.49308522717829 99.59736079620407 169.11049575218806 24.779158986958812 118.26830714101085 259.27385501324613
2011-04-14 18.322869041717663 61.744956630600235 18.95735688602813 99.6371167664554 17.88964670354063 17.830297942645977 179.02607174164388 140.29119098624767 20.556368843081465 293.5920249908559 215.08918029963957
2011-04-15 15.211635939541688 53.506423254170535 15.72670083937195 82.6572574069291 14.840946631964187 14.791711909350223 148.51698417955618 116.38318592112117 17.053213962395287 243.9702518352788 178.48925896050605
2011-04-16 12.836454903557524 44.460649423641925 13.442131065715746 68.58669854285472 12.311796905929029 12.306679479430287 123.20716404715577 96.54951155470687 14.312395576479403 203.4840443985659 152.1713481863122
2011-04-17 11.118491021721795 37.67350366510798 11.151363303707983 57.118843512963146 23.523448083203473 21.007969510805765 102.4487494094686 81.95266280836893 11.873319940077888 168.80690230608505 141.44468649438684
2011-04-18 10.241188494057692 93.39380876617878 9.326645939274393 47.911883959774904 19.514652434891048 97.90953430355776 88.00626768636297 68.99849873867463 9.9550358612899 140.9927818457631 135.21884730103775
2011-04-19 49.86418987875845 97.4720823716922 33.54705002193182 46.72639143236462 18.20548928061929 330.1381775427206 73.00850283158599 136.6688165583537 45.39286320877902 126.10105029866213 120.46966818447851
2011-04-20 104.64617131985884 84.16072596057441 30.699528191588993 224.55700423072525 16.312501664706758 352.43533729634237 68.34224804473912 114.89764690555842 119.09198728400229 113.30745618439651 356.9956009840795
2011-04-21 88.64198593698623 100.09744223862843 28.895508838010294 186.28867136665906 13.532573932375447 307.9812950088535 77.53045918852568 95.43268481930247 98.7966870931229 116.88418300101667 359.9799267321654
2011-04-22 84.52425539478216 86.03498784040441 23.97122266721235 160.0356401254271 11.247631893939639 263.1409117948134 64.35147284034352 187.98286462452043 81.96005124425065 100.67220613793364 301.37849248876984
2011-04-23 71.46003536595674 71.53548959162984 20.865623696800217 146.96616040388665 9.330844115602869 218.29722483338904 55.98710843068658 215.78029790105236 75.12248496530256 93.15916690468822 250.11920532253407
2011-04-24 60.23733263463903 66.04217745042568 17.30976652912666 122.14159183973031 7.763064809576392 181.0956648471207 49.714173478962955 201.53449761290196 72.58634649978498 77.29578557354102 207.4946386216711
2011-04-25 50.78289231772857 61.28671060621283 80.71658919960059 102.36731857129692 6.440106529136578 151.91846053112494 53.56774715110758 167.27417907702778 60.216398482550595 64.53087080982777 172.13402305999998
2011-04-26 42.14963268041368 66.13032223551005 72.65982144665205 90.8373440395664 5.342602841015438 132.78354468525265 50.66402168176961 143.20524849713013 66.98784255554497 53.533712860477216 142.93621511925437
2011-04-27 48.12444232974746 100.87097438838666 61.01952585219988 75.35711562227809 4.4321324480722275 133.53583559279483 42.05462143787547 120.09197670583947 62.09850375397889 44.41065766915986 132.6211520837751
2011-04-28 101.19945762707779 94.42625086406609 51.12599998062838 77.95813988016552 3.6768216956816864 348.6019852546121 64.65027559741368 102.4893252045274 78.85690268229386 36.84232625051931 120.18699679049497
2011-04-29 85.56602096409335 78.33441168251511 42.41326001525018 74.17113583386997 3.0502287420848426 296.8415688371075 53.8731364590474 85.02818933977174 71.4719376108023 30.618287912303625 104.38832570801455
2011-04-30 75.149414713959 84.7119313300635 35.64177340724375 62.31813254416075 2.5304178850904306 250.57109064552495 44.75496189455385 70.5379396874396 60.098933195325735 31.033451397026315 91.34146954797234
2011-05-01 63.34474201436578 73.51340822696727 30.901780631726293 54.42082664578883 2.0991916392505874 254.66482578613568 37.12795517986079 59.60274509694 52.25187593666157 27.131992397118097 96.94415123149331
2011-05-02 64.18277071677336 62.800617575536286 25.668575230113245 58.568775493033264 1.7414536801468852 222.74417342056964 30.800720132118112 71.87730153935182 47.937109042125336 22.51115716940849 87.5664839788649
2011-05-03 55.487874133519014 52.40897436167412 92.81943870605004 48.61032796559797 8.546765500139935 209.3898819838923 25.56234720754554 66.36556264232675 42.96708354070085 18.674873110200142 72.65812953692128
2011-05-04 46.235047966549224 43.71274348351015 285.4063145724214 40.32630129900007 7.371575333877233 173.7067116462319 21.206088470143712 197.98654437301815 35.64476170635735 23.181889612406685 60.58592324588815
2011-05-05 38.35580941137252 36.26334851246987 240.5277046489387 33.4791805989374 6.175743426259377 144.10413351791712 17.592210314349607 245.86365807949332 29.69135370948912 21.69978020807243 54.64159447521066
2011-05-06 31.81932711881094 30.138148649259907 199.53769279841504 27.912023369202092 7.529555285868844 119.55273537980796 14.59419846239171 203.96430900866275 24.63144203658617 59.5956318486661 54.3004993174228
2011-05-07 26.528733267900037 25.002095519377207 165.61875698925593 23.155339849749534 43.22137796265506 99.19146902065893 12.78281434658252 169.26769307203875 20.433825373472697 55.48221401154044 45.06641389744505
2011-05-08 22.32928271558993 20.741313198593556 137.39450389721847 19.20927610532925 35.85572003368305 82.28755561674669 10.604405367401219 140.9682230921572 17.20413837397186 46.027101083300536 37.386330464175856
2011-05-09 18.559142042453747 17.20664065412999 113.98014357991728 15.9356887389744 29.74529549346406 68.3371679913559 8.797234329405335 116.944840240987 14.27226058111598 38.1833002138618 31.01731413167852
2011-05-10 15.39634857811774 14.274336430175499 94.55598850021833 13.219976338151932 24.676191223111182 56.69135226345443 7.298035973273644 97.01545042565614 11.840024630553707 31.698350217152708 26.740436815876485
2011-05-11 12.77254891398912 11.856361778130266 78.44203981884418 10.967067520204868 20.47094853750413 47.030181611646945 6.054326515910657 80.48236760080877 9.822283054277042 26.2964122036534 22.18341157185962
2011-05-12 10.595889339119674 9.835836074038681 65.07418206438557 9.09809268308792 16.98235072974576 40.93178459791223 5.022566303522676 66.77082505351622 8.148398961044121 21.815056305683424 18.40298093688382
2011-05-13 8.790169577186438 8.159642315723913 53.98443463643238 7.547622946385777 14.088269323706841 35.916752481739444 4.166635579859937 55.54095720538856 6.759773187297356 18.11793281801577 18.144407796824705
2011-05-14 7.292175174992515 6.769100483108828 44.78456878846011 6.261379623742906 11.687388612793912 29.82125530061974 3.4565700094749348 46.07583343779226 8.09245873801418 15.03032890976292 23.563226023497965
2011-05-15 6.049464497339036 5.6155306295875045 37.15251655548086 10.886861951389537 9.695658810029592 25.03020582078813 2.8675116893241923 38.22372774629128 23.187107038328378 12.468905222510926 19.548607000760644
2011-05-16 5.0185328556104745 4.658548699421028 30.821095831583865 9.096939572608655 8.043353641685277 20.764633026534174 2.3788389258346525 31.709754415949963 312.85288845237073 11.511190356975263 16.217191878366975
2011-05-17 4.163289500074174 3.8646527668343773 25.568656886031206 7.546666345544605 6.672629377004286 17.225986386757675 1.973444312758996 26.305872933008928 260.2681315349712 16.955641777609745 13.453506554689172
2011-05-18 3.453794158595872 3.2060502040169276 21.211322872097945 6.2605860439551915 5.53549984077704 14.290385320924358 1.637135836843129 21.82290476584529 216.00855221213416 14.066112031289803 11.160800215881379
2011-05-19 2.8652088906474793 73.52389838277591 17.59655268518204 24.498530360501974 4.592156518215133 11.855060606426724 1.3581400452741201 18.103910622238576 180.4034506246436 11.669007299863534 9.258810032348364
2011-05-20 2.376928563219173 68.17040685010473 14.610196499903035 20.32356410760072 3.80957494252708 9.90314903940646 1.1266898818453188 15.018696334640403 149.8041327677854 9.680409985458184 7.680951325795879
2011-05-21 1.97185950842523 58.36556615958934 12.227312920081305 16.860083113463055 3.160358577754215 8.620963134324903 0.934682762849154 12.459255036040036 124.27496062368182 8.030703476178024 6.3719865796062285
2011-05-22 1.635821110122665 56.410523810536155 10.143570832135827 13.986838188808429 2.621779723634981 9.101466369518054 0.775396922653371 10.35156614808552 103.09639362191815 6.662135014857767 5.286091689492165
2011-05-23 1.3570493703480793 225.89669816959918 8.41493383698198 11.60324306845783 2.1749838665929726 16.992106511665597 0.643256098815564 8.79344153981059 85.54437457999683 5.526793896431939 4.385251757929182
2011-05-24 1.1257850764771817 187.40005867237048 6.9808859870578965 9.626129288781211 1.8043296228492902 16.14800434592169 0.6192818810402034 7.312391834557339 70.96615818327284 4.584934214860059 3.637930272501471
2011-05-25 0.9339321517049215 155.46390130962163 5.791224281542412 7.985673133439594 1.4968411664550196 16.85145148337893 0.5137457155518398 6.066235894261901 59.001245084112035 3.803583442503057 3.017965078892783
2011-05-26 0.774774228414702 128.97020834268923 4.804301164824277 6.624778608413532 1.241753972900275 13.979677535300315 0.4261947076582609 5.0324461212437885 48.946429408208665 3.1553881312397025 2.50365249885732
2011-05-27 0.6427395222660963 106.9914912712104 10.705331057583692 5.495803657016409 8.414453077482422 11.597302712098305 0.3535638806075384 4.174831708601768 40.60512533925995 2.6176563257455308 2.0769875300660328
