2011-04-26 132.40648648966652 132.40648648966652 132.40648648966652 132.40648648966652 132.40648648966652 132.40648648966652 132.40648648966652 132.40648648966652 132.40648648966652 132.40648648966652 132.40648648966652
2011-04-27 117.96076909606418 117.96076909606418 117.96076909606418 117.96076909606418 117.96076909606418 117.96076909606418 117.96076909606418 117.96076909606418 117.96076909606418 117.96076909606418 117.96076909606418
2011-04-28 105.09109798723647 105.09109798723647 105.09109798723647 105.09109798723647 105.09109798723647 105.09109798723647 105.09109798723647 105.09109798723647 105.09109798723647 105.09109798723647 105.09109798723647
2011-04-29 93.6255244932513 93.6255244932513 93.6255244932513 93.6255244932513 93.6255244932513 93.97814828549627 93.6255244932513 93.6255244932513 93.6255244932513 93.6255244932513 93.6255244932513
2011-04-30 83.41085976448004 83.42528190787135 83.41085976448004 83.41085976448004 83.41085976448004 83.73696474075396 83.41085976448004 321.97821579710416 83.41085976448004 83.41085976448004 83.41085976448004
2011-05-01 74.35692393418603 103.91261879294846 76.4199858251254 74.31062805115492 77.06445198834639 74.60115455649652 74.31062805115492 286.8499797307496 74.31062805115492 74.31062805115492 74.31062805115492
2011-05-02 74.93593421596712 94.34639779869858 77.92253879797327 66.2743882166541 79.89692193154917 66.81318036000334 68.12869312493768 259.0558085236848 66.20324328275046 72.1746748645096 66.20324328275046
2011-05-03 111.64293054861133 110.45284937837059 84.80671031891224 65.21077083804644 71.18006533973208 70.92154107416965 188.87526970413597 365.19543023473113 58.98060548240783 77.40001619855045 59.18943574593697
2011-05-04 99.66357444123422 120.32544885217176 75.55418952016339 81.44763954853252 63.4142289756583 263.93937527328785 190.3884304627748 342.8018200873025 62.733822012371114 107.66722338365321 77.49634696473136
2011-05-05 88.79015072212034 120.4377849786602 67.3111306007863 116.87670678215417 56.49565531341242 235.14325110487454 169.61680865517766 305.4017020990934 55.891744434283915 95.9205913053667 90.40156634686139
2011-05-06 79.10303146876583 107.67260418453108 59.96739997575878 104.12530825962676 50.331906906158885 209.48882099562596 151.1113974128943 272.0819849249014 49.79388347807229 85.45553184415587 165.3265710004312
2011-05-07 71.40893392754336 95.92538505357851 53.424879775360175 92.76510366121683 44.84063135100351 186.63332209648183 134.62495025829057 242.3974916054215 44.361306968591684 76.13222378470708 147.2892301855696
2011-05-08 64.62673112112209 85.459802587911 48.84228031992009 82.6443119464932 39.94846099777198 168.14279044536468 119.93719562137747 215.9516145582631 39.521431519907885 67.82610058552844 131.2197863747608
2011-05-09 57.57587191978452 76.13602858447284 139.7263936001146 73.6277115810976 35.590032700970866 179.79027502136285 107.00371991252052 192.39101659666966 35.2095926865336 60.42618607448146 116.90353948229999
2011-05-10 51.29427049534698 67.82949027640167 124.48206495491318 65.59483387340505 31.707114518066295 160.17492555682986 95.32947691251104 171.40091007388835 31.36818099687484 53.83361172206376 104.1492134770482
2011-05-11 45.697999838274136 60.42920594538454 110.90091210582028 58.438353420470754 28.247827686099882 142.69963586282967 84.92890878837085 152.70085107894036 27.991963716993332 47.960295682077025 92.78640078805246
2011-05-12 40.71228948335346 53.83630212083924 98.80148044152732 52.062654158387105 25.165953481653162 127.13092267514573 75.66305597847497 136.0409924910244 24.938004599557846 42.72776595065166 82.6632855287893
2011-05-13 36.2705265189722 47.96269255456591 88.02211228141869 67.91364883470193 22.420315703278412 113.26077605298012 67.40811958749829 121.19874583048737 22.217236336418164 38.06611192013019 73.64461512056144
2011-05-14 32.31336558756286 42.72990132095731 78.41878700505629 61.317861420265515 19.974230525887805 100.90388020671537 60.053807338288266 107.97580730613335 19.793307378271262 33.91305031976603 65.60989321438217
2011-05-15 28.787935986140848 38.068014318485005 69.86319682630588 57.472515170702124 17.795016376734026 89.89513753693004 53.50185998250887 96.19550832458341 17.63383217644053 30.213093063489325 58.451769767398574
2011-05-16 25.647135273189868 33.91699259028895 64.8564351483453 51.263313744031905 15.85355728454953 80.08746280393132 47.6647384817719 85.70045506246055 15.709958487123581 28.630190332458053 52.074606764040475
2011-05-17 22.848999943941664 31.433752760970947 119.31218961102914 62.20325765699036 14.12391386785454 71.34981795621944 42.464454418990016 76.35042556427477 13.995981883301269 25.50659987238574 46.393200418830816
2011-05-18 20.35614476578939 28.114588194171418 207.95014716234786 62.56940816311342 12.58297676493925 63.56546136168554 37.831528013350145 68.02049626962486 12.469002323891589 22.723797135370077 41.3316427885073
2011-05-19 18.13526328292614 25.04725058803602 185.26251954883577 55.743005532122616 11.210157875079242 60.92608754380798 33.704059817189176 60.59937293868371 11.108618191649121 20.244601743987506 36.82230758372074
2011-05-20 16.156682816567606 22.3145634464923 165.0501411901785 52.241680978939506 9.987115285730077 54.27897329875578 30.0269036919303 53.98790367585284 9.896653711921806 18.0358897476513 32.80494662997726
2011-05-21 14.393968015220976 19.88001597488211 147.0429592197529 46.5420466221746 8.89750821051756 48.35706773837607 26.75093001340498 48.09775418444225 8.816916110370816 16.068151061243874 29.225884905849835
2011-05-22 12.82356765812759 20.942159430265285 131.0003838848542 41.464249679737435 7.926778663807418 43.08124966555898 23.8323692624186 42.85022755276292 17.144472120053763 14.31509518776168 26.037303403552887
2011-05-23 11.424499992902827 18.657342995805003 116.70807408319999 36.940446892620095 7.061956954859264 38.38103010722146 21.232227230426997 38.175212803069385 15.273988239239728 12.753299957124863 23.196600230347403
2011-05-24 10.178072403242787 16.621802963038657 103.97507360152197 32.91019678833786 6.291488402817717 34.19361052760071 18.91576402702316 34.01024815516052 13.607576547400635 11.361898588033128 20.665821414601748
2011-05-25 9.067631661243546 14.808342957007419 92.63125979419833 29.3196521365315 5.6050789573200985 30.463043791684466 16.852029928375064 30.299686489122326 12.122972507130752 10.122300891774229 18.41115381164085
2011-05-26 8.078341427512498 13.192733762122296 82.52507061431791 26.120840508698443 4.993557662093734 27.139486668606583 15.013451865193845 26.993951857155107 10.80034067059523 9.017944893054342 16.402473334217326
2011-05-27 7.196984026302791 11.753389601273438 73.52147962856873 23.2710233297796 4.448754123951087 24.178533887880334 13.37546502539479 24.048877110913427 9.622009662744173 8.034075549314244 14.612942471617224
2011-05-28 6.411783847234673 10.471079733303517 65.50019196059796 20.732124858039594 3.963389350074588 21.540624850950362 11.916184649380176 21.42511379455233 8.57223607819776 7.157547612051718 13.018651719947322
2011-05-29 5.7122500141154084 9.328671515566498 58.354037059263995 18.470223463974044 3.5309784950936303 19.190515071274724 10.616113632877497 19.087606419198686 7.636994137283859 6.376649996226428 11.5983001328377
2011-05-30 5.089036218792647 8.310901498690582 51.98753681793224 16.455098411340185 3.145744218580115 17.096805280971605 9.457882030682836 17.005124094751512 6.803788290871571 5.6809493111878195 10.33291072447213
2011-05-31 4.53381584731403 7.404171495195965 46.315629913791426 14.659826084958006 2.802539495352309 15.231521912534491 8.426014980879788 15.149843261253421 6.061486270257634 5.061150462579373 9.205576922512684
2011-06-01 4.039170729982872 6.596366897287772 41.26253532338558 13.060420270575845 2.4967788472734918 13.569743350529913 7.506725948823546 13.496975944804177 5.400170351524238 4.508972462753794 8.201236683335289
2011-06-02 3.598492028925373 5.876694816410698 36.760739830058334 11.635511680663775 2.2243770777495224 12.089266959714145 6.687732528471373 12.024438571230688 4.811004847146064 4.017037790431099 7.3064712515825905
2011-06-03 3.2058919389512948 5.235539881985717 32.75009599563293 10.366062444353753 1.9816946903712538 10.770312440809139 5.958092340024047 10.712556912610124 4.286118054432839 3.578773821359818 6.50932587530762
2011-06-04 2.8561250219639187 4.664335772689463 29.1770185445382 9.235111746893233 1.7654892624530303 9.595257550543574 5.308056831344962 9.543803224505554 3.8184970835481438 3.1883250130194285 5.799150081325064
2011-06-05 2.5445181238867254 4.1554507638356935 25.993768423456515 8.227549220160494 1.57287212378046 8.548402654976204 4.728941029831819 8.502562061866158 3.4018941599261883 2.840474670084312 5.166455376726467
2011-06-06 2.266907937743203 3.702085761684172 23.157814970981896 7.32991305656519 1.4012697617623433 7.615760970353431 4.213007504526082 7.574921644712898 3.0307431492150054 2.530575245375875 4.602788475342531
2011-06-07 2.0195853786846865 3.298183462337137 20.631267675386034 6.53021014898117 1.2483894373299969 6.784871688958206 3.753362988105023 6.748487986095338 2.70008518945537 2.254486245070148 4.100618355360895
2011-06-08 1.7992460277739606 2.9383474215166228 18.38036992834044 5.817755853643161 1.1121885521860353 6.044633493168345 3.3438662775469603 6.0122192989266185 2.4055024368843063 2.0085189085268236 3.6532356391025695
2011-06-09 1.6029459824155996 2.6177699539328114 16.375048010756416 5.183031235116828 0.9908473581255797 5.385156233344522 2.9790461829519757 5.356278469245014 2.1430590401563716 1.7893869236198616 3.254662950593763
2011-06-10 1.4280625235609488 2.332167898923721 14.588509284848087 4.617555886025606 0.8827446438055045 4.797628787850776 2.6540284282514697 4.771901624831766 1.9092485543530613 1.5941625190887037 2.8995750532415214
