2011-03-01 160.98213805923953 210.2586251708158 162.99677435688557 159.73488821116536 264.9270654571458 168.28342590525128 160.59697831380163 163.99485723205228 169.9393296869054 176.35897120238394 158.90284831995805
2011-03-02 148.00338903366352 210.7908193532413 146.6354906426689 263.72756376045277 245.58617915168762 149.99959878479038 143.0756421606386 146.10280813330414 152.66850815364594 186.74018893133263 146.148739500111
2011-03-03 134.14442921519347 187.7932707999974 133.28859977251378 237.6166604281172 219.46325554333728 133.63445032137787 132.53171092736915 130.3796712111485 143.94573614926463 167.3480455049335 133.21598812729027
2011-03-04 119.51476679270453 167.76418905150902 118.74759372658933 229.6990367177189 196.33198421028933 123.72323993625353 190.754114916261 116.15508199483007 145.85034803770913 150.1485212932075 118.79181801642059
2011-03-05 106.61437559165692 149.56048527235941 105.79207907337624 205.53923767205686 196.13038559980947 114.61859070725141 185.1181014390315 149.30767497867856 129.93788814722544 136.59065919353634 105.83147843649758
2011-03-06 94.982610588929 133.2432446525813 94.2500276748615 184.79816506768935 176.59755011565622 108.76418126389439 222.25743010018405 135.92001352963555 116.40135934474985 121.68844322445464 95.09224815238785
2011-03-07 91.28424572469115 216.82325948910457 95.17499664244319 164.89584935405534 173.44293596952534 103.76931662437066 203.87429707289763 121.0909658610715 104.04705809067539 128.1909743540032 84.71756202194699
2011-03-08 82.0662367832693 309.1434121169586 280.46752262057345 224.98258389906374 184.66492807145806 98.63315741745787 187.50861949927068 107.93529019567549 93.96114241375462 341.3851255713642 76.0138887371141
2011-03-09 76.731506440396 276.78674217015924 329.015370275666 274.1557544120625 219.48550692525112 120.03708775890688 206.00477682418364 101.31061322903236 83.7516140001585 308.86528072833784 70.7388327741895
2011-03-10 94.76165701407508 254.29547216091137 294.85843311078963 244.77404447378896 232.32047469416054 116.3136773886974 189.18101746940224 90.25749549457402 76.4402845434137 275.29518477538306 75.56239884187674
2011-03-11 122.4135443624995 413.84791818491703 263.8729785778381 218.5307877873685 214.57109985195066 103.62410391883911 171.46995244883914 82.95882584801015 106.54132562042314 250.40837529682324 140.9766412183315
2011-03-12 123.25959696913358 472.5340623724241 263.8501662648963 195.6110983364403 192.94354883395582 94.00748152176774 155.62549903102223 73.9079116393219 99.07324209655421 239.73246960917442 185.17636733690867
2011-03-13 113.07898048712796 482.6896958578988 236.14923678511195 353.162874606422 210.16108490129196 83.75114481532871 138.81213729590561 65.90900856812969 153.97113574355043 324.5677352816221 166.60564703140577
2011-03-14 100.74744814695772 497.77038493487726 211.26578288060915 314.6487177772982 189.0378714585446 74.61378758985428 123.66755521033511 59.69563991273034 159.23192687320005 327.84937551563263 178.0912625575583
2011-03-15 95.89311098970195 496.1912064530359 226.22823899218375 324.395124777066 204.44307233626333 67.12237519232083 110.22187430819028 53.182769107043434 176.7405782612545 307.85095998850034 187.85606145338585
2011-03-16 85.43104968859629 529.3874660937728 234.1739017520256 421.6329412424818 182.13807110643123 69.81090540373866 104.67098805937472 48.82412142057241 171.2855944940739 274.2640256614094 180.7100996994804
2011-03-17 147.78654118262966 473.86923445972093 342.4312625530737 402.78108067828725 162.26657410183552 95.69875842921752 108.25168745735303 43.4973472164782 191.40885067959098 244.34146892232067 165.46705930736573
2011-03-18 160.59936498273544 425.8058795788759 422.01284901953625 366.6213786564171 144.56308289211486 146.62407853770844 101.30587666721684 46.74739558123182 217.99877981711785 217.69021773569895 152.4954446935069
2011-03-19 143.09860525568712 416.92443155406414 410.36117506593155 550.8335813019842 133.27276307774264 180.87604857294824 90.25518163608552 41.64719482670949 254.8117657027024 199.487978823842 173.13344675148502
2011-03-20 127.48636401619987 371.43744165914325 642.4720559392351 573.3641509583694 422.80297069225355 166.9794406150037 80.72490690830129 37.10343251149424 291.95562913853394 192.38712922477774 154.2443658043545
2011-03-21 113.577438307911 330.9131406689636 572.4422932761063 510.8452551216679 379.19995539305717 175.2670558839795 73.73248989592233 35.557475705775396 264.44489659250803 209.62203058291445 141.54229986704928
2011-03-22 104.30823586129848 298.40186533536485 509.98810531379365 461.9026287710743 339.17530318018294 208.19185496199287 68.00900470433382 31.678109551375936 235.59361941781435 205.7663272095083 130.05972374845769
2011-03-23 95.56976899675954 272.4518549320203 456.9589701117809 411.50845990190595 304.1682820735952 289.9520641807265 77.06322625217118 30.61632493244665 212.39479912049967 212.30992062372138 120.56315314620763
2011-03-24 89.01191822944828 286.2365312815207 412.5696325436852 366.61235945394355 282.5903885104753 318.7972912167701 90.0082587044037 28.676450909236586 223.8810611084072 281.81037177772697 107.40955861634419
2011-03-25 79.30060387260495 308.2096486979117 483.17224517503513 326.61448111470037 251.75941490553967 284.01609811440966 81.20860360094686 26.446794139129615 208.05405249616712 269.4194433828363 95.69103811009744
2011-03-26 70.67071548220389 274.58358096559516 514.5809774482253 302.19599235955064 224.29214004124853 253.02957776348984 220.5084808483368 23.767551366212057 199.17710621393024 265.46683594181263 85.96296703851262
2011-03-27 68.98927966098273 244.62616032615657 464.6424257638405 296.5408889071263 199.82158007322562 225.4237265026082 254.71276025546362 21.174481067016774 218.6293231270883 237.28264876434918 76.78507650919005
2011-03-28 61.46347423332991 269.36886492321395 427.48189725899107 372.62313864282174 191.1193911977754 200.82970900051544 226.9232716265035 43.63886214087751 200.08588392007616 211.9825249717934 70.91093728871488
2011-03-29 55.279183257979554 239.9803764873492 390.9430980452023 331.9694765866595 190.21234440366632 178.91893033339625 202.80529725368274 42.068669074625575 196.13717898475815 188.85495978586292 67.11950216509592
2011-03-30 51.293499044203095 213.81382586744928 371.87653518740024 300.30934082941747 169.6885215517168 159.39864570483573 184.75076289957462 38.80533456274437 240.71838147468483 168.25064160744296 61.98391138158476
2011-03-31 55.38652475941901 194.23207750285675 351.21578945816003 271.95345720098095 153.82706865861059 142.008049150965 187.46454246920783 40.07693709062049 309.62769292442454 149.89428095358133 170.16743770978198
2011-04-01 51.27955802927098 190.52735113555403 371.82686371452485 280.8481723893017 137.0443383019267 133.7392591953914 167.01192060126704 71.4818943904675 315.86263719621894 133.54062277679807 159.73890225548263
2011-04-02 45.68489253324405 212.74898777852334 364.14333544393423 280.66590739525293 122.09262533974089 184.9069740149271 148.79070599598833 92.054417844083 329.35379285108894 119.55506833157308 245.4859237906429
2011-04-03 40.936542863615394 194.82256560922036 394.70224620650356 250.0448971417827 108.77216342722059 233.11565799924128 132.55744926067882 82.01116287410545 350.2315937360582 213.40672865486962 255.58123608246646
2011-04-04 36.90212238434708 173.56717398323073 378.28147866453605 227.57912366777148 97.30157840244999 310.8045654184972 137.36731125191974 73.82161310169015 386.8622788771508 287.0136764604771 227.69699562375698
2011-04-05 77.42940835653218 154.6307728295869 360.3111234603413 203.22338018089135 89.5790108448908 336.8336425094217 122.38036152540568 65.98270316597014 370.9654365377431 270.39050304365236 202.85496154229693
2011-04-06 94.25095894977518 137.7603573151489 332.91782041140607 190.8509038334785 116.30340231921109 311.9883353662517 109.02850722475513 61.36903828339923 355.35579305082126 240.89055257513132 183.3891031548527
2011-04-07 139.40876095401052 122.7372958281214 310.5960135390254 170.39827981031394 154.0258138344508 397.12710492880336 97.13335734305655 65.00254247020537 323.2913954996231 214.60908451707 165.27756593991205
2011-04-08 258.33429150588734 110.1393628581043 299.9629715792927 153.51716426165336 154.95735157297142 442.5661046098222 86.55399238817822 57.9108578143894 293.0450916422641 191.194958312857 148.2793571535567
2011-04-09 390.78207719659116 285.9203681165214 349.01092132776785 174.10105982413535 138.05130589768217 410.06466901100043 77.11084088345672 51.59270900814705 269.2039706411986 173.56011268660555 132.10188922967725
2011-04-10 448.29072164286276 254.72608945970728 316.56983584866356 226.73268749934616 123.74955517206351 387.9502041495887 68.69794931227969 45.99308776855842 244.5822258988142 154.62448192727416 117.68940379312099
2011-04-11 418.0938495852374 231.53164878744184 299.59047517226344 356.6267896259403 169.7804615063885 379.23910034882306 61.202914995260365 40.9751829504052 222.51427736166045 137.75475275620298 111.17631772527604
2011-04-12 377.7610215482821 215.1225477682484 273.20162127771306 546.610089514439 151.25719553500434 340.45023164186006 54.525598529417216 40.23309160006652 202.7251978110993 126.3696213128627 99.06093444035152
2011-04-13 382.2890229152207 217.34763627556208 249.51617288360342 703.9822002640971 134.7548416249438 392.4278948276122 48.576785848998355 44.79088077960167 184.9699518613201 112.58253365281529 88.25325952399916
2011-04-14 340.5808004872275 220.1327618979431 228.244084850394 721.7752044046608 120.05291567980147 352.0578165561902 43.27699625718502 43.250960195341456 169.03013759748035 100.29963492921937 78.62471579457215
2011-04-15 303.4229985898555 196.11599540814385 209.12681965203765 780.3820167786522 108.1086637701616 335.43816747362087 38.68090023586568 38.532225008942355 154.71108362509125 100.27959178277851 70.04665852810662
