2011-01-18 8.058648357852617 5.574116385140752 7.671303281095041 6.926410506083711 6.8057952744033345 5.715617374152711 6.593656665436581 5.5922338475217535 5.684689267461349 7.980379258878229 5.686270105457633
2011-01-19 7.189738022970045 4.965973285553101 7.639399747923693 6.170730384449898 6.071156747740139 5.092036335279446 5.874280414361098 4.982114109564292 5.064482524673605 7.10970979527451 5.06589089121808
2011-01-20 6.797064782115299 4.461472173593323 8.719281494690772 6.317761630713257 5.4087859034604575 5.164608797881837 9.306232328639942 4.589808158130155 12.981511032415302 6.3340314822295705 13.045824241448923
2011-01-21 55.37313413878292 7.117299765133732 49.10843022492909 74.04953817031303 14.138300535705193 10.64081049489787 11.033547478166248 14.383792084713006 44.595498180134605 18.237476867677895 25.183636286522617
2011-01-22 66.73472061920623 88.16893500255864 53.421409913919504 77.62570554754409 53.4962199997659 20.877714181288855 21.49177246707604 38.43258490343205 177.2014018637629 58.613891250542416 26.116062496771733
2011-01-23 78.57766325751672 78.81139027650596 53.75796728092726 73.29440434287469 137.45676150238452 74.30336067241434 33.97416681381936 67.776566820114 170.27217850323203 56.91677824416157 28.344545773901945
2011-01-24 141.34485608167026 70.21296830087762 100.89446205509053 84.27504431891555 122.46005274656477 102.12444770432954 43.57999269727423 60.38205662436067 244.39578293258822 50.7762340088394 26.630239897667284
2011-01-25 126.5628019955135 62.55264357697894 90.23602893328545 94.45631878946465 113.33302992913595 129.9829938419897 41.64119279954351 107.37228744700221 238.74081152805067 47.47136329756545 25.351946392044876
2011-01-26 117.25920715304619 57.3189252639541 80.90544820570275 84.48221121529411 109.8029407920104 118.2037402181945 38.92249879613347 95.6578333678566 215.6927102019293 43.64938951569017 27.48039993157266
2011-01-27 105.04899705468387 51.12472743989939 72.891529978754 77.8012263093584 104.19164481026395 106.49945902297254 34.738799606026426 85.56461794295103 194.18617428428234 45.58780673085454 34.546489187833686
2011-01-28 99.04697939865905 45.54695425254148 64.93897073242094 70.55579545852578 92.87710977735928 96.61219162784123 35.15648870708704 76.7364723137048 173.00421627282114 41.232914998033884 32.8245073376046
2011-01-29 88.24082708990075 40.57772326674869 57.85404589082963 62.858067839335384 86.08273668745305 86.20204058593251 31.32087083142197 68.3650718779862 154.13610914560147 36.73435122490076 29.24331161862291
2011-01-30 78.61363984698707 36.150641748350985 51.54209542832364 56.000172167793544 81.8204030166368 76.79728756403993 28.17698297098024 63.66416588135566 137.31966216190693 33.304226851989135 26.052828940160808
2011-01-31 70.04471161484763 32.20656049558005 57.15958498144106 49.89048170194909 84.96425504473955 68.4186051494817 25.10283811193199 58.46516765166019 122.33791109753086 31.148872830328873 24.324529463057363
2011-02-01 68.11649080177327 28.692783560399103 53.77774682275277 44.4488830011872 147.98722434695176 61.06047939886486 22.364086394782206 53.11530058615244 110.79700722496605 27.750490975233987 23.186029030084164
2011-02-02 60.684894435928975 25.562364190248726 58.81203372961601 39.59945298493855 153.70586225352878 61.98712380057419 19.92413599790224 55.70735526389292 105.07625258192417 24.757451771092786 20.656403638077645
2011-02-03 54.67579331595628 22.773477583450656 70.2823612739453 35.684388510980334 139.6045909433165 102.5726688813628 17.75038731430645 50.515977637907135 109.73673475520341 22.302520261180245 18.402763616274367
2011-02-04 48.712481191103805 20.288862077801113 66.03684472571338 31.7911760731614 147.34218902976073 112.6875952572994 15.813797395917323 45.03041438325922 98.50668543341794 19.869286803091594 16.39499860708568
2011-02-05 46.1452265416476 18.075321306204863 88.39750520287932 28.322718100319026 140.15890242992026 127.0035883310525 17.201214069580594 40.11753853993965 97.56662305499597 17.749945680984112 14.606283331530989
2011-02-06 41.11072326034456 16.483626960241565 85.32860089817292 25.355900430459172 141.51094809701087 113.14733412945318 17.464882225552675 35.74066374627304 87.10686301730894 15.813403940344543 13.01271918295071
2011-02-07 36.625490738156685 55.63999026560355 78.74779188588235 22.91907855379589 156.02927318653278 101.01128309981415 56.41770897669941 33.56577957321744 79.01489993800898 14.400565751337039 11.59301492330449
2011-02-08 32.62960283124351 50.594793264872706 77.61135707036354 20.41857778589335 143.89639684234794 89.99082271269421 66.8030327258233 36.00905767703543 117.41038813151869 58.20054287039249 10.328202215912643
2011-02-09 29.069671414872552 56.48400455174577 69.14385860620835 18.190884854790518 138.411090274401 80.38411962149414 67.23106157752913 73.88736953655723 206.6990400215145 58.999513003884886 9.201382193940109
2011-02-10 25.898133077153926 52.853766181542845 61.60017507643099 17.082276082542478 160.752175311859 71.61410920651191 59.89606665551801 66.79550301674985 323.6127429434848 70.94222944931646 8.307000621410602
2011-02-11 35.10572695537322 52.171244197103704 57.55572404062805 16.374968353869043 240.68143939358828 63.800918167582154 56.47831593285904 59.81149944528601 294.12033410244754 64.12265440295076 7.5287764745264285
2011-02-12 51.074663859184156 48.454613482483516 51.276320842088225 19.47420907844566 217.41981893096684 84.90412111447941 58.193003319448835 53.285988258510514 262.03142870353236 67.54811176368577 6.8162511428023
2011-02-13 67.12643483560338 45.860170210161925 50.83001277888822 31.999234141044077 193.69903805452992 78.98865196997203 51.84407213266037 47.95902344507456 235.34951271491892 203.27247862310952 6.833932573880186
2011-02-14 67.54760759102358 40.856766922587774 47.0065769146202 29.125285702359072 172.56622477645425 70.71725960855645 46.18781747481914 50.73706025572718 218.74722135867248 379.0917213191995 12.374732659878122
2011-02-15 68.17900845383886 37.39037849199399 45.303536620541216 27.51909600765314 153.7390285144023 74.4642525862804 41.14866744875787 63.169848914531656 196.68094530180505 352.2262747886995 11.02463353075635
2011-02-16 84.35576995588487 41.384703903350946 70.91425832131713 24.516727422478876 136.96590349650185 182.95652557334728 36.65964467615271 57.740932181958605 201.12068165732242 322.7792708382832 11.964182567581647
2011-02-17 91.1633821495814 93.62845146358832 97.48446288757366 22.462365897654053 122.02274791703684 172.8276980209276 33.0919139319261 54.18097164040858 227.76133304790002 320.34673281918947 52.9123180273944
2011-02-18 100.71210806508205 94.16412571180143 94.73772342480551 90.3974278875147 110.04425045779782 167.96449571815864 49.78758886658237 62.76611159084018 234.89068417103508 470.6733334233438 47.33199254536543
2011-02-19 126.48783048899669 84.36945049196969 96.27068662782118 80.70669700419188 109.55981137461679 153.54969325980815 173.2134662660874 62.89779597412272 213.31579443959336 556.4686000878622 46.97004730067342
2011-02-20 170.62655287007217 75.45755937785933 95.87901422815378 215.29445378767548 113.05908163507806 145.47328674181682 165.52568176797385 74.57637475335183 203.71717547645397 621.0267536589341 42.61083437023685
2011-02-21 207.09451539855056 67.22504298005497 87.2375036614084 210.2757510146694 136.88441612079936 242.85060569752324 152.88719557548876 85.7504851839245 181.50292815860658 595.8842275787571 41.54907034832438
2011-02-22 218.39414869014118 59.929960718060734 78.6564202855515 187.3722061868564 130.28564531825722 274.87104347652047 136.20700661302473 80.01032454155602 161.70072608997114 531.2822362612777 37.12558477160696
2011-02-23 211.28827804681293 53.391525235144364 80.45973047812075 205.84240722990106 119.9030590831789 280.845990627217 121.34664764649959 79.41197215590545 144.05896964914058 498.83837864209477 33.07513593645831
2011-02-24 319.32049276961004 47.81760230054323 128.72077838544476 337.97113434455923 115.68675411322569 250.20533309637983 108.10757289063238 70.74802425043097 128.3419514487759 445.0461259129815 29.46659625984668
2011-02-25 346.2676683221871 42.60064064439374 117.95821780430575 338.2853543828614 105.12693741799796 285.8696848865275 96.40913970359236 63.02932416596584 114.33968007963934 400.4987620073873 26.25175288615155
2011-02-26 314.564727378285 37.98187136801436 105.08882508486715 350.93805244835016 103.30844708492101 527.9556236279136 85.89077902783553 56.1527441536031 102.52306716885727 356.80383373806643 23.387653044101604
2011-02-27 310.85017661696077 34.19889145085114 112.65460821564805 360.08792575723874 93.51373463569912 543.4534007036517 76.51998498350218 50.36166432223916 102.54557908281807 317.8760781523304 20.8360301648295
2011-02-28 320.9815772999411 30.930926377401633 100.36384609812555 320.8018715211402 83.31126636166276 548.8374855692274 68.176272319441 46.389522466227966 101.31307133668595 283.1953905995921 18.562792611182598
2011-03-01 325.09965324282706 27.72745681514049 89.41402188136807 288.93589743057044 74.7710850224793 488.95861240590534 60.73841021873144 41.328366145218695 109.37757533276316 252.298410513343 16.537568187321263
2011-03-02 295.97220200442365 24.70235577756112 79.6588375215439 274.15712847267025 70.11151207301984 435.61260105976095 56.41484198289784 36.81938846527077 117.58311903668653 224.77233055884324 14.733298342903813
2011-03-03 263.6812554133575 22.022295739759457 70.96795627893596 255.2096101620814 88.21075749400467 388.1216387211748 50.49963045884232 33.36038978702528 104.75465006716986 201.24189682353793 13.125876650115107
2011-03-04 234.9132924866546 21.996311297640016 110.67138243683605 296.16279711047014 78.58685081885608 345.7770704604814 49.12166724173163 29.742612458046498 126.91227500242425 179.28614795747933 11.693826723314722
