2011-02-08 81.40846772136224 81.40846772136224 81.40846772136224 81.40846772136224 81.40846772136224 81.40846772136224 81.44635472336216 81.40846772136224 81.40846772136224 81.40846772136224 81.40846772136224
2011-02-09 72.52669961782014 74.76728758488451 74.36798899807988 73.17417011654442 72.52669961782014 72.52669961782014 72.56045309933603 72.52669961782014 72.72441179667449 73.33994204017728 72.52669961782014
2011-02-10 64.6139437973485 66.80161213548462 66.25434614594732 65.20297507407668 64.8659951212637 71.42920836290939 64.64401473076379 78.93772884155689 64.79008532405057 65.33846042896381 64.6139437973485
2011-02-11 59.76528647432816 59.514817260761525 59.02591212738922 58.08924698716983 60.96256673716491 63.6361902430336 59.71490803196084 70.32552151259114 80.89818529761 64.98889539559943 57.56447977778813
2011-02-12 55.18120284912674 53.021674480622565 52.58610952400894 51.75163575126076 54.31748446891924 60.33220124710581 62.271587268845884 62.652917040771904 72.07208965417398 59.8290245037965 51.69270401736085
2011-02-13 65.56208038380166 67.34832511977234 52.02194126932919 46.105466023090855 48.39137735659483 55.34888641471646 57.79445526742083 55.81740355000359 64.20893235722609 60.54991931035548 46.052963816901645
2011-02-14 70.94912162711094 164.35457657453006 49.77966618551699 41.239595378390625 46.922816640624596 104.97103870771653 56.4466036299442 56.57386247173138 57.25635666879348 105.24251025603756 42.59156821703262
2011-02-15 88.44936578877785 166.16653264093642 102.47799074402243 68.7505345898394 156.32883844263705 277.816570097739 56.74914518674999 89.72003646813626 53.64920672969079 102.70515679326309 40.27799302838595
2011-02-16 136.89963036052777 149.01491344194096 92.41240983766436 87.3677041508825 162.14170339131348 460.8355979623947 66.19293422676448 80.4822399764979 90.07988361150109 107.70776044249449 50.08746785955842
2011-02-17 158.41314771011372 140.4540068513293 91.6361925360515 173.3681686010389 151.89746412052875 485.156152984148 78.33395322938051 72.44336238526544 120.49015504268034 221.04677629642566 45.197574225142155
2011-02-18 177.69831148613343 125.8524457378966 86.63980197952759 525.6693595350945 140.04259090624458 469.8812469656981 215.87258598004865 70.68810727764001 143.8758018954951 200.32904819753213 299.37932672909096
2011-02-19 242.93121359951752 112.121782642319 77.18728858309427 632.2347970810584 129.03271872649532 1840.2806350922895 239.7608648923785 105.68861714885904 129.5242958503815 216.06229424489737 286.24094328675693
2011-02-20 307.38523533406743 103.04657744827567 68.76605651334486 599.4869999266015 121.56695970002403 1656.554541322026 353.8269151181112 98.55627075385249 115.3930291990727 195.53352524119288 269.4292894230257
2011-02-21 327.20649286780974 117.02463075376404 63.99404809964919 552.723520217428 114.08324441803248 1491.0110584432975 324.63512832897356 87.86279173228527 105.47494395277684 213.54326718814633 242.1915715688399
2011-02-22 320.7002024977968 109.81387799717662 58.11893202860655 542.2586529970878 105.24528432489355 1328.3398407549546 290.84472734463833 95.70521242689816 114.21094140563825 190.93424682392714 216.24956514264142
2011-02-23 287.93490972648624 102.08593117678913 51.778082097194236 483.11051349851135 96.74844706325992 1183.4162614365548 259.11319482243795 88.12254592773196 124.54866966766951 170.10307579775096 209.09917324389806
2011-02-24 294.1693579622445 122.73552979894932 46.50581679105316 511.27409952175054 165.25892961201546 1054.304030391998 230.84361317229641 82.01786747295192 138.16834139422576 151.54461223168383 186.32706413972235
2011-02-25 271.6943396532044 116.75374131576035 41.52112393712186 559.397329057297 147.22896860288435 939.2781092567195 206.79336641355073 91.8493277320911 187.38495007975465 135.01090082857712 165.99854264722663
2011-02-26 251.05753001220396 171.85136543932697 60.28007892870279 735.1653796255226 136.60518374480952 841.8049984435344 187.4323662416122 85.11116029638686 166.95272251565132 120.28103853204405 156.43122838757407
2011-02-27 232.46280351713253 153.10216122809177 86.8359850167279 775.0421764786399 123.92508634572779 856.1821535478628 169.33123138611694 101.555210570795 149.0914771219235 108.12477998722382 147.53312121632263
2011-02-28 251.44180414347184 137.2300844826565 87.04707203435557 884.0341677954455 110.4047006170423 780.7870533402943 170.86775114116983 131.46734484559448 134.3401138527586 100.10028371989705 138.19417096799825
2011-03-01 337.70683585736685 122.5718320624954 120.77692932628973 894.3790310397604 98.35940630130465 720.1139068588338 154.29333829877348 206.2276270487064 131.66683903776388 98.54823091861277 153.66155229805923
2011-03-02 354.4684914975962 109.22900453538846 111.7424021658728 1042.6249499234186 87.62826903453796 642.082582220491 137.52726603304265 185.94404068907377 136.71045747259447 88.83859867361313 208.28248439535489
2011-03-03 394.23175086661786 103.71622571036151 105.80745827635447 1922.5983924433795 78.06791259816956 572.0305494829173 123.11539257116449 165.65730753817382 129.70153725038693 163.0954083131155 301.24112295967393
2011-03-04 373.4156822915073 99.3010691524272 95.51916979215767 1901.5380260290276 69.55060330286027 531.0467094143845 110.62532031280273 147.58388297759802 205.4356503399692 164.29855080606433 286.947669206737
2011-03-05 438.5594290986622 96.50776495486963 130.00393396438238 1866.79494062768 61.9625433685135 473.4994474584108 100.11284708617356 131.59371845340226 245.21233368666734 148.1250896796456 317.7427719281947
2011-03-06 478.17884615080465 160.1512735482277 123.10369468574498 2053.682426480171 55.202350498713045 447.2464128432458 174.30245264482278 118.81043200597274 327.25591153440877 131.96445255900827 306.8118064918485
2011-03-07 585.1708038200258 180.095988409979 109.6729238317715 2253.3464023109823 100.36281744602998 461.53966377233013 159.3781471100412 107.18869699657985 292.8834309867306 140.24824451796584 273.3382451518112
2011-03-08 818.058991369094 176.8047508681666 97.70746729327261 2208.225512584266 155.60083357751904 461.8408773755855 141.99002965412538 95.68724603839378 260.92947326746713 124.97038663919929 243.5166922613227
2011-03-09 927.842890193522 158.07289553370094 87.80331386045016 2124.430297366047 150.78024816147348 417.7421979344034 126.4987354433856 85.24764487380082 232.6389238619368 115.79515721651265 217.04645701119176
2011-03-10 907.9600856394876 147.33725914511695 78.22385980156635 2201.074893552745 147.5273602798982 439.74187243284274 113.05372271212642 76.71517552392181 209.75787158867146 103.16175716586761 197.80171087087433
2011-03-11 850.8986916179039 134.64120230688553 73.73745845737416 2010.9663005896805 132.27184520749617 875.7156947281136 100.71941667907298 80.43733889325934 186.8730189520395 91.90667725402258 301.94873960232735
2011-03-12 781.9740716008855 158.40372976863736 110.8243258886629 1857.826405973782 117.84081737431775 966.2282949160732 89.73079924413085 72.36134050930292 166.48493307228935 81.87954098704861 270.93424275143013
2011-03-13 709.3776334880857 295.6562407389292 146.3522355970752 1682.5288714145759 104.98423317537373 926.2905303562504 83.38059375516335 77.17271694104795 148.321213495767 72.96969307619266 241.3749695995568
2011-03-14 646.7267308348596 339.1300081205041 130.89324252220905 1525.5923680201693 93.53031879197896 1023.4329507601599 84.46750938562968 148.62990433520903 133.96818242930527 65.08587863247892 219.03872566244132
2011-03-15 590.7909628165156 303.43044891246564 116.61262200649327 1385.0350000433252 83.32604114925606 968.8319492227052 76.55475454390707 149.68941877157354 123.94498131394083 57.98492587293786 258.44255043543006
2011-03-16 543.2702414632671 287.9835059956419 103.89003549395036 1259.0905044799456 74.23506327696295 926.8196694178762 73.26726250669886 133.52357246121812 111.1315117117995 58.33799493185208 257.04586958305765
2011-03-17 514.5776823534655 276.8634584038677 100.46528195311589 1146.1847418475586 67.01308748504945 945.413441215388 67.7413925012388 190.16877023018216 99.00692135760224 60.89261126932146 314.11889497465313
2011-03-18 489.89043510508185 252.75444931822827 102.928804011505 1044.914751387302 60.32501628959661 869.43349034062 64.9762254014389 193.65749740759392 88.20513935227443 83.95834971949449 475.3573099227944
2011-03-19 471.08255944554224 254.15999421958728 103.38363088978197 980.7639707579478 55.11686178911889 813.0155513467047 87.83546209086767 187.10123490141856 82.30031032561722 115.62299244158088 479.62739564803894
2011-03-20 686.264829620309 226.43081307902412 92.10434426263852 904.4604371922275 50.35408382337475 928.6884884907629 78.25250061025616 331.8167379254081 73.3212409978823 131.30503095633813 614.3724220357109
2011-03-21 630.8550792035786 202.07550818406267 82.05564226424708 938.9323533074285 45.72907911747881 864.7046321984355 69.79572083715445 377.4046709166116 65.32179964297812 118.96570756544719 954.4297613928519
2011-03-22 714.586630079984 196.330165362299 78.81282879367231 905.1175102806359 40.89626428599731 814.1553791248282 62.245505061592766 354.1602901354962 58.43086204995628 106.20435835357964 1209.3814651648504
2011-03-23 656.1801293821536 273.1420046884127 99.1480242283307 827.0114394313454 36.43442945322628 825.8802941316821 55.45444069347374 333.1406985878052 52.62389293708173 134.2060126291516 1376.8175349390199
2011-03-24 625.1538038883939 331.56944401 99.84799760003759 800.6166850438761 38.92355639588016 1009.1389857710183 49.4042901524356 297.7889348058953 61.625311506131396 129.94752378695836 1656.8575495808807
2011-03-25 570.8086009499006 324.03521198688304 89.4786440979632 937.6265702627096 40.3446950333297 1321.4840260195988 44.014271039552824 368.44722434358636 72.11208174333552 115.81348058251379 1891.8740578619104
