2011-03-29 27.28091604285499 31.540167939556543 27.30314920474345 29.542678855010102 27.062537857058036 27.271586537481358 27.545966130007965 34.09407198025522 27.70597422313375 27.79347717676966 30.276943717032122
2011-03-30 22.631783945904154 26.16970843396786 22.65022819885752 24.508103906024285 22.45062111721867 22.62404434692564 22.867404758168522 28.283862231060045 22.98440498272695 23.063857392585902 25.11723754692716
2011-03-31 18.774943032319516 21.709945013374487 18.790244070863398 20.331506158136698 23.386668659766688 18.768522392644716 18.970410050653815 23.498550345150935 19.06747144696722 19.163068046212636 20.836833066274195
2011-04-01 15.575373408893169 18.414093045577758 15.599563782833442 17.70497250154728 49.62252730257154 15.596131504778759 16.16235417093237 19.714210602625844 17.675466132634753 20.781170168879314 23.618707289310144
2011-04-02 16.232592307384582 69.41962085573938 12.945186981626861 44.11943053190985 41.6877979100002 12.938695675006768 13.865898866421873 16.538731140932594 21.92920858702552 17.299811611505813 44.67374080203432
2011-04-03 13.505540429345269 82.824761367882 10.739106943744611 36.60086266129509 34.75960024852083 10.733721866178968 13.50638163474482 14.462297006453547 18.19209846423829 15.743264088993053 38.97951852131375
2011-04-04 34.248532939516956 84.14130865423094 8.908980466089348 40.55902682751072 29.37066009936239 8.93989508813676 23.150055126900938 19.180063754274098 15.091855468434783 38.78045891370346 33.870049527716986
2011-04-05 32.57473493279363 109.23112384577671 7.3907386676502815 144.5362313970861 40.21271137118656 17.78795206718715 25.57110358070001 16.237655221638985 20.576464926695813 37.45129439171965 46.729267982608
2011-04-06 41.31543630466863 90.61628250174505 6.514422226634633 119.9207826642631 35.03253760658466 39.63707627451234 23.813466234046107 13.47048259622062 32.46270206503597 33.19831571249573 40.22267468556891
2011-04-07 54.92366394225355 76.47649075988149 12.932294963725756 112.93707850428052 39.3536756093837 32.96622762183896 37.53389870429582 12.677780874661394 35.1870019690071 118.97599207896356 33.58969293597046
2011-04-08 45.90843313599486 85.40454397332597 12.180736757001597 102.52107076989964 32.647139944628115 27.348221734084376 42.56893698480549 143.77201173265058 52.99486519443122 98.70045944390931 43.55647976503143
2011-04-09 54.62334885693471 71.10974813047878 14.91477418488175 108.77807064957429 33.43554071335398 23.76706271591129 67.62463023409666 119.2708156093343 51.20640741134352 97.6218633741662 60.866705504459915
2011-04-10 52.160763079817436 85.74475831929301 12.456796446213247 90.42108971000975 76.26114858376285 24.810761408375736 66.24718848015415 100.18998626765283 60.57172508803261 96.85256348884366 109.11897334209297
2011-04-11 44.54050432075517 106.72637979567646 10.338168532155903 75.01214036559689 83.5903676623093 24.744129517337743 62.64482331740065 86.04452385701636 65.36730239569688 336.24743020917435 125.76524033223266
2011-04-12 36.95522382482478 97.87156153239778 15.669247827212981 62.228795814887526 73.88327872151223 21.724976030614812 54.099529660649736 76.8049797498834 74.02254756611886 279.15603879894263 124.42237212381278
2011-04-13 31.73356730827184 82.31031522918171 47.87823487580502 52.15905118069618 61.29231139502393 18.02267060909762 44.88004966297526 72.12895732559333 75.69806257559057 231.5831018051983 118.18747256257645
2011-04-14 39.385534315367345 68.92569726527184 80.3426144701771 43.91871551629401 50.84705905249394 15.439427048942969 37.23874445636326 63.33568155137211 113.92795437446367 211.29365001532003 102.41767289423909
2011-04-15 36.685236204400624 58.12967551457123 69.24159472121818 37.34118993302985 42.18185536559356 17.439930180369217 31.267962346776553 52.58499296834719 143.8342882929721 186.5404197724154 186.94839234385722
2011-04-16 37.17341546727151 48.791846451584256 252.62931069307757 34.153410653265865 34.99334976772068 20.101916649153242 62.10160653840998 43.626668618458154 149.4512180790515 154.89037724006712 280.53109948486866
2011-04-17 37.92205928928778 41.337145905940446 212.5135227961171 55.42440311914266 31.39099935649429 25.12952002974394 53.83585853825736 49.29091598000268 123.98218860040363 144.97270837863405 238.93441552338865
2011-04-18 51.22762914540563 62.7506607615805 195.95026275649906 47.73480160323955 153.77786770529806 25.014305868116445 47.165932443967534 40.890905540074066 103.71012914754544 124.85096064507118 198.2159272390711
2011-04-19 47.99101279943544 55.71480261767856 176.40083553558307 39.59997952004258 131.6200726648769 23.13436111747251 54.024028161030245 71.37491106357227 101.18376448899957 124.7697065103587 164.82976569948067
2011-04-20 42.3456245454517 46.68123724598488 147.87898486026938 32.85146947968837 135.63433758774758 24.260686223869396 46.854578250033214 125.64926424978424 86.19860062753243 318.7179929192816 136.73997014265757
2011-04-21 48.81683383063777 38.83968265597368 140.34047246865495 27.253020331202087 112.51993954709735 20.633195699575406 38.86976119736563 107.01832883743678 77.7048644235377 278.7514662646384 114.89621312581446
2011-04-22 43.26000826741119 32.22074013264865 156.16545487760615 22.608642137976222 94.34258563342267 17.1169482158444 32.24569277900118 224.38392297246875 245.025529055223 258.72803818843215 184.98299477065777
2011-04-23 49.914983160699585 26.729777992560656 129.59415007145063 18.7557449820658 78.2650044301803 14.314748009903768 26.878103579099882 268.5233860893727 226.15922708196695 292.8929329404103 182.0931759853887
2011-04-24 67.70622220910909 22.174582822499584 120.13999384112415 15.698910950183304 81.02677586249753 12.785630988347139 27.725800113012554 327.7215353125458 195.71351009641754 287.1991614364402 168.38951002930267
2011-04-25 214.64708574507645 19.53308395397133 132.24704848417764 19.13782560809798 147.86242072054011 10.606742005502706 111.68407684305403 298.19470389080357 162.47400966290505 249.98287905528036 148.76128227924102
2011-04-26 179.85141260975524 16.204314222772023 131.32864659644488 24.43690196991484 145.4795904622899 8.802760471438539 126.16807740637033 250.11142784634063 153.13706968609574 354.972108850122 124.60994407662922
2011-04-27 151.13853956566078 16.149366489070093 108.94801153339328 20.27243824296678 120.68739388035337 7.3026203667138345 104.66689110605212 207.4881865597026 169.60143599352332 364.1663064943595 103.70443031811601
2011-04-28 152.16761910602418 13.670192054949275 90.45831567308612 16.817669965729284 100.12020927022841 6.05812965073567 86.82987265091721 172.17295770590957 154.3545191368906 661.7215824353658 86.07816743426164
2011-04-29 176.27329586851386 11.340558821435362 77.92921116178823 13.951652962826133 83.05802273145422 5.025721319488455 72.03258551871305 143.22029793495793 128.04988376094727 612.2102209016829 71.40898365623777
2011-04-30 149.11201528656005 11.221220380288724 64.64874813285901 11.581319860123328 68.90352297845381 7.398500103783002 60.85313872612778 118.813123226507 106.22800565139613 507.90697845959625 59.544704591563196
2011-05-01 129.3531549915883 9.789105747983102 53.631501882765264 10.131729230272862 57.161190727989336 31.326264286951996 50.48610933928471 98.56534621404056 88.12494672575873 421.3509906726201 49.397274172243165
2011-05-02 116.33343672975988 8.132770389322904 44.575995437000664 8.73287372829863 47.419951610649996 25.998436532395953 41.99770440568183 81.76813478568904 73.10695694413396 349.5456153787055 58.76731928559656
2011-05-03 102.23858843058758 6.746807990013506 142.67039526406734 7.988162760459017 39.3387853212675 21.56786075688136 34.84058126348073 68.3043674850463 60.64828805245962 289.9770973255186 54.42667316004421
2011-05-04 84.81539405276303 5.5970371564739985 122.57838320460759 16.238536719985195 32.634787214865504 19.962849424872676 28.903153635535148 56.66414152130216 50.312788241273815 240.5600679105414 46.81414964415946
2011-05-05 70.36140833663258 4.643206828669392 102.16647659038566 13.667590774508426 27.091154888099137 17.864676515652178 23.97756466121302 47.58878753401642 41.73863338766758 199.56454080979486 41.7179034386208
2011-05-06 85.55914974669446 3.8560142811929663 84.75557129663459 18.834957124939127 22.476937887320247 17.47574355233806 19.891379824235308 104.68282119100034 34.625660353305484 165.5553487931118 34.60846314015842
2011-05-07 70.98572156192536 3.273200422740283 70.43871636422854 91.4636240934431 18.646485375792754 14.497579617533585 16.501550382722797 178.4575851921855 28.724858903902856 137.34190153616558 28.748330481533905
2011-05-08 65.48272829456772 2.715391398982316 58.43476104972816 93.1712107871676 15.468807121889947 12.026945470861465 22.719534362897758 235.22758059986126 23.82965438434924 115.3196248785995 24.282727453264584
2011-05-09 62.86111723290316 5.009068479947047 49.099891495185965 78.34003558601553 12.83265928950236 9.97734940418187 26.280156683936085 195.2160477510929 19.76867597425818 95.74223869242982 20.619063375153413
2011-05-10 105.05680607530414 4.454354878182483 41.05481439223635 68.74879311041104 10.645755884267189 8.290911737612182 30.306418690212595 161.94791291228572 16.399757355771214 79.42613280214927 17.105224279871024
2011-05-11 94.6471739958531 3.6952570457338347 36.17753229009135 66.3594477991446 8.831538014893162 6.877999362831434 25.39323020249204 134.35203419616477 15.989016181116186 65.8905688655416 14.190203131014732
2011-05-12 78.51768575510805 4.093825068956965 35.27427544316502 56.75583870725726 7.3264937273051105 5.705871288015391 21.072315817400703 111.45616246329921 14.547222952772163 54.66169524128226 12.041182759349585
2011-05-13 65.13693664649757 3.396167648015937 29.26293895058056 47.08367846861776 6.077934584635552 4.7334937731074636 18.240891970933628 92.46281972680559 40.24598348982965 45.34641266716087 9.989160416558823
