1999-01-04 3.304867278242344 3.304867278242344 3.304867278242344 3.304867278242344 3.304867278242344 3.304867278242344 3.304867278242344 3.304867278242344 3.304867278242344 3.304867278242344 3.304867278242344
1999-01-05 2.944302021810057 2.944302021810057 2.944302021810057 2.944302021810057 13.775508613006997 2.944302021810057 2.944302021810057 2.944302021810057 2.944302021810057 2.9519968679695503 2.944302021810057
1999-01-06 2.6239312292290076 2.6647748295251787 2.6230748970485886 2.6540811461768747 12.272582965059136 2.6230748970485886 3.4820410477288797 2.6230748970485886 5.198923901902658 4.091818546663687 4.041425542721946
1999-01-07 2.3376569686085276 2.3740444797566225 5.508671724478686 2.3645174909694195 10.934755221426355 2.3378923331573924 4.607692820821494 2.33689406336669 4.633886922502621 5.420284043360087 3.600500835470607
1999-01-08 2.082615596785169 2.123098386075989 4.908085178493742 29.027291997338008 10.149371105428799 7.063547332475512 6.2479377390264315 38.94929706431535 4.347498716806523 6.188506035059471 4.818771086283419
1999-01-09 2.0196836188661136 10.15122662436504 4.372606794043673 100.60694932921537 37.31062956528328 9.793211143610897 20.234105917141402 40.28524847887718 3.874930308720855 7.389670557505905 46.23320465413901
1999-01-10 13.029439334437209 48.885366576907984 4.049103892747171 89.65801345051355 104.91310744630754 9.071966979683094 18.178213893628246 36.375114320629876 3.4521704449225585 29.779751090588796 44.65108346901822
1999-01-11 20.291704613624418 43.55191041918792 4.9777953303188225 121.89698003585745 126.38738369866955 8.082203753211154 27.937249474085405 44.768439154317576 3.075534224183472 203.818632288605 62.71596751813349
1999-01-12 21.589669924326845 38.80034116501739 8.59011431005498 109.62644304028548 112.5983581262559 7.246059650733502 30.934959690933336 89.8092113932691 2.739989497921798 181.58175823903534 55.87357506883628
1999-01-13 19.23420926065582 34.56717420732184 7.652921827506968 97.68196710862837 100.31373291938823 6.455505254406911 31.47518410024206 80.0109113074582 2.4961877619325095 161.77095565282553 49.77769640674426
1999-01-14 19.368219447786313 30.795851191036828 8.986866218992859 91.70531107133804 89.36937606975533 5.751201356099343 28.04120116813684 71.28161832105488 2.2238504773432752 144.12153702343997 44.44251740482534
1999-01-15 27.014137340676882 27.435984350135353 9.143683516160008 83.64732282347313 79.78628698215405 5.6636149516179275 24.981870175808496 63.926231373088356 1.9812255396009055 131.50869604081151 39.59378178688861
1999-01-16 27.287005905375615 24.442683288453992 8.146095923627904 93.52169757123886 71.08150079757829 7.994082004571849 24.808865658666946 72.85353690595791 1.7911685738246796 117.1609287270665 35.274049440267376
1999-01-17 25.363626970778014 34.89085311490842 7.257346416208342 115.34049362805946 63.326417944054 7.121917410581815 22.102186613822266 64.90512264150783 13.789878932753767 104.3785212190752 31.42560542995316
1999-01-18 22.59642275565587 35.15123300930106 6.465560619300398 121.55774360731746 57.31381197535415 6.344907091788702 19.690809722352824 57.82389056206083 16.547038066526245 95.323486851018 27.997031594329354
1999-01-19 20.131124067571008 46.44191350623866 5.760159667793381 108.29563795979115 51.06096915160549 5.652669594794103 29.896985067330174 51.51522997962726 14.74173500248763 84.92357224423941 24.942519559122598
1999-01-20 18.026487715585674 64.00928458775944 5.344801720743027 96.48044503856818 47.574627658059775 5.127582104452331 33.23173650891956 46.32757042065694 13.133392816880802 76.61747824263061 22.221258702412662
1999-01-21 16.787105608282 85.01286331221792 13.316913428635367 85.95430481046986 42.38417479656938 4.568156324015924 29.606111457373945 41.27317310231957 11.86716034616435 68.25841315350496 19.796890893444303
1999-01-22 17.301672311946124 75.73785095029483 11.86402110315712 76.57657997429158 56.78334092538524 4.069764613330472 26.37604674649446 36.77021701044083 19.102534300479455 91.79618510513677 18.451336456249475
1999-01-23 18.542437124034056 67.49130945709555 10.56964119279261 70.35365615363261 61.783863607834796 5.559037767489063 23.498386236061577 32.75853920034383 17.01842694735988 96.3927090166056 16.438271996848773
1999-01-24 16.602730925738168 61.11102649011648 9.416479789862263 62.69005377069831 55.04316488997757 7.93628078644343 21.176918652649263 29.18454058173638 15.694894341390697 85.87614090096865 14.651750666172846
1999-01-25 14.791351699369104 81.69137988527349 8.389129774182702 55.85227627494869 49.03788504286835 10.005421236096138 20.48212247996297 30.397950948134984 13.982561250093037 76.62719511604398 14.185159641243443
1999-01-26 13.177596268530865 72.77874562290567 7.473864962132323 49.75872133857187 43.68778892500473 13.52526686046279 19.433727631825978 27.0993563524197 12.457045894026665 71.62156065160357 28.104988325424923
1999-01-27 11.739903623805066 64.83849118330848 6.658456714317682 44.329981056836026 38.92139515167242 12.04964290849231 17.313483035882257 24.67884534305618 11.236987771213096 63.807556575724206 27.350659995604158
1999-01-28 10.459065089539058 57.76452868136321 5.93201055157856 39.50585105140232 34.675021048858575 10.735011421224629 15.42455984321201 21.986351681312435 19.116739675868985 56.84607036097987 24.366667930375996
1999-01-29 9.31796768121672 51.46234455620735 5.284820596396304 35.19571206073749 30.891931803917387 9.563807914390923 13.741720592196533 19.58761252946394 31.657695040866777 50.644091215912496 34.27912632883405
1999-01-30 8.356122785846816 45.847736797621586 4.708239894931131 31.355814758947517 27.52158244498878 8.644578533448286 12.242481260630598 17.63991091226846 42.21990088908003 45.11875594563885 35.73107427485175
1999-01-31 7.444459078534209 40.84568994263674 4.19456488709135 28.12261362116161 24.518942521434166 10.40044911242246 10.906810861952922 15.787295990037032 49.0952586775716 40.19624183605647 31.832768269242674
1999-02-01 6.632259050314338 36.38937281145283 6.349890195391083 25.05440042584892 21.84389446250236 9.265746782341 9.716863815912989 16.595897692997905 43.73890302261691 35.81078032580179 28.35977244592676
1999-02-02 5.908671086299707 32.41924559165424 5.657109035405824 22.32093322316357 19.460697575836203 8.25484193100057 8.656741517941128 14.785263981080051 38.966932635714016 31.91025768266526 25.265684918827862
1999-02-03 5.264027496697295 28.8822643406816 5.03991118802318 20.64489291458004 17.337510524429284 7.354228094779531 7.712279921606005 13.172172728110745 34.90360825411808 28.4288076650144 22.509166307121443
1999-02-04 4.7335330351882 34.456661006845685 4.490050416951005 18.99983971833364 17.013964778261553 6.551872382550753 6.870860296098266 11.735071798597 43.563917027333005 25.327188307019576 20.71318422350502
1999-02-05 7.029980280403536 38.98026106994404 4.0001801608471474 16.926932849935344 16.98903252458074 11.733468490448296 6.121240630315299 10.457336796459842 52.54120596531656 22.56395959682273 46.89423048311523
1999-02-06 7.988888042207382 34.73785603871465 3.5637553776291395 15.080182778054999 15.174980602766759 11.04517174571255 5.506798965910015 9.316427947127874 53.686931671929834 20.174896072197072 43.133750073456326
1999-02-07 16.383052017454045 30.999345233660804 3.174945097695541 13.43491550629122 14.271234941309029 9.89253457099595 4.906000139785778 14.615776974112466 96.24384256810472 17.973789049334936 39.40433454376544
1999-02-08 14.59564004157631 27.618764459310132 2.8285545177029117 11.969149002878616 13.416021311476403 23.62139543844559 4.370749235731474 13.565883991629674 85.74351597282512 16.01282562417736 35.10527113421371
1999-02-09 13.00323700347814 28.8922734070296 2.713937543738288 10.66329950389528 11.952588870844233 23.464577371686836 7.7285038274985105 12.130280312662736 84.14678245451806 14.327817308449054 31.275241053440045
1999-02-10 11.584567178073703 43.079889027065164 2.417843478829382 9.49991985916682 10.663014918496378 53.41516780860593 7.3536593702971516 17.918972593826837 77.34791692886303 13.083010746491528 40.71101115343755
1999-02-11 10.320676049156509 38.379817911840426 2.1540536559530743 8.463466424967672 9.524859144723113 50.29578418557005 7.824622846365869 16.20909568601185 101.30853575586397 17.344151488882233 36.26938765079458
1999-02-12 9.194677062535236 34.21067084884474 1.9579354942035687 7.540091389027499 78.13425285975309 45.345195505981415 6.970946463758966 31.648727953190203 98.26958513084129 24.698880570207788 32.31235096582794
1999-02-13 8.191526008727022 31.72391686539886 2.5773237614811846 6.71745775314561 132.6163978618979 42.691425569873886 7.38855945672612 65.76495837317988 88.3079211671683 22.846204198736906 28.787032055556864
1999-02-14 7.297820020788155 28.262796869774537 6.814588569464347 5.984574501439308 169.27489229345258 38.033736315784346 16.181339027060044 67.76283176504997 78.85434307360805 20.353654035027148 25.646329957360468
1999-02-15 6.50161850173907 25.17928950234293 6.536255964669026 5.33164975194764 159.71147030071774 33.884206929819946 23.589458995804257 60.37021345128886 70.25123316407596 18.133044289277628 22.848282484016625
1999-02-16 5.792283589036852 22.432196741321814 6.459152271017971 4.74995992958341 145.46095492827274 30.187396518978588 21.015818780986105 53.783745777611905 62.58673357365336 17.258590356023703 20.355505576718777
1999-02-17 5.160338024578254 19.9848153219155 5.7544504785231725 4.231733212483836 129.59097828506785 26.893912862752163 18.722966012650193 47.91587017006034 63.221397122569506 15.646544125041109 18.13469382539729
1999-02-18 4.597338531267618 20.984882290118666 5.126632554918356 6.827640563991108 115.45243643671948 23.959752495203883 16.680266420455194 42.68818731308568 56.323861655538515 13.939486104325379 16.15617548291397
