1999-02-22 8.068611561826176 7.885809333015306 59.06047547076267 9.163485467182548 8.774746828929946 8.620264832343599 14.200222491120924 8.678388047060093 16.853052690595387 9.928675473600283 7.3061164568436405
1999-02-23 9.599523618272448 25.913477992909954 49.07987961074172 7.601871687848339 28.077166709947893 85.49453143250955 13.199962787050378 19.712670877606758 14.039501966068135 8.496362296386621 11.77363301316951
1999-02-24 11.836668452199834 21.514877185447457 41.51066601202191 83.17662522960546 56.705698013279246 83.88025246822353 10.97258377408555 16.355132954450745 11.646932042349645 13.055138139332321 13.980748868443078
1999-02-25 11.05055706624919 17.86615524860721 39.2718646623049 70.82259708307922 62.56020994642605 130.34018997966345 16.031204403903118 23.255054203748244 15.901026757801723 23.679435608628875 70.16432197827064
1999-02-26 9.421064594524692 14.82145852050218 38.64729508567732 58.75322196491152 63.5528443654973 108.29908081013407 62.7103177002765 26.143190023220026 13.191221348114622 21.48308635323024 59.400545819012805
1999-02-27 11.503639283366493 12.417077844769855 38.676901224058 64.36770178979359 60.97083449589828 166.3360799514386 125.46967247500417 54.40364548810168 10.943212869545304 18.17231542349108 49.27768250643825
1999-02-28 14.179566096412097 10.908592523021161 33.11003123750925 98.9051211853366 80.38698410138093 150.78352125493376 110.33864583697135 46.41608981994291 9.078303270629462 21.35095323490807 42.89766863137257
1999-03-01 29.006402684361134 43.067009202600886 29.627300757303832 94.00932409823132 75.34835643059937 125.2115967884089 294.3085953588386 38.52591902378399 18.313259836901324 17.868996687898118 35.590997611454355
1999-03-02 41.0118713421959 38.329507916305204 39.162887955401025 87.50430218880955 64.59137555335838 103.87683634208243 248.05993968571724 31.979576250476 18.686332759235285 14.893938893922684 39.02891772788592
1999-03-03 35.434134312741 33.69044946970862 47.2681564607022 72.59278654338867 54.77936513250703 86.60735431527559 220.06593855606954 26.529712537709276 17.946878858365615 12.35575838513895 48.43993045863253
1999-03-04 71.96482491890379 29.271047253468396 52.70732723686857 60.221741033189815 46.456877019707115 71.84877493801335 182.69353150126742 23.967937632048887 21.23454856097655 10.256609920796455 43.37156857393675
1999-03-05 59.71766426003487 31.274916663423483 50.37491433769795 50.28378985426523 53.94727678428505 59.604521659777 154.74439711040978 22.412170308946965 17.625588332939962 19.153866604870878 35.98240830429832
1999-03-06 51.12059137969338 25.99236501991701 41.790172140599466 41.85372177507809 48.31703498858802 49.44689739464443 137.27177620644284 18.7472451581863 16.323471164630732 18.065012541460426 32.67599724078793
1999-03-07 42.56249198092876 21.562823933395695 35.97327969605488 47.20643879834623 40.08299043370118 41.03481428201329 113.87833077504516 17.134598749256515 15.513177081319782 20.730344947967367 44.86517574397353
1999-03-08 35.415336814450136 17.888151987183587 47.54350417477931 43.99220917915649 33.30191321395672 46.185623374404 146.8867324695344 14.237594324278385 20.098277444474085 17.197541579962603 41.33238726490805
1999-03-09 33.50600002016824 15.45439286578004 68.0746442973303 56.786817751062635 27.686855938242044 38.31480761035957 124.88955667051819 13.311198619994048 18.56530599505557 14.266787993006723 49.530495256848134
1999-03-10 28.554775104967124 13.792540801812972 65.9288633007329 48.724170178625464 24.887802184059638 34.28544916541529 103.70364891647688 11.232262641755895 16.163514325489764 22.410720455318987 41.86880792828052
1999-03-11 24.467090056709036 12.69429830670583 73.43217022052946 58.688744500897116 42.10859617182266 28.84607098165513 86.043226285547 9.371515049195125 14.642131525941798 19.151079948476703 37.685156551231216
1999-03-12 20.819784650871892 60.029629692062464 64.21147657393944 52.90556369553427 36.17383785096362 24.444497218598162 74.30881872292365 12.856065476147448 14.363992871597674 15.908911565051765 39.48188659670685
1999-03-13 18.22799666006256 79.89336509335548 54.43925180525449 45.14919849217311 30.350139302908534 21.909752889921034 61.64533214246331 88.54445741682937 20.508965733063555 24.078306847676863 33.006668117564544
1999-03-14 15.164156907818318 72.43050776713395 85.32883734581597 37.74080298842081 25.95062736130757 18.637155501359825 51.19991348092221 89.99750412451735 23.73077002873515 20.063809218898378 27.381770481512145
1999-03-15 13.828345377941282 85.49827481135188 73.59745350847467 33.34091738259245 21.528207255693104 18.321629801967028 42.489557845074536 81.59000628388256 20.435750881294744 16.740387190815657 22.71545107284646
1999-03-16 12.99689643981097 72.5320083243029 61.05824242069471 27.785881719487538 20.697240884698303 115.7279154248824 54.24596802107144 69.07072006610984 28.386013947542207 19.610029114925627 18.876435408208902
1999-03-17 10.782004230761357 60.17132045637292 50.6670285462889 23.06268156015142 22.707822367870477 96.05574947002232 45.00527980158105 62.27330514438944 23.659360259208576 19.88461856666338 15.659569757713076
1999-03-18 8.94456732578611 49.917104035990256 59.05023545334196 19.13240836424292 26.242335503023607 79.76537031352947 37.535256158714084 52.254659363276005 47.51767521446978 16.70348492890218 14.261623345332842
1999-03-19 7.420260921180666 41.41393657899474 77.85890359803415 15.984561719647337 22.16885017459827 66.52767959873506 32.636918986228366 43.52648626518493 82.99964807956786 21.2410581437808 13.236394491994732
1999-03-20 6.497809306786864 34.512482476655514 127.79178484431459 21.777558452185144 18.39090104938116 64.95892862522855 37.00751176995658 36.12587427544776 69.35933061652024 31.45252482656431 11.298310640116155
1999-03-21 6.985515395752326 28.756982886745675 118.31555954419336 31.734266401768526 15.724425811269917 53.888822343578106 33.836252920223565 29.970605587784572 57.78876567109441 36.89625974277861 12.086322685693146
1999-03-22 6.301135265358993 31.123732804268915 98.51157541717487 54.38154089358489 13.41387656315586 49.25978655862437 28.250666677820895 25.008970388597195 47.94273359004159 65.9976784222497 20.180223372540443
1999-03-23 6.43436198798491 26.280254447528105 84.49994657924617 114.45527717789331 393.74357937234737 41.1582027817191 24.039974202192525 44.97270845806635 39.8721102219297 161.88943352125557 32.07258353154554
1999-03-24 6.918668013956867 27.310555454133038 70.0997184778428 94.98126708929577 522.642073768538 34.14414499477516 23.176199907846822 42.85028369458222 33.07722448148071 135.10403733811359 27.889059772639154
1999-03-25 5.770433807476585 38.927356554198596 58.556456085027015 80.4107100541907 433.5756997608211 28.32540195224591 20.006983519694334 35.94974981079955 27.440302840969732 118.8369632355543 23.19592214298048
1999-03-26 8.137869190979412 53.134909281440706 48.65474495454449 66.78281215734258 372.8715170938582 23.667969811609655 27.044893606858 29.8320629011245 22.764008522713635 112.47278429484797 19.8010125449784
1999-03-27 15.69003050681944 48.45062797970147 40.36314887757038 60.73197831673784 309.32796533703964 19.981424962246308 74.59291505478586 72.20882555196762 18.907143411751534 96.86379190284968 16.68767180563501
1999-03-28 23.732944038608057 40.68689590956719 33.48458179844496 50.38271155652994 288.9276436743548 17.691425147959897 126.34775308654115 201.56537385100177 15.685044595159482 80.39784304850984 19.817845892546362
1999-03-29 39.764068758571234 33.75315682978805 27.778239542649125 41.797488997514776 305.47763557820093 15.536098231137931 197.9104833176098 170.47507456693575 13.43898294396073 66.69734139950192 17.42561321779005
1999-03-30 34.41119282180958 40.12060356480629 23.044355062682545 55.702766781928695 378.4611483823807 16.034204566109878 226.9824826305865 151.73860949708344 11.224339878549058 55.43651598190169 14.777366397172052
1999-03-31 29.351665897934705 88.09089474809652 19.378779720745804 61.99033769823353 318.4712910115206 13.305052662999245 198.49799299391435 165.308795515158 9.337901973892745 46.437819807749975 14.549508688957738
1999-04-01 28.550623215116154 73.2793291050591 16.092610002763752 54.441099582710955 312.7345951061545 11.037645392290486 223.31020055080367 137.87198173741103 9.462376250618243 80.3103657579427 56.1857420400123
1999-04-02 50.69287101880718 61.0508518710398 13.36154472298306 45.47499218298656 259.8649703977233 9.601805597647598 274.4154004218038 114.37625107503267 58.481566557384305 104.90728079812948 47.38395496793156
1999-04-03 46.79429595737846 50.996542886840864 11.08451024441654 37.725280060620115 218.33259853416467 7.984572506107399 243.2132620705298 94.88459254103262 92.37785834158194 165.89549062830648 40.10741504757045
1999-04-04 55.08275129060572 42.30586461209455 9.195521169587272 32.04129883981332 428.65766214770446 6.623865546698643 202.1511156998478 88.10586919703226 76.84980313214811 199.22909645308664 33.27242936268625
1999-04-05 69.38382097790758 35.09631651309095 7.628447961688059 26.892327891880498 361.09433480588564 19.031965464976487 167.7412088157562 78.91091661825355 63.75328959041427 170.5217821421567 27.60224149030556
1999-04-06 87.60218887037341 34.46466888237707 6.328430681737684 22.65988730017215 332.36398283011476 16.693041144131506 140.69667780284854 66.68102525652263 52.88864470622136 306.8147849158258 22.898350071893905
1999-04-07 108.75060623276912 45.13109754957061 5.249958457434118 19.354853648897915 283.6694744318873 25.10238624416804 118.55737137921544 85.15857033524868 50.216207577671646 257.94838599642344 20.563764821379344
1999-04-08 98.17938052721964 53.420810565267104 4.6145824472338415 16.098836435640568 270.7071057630944 23.133111222028486 98.4400048526134 101.05270801508239 61.95920336526772 220.77416881039272 34.3882350042644
