1999-03-29 33.71496106156462 28.84645517580437 110.00165050465678 306.80430169943986 27.822928966047325 30.214827907496428 62.79156206928523 84.9851668845366 27.441853322899462 27.899457608264704 79.70368048609605
1999-03-30 27.97228313033013 23.930528583368208 91.25549831256838 254.6878745222004 23.081428648241356 25.06570732782351 52.09081191208778 70.54470617959059 22.765294776152157 25.63484537395688 66.12081770351783
1999-03-31 23.20533032266308 54.84951825505969 75.70400929504846 211.67640435293873 19.150706256650977 20.806634017598572 43.2618788380425 58.70771115229763 18.88570134629491 22.082187183637842 55.13043211919061
1999-04-01 19.250747351403664 45.502227444832805 62.80275851121492 175.81695782183542 15.887100188687732 17.260829694578074 36.89565391338016 48.77950929489207 15.66725662235146 18.461419791922346 45.735268808635716
1999-04-02 15.970092579361005 37.74787397062181 52.10010028987962 145.85475785340188 13.179668103245557 14.319290736465883 32.12214652606806 40.46665125228839 12.997289619788358 15.315279861171291 37.94386552707888
1999-04-03 14.47447252266396 31.314994217140757 43.228743122836235 121.37736159734982 10.933628494103509 12.442486248350788 81.09392220121993 33.635520883216905 12.556286826867119 12.705295685255685 32.1243443450653
1999-04-04 17.597518250058275 33.12594882889397 39.527097751081925 105.7350410992028 12.441987739648239 11.992311102787033 155.9469986648423 28.07866536522546 17.979239706784753 10.579805238586784 27.667409193762044
1999-04-05 17.8467901472228 27.48072373086379 32.79100800375731 89.02448877787066 10.321661411185742 9.948617321501372 143.3921851147735 64.12836896860803 15.55551072407242 9.070583905330688 22.952412090287353
1999-04-06 47.885175167516714 37.279438349697664 27.202862519119723 73.8701275347018 9.809432619155155 17.111323203457417 123.1532985612136 123.41957933282579 72.68789480121465 67.58958628415496 21.16749082447343
1999-04-07 52.76458073000343 31.177389395686177 22.567032070174466 61.281401394126085 47.935565959945436 21.45759012898403 102.22208561320997 108.23055744027496 79.00158972205476 61.1341705090128 18.25061951726659
1999-04-08 49.73559130114339 26.241063902142617 23.03955882135103 92.02032243485343 40.19357858526761 17.83030046951643 92.83457395498291 106.83893500724878 65.53837514707136 64.06317118408555 23.276818088463926
1999-04-09 41.48877558039301 21.769372560283156 19.119205262113518 123.21845904971056 33.34390916806123 15.039440491637201 90.40044500144367 115.09517281129234 54.3905130169386 63.52974501997318 20.345231542438746
1999-04-10 34.454165994674604 18.059501214999027 16.755178216420084 102.21993788549618 27.89339727521211 117.97726941558327 75.08481215262297 204.3090393481368 47.313596311016454 53.11425238211116 53.39684026383016
1999-04-11 28.62648271749353 36.81207776654998 15.297009836410345 84.85934679748935 23.13988795897477 204.13820294796062 69.05687385787691 173.29227510660797 39.60202367020546 44.062680390636245 45.032535829170946
1999-04-12 23.748043173320795 30.623024783184974 18.58084649202967 70.39787078609456 19.539742570920126 169.9282218600176 57.30058693480973 143.7603240135253 41.6503922586571 37.77114727820291 37.833199545813706
1999-04-13 19.700972701661208 25.404340513140774 15.787556665359169 58.62791803365823 75.61856125565133 140.96956265713442 47.80428673431802 119.68143878623732 47.132060152097125 31.33430135726931 32.63062804287427
1999-04-14 16.38813578113985 25.530482261014935 13.097088489362518 53.06924407932227 74.75840677311488 116.94595152130857 47.54799050752711 99.28568603378203 51.03769990863668 26.19713862368565 27.069814031368775
1999-04-15 14.099776227158813 29.82390198360988 10.865121850968446 46.47786839500012 83.16656857348464 97.0163723249101 47.97021473154933 82.36571644835827 42.906180586892475 28.592926845274466 22.456657307670742
1999-04-16 13.21910224781652 24.74140183037002 9.013520289816828 38.58020945255513 79.16423044690877 80.62906552083845 47.57162421974318 68.32919746098229 36.7200188320346 107.71142903785854 21.299854344252914
1999-04-17 11.479061503519963 24.86870447190909 7.495868920217361 33.91461723596314 80.45155941398681 66.88850138907111 39.60316759004346 56.69747595037448 33.61877838830231 108.74131283061377 20.82088709608009
1999-04-18 9.522834183475686 20.630654254375184 6.21866869205452 28.22770546564286 67.56296817053332 55.48956308962148 41.088572238958854 47.03526171816224 28.30216456002304 92.46589009084488 17.274950478965717
1999-04-19 15.209517743315565 17.114839876132137 115.94913101736259 24.525853758604963 56.05539655013679 46.03319775348101 34.148002814579236 39.14536011761634 23.478994345998448 76.70812972754439 14.331005099022248
1999-04-20 38.462259456594204 14.198180066127971 97.13215543215588 20.682066745261395 46.575123143919065 38.18835790774935 28.35535742652822 40.862753710805 19.61509257325687 63.7507448359544 11.888758083461807
1999-04-21 33.171750817247215 11.778568695306767 80.78627349535866 17.15749080412988 38.63792999440238 31.680412199478237 23.52312224332843 33.965315595697305 17.08988469581064 52.95171783831785 9.862711497934319
1999-04-22 27.548023783317007 30.48454869366096 74.21135253193816 14.23420715992218 60.50891667354542 26.28153112928677 19.514382123672267 28.177048124363306 14.319085172503273 43.92784449754877 10.826909798725335
1999-04-23 22.855253441787713 27.663750471434216 87.13316680592956 11.986686543316493 109.19589684352027 21.802711219491425 16.18879950244318 23.37519987899862 11.90637830046775 36.44179265520385 41.68136087166303
1999-04-24 18.96032952525748 23.273182336669592 72.28419319117955 9.943951282628605 103.23091455892909 18.087158399642437 13.42995272253031 20.849693747093887 10.063637411969749 30.231491372151996 115.40489416457193
1999-04-25 15.729166890316352 19.307036228172365 60.173113920961164 16.928652329008816 129.78973201978746 15.004798975702455 11.727837452389121 32.941617277631515 8.356809403775724 25.07953105468315 97.35136227927575
1999-04-26 13.064126566788632 16.01678887414706 49.91859186370872 14.265308468591757 107.6713541749894 12.447726023436408 14.11229380411914 27.369848713928384 6.932666945870701 20.80555240163297 80.7946974214442
1999-04-27 16.139712020368265 15.303932191912942 41.42722576644569 11.834257276247524 89.32232411196115 10.326421793817175 32.75828635463189 22.705560977228338 5.8750251394714335 17.733164658518998 67.0259067966888
1999-04-28 13.401169629801906 16.913223504664188 35.4505427008166 9.81749855523777 74.1002808583191 8.566623884800663 42.156368572179716 18.836147202680127 5.782298563826773 14.7111317889143 55.60355227874222
1999-04-29 22.018706794482117 26.775096228268797 29.524180713274504 8.241828869162804 61.47233267687119 7.106725470731708 43.240138515262814 15.626153660820627 19.231795047316485 12.20557998642982 46.127761246007836
1999-04-30 19.619477462788865 22.87448207691887 30.989794716620974 6.837281049984422 50.99640164604989 5.895618576876965 35.87128346904035 12.963191301995087 15.954370070236964 10.421350932352778 38.337499865197735
1999-05-01 17.20432234793217 18.976281273914882 30.52270636529633 17.708181922996822 42.30574744113679 4.890904896659755 29.75820665472806 10.754043021697735 24.18223912604164 8.645375483542137 31.876352694435003
1999-05-02 18.759048745034004 16.729261151754137 42.18554447151746 29.290111017924747 35.09612852639176 10.279652430200597 24.686902102898188 8.921371182320634 92.39335784441994 8.647505376579069 26.44408003127902
1999-05-03 22.525794000547 33.405229044947156 38.24407401534968 24.64832419074794 29.115151298409973 11.86456530781939 20.479834101200964 7.401017795089536 76.64795820956348 10.843010229242195 21.93755902389608
1999-05-04 20.609117712423195 28.442841827532686 31.726633334704392 20.447830521427562 24.678297801245193 9.842641582740198 16.9897220422598 6.139758483738561 64.00177513838074 8.99517686451446 18.203626743409508
1999-05-05 21.34904633300769 23.73267189709801 26.356640634669304 16.963172416807712 20.637996971602814 8.165288049992132 14.414695202827152 5.097046084625264 64.72028734571728 7.462245733724941 15.101419132757563
1999-05-06 18.39283207735626 56.09601593709185 22.16915172438168 14.079004980393844 17.120931269456364 6.77378408823303 12.266121193790019 5.408626023261352 55.8313468312191 6.19055214024451 12.532355760389303
1999-05-07 17.90110517900512 46.54027228821205 18.39115120995237 12.515991681122667 14.203233382424887 5.619416068738056 26.413374544681382 5.855291529598401 46.31673573233402 5.1355767644973636 18.445484979803688
1999-05-08 16.06567626606495 38.609027334296925 17.802716530104142 26.26952295742837 11.782760840557806 4.661771993655326 21.954319876160913 7.7041429852929095 38.42357619249349 4.260387136163385 15.933652231453786
1999-05-09 15.688250236892285 32.41216259857745 15.23029486001016 23.219703774200077 9.774777988058556 3.8673267569081413 21.031536417125864 6.391225985873171 32.03439137207785 3.5343447060252333 15.824873971385996
1999-05-10 13.014705565343922 26.888578814515398 12.634793573745867 19.558862768727607 8.108989566091632 3.2082685007018683 17.619553503241907 5.302052373700713 26.575186230274934 2.932032254763235 13.128046291736204
1999-05-11 10.796778378399349 24.0541650810799 10.481609851844082 16.77866912856148 7.25947914522887 2.6615249808437724 14.616967958752937 4.398492470083726 22.046322496683395 2.4323640895346417 10.89080391727613
1999-05-12 8.956823707382398 19.954926229710352 8.695365258247396 22.542530105107307 7.664801287523128 2.207955855972262 12.125988008138792 3.989030347498769 18.289254171775752 2.0178478781898628 9.034825695215709
1999-05-13 7.433962663907715 16.591720956034084 7.2135271244650845 18.700899564053678 6.586341535232545 1.9919679267673958 10.059513408557363 3.3092317294790647 15.172454190949164 1.6739722794932306 7.666702695419163
