1999-03-15 75.35948521777246 258.59901364843654 60.26069708387422 91.12262165830063 50.22511801576455 82.832019628572 288.0751589606481 75.71276521639463 57.34262216916296 50.542769417598414 234.1309583488218
1999-03-16 67.92460290954756 271.69903003852494 56.042899890624724 123.4294236764771 48.918146037764494 187.12438616554425 257.4145126704615 76.58658307027508 47.67218544726751 44.469472172343224 197.05080107616618
1999-03-17 56.667580719857376 226.2857146195571 46.493319903977586 102.39495055170268 40.600457053257465 155.26594107236804 216.48903081602836 63.86132504447362 39.58104314414598 51.74473150335484 176.31389871937495
1999-03-18 49.610264069441676 189.84186601684232 89.49688290246385 90.0466970008689 43.98081565342418 132.01240408384058 179.77690078877473 53.21326041512242 35.31854896309194 45.890090427489724 153.4039029944577
1999-03-19 92.32766418650395 174.87838004276944 94.51730887739123 146.72613251293618 78.545381925616 109.51524511535368 235.29332756083227 52.62208476338939 68.33064822974926 47.41971042122986 128.5637485074202
1999-03-20 77.00590002157846 161.48387287214084 78.79898085539655 136.071689013403 85.52509527943083 90.85198467455342 215.67439805941308 43.65438650510187 58.297477505269256 39.36879931641324 107.45830021300598
1999-03-21 63.88278491493662 142.76769711370093 65.37029427733347 122.4970173557078 71.25916997160743 75.36926124405056 182.69263929081407 36.55674984043225 49.39269173763264 32.77337423904945 137.0504014957605
1999-03-22 52.996071824944636 118.7499141150847 54.26461474349186 121.52402674031562 60.60445986531401 62.525057221617544 151.5587062560993 30.32685789778639 41.004849034016615 30.207817299468623 113.69468208028084
1999-03-23 44.42987446310972 101.8567316894143 45.017001439877106 108.3606861027683 50.27642912266338 51.869724023269036 125.7305249471953 25.158712100771517 34.017438380766606 25.37934586141486 94.31917449534828
1999-03-24 36.940368061806446 84.49861219503774 37.34533872980206 89.89418215485128 44.42937866993268 43.03024083150947 110.5233307361416 20.871239650729727 28.324319227231626 21.05427366594417 79.5421519038704
1999-03-25 30.726149146489973 70.0986114953996 31.023448149447862 74.57468456434191 36.901412257906564 35.69715592061144 94.71864934888463 17.31442542898855 23.49737348110072 43.919401805112535 66.06359369797535
1999-03-26 32.87824198442952 61.28844521306474 29.1942843633619 61.86588992256596 30.612783977185426 29.61375340217347 78.65688437875735 15.05480065229495 19.5568180502287 36.55634653464426 54.80523369940382
1999-03-27 27.27523034577959 66.0256762038605 25.29076523950445 51.32289004332104 33.15176850712071 26.61573068524313 65.88959174764784 12.489206563892111 23.828375136535787 33.48750600348206 45.46548973066749
1999-03-28 23.171570550942437 94.30420128018349 20.980788688617032 43.92098804433913 27.502143296770516 23.55137496217089 54.66088464089738 10.360833344664218 19.767614732030616 27.85082620616327 37.71739698779777
1999-03-29 24.098831810459192 107.33690314033407 17.40530544757185 36.58512144649257 22.81531031304251 125.66068072811981 47.97375571593522 8.595171122100176 19.79324649171313 26.926202132079247 31.446480871215883
1999-03-30 21.39467001890869 89.04486922207022 15.214460607775997 31.394610183112665 19.00429411433109 138.58221787732668 40.64006383222319 11.728011536159388 16.420140639148542 25.33022094655844 26.087465678145417
1999-03-31 17.748654359745025 73.87010900071452 12.648244804781724 41.10855295285899 16.087634850941054 114.96545089676538 33.714305734960035 18.18368362427021 21.478218763005085 23.709997962469753 26.752827856261874
1999-04-01 14.723981781597505 61.281386018645286 10.49276876432876 51.81521083139726 19.96344964797795 95.37338269182831 27.9688146131583 58.26278344689179 93.74731632079131 37.39269788437848 25.177951737545733
1999-04-02 12.271929296322439 50.83799554607274 8.70462250225056 228.65634154728255 16.617844069671015 79.12013613768109 23.422069494096625 49.08423161434293 77.98036693522756 31.020346176950596 24.80631474341795
1999-04-03 10.18087893234504 42.17433643482174 7.250939199996092 269.6070002383499 19.16696442838256 65.658706469978 19.43055048164976 42.118745883617464 64.70824827811653 25.733951583629022 20.578896796765026
1999-04-04 9.26869405143909 34.98711219063691 6.7683323625129175 223.69561928581624 17.79587640352003 54.470297521146385 16.368589102394964 41.038703250344824 56.120602888265346 33.45854457637314 31.535009549035397
1999-04-05 11.63287920416199 29.02471320045556 14.604519509159266 185.57408106709514 15.118440131362386 45.1876323738952 13.627440191636945 34.050269421009844 46.55669763749293 49.89036299772145 86.74621304294146
1999-04-06 11.222093607705487 25.982844733893003 12.573825111995365 154.28752654621505 46.490601489451386 37.48689125051323 11.52616419892232 28.2475243729186 39.21524944344985 41.38819659037139 132.23767373888109
1999-04-07 11.778237824864716 27.50471563289744 15.296282312248492 135.9635185073473 50.199001766922606 38.083599415401636 30.19610396996211 23.43366577611574 32.53230395176916 35.16060107731893 143.9831923876312
1999-04-08 24.13729787543802 97.24418861811401 12.68953564178574 112.81276185010422 97.2970748906391 32.53217650747684 39.42792369739519 19.440170559979137 26.988246037717918 45.124379322781174 137.6698637220871
1999-04-09 22.74616671729007 81.20244140647344 10.527022940418284 93.58754847239746 94.5635225531087 28.982782404157742 41.08412147260954 16.128862859929384 22.392768533798247 103.20107312656883 114.26241331459832
1999-04-10 19.06005262669338 67.54134631878505 8.733039184127382 77.63863844332681 113.13649833557426 29.12651352811246 34.66649731605399 29.713412147998753 24.845404620376396 96.38328222142903 94.79015467116854
1999-04-11 15.811895479142592 56.92825421344204 7.2447807726042965 64.83517133924708 126.41749999680654 48.598414435618764 28.821981361451943 95.36821371675703 65.86122037570188 81.4039822596655 81.8836023237077
1999-04-12 13.134723459722558 47.22671144004644 6.010146907218249 53.79903863148776 113.73082525503472 42.64816436738744 24.224484394621772 156.98220891614196 72.2625957936432 67.53135913555008 69.06738820339531
1999-04-13 11.120528942641268 39.178476562430525 4.992617723481002 44.63076741603747 94.34992099888814 35.91353835584767 20.097811137925927 135.52581804345212 78.33464614672215 56.02286694215345 79.54041235347732
1999-04-14 9.225401669016238 32.501797795121256 4.164784485287138 37.16335063499374 78.27108972460792 34.50933398617755 16.96005965134795 112.43409315188488 82.07928675374713 53.233982712765176 124.02980461783046
1999-04-15 7.6532363157966685 27.93289243576684 3.455034372901416 30.830083599678044 65.00927213158751 30.368032996052005 14.069777024202386 98.99288947375904 70.35128300088182 44.16200663653157 102.89301636916214
1999-04-16 6.66362147716176 26.112243413335626 2.8662377513414588 25.576112985575126 53.97516949019314 74.52932586236135 11.672296108790231 95.70073794424773 62.37960450349645 37.263222968668224 87.43918356809371
1999-04-17 7.935862295399996 35.007303061423784 31.3916277387344 21.21750832546372 44.77688258072484 61.82826111487885 9.73939631144135 79.39170448731662 52.325077237915565 31.212049248987878 78.79172424212899
1999-04-18 6.583456384376008 31.34900000287702 29.122893583864126 17.738627561632107 37.616421568247056 54.98740626958064 8.325022271021027 65.86200772112527 43.40799411357478 25.892985191638726 71.9642783792312
1999-04-19 5.461523442777725 26.006597207759384 24.15985718493377 14.824215286645927 33.07084933502844 231.40145893071318 6.916916664103897 54.638001401652446 36.010533618453856 21.480380118142026 67.33927027764922
1999-04-20 4.534604350345014 21.57463071436326 20.6903257050955 12.297916866424766 29.65711697497016 193.76979077367778 7.5181302995334685 45.474816947386195 29.87759403517319 17.81975800028158 69.78943611260019
1999-04-21 3.9746850920562893 26.548442641691242 26.959333050746743 10.202142665166091 30.374281787235628 161.605422924405 33.891456784028705 37.73032201126394 29.608164609366064 14.782968152430914 57.90508997517341
1999-04-22 3.297690282922242 143.96922030478606 22.365004165244976 9.053183469873606 26.185543425504395 134.06511021719103 28.754851252127573 31.302462137097297 24.69175743641304 12.263698945425471 52.15804300602315
1999-04-23 5.673630957180494 122.00224345267773 19.835239810888012 85.03711786650781 22.391627617936386 117.5310090476807 24.02088406820343 37.45896098359416 29.279580022040726 10.173756059895267 68.82234245747122
1999-04-24 4.806134818740376 101.88830185801102 22.283202438746017 71.84558173005266 18.710050808064224 133.53028698361783 19.927316867483068 31.075316917033785 24.28984158906789 8.43997498853044 57.09384474852843
1999-04-25 3.9870877012258674 84.99012132556719 29.219620984807637 63.92899293672515 15.521539923359494 110.86706702325544 16.531363142571447 33.116393889631276 21.808791090333205 7.0016597004739545 47.364082531532794
1999-04-26 3.3076201431723145 70.50635911032897 49.8436336898396 55.855288930957194 13.679716775762142 91.97407238908893 13.715791212614855 27.797686672698568 18.092202157083936 5.808457800865892 39.29243728347236
1999-04-27 2.743945413630175 58.490876321401785 41.34943075134045 60.60305095658916 11.398696406311066 76.30012612717269 11.46608793970411 23.358517852987486 15.889030925472479 4.818597799341398 32.59633767101399
1999-04-28 2.4455346896073253 48.52334179779239 34.30278446590138 225.54779737110962 9.45616466570807 63.29728689618313 10.816413565312075 22.056624146565966 13.18126980964266 3.9974267779577413 48.192990172475405
1999-04-29 3.2800167749861386 40.26498553569138 29.840931430490897 192.74810550117357 7.8446733729551426 52.51035262693863 10.54389352115956 84.79049163545093 10.934957242487304 3.3162234503473074 57.4761819217199
