1999-02-01 11.114222848169268 10.081642902427685 11.521131386634767 13.40989523189566 9.89305137580467 10.020624226830755 11.024679888102153 10.235731581198314 10.361312473814035 25.839078915020373 11.945735506836222
1999-02-02 11.459910693981477 8.363559479788655 20.62574013853118 11.166888849413828 8.210138168497695 13.832049082766966 10.774397487438415 9.879751276697542 16.869570967116996 165.91727894223737 9.909978999274585
1999-02-03 12.79191150928339 9.713407928759537 47.06898743320501 62.53258029916257 8.14140224851541 50.6088108027115 11.371924585020528 22.58148572220706 14.49411315236265 155.50481498719122 8.722444961714709
1999-02-04 49.60174895764465 16.122171078572336 71.67782046252944 107.45941277751733 7.816265367119549 58.036797876537385 224.87801341279598 25.23761368924605 21.127654231501104 191.0470785228474 54.70960430704057
1999-02-05 54.604302938215035 13.528067044259556 79.75144676496834 178.71413355368108 6.98764007461997 52.42352030197713 187.84215725150676 32.55363094810877 25.123001703366814 172.2503434878801 45.41350068601912
1999-02-06 45.298800988685294 11.222654329879102 75.41395569265899 148.2582055643747 5.835499398019076 48.48843923939058 155.83065877150847 27.005938551144805 20.84161491241768 142.89595526416204 41.365209423016985
1999-02-07 37.602343917439825 9.411296358336797 62.56213497600447 124.59582730508995 4.841031048407654 40.29883239446214 129.27446409513368 26.073663816683556 24.059669361802378 118.54405406334757 36.315014536122696
1999-02-08 31.296173101149435 7.996677409456694 51.96296505837496 107.97108613446362 4.035842643729288 33.59608828526159 107.24389666855211 25.227112005389905 24.419731315275083 98.83618350054441 33.395224344784644
1999-02-09 25.96277290858498 6.848710239116801 43.19084238166125 98.1419742469645 3.3480664142329726 28.756232129436082 88.96777900379685 27.265761870936903 20.908607551999264 81.99281679207905 30.554744973343297
1999-02-10 21.539944672739292 5.8483830647029444 35.87085285787879 81.60275795243356 2.777498952178662 23.85568107864562 73.80615626681221 22.868574746276224 17.79677875021073 68.01999984469214 25.349655891687952
1999-02-11 18.04160533015496 4.851719119158627 41.16984864944593 67.85154181916722 14.24501376129965 27.792823214774728 61.22833191833029 18.971380652888183 16.382541889788826 56.54183321076806 21.02964337203597
1999-02-12 16.59361502186709 6.3190665793734 68.99470379347419 56.29042185083232 45.48982114928351 30.01259101091606 51.129675224447546 15.739396058368962 16.117753716151235 48.9516923922729 17.44583446199893
1999-02-13 19.9365960505918 14.324818553958277 142.37135970511298 46.697576560499094 39.762554706445755 32.44364886335627 42.525873548554024 20.713482641953252 13.371014346594135 54.23401326342541 14.47276754489297
1999-02-14 17.173723912010818 18.654935117305364 118.55749602404119 38.73951526606736 33.960400383998355 28.271099218115786 68.17637606187478 17.404502222858216 11.093459776207025 48.28516688634821 12.436158033201282
1999-02-15 16.07363866565609 31.822615525359236 102.41962275690513 32.50512596671614 28.17297054833771 23.529277171646843 86.52910991597687 23.11432927604001 9.202945548944488 40.09589978673324 10.554819416038184
1999-02-16 15.255270163123567 27.539082201621422 90.55886172614514 26.965699643570698 23.39910757112264 19.519488147520278 71.78307786928345 23.780614401024557 7.634607100526951 33.42882566133162 8.809150487371243
1999-02-17 13.796916451700882 22.84595420023711 75.238415272066 24.262888139159486 20.664862950331585 16.20068849994695 60.27299912625333 47.177733323851676 6.4489845532885255 86.24183898060642 11.915107749501798
1999-02-18 16.983174729814976 19.732993598299107 62.416509628732406 22.960872634928393 18.532686111495405 15.337477696844019 60.44092893838118 54.28065599637892 6.823479992962673 72.67094316966337 10.13360045462203
1999-02-19 14.08895290014967 16.370155863574233 51.77967478642628 23.454253826373208 15.587675943308906 16.452881098745696 50.183124790216326 65.36660901940651 14.511406496538171 62.235271211584944 10.713734094756125
1999-02-20 11.95714125818263 13.664265986740698 42.955537516213006 42.11918200729623 14.755445626794701 30.881445024645604 55.96381424242202 61.84435016716573 33.3523833138397 54.58772108666252 31.253329494517978
1999-02-21 13.239009205209442 11.335642656042383 35.635183320821056 37.048187861327214 12.332667171287683 27.486071897602397 68.73308516722408 59.86622926987789 30.590795180812613 51.089060556528246 32.490381563576506
1999-02-22 16.88957669180786 12.248705581520658 29.600045884271378 30.734546521372767 11.962483896488417 26.878079701039855 57.01979841865863 60.27076909023119 41.55119760351927 42.382615697295115 27.14249513486167
1999-02-23 14.054580457607448 18.41475112800273 26.185718854326836 25.496857050340935 109.15441568191783 25.862180584056087 47.302654955678754 51.45060410022024 34.470166814748985 35.19685450363149 22.63496250049157
1999-02-24 12.701929084092532 27.95915649569292 21.72708704676228 21.154662116455793 122.25690678381429 21.454825139627125 42.6423169762694 53.091338247986585 32.70182687383744 40.30562752114498 19.00021002871893
1999-02-25 11.248266429239939 33.61545969408545 19.641215609643083 17.59669971329755 105.14439166121304 17.798558024753767 42.806336418478445 53.253430167443796 27.572781502514015 51.84643494104991 23.155923138411822
1999-02-26 9.82974740450903 27.886813618856195 16.487152714692744 15.111420543483423 90.28561979461774 15.857851242435109 61.31464097404991 243.93265139350902 22.87391056708804 46.84887197031093 83.71545461168648
1999-02-27 8.486735389546645 25.0530010196049 13.700330550840478 12.73664561971429 89.2704541286235 13.155452189967017 62.28243006830524 203.50962569285397 18.97716971291206 40.01906048364728 70.07970653977273
1999-02-28 10.227178773910454 28.42439693691043 11.380043849051217 10.566104576844976 78.85546952534486 10.91353938431972 286.75055486611313 200.65049052762555 16.20554498785924 33.19913191922083 60.09087781536903
1999-03-01 9.11422643940556 25.918961351708862 13.480718405561404 8.791326363343908 66.85546374372004 11.301559747902152 237.93985707575732 199.77910619703724 22.45143585502501 29.428433725867258 98.23796834499335
1999-03-02 7.561007236218425 43.14339028117144 26.550698900166868 8.414658549386974 56.96942631723572 11.964290265213169 197.39085846670983 168.44093524525763 28.699975183694285 41.75448150191961 83.02381404491103
1999-03-03 6.272483002943483 37.95055369739884 29.905746139512207 32.3428081309704 58.24264729649003 25.02851127893988 163.75766458351896 140.0288083090449 32.206293184644196 56.67624477660066 69.47507165248562
1999-03-04 5.249164482616924 31.483133871227512 37.08397480425327 26.83104352779354 55.52100505184297 39.02582594948164 135.8529779039743 116.16551771480832 161.75712235335294 52.362858683508556 61.11458953528412
1999-03-05 4.509772696938458 26.127328767706125 36.81396056927283 22.27313807697279 46.08879102878213 32.402716139894295 126.72915400290523 96.36893771292513 158.8706757273888 65.37859760274499 57.15327099873852
1999-03-06 4.364890372471909 21.67478756305103 37.27579055478095 18.47741651942624 38.2344771433893 47.299450193496384 146.887335215102 79.94603165043874 307.4042994395975 67.54144413601288 53.96850038124401
1999-03-07 3.8210004783672633 18.599260216197273 146.32338745205155 17.44616330170381 31.730063093850703 42.0849974522847 195.29107404710206 66.32186810746337 263.0739420241622 67.03301980450391 48.4518052280492
1999-03-08 4.016538844704683 15.522347718794537 126.38920074385253 14.473040344718607 81.91881308994452 44.27392574612676 165.4887190022421 68.15948611488058 244.11781218589744 114.2691622518846 40.35041356368785
1999-03-09 4.12775256384549 14.053118220282938 104.89185685228887 12.006588107506667 68.22319960056194 37.73266430592184 137.88327845743993 90.89444074464393 350.05689958519133 181.82125307095882 34.25205968658611
1999-03-10 4.529459851918211 14.465757277554541 100.5361145596401 9.960461281787873 64.54368836493262 31.91499589581233 114.38562264183017 75.40448207768944 290.4154127195358 165.58723108560847 44.181516967367834
1999-03-11 7.036194076783507 14.268311657962547 86.10511753563256 8.263029268403898 53.571307290688885 29.125181928059018 94.92899202949062 62.554275826155546 263.4934120717414 145.15062176882682 42.1068077115944
1999-03-12 8.456876362185742 13.892235176475987 81.94114358606096 6.854868540610983 44.58856272463045 55.64174555563132 78.7514772025553 53.52588062122568 218.63288243457657 122.7099317613333 34.93835165529912
1999-03-13 9.05487029569917 16.21994643212651 76.00379192601271 5.688858277149962 36.998591041622234 314.9254470051477 65.33088605489414 64.8973311331745 181.37412068408472 102.04793085737079 29.000238995758
1999-03-14 9.3417908893823 19.182440629161484 76.15987863059962 5.2587785265528515 32.43648420575649 261.92238619964166 54.19739190084789 68.35277116149001 150.6071080607673 85.30118431207057 26.61226488527654
1999-03-15 7.74979083342406 19.154150895146845 79.22021331286689 5.270463233133125 32.70122401504316 316.5996043146659 44.96123451296828 56.70429638801329 125.04511410074478 71.38256199482174 24.752664167645236
1999-03-16 6.429094664288361 16.477436197053624 69.51302143329642 4.3722866563478755 30.109103774516978 262.9443696821 37.29907543574094 47.04091983722258 103.75134584657505 92.0684170023058 98.87299866057133
1999-03-17 5.333467585230347 13.975036806962484 71.99618651930227 3.6271746447445152 26.13896885494238 224.84972652302187 30.942678585923353 39.02463868491655 127.69679426856838 78.35277752898308 145.216961894945
1999-03-18 4.4245539952479 13.193048847184906 96.8947952618986 3.009042393041015 21.68544669855488 189.478868873706 25.977970674388015 32.83409304838608 106.08376819436772 195.4036824207919 166.1811955761947
