1999-01-18 22.862170253443672 22.851424099053464 24.082216702029488 22.851424099053464 22.964029875408677 24.640183703328326 22.851424099053464 23.337680246872168 22.851424099053464 24.09809993059854 43.42607114428417
1999-01-19 21.33780568093625 26.13875142349206 58.46238886364257 21.159138544476594 20.45862477933805 94.3411022422781 20.358304437527988 30.06209608216796 31.609899009443463 22.609413927080045 39.24301407425743
1999-01-20 19.575188898572172 26.658008258355373 52.08406729804121 18.981495651247837 43.502581859957466 155.07265874959822 18.137187326904467 51.137730694844976 52.721414864731855 37.94968986322277 40.24894470235709
1999-01-21 20.411563815168996 23.749585385543384 46.9375487443455 16.910590144083127 59.395701683028356 140.73964805021993 105.76547661867859 49.110564465922266 47.369606040334816 33.8093300529686 36.65764199372672
1999-01-22 18.200780437183678 21.659461140726254 41.81660200898709 15.065623082360311 52.915554492455946 128.21460751391035 97.08969265927655 43.81187203206215 42.373143988816196 30.123191187369724 37.941182486926046
1999-01-23 16.2150519606407 19.296386165883508 37.254357126791334 19.272221138534178 47.142399667014274 114.22622948100947 86.51778640057866 39.031940632692745 41.53889895357645 107.55820347830284 38.805813795489584
1999-01-24 14.445969006313797 17.27962480932431 36.10373113074567 17.169597108037248 42.844928145626206 104.04349969157025 92.44541245255597 34.77350587619579 37.006951830702334 98.34364597135108 34.572049766794365
1999-01-25 13.225388122946844 17.76432243705708 32.16476778446478 15.33641744889516 38.17049156375333 96.70010791422212 85.65187518250748 31.237591456581047 32.96944594825399 88.25347291122293 30.802005539297333
1999-01-26 11.820230307290732 23.817128351304873 28.655550388461354 13.663194646085833 34.00604200493447 89.41343356799007 78.27528411742068 27.829530186459674 29.43231753936957 78.89055442363401 30.941465681693316
1999-01-27 10.530628028888902 21.383395350390693 25.529193108686123 12.172522595899814 32.02057955382626 81.0416262465224 69.73535028228095 24.793292769564797 26.22121396772378 70.28349380939622 28.779363008753897
1999-01-28 9.3823159889026 19.05043950715116 22.74392541568565 10.844484777221458 28.527093278614572 72.19988093903528 62.12713417555164 22.08831274688342 23.36044591192867 62.61547454121557 25.639497613394344
1999-01-29 8.358693287700937 20.873474375871428 20.262533998313828 9.66133758691902 25.414750834187615 64.32278137847166 55.34898419873183 19.678449512081357 20.81179131812398 56.00000295534257 22.842195557535312
1999-01-30 7.4467491353410225 18.596151564599076 18.051865565372836 9.081083390545851 28.062748484853905 57.305083477301686 49.31033907302009 17.531505445302663 18.541198207520896 49.890330848769906 21.045027443451474
1999-01-31 6.634299258987997 16.567287591244778 16.082383892232386 8.090325551962824 25.00106665265109 51.05302541285321 52.83506808046932 15.618795728290523 16.518329715866322 50.343347139307845 18.74898797259918
1999-02-01 5.91048870559181 14.759775278102321 24.818117630012665 7.836070243331203 22.27341823298804 45.48307489749709 47.07069442574767 13.914765093229835 14.716158769684784 50.21828045158731 16.703449351217248
1999-02-02 5.265646811394696 82.98161564911175 104.66483674795113 6.981144935041425 19.84335975237271 41.536477673210214 41.9352213258742 18.334772994921472 27.222608279249275 50.51788476494099 15.601951010704562
1999-02-03 4.708282430570062 73.92821501100798 93.24576889311754 6.421446615739223 17.678423766986445 56.35582848591682 37.36003492415276 16.33442575856965 25.28967881552537 45.00631878024729 14.337864364380975
1999-02-04 21.377512428704065 65.8625519877104 83.07253597888875 5.723132792725927 15.749685072749934 50.44437857515013 33.284007223606004 14.552318969868237 22.53054243893245 40.30700251978823 12.77358498309706
1999-02-05 36.57170987109524 58.676863139302654 74.00921581625921 5.627026552709304 14.03137424242695 44.94083220998725 29.65267937008438 12.964642316224953 20.072431377851434 36.90940045026189 12.9981481521787
1999-02-06 48.26010672614983 52.275142155300856 65.93471550127704 5.013110742750372 12.500533326325545 40.0377298080377 26.417534040234653 11.550183220672812 17.888130373784524 35.04564051849557 23.794017617535122
1999-02-07 42.99486721964285 46.57185713676154 58.741153521035685 4.46617393461187 11.136709116494018 35.66956216323005 23.53534721287383 10.290043425583464 15.936512419931898 31.222116214334836 21.198059794870687
1999-02-08 38.30407209259391 42.827454241738494 52.332418373975564 16.311687735836102 9.921679876186353 31.777967207848793 20.9676106629371 9.167386497460734 14.197818486544925 27.81574331297961 18.897795807018678
1999-02-09 34.125048726847055 81.13480701055076 46.62288444655877 19.30187634988804 8.839211883493222 28.310950250578227 18.68001746207637 8.167212879284822 12.654866490258819 24.904592856399788 16.83602206015082
1999-02-10 30.401962167224664 94.35552610403985 41.536267989444376 18.563241593392835 7.874842536374964 25.222189287575056 16.642003611802995 7.276159484934118 15.48028011648728 67.85347508167412 16.493675634694515
1999-02-11 27.085069123731536 84.12564227342605 37.00460790812961 16.973813745467012 7.18077243140921 22.470416104993618 14.826339685042184 6.482321158112477 18.141438870554097 62.43114441096197 16.911428562688222
1999-02-12 24.306956929559124 74.947426864128 32.96735775063852 15.121948907789434 9.720849909800162 20.018864904018848 13.208767020117325 5.775091610336404 42.27004378743252 55.6688868686086 15.06637002842086
1999-02-13 21.655036770436656 66.77056652116848 29.370576760517842 13.47212489773331 8.660292723875596 17.834781081615017 11.767673606436913 5.145021712791731 46.72881973341327 49.7828723009286 13.42260974534817
1999-02-14 19.346149980747853 59.48581212321326 31.441311914964388 12.002298802017155 7.715443686420877 15.888983603924391 12.935891617015166 4.583693248730366 42.733677057006936 44.35149711824149 13.008020520797094
1999-02-15 26.120052298063996 52.99583376810774 30.401091347552992 10.692832617454414 17.621787115765656 14.155475125289108 11.524569259601172 4.08360643964241 38.071378111510704 41.676556677707836 11.58882880752136
1999-02-16 23.270321110103833 47.213920370785694 27.08429331160232 9.526230872179346 27.148149455995373 12.611094643787526 24.943409313780407 3.638079742467058 33.917741957381054 37.1295909206731 10.324472729368614
1999-02-17 22.33988384685497 42.06417417848603 25.574794472364246 8.486906872733506 24.18625155022863 11.235208052496805 22.222051383696765 3.542093245315083 30.388843088098167 33.10141807695018 9.198059520069389
1999-02-18 20.250731993875622 37.59924788871609 22.88417130682572 7.560974453894717 22.035659030000584 60.20722601837911 19.797642577602772 3.1590260113299573 28.757311446850057 29.490010933382365 9.632756783596118
1999-02-19 18.097063696605133 42.18866940332611 20.39053737308493 6.819126725718537 20.56433491493163 55.531793554662656 17.637694394586912 2.814372224065848 34.59224294968798 26.27261293849494 10.630211636127743
1999-02-20 16.283268364128766 66.33014011977123 18.893660559018233 36.12195437403595 19.510457950497074 49.473203693882915 15.713399327088528 2.5073206067900395 32.16157618719891 23.406237189102434 9.470441920186726
1999-02-21 27.485962754911125 63.53670514186157 25.709493731273902 36.2001752735047 18.837382235427324 44.07561375317619 13.999047318130437 2.233768714556104 32.733564608404656 20.852586708260098 13.891885089655801
1999-02-22 25.63879399663305 65.36743278660877 27.939098220970433 32.8611596964635 16.80282348760646 39.26690779395337 12.471733310908363 1.990061684420026 51.79915991554235 18.5775427682992 173.32583401398296
1999-02-23 30.851726893572046 61.82859564298633 24.91243946689352 29.28123308484179 15.00577499180156 34.982837818967965 11.242360897151826 1.7729434036700058 50.72187501813628 16.55070903847509 154.4632691353384
1999-02-24 32.036986719101286 55.08301660275389 28.753029063026027 31.358192665708 13.368625704898372 31.16616536982994 10.79882948267052 1.5795130056649782 74.18576810291293 14.745005466691183 139.82549051086005
1999-02-25 46.38577071751117 49.24661115291597 29.40790424412191 27.936973649077043 19.61940133004529 27.765896777331324 9.62066334352727 1.4071861120329237 66.81369258695214 13.13630646924747 143.50953180529766
1999-02-26 62.01329299682039 43.87374274888856 26.21908954707844 24.889014012683177 27.008327855300877 25.412108959422955 8.571036640408195 1.2536603033950198 59.524233079938355 11.703118594551217 141.8524275533869
1999-02-27 55.24756323852857 39.08706117500382 45.91213260602172 22.173590679676384 69.24227432779634 22.639615297192545 7.63592555607354 1.116884357278052 53.03006294920385 10.426293354130049 141.5470354440245
1999-02-28 56.922555628733654 35.6529719589723 40.903060085794024 19.754423513092267 71.16727225138965 20.169604247459258 6.802836289720975 1.0147983016139512 47.24441510434721 9.2887713841496 126.10407243364659
1999-03-01 53.109629550669695 32.00326402254467 36.44048379845117 17.599190585415275 66.00132827809539 17.969074569459398 6.060638130230997 1.02581376109281 42.08998885575303 8.275354519237546 112.34595648341224
1999-03-02 47.31530088759992 31.530069445605083 32.464780304453946 15.679096332853998 68.57404327207514 16.008625500099548 5.399414741335259 0.9138961648083048 37.49791711813154 7.372502733345591 100.08886861932231
1999-03-03 42.15314090918722 64.15398086464633 28.925026378550818 38.96768720963654 61.09252724879191 14.627860295991638 4.810331671763633 17.614314148682382 33.407052002116124 6.568153234623735 89.16904475307108
1999-03-04 37.554179201583985 70.32646735182276 51.43333233188335 45.3169629219283 54.42725421390246 13.03195603315755 4.285518320204096 20.871621019533492 29.762299805532905 5.8515592972756085 80.35882120985663
