1999-04-26 35.98110975275046 26.872974766237707 26.872974766237707 130.3934045952399 28.910088863539357 28.81034744534175 32.21932886223945 46.342027224822935 28.602406134255116 29.347204324524537 26.875287984321748
1999-04-27 32.05552455599224 23.941098771858858 23.941098771858858 116.20572812448181 25.75596110985051 25.977106105985925 28.704158782711165 41.74799691198367 25.481846960737265 26.145386713721532 23.943159614884713
1999-04-28 28.558225736249664 21.329094206720306 21.368732102772213 103.77227409856366 22.94595273723825 23.142970530818438 25.572498264814136 45.53634641638758 22.70174479316913 23.29289150853797 25.250817296132166
1999-04-29 25.486879887841134 19.00206268786166 31.74823418663512 93.18062062517104 20.589212014848542 40.84637690669479 22.782505923768962 46.59933518912977 69.09280610490732 34.075050102993806 22.714218544019733
1999-04-30 22.706228621474462 46.07364310642682 28.28446114009252 83.01449547048614 18.34290259154824 37.76109659970956 21.300286535598282 41.74633573668534 61.554692391580936 37.50791131949936 72.11575045173112
1999-05-01 20.228949972673085 41.04694958357114 29.440204844476902 73.95750760172311 70.78862923388887 33.64131255625477 18.976397970586437 37.19175699486921 54.838996547182354 33.4157501146635 64.24782963517585
1999-05-02 18.044968929919847 36.56867476757466 31.799381072953643 65.88864871922951 63.666400994219416 29.97100223292588 21.355180044403863 33.134088632115976 48.85599172798725 29.77089721482945 57.23830906527705
1999-05-03 16.076239688547844 32.579350027764896 28.330027835550563 58.70011268396067 56.720315034358904 26.701127470694907 19.025302527215555 51.0885052142034 43.52574040393886 26.522854166579357 50.9935361747759
1999-05-04 14.730623571112927 29.024901177581178 25.239185483572125 52.295855144834036 50.532055956626564 23.788000236543894 16.949617633728494 45.514683807039845 39.99995643678046 30.762419482460054 45.43007601155087
1999-05-05 13.123493656912375 25.858247253257094 22.491297027125675 46.590310312585515 45.09833737102188 21.19269891785904 15.100392622857607 40.54897346025465 115.86308826992781 30.94313275146903 40.47359648370883
1999-05-06 28.614802417286263 23.037079331282694 20.07639480546334 41.800401514004534 40.17805095410395 18.880548299854773 13.452920431119676 36.125028477647504 107.32419584162967 28.507143112416667 36.057875225865544
1999-05-07 26.345991275779387 20.523704445937057 21.912410372443237 37.23992412657814 35.794574092388444 16.82065627812738 11.985189567328499 32.18374156351942 95.61498850075061 25.396977256695212 32.1239148175879
1999-05-08 23.471609855728417 18.284541982376506 20.633460607881617 33.64798529795727 31.88934017528826 14.985501116462935 10.677590022201928 28.970860217291982 85.18327069032202 22.626134482629112 29.651755643967093
1999-05-09 20.910827133158598 16.289675013882448 18.382323606360917 29.976946969955108 28.410172284505528 14.142286219822097 9.512651263607772 26.862693733628404 75.95860528723074 20.161560504380102 26.416711093820858
1999-05-10 20.03702279930434 14.531268032899609 16.376788537347842 26.706423629293933 25.348930426598677 12.628326254637702 8.474808816864245 27.736836432934968 67.67142408212185 85.39223090144836 44.22290653125142
1999-05-11 17.850957927248988 16.385322529678653 15.148092094822676 23.79271857745083 22.5833296232854 13.069962609073247 7.551326407852915 26.825041207280993 60.28838496949365 77.10773975671567 44.35874327911911
1999-05-12 15.903395534963249 14.597662838006734 13.495459853034687 21.196902481724788 20.119459412725714 11.64401293456552 6.727467017015454 23.898394825628415 53.71084488807318 68.69518650795688 39.5191475256836
1999-05-13 14.168314696177553 13.005039110225066 12.023087883783015 18.884293249514386 17.924400600473923 10.373636197413951 5.993491741790479 21.291049315764074 47.850922861019 61.20045360235031 35.20755787263048
1999-05-14 12.622533401033511 11.58617267266449 10.711353583750931 16.823992648978635 15.968825518396148 9.241859190730313 5.339594109945848 18.96816854327696 42.63032583871407 54.5234056639412 31.366368177578305
1999-05-15 11.245398826664372 10.322106382229421 9.542731177311634 14.988473484977554 14.226606184545865 8.23356050625515 4.757037547940462 16.89871704067535 37.979302643615355 56.68046589694789 27.94425720212244
1999-05-16 14.133759821023729 9.195951344436407 8.501606973424785 13.353211814646967 12.674465213299335 7.335268500753637 4.23803865360562 15.055045349753975 33.835712041060916 50.496554411188086 24.895502920754826
1999-05-17 12.601151038599925 8.192661264839325 7.574070754757111 11.896359288725415 11.291664811642699 6.534981304536624 4.993268171961134 13.412520603640495 30.144192484746814 44.987315595431355 22.179371639559545
1999-05-18 11.22634930738148 7.963695766626604 6.7477299265173425 10.598451240862394 10.059729706362853 5.822006467282759 4.448496213731129 11.949197412814206 26.855422444036584 40.0791417965447 19.759573762841793
1999-05-19 10.001540207341844 7.094846350147288 6.011543941891505 9.442146624757193 8.96220030023696 5.186818098706976 3.963159574465215 10.645524657882033 23.92546143050949 35.706456050706564 17.603778936315237
1999-05-20 8.910359350149912 6.320789518748883 5.615624757712302 8.411996324489317 7.984412759198071 4.620929595365157 3.530773784676673 9.484084271638475 21.315162919357036 31.810835924908837 15.68318408878915
1999-05-21 7.938227723218343 39.62892528258069 5.116323682985602 7.494236742488777 7.113303092272931 4.116780253127574 3.145561838811962 8.449358520337672 18.989651321807678 28.340232948473933 13.972128601061218
1999-05-22 7.072156902921327 35.30535873553042 4.558126210762932 6.676605907323483 6.337232606649667 3.667634250376817 2.8023770100287453 7.527522674876985 16.917856020530458 25.248277205594036 12.44775146037741
1999-05-23 6.300575519299962 31.45349884096888 4.060828798290578 5.948179644362708 5.645832405821349 10.182398047872198 2.4966340859805665 6.706260301820244 15.072096242373407 22.493657797715677 11.08968581977977
1999-05-24 5.613174653690738 28.021881798447822 3.6177871709844505 5.299225620431197 5.029864853181427 28.851582509349427 2.224248106865564 5.9745987064071 13.427711222018292 20.039570898272345 9.879786881420896
1999-05-25 5.000770103670921 24.964658574117266 3.223081953134611 4.721073312378596 4.481100150118479 25.703837873899634 1.9815797872326075 5.322762328941015 11.962730715254745 17.85322802535328 8.801889468157615
1999-05-26 4.455179675074955 22.2409823224923 2.8714395805088864 4.205998162244659 3.992206379599035 22.89951621314429 1.7653868923383365 4.742042135819237 10.657581459678518 15.905417962454413 7.841592044394571
1999-05-27 3.9691138616091717 19.814462641290337 2.5581618414928005 3.7471183712443885 3.556651546136465 20.40114964032417 1.572780919405981 4.224679260168835 9.494825660903839 14.170116474236965 6.9860643005306065
1999-05-28 3.5360784514606625 17.652679367765202 2.2790631053814656 3.3383029536617417 3.1686163033248325 18.175358063154043 1.4011885050143726 3.763761337438492 8.458928010265229 12.624138602797016 6.223875730188704
1999-05-29 3.1502877596499803 15.726749420484431 2.0304143991452888 2.974089822181354 2.822916202910674 16.19240320020562 1.2483170429902832 3.353130150910121 9.63990991087082 11.246828898857835 5.544842909889883
1999-05-30 2.806587326845369 14.010940899223902 1.808893585492225 2.6496128102155985 2.5149324265907134 14.425791254674714 1.112124053432782 2.9872993532035492 8.588183382583168 10.019785449136169 4.939893440710446
1999-05-31 2.5003850518354604 12.482329287058628 1.6115409765673054 2.360536656189298 2.240550075059239 12.851918936949817 0.9907898936163038 2.661381164470507 7.651201566697505 8.926614012676636 4.400944734078807
1999-06-01 2.2275898375374776 11.120491161246148 1.435719790254443 2.1029990811223294 1.9961031897995167 11.449758106572146 0.8826934461691682 2.3710210679096178 6.816445668004162 7.952708981227206 3.9207960221972855
1999-06-02 1.9845569308045858 9.907231320645167 1.2790809207463998 1.8735591856221943 1.778325773068232 10.200574820162085 0.7863904597029905 2.112339630084417 6.0727627078981765 7.085058237118482 3.4930321502653023
1999-06-03 1.7680392257303312 8.826339683882598 1.1395315526907326 1.6691514768308708 1.5843081516624156 9.087679031577022 0.7005942525071863 1.8818806687192453 5.410216512036943 6.312069301398506 3.1119378650943506
1999-06-04 1.5751438798249902 7.863374710242215 1.0152071995726442 1.487044911090677 1.4114581014553365 8.09620160010281 0.6241585214951416 1.6765650754550603 4.819954955435408 5.623414449428917 2.7724214549449413
1999-06-05 1.4032936634226845 7.005470449611951 0.9044467927461123 1.3248064051077992 1.2574662132953562 7.212895627337357 0.556062026716391 1.4936496766017744 4.294091691291582 5.009892724568084 2.469946720355223
1999-06-06 1.2501925259177302 6.241164643529314 0.8057704882836525 1.180268328094649 1.1202750375296193 6.425959468474908 0.4953949468081519 1.3306905822352533 3.825600783348752 4.463307006338317 2.200472367039403
1999-06-07 1.1137949187687388 5.560245580623074 0.9255347810619523 1.0514995405611647 0.9980515948997583 5.724879053286073 0.4413467230845841 1.1855105339548089 3.408222834002081 3.976354490613602 1.960398011098642
1999-06-08 0.9922784654022929 4.953615660322583 0.8245577500423927 0.9367795928110971 0.8891628865341158 5.100287410081043 0.39319522985149524 1.0561698150422085 3.0363813539490883 3.54252911855924 1.746516075132651
1999-06-09 0.8840196128651656 4.413169841941299 0.7345974425454501 0.8345757384154354 0.7921540758312078 4.543839515788511 0.35029712625359316 0.9409403343596227 2.705108256018471 3.1560346506992527 1.5559689325471748
1999-06-10 0.7875719399124951 3.9316873551211073 0.654451919912913 0.7435224555453385 0.705729050727668 4.048100800051405 0.3120792607475708 0.8382825377275301 2.409977477717704 2.8117072247144574 1.3862107274724702
