1999-03-08 24.076623272265625 29.821436124305972 24.076623272265625 24.076623272265625 24.365093006905717 24.136681742691614 24.12380770649044 24.93113334554177 26.89983012682115 25.94415538238153 24.98478551903313
1999-03-09 21.469132091777514 26.567879216248198 21.449832810409312 23.765718684156756 21.706830127222442 21.50333882472529 21.49186936237637 24.627875305577536 30.547783156071596 23.113614773397494 22.25891339191793
1999-03-10 19.126822260150206 24.499256728842642 19.5760681998573 23.30431523693349 19.390839345530814 19.483714665943207 19.147078865380738 28.543640513830315 34.89313710078361 20.691131962533323 19.830437408056515
1999-03-11 18.261399101106104 21.82635641511699 17.451544329469613 20.765269592742662 19.713196243347458 18.292174679601764 17.05810801729968 25.429492744830085 31.486532166423522 18.433702942293543 17.66691126699978
1999-03-12 26.007054320290617 27.187248335708876 20.72100263335567 37.48860002983801 21.242355479114735 17.95093190940249 23.14224638332871 28.101760085725406 34.189789911451214 17.6106592824868 18.151541566804436
1999-03-13 31.33519763055204 32.136093123991586 24.35589448108184 59.99254380487277 63.447080785348355 16.99371173752013 28.8545787749508 25.035822037860108 31.67509728309443 18.026954659381257 55.10388027475719
1999-03-14 27.91648740173301 28.630004170202675 21.698635172357175 65.07825394363041 56.52492294141341 15.155225363580552 25.70938802827215 22.30438176111923 28.21930356647938 44.954463175819015 76.91369512966848
1999-03-15 35.60084931633584 37.75659156063386 19.33128626044789 62.57836423236696 62.81562472004926 25.071819964047506 22.904460838560247 19.870945119893886 27.18724927077535 40.04987361802425 70.93960433740713
1999-03-16 32.16510709307617 43.358890215145514 17.222218149436976 57.93335301744047 80.6953622213926 22.68989691141344 21.095008948938343 45.69170893413436 26.238187069776384 37.83138236345955 63.200002569578864
1999-03-17 36.54084068194399 151.62924485286206 17.73980321878454 100.99821813477956 124.0659418188657 22.664565142726588 23.52418240416341 40.7066849190618 73.41150063227195 34.20821471941557 56.30480127570395
1999-03-18 93.10136013032123 135.08629987200243 33.16561488735505 90.11256205128723 112.10170766123153 24.98714700676068 23.80898487081326 37.98800073861161 85.75507144282356 30.476054643396818 50.161875281671186
1999-03-19 92.56975756922094 121.07250630954303 31.66622956939676 168.77327119544734 99.87126765673422 22.261017238307304 48.12194369989156 44.69029376645116 92.54964589440318 30.174200737789576 44.82068775044205
1999-03-20 82.47053977291839 111.96987008114644 28.612550356400423 151.01944153493906 89.0509475901849 21.797931198957368 52.041525476461516 40.97544564808865 82.4523608916661 94.09796500580848 44.04980562514323
1999-03-21 73.47289816803486 103.82054577098081 32.368780182554474 151.19050511745124 81.28908564116209 22.685133260916846 47.34252000234229 36.50497200311132 73.47794511879958 83.83175640328928 60.60116661477802
1999-03-22 65.45691079595794 93.25801432347387 31.010079492206533 166.44787437661014 75.71272588219904 59.39551283899088 42.42413074933397 32.52223276332085 65.62725591149547 74.6856043191436 53.99307175556172
1999-03-23 58.31547792154546 119.5505090427543 37.65468287321952 164.04035005305533 132.49221028072913 58.217016648040655 41.204714850634716 28.974015479904292 74.01863160187473 67.5247304274853 89.09450161234864
1999-03-24 51.953184528046116 106.50739525921486 33.765346871107745 146.15587557766295 136.36777769091972 51.86546550569422 36.70922764176867 27.638084177401648 65.94310401261221 60.15769578061861 79.62486418614122
1999-03-25 46.28502549934479 94.88730190890094 30.08150424503381 130.21008220081882 121.48987834048715 46.20687673477496 33.61513789996156 27.50357892372641 58.74862683503128 53.59441405722961 70.93768943553184
1999-03-26 41.241502235815624 84.53497563843521 26.799573571633793 116.00639245358188 108.23517688056577 41.165647252279676 30.0285280276825 82.44894052727422 52.339076339834506 47.74719478306844 63.1982965859528
1999-03-27 36.807575146337484 75.31210143430675 23.87570574167626 103.34994633298122 97.11704945177887 49.881828956154955 27.18195791769711 73.45365542777768 46.64425660752442 45.45026989403965 56.303281417078324
1999-03-28 32.791821515726284 67.09545462827909 21.270835639955315 94.90977641862943 86.52145486616172 44.475729794480586 26.470120987127387 88.30871397429112 41.55530842025255 44.2186351408453 50.16052124156987
1999-03-29 29.21419175384734 59.77525452137713 18.95037100047197 85.5277285060301 77.12273111710164 39.62337066225884 23.907847750934874 78.67412008031783 38.83216803369708 39.43101856594354 44.726567099652684
1999-03-30 26.026885985008665 53.25369762960741 17.150226763905028 99.17050375116469 69.12058552541029 35.300410131405926 74.56622911464724 70.71133206295801 34.61500723854066 35.129045320814996 39.84684129589844
1999-03-31 23.187319361228983 47.443650954450455 21.93549034779761 89.90760282425113 61.57944104169771 31.449090135897787 75.7412768008447 77.78412570564136 45.46981951491056 31.363820661123572 35.49949983245746
1999-04-01 20.65755309602957 42.2674878192176 21.01987410618439 81.36703983376735 54.861045087847096 33.79682489451397 67.47780641218517 128.7672876600794 40.77780051915811 37.407918971271734 33.318639884056445
1999-04-02 18.40378757316874 39.09981651576629 19.131618310279432 213.94971541425812 52.28564164992879 32.38033365444155 60.11589123553774 123.12626687575049 36.328890211100415 149.36923777752855 29.683533562885472
1999-04-03 16.395910757863135 34.833976413418654 17.04433422857819 190.60752720905293 102.4018428050343 28.847597745698465 53.55717044160462 110.32948469311499 32.36536172053049 147.7947765596726 29.370069282655624
1999-04-04 14.607095876923667 50.135818231394 17.19366466928377 252.58199819559155 117.53671421722538 25.7002878530709 47.71401449364922 99.0588044078471 28.834259268969017 166.28529808039383 26.165757075610845
1999-04-05 23.513223364100543 102.29897445814328 15.317813813999752 225.024978417778 116.40736988319756 22.8963535041386 42.50835434972167 88.25136186746558 25.688404621250697 148.14335890540707 23.311039437833216
1999-04-06 26.211440575948917 91.8025054349583 13.646620691604758 201.16806473525688 103.70717661102904 20.47214253879549 37.870638400422344 79.68563766669939 22.885766748142615 132.66691112654073 20.76777515368451
1999-04-07 23.351738809724566 81.78673441407588 17.09191077772905 179.22037100341316 92.39259070471955 22.15350330777251 33.763867802983086 70.99183245145802 20.388900259579056 140.83938963373228 18.69264503206442
1999-04-08 20.804034171931626 72.86369685038457 23.649086421355687 159.66719879157682 84.28679009723079 19.736527699212292 30.080186545137504 63.246532529437694 18.164445105550207 137.29118686477815 16.65325349771857
1999-04-09 18.5342873759217 64.9141741229739 21.692464359190872 267.6574921988501 75.09099325378675 23.40469069557034 26.798399634485286 56.34625475729731 16.182680860265243 148.23090997254423 14.836362193983597
1999-04-10 16.51217286485332 57.83195451529623 19.325788690908144 257.229495910671 66.89846963368349 21.10488224947574 23.874659882575475 50.19880613528516 15.14218059172147 148.47115410843682 13.217696060485776
1999-04-11 14.710673639009514 54.64385521255338 17.21732037178113 234.8337343434385 60.37884135796454 18.885274491709 21.349391029341977 44.722052038100955 13.608793761897893 241.48494962376165 11.775628477055392
1999-04-12 13.105720287974457 54.67017291071195 15.776746855251622 260.78523344808076 53.79143236860951 16.824866836391998 24.719047264626838 39.842818833349696 12.124056917911078 328.2387544658275 10.490892315505523
1999-04-13 11.675869404862283 48.70558696666398 14.055483549768299 258.56501598182524 48.34086144333856 14.989252297423537 22.022167521706514 35.49591622572901 10.801306766827492 326.9527286921488 9.346322516032206
1999-04-14 10.417853001930396 43.391744994873754 12.522012277331205 255.30170787374644 43.172079604464244 13.353905657656762 19.61952081576014 35.562474344181325 9.622870352807185 418.7345903358688 8.326626748859283
1999-04-15 9.817509053087049 38.657649993805514 11.579148910510096 230.1647942774991 38.497443898515066 11.896977432573436 17.925657562513674 31.682562807129848 8.573002862146597 392.9445897916451 7.418181096991796
1999-04-16 13.961006852441924 34.67029454453926 23.95100326276737 205.05352018285885 34.2973234208667 10.599001944424218 15.96994534426611 28.225954592272767 7.637677260499862 399.29737209999655 6.831335414005756
1999-04-17 12.437843108789002 30.887720967278025 47.95781728632795 182.8401425626355 30.555452348790347 9.4426372458545 14.227603835977957 25.146466764543238 6.8043968809489455 416.00374580422243 6.383127665295511
1999-04-18 11.080858482050775 39.22104203149115 42.725557945198176 167.93562300687282 27.221813329735543 8.412433418195997 12.675354019681336 22.40295500629021 6.136852841846245 438.6099056928449 54.61366621886162
1999-04-19 9.871922617553542 34.94197606998383 38.064144805207846 153.01573635501987 24.251878600916992 7.494626148711767 11.292456648109098 19.958763897659647 25.12917767000368 496.6348240872444 50.66464294256864
1999-04-20 8.794883205559074 31.129761690039008 34.78059779908384 193.53472268616963 21.605967558052072 6.67695282882838 10.060435152455748 17.846282197660525 22.388345483308285 462.369466627688 47.702020783202016
1999-04-21 7.835350174026576 27.880346397584198 36.18974760390033 182.5509287629773 19.248728801650348 6.260405053482482 13.194064318407987 16.557122979970426 19.945748292362406 464.99502437862924 42.53550201707434
1999-04-22 6.980503426220962 26.072445554025922 99.55425746730688 162.63438843026486 17.148667815221327 93.63902823199042 28.124168699635835 18.95540067810805 17.76964158601553 414.26347116055666 43.14490985402611
