1999-02-15 3.7756322163819274 3.7756322163819274 3.7756322163819274 3.7756322163819274 3.7756322163819274 3.7756322163819274 3.7756322163819274 3.7756322163819274 3.7756322163819274 3.7756322163819274 3.7756322163819274
1999-02-16 3.3637059017440274 3.3637059017440274 3.3637059017440274 24.4691078131948 3.3637059017440274 3.3637059017440274 5.273389004366589 3.3637059017440274 3.3637059017440274 3.3637059017440274 3.3637059017440274
1999-02-17 2.997020337473167 3.5284420724519574 8.425753597879323 21.922998748978806 3.3553457509372513 2.996721276064848 6.3175167631175215 2.996721276064848 3.027712616993671 40.91615949732162 21.351326169753595
1999-02-18 15.652565139521737 12.129632999794879 7.985115388406251 54.26572278885728 11.364439312725045 148.4679818236841 5.643287960376135 7.4923620729446645 26.887427119928255 36.4683792328289 68.45691440673454
1999-02-19 24.317338582989457 10.806274491030017 17.666861310534035 62.09248867916435 10.12456441609042 154.07873290060584 14.352617771894767 6.674935766629696 23.953974355235875 47.64674836262122 62.90936283794809
1999-02-20 21.66428577216992 9.636332184020242 48.063191015966346 56.79671916570398 9.019961460024248 137.59660953314707 34.164090912774455 5.9466917181594985 22.83195455958724 46.63058908903118 101.62319940917797
1999-02-21 19.710977524408204 20.863447909504842 42.81943526585869 50.600124299302514 8.035872102410867 122.58464305353753 33.91351716157556 5.297900028884069 31.14925609375176 41.54313204554678 90.72647710727485
1999-02-22 18.16465166736068 18.587218998565604 38.14777998984675 45.079585875990446 7.159148155177554 162.21088359498313 44.57267028183234 4.719892344568484 31.534579026656164 37.09040657113832 80.82810215626
1999-02-23 16.862948802542643 25.15872822042094 34.04928333982478 41.85447411707455 6.456760698260117 144.51346826318226 39.70973481817643 4.204946039536463 28.094116031943198 33.04379566953114 76.80699956173056
1999-02-24 19.27521933091665 22.425381708121048 30.705965458151066 37.28809733933973 5.752319829418861 128.74686362968367 35.37735184720617 8.599861106402079 25.02901196014415 30.145768266555248 82.31719166938242
1999-02-25 41.309262250292036 179.82294217942564 92.33535099974382 33.84358292818655 5.455627997454742 115.19627567066844 31.517637411875747 13.070351455338532 24.16319731988779 28.124186235590308 82.14468934597416
1999-02-26 39.12343134298238 162.48114959655612 86.22236033485945 45.79311782468611 20.803182895654523 102.7719528226137 33.97890949300385 11.644359357204818 21.526961518460112 25.05580146602758 73.18259844036476
1999-02-27 37.458483554597606 144.75424789754055 77.45190532089012 44.76052661958578 35.43542082036589 91.55940103044598 30.491424392372778 10.373944824899237 23.438197397791157 22.322181408062804 65.19828314070017
1999-02-28 45.22547928725671 157.3135304722296 70.84559643517072 39.877095788675504 170.1622436155318 94.86347949582512 44.33540374420611 139.54680238933676 20.884469460040755 19.88680280253927 58.95963587226233
1999-03-01 41.60010803126877 141.21478357104974 63.11625104998138 36.0124531744962 153.25773342019815 84.51375228116297 41.798683089255505 184.72601781430816 21.110546805479384 19.343056307740174 88.3284029547307
1999-03-02 38.23190775640084 129.74735303000796 56.230187154252256 32.08924268391508 138.95613699779756 75.29319357251825 38.66193200639199 164.57217247793662 23.814985677610007 19.778663754757048 106.77300105775322
1999-03-03 43.777906353552495 127.86336089533793 50.0954016565147 42.573433119638196 124.00839002169957 67.07860963844895 37.408103716281694 146.61713750216452 36.53997475831511 20.362626374825698 97.24587820065868
1999-03-04 56.320671409177486 136.9267910450999 44.62992912051439 38.15359566361011 120.13279228880471 65.57010267726874 33.784093780581486 130.62101985808425 60.15110472517995 22.633384759033042 114.52893057070746
1999-03-05 51.590284052053164 143.36067801991192 39.76074664416046 38.20898327375816 107.12341844198797 58.41632042350914 30.09820584265306 116.42719392680522 53.8007336671777 56.357400461965035 106.01711194387481
1999-03-06 48.06827119462937 130.89279406050701 35.81129636565519 41.32660662114101 126.15614801399254 71.4682722618792 26.814453003543683 103.72483782606744 92.80670189071112 51.95469502705129 128.85461887995632
1999-03-07 52.07181496835574 132.18983381489224 31.904238027106 65.09435186699609 140.9179024489961 91.13498430983574 23.888961808491434 92.40832505855806 83.6815400800968 50.17948231422169 137.08184126230574
1999-03-08 50.71654918249159 125.99472225025201 28.776975087710895 69.02185823217202 127.4161207793286 83.49313147438616 27.541431216718912 82.32645834016517 74.55177678936765 81.51554723203323 176.76523932522676
1999-03-09 45.45079760805929 112.24853654519761 55.110214486612165 86.33495170975498 142.2826256039649 88.25701187366653 24.536625766725205 73.39352470569538 66.47315630506918 72.6220965375267 247.0098444397453
1999-03-10 41.543454495203186 100.571555919441 64.74527172077524 136.99152066228285 261.2354910411188 126.1638854982191 22.840075355940638 67.22906436558026 59.22500519319992 66.28817499014768 243.98385054006863
1999-03-11 38.373163170633646 99.4850217524525 57.68147958168661 157.66566112715213 232.73436410129483 112.39924386596793 26.638347217778964 60.63538121468186 52.763481208476755 115.50831076540608 244.11499002509797
1999-03-12 37.47520128639241 92.93107459915011 51.38835621976276 140.46413539292894 207.87118458995306 100.13634228013422 62.12064823805753 61.894661428033785 52.29596501343295 210.40458979202322 255.08273487530778
1999-03-13 54.96722118149177 107.81218357380543 45.78182068352577 125.13931816625143 185.19217188950304 90.98627954792754 106.01129671235361 55.14234640800309 226.01341714688357 194.74099187375342 246.20428789145956
1999-03-14 53.486256841614136 123.40075207705175 40.786965361083986 111.48645814326949 164.98746854598363 81.05955981760721 115.08907500504017 49.33540763030186 201.35506361867635 177.1951762788415 219.3430844831564
1999-03-15 48.75674903651706 122.99944366248853 37.868436878849764 99.32314264984537 146.9871242368364 72.23108191362299 104.30544741169732 44.175483676247566 179.3869680689452 158.1025751607435 195.41247279899218
1999-03-16 43.64532708577816 113.73610335983669 33.75308702317727 95.42255029716536 131.04660424309853 88.74945153379906 92.92558939413571 39.43682892971825 159.8954863385648 140.853381545393 174.09272152525605
1999-03-17 39.486010714589874 105.86179335396163 30.07058196222795 99.16993403646318 117.02442429447967 107.60815247741733 84.13078864955118 35.134220341005836 142.45988848004896 125.48609706452277 155.09898244441362
1999-03-18 48.835656963615016 97.28466673752385 27.603609164775996 88.67245696815276 107.72217692512356 104.1826672501574 101.18104662677264 31.30103186466233 126.9173320332913 112.03681035917604 138.17748464459908
1999-03-19 44.64427319629916 86.97543050056228 26.009845128379226 81.82069594364643 97.84170018038556 92.81620470560672 105.72444054243884 73.06683376450768 113.39846359753888 99.81345073352222 123.10214394572975
1999-03-20 39.77352576289003 77.4862995426551 25.090921588829353 78.40573656388774 87.16704527137689 82.68983779487635 99.65644446301577 83.18983920904064 102.52871754812087 88.92367531165885 109.67154224157815
1999-03-21 35.43418311808049 69.0324449359898 22.35346988044784 69.87757967876728 77.65700889635059 73.66827049468792 88.85269490146445 74.11372111363522 100.88097143882631 79.51452129348053 97.70623639949605
1999-03-22 31.57777169099702 63.499306807761144 19.914677662479665 62.2538461625632 70.04623077645536 65.63096775133324 79.15875199102933 70.00453355947604 90.04754309504716 72.42381065515539 87.046360762628
1999-03-23 28.13259632123754 56.57145103783452 18.15384539545325 55.46187174553343 62.404097209306464 58.470545039972734 81.08435071155213 73.59688714754532 80.27085593983672 68.94207913856629 112.31274311203468
1999-03-24 25.532778542029703 50.39943321294575 16.228999649557714 49.41091044375963 55.595730210476255 52.09133362507868 87.53996305409748 67.79472865301058 73.00474670368799 96.18009998467582 155.0213239398937
1999-03-25 26.655903084928667 44.90079044441301 14.458394984490983 44.236547778783844 49.53016477858943 46.408102352803354 77.98924087094811 74.20267882560304 65.07034954961888 97.88308988250378 138.1082987824696
1999-03-26 23.747709889236063 40.86765401520545 15.035840194024253 42.64644698532992 59.70843065959434 41.38021025057814 72.4400925861722 70.71812862705491 57.97109100269927 87.2039193039382 131.32722875088317
1999-03-27 21.156804299089064 36.6493264380645 54.24355240967949 39.21814658580277 53.19416433680394 37.50292612734435 97.70231853054703 105.90494185449444 51.64637066350172 77.86619709685148 121.77255179618363
1999-03-28 18.848569830004468 53.52563703297168 48.32551130916176 35.75961348731744 47.3928078981028 41.66949561589767 109.01894578012927 107.32803892668167 46.01168542071451 72.46223698649518 159.70965307177482
1999-03-29 16.82459824434011 52.177988794627844 43.05313607880868 32.390187466996316 48.30800284472061 54.86592865853464 105.62750686084408 96.25715690841382 45.55714722690466 64.55651404485003 160.6207013186462
1999-03-30 14.989013009108806 71.35806967580449 38.355983744532246 28.890460287150734 52.913321321157085 90.51441588710381 116.90901230251669 90.67244515923673 40.58680406658007 57.51336896214891 251.4739029174751
1999-03-31 13.353692476003904 63.57281280314322 34.17129675101547 25.861174401117015 112.22687975556454 89.85679097854373 104.15408919936526 108.3080742797395 36.15873171632929 51.23858668431083 310.4695971765555
1999-04-01 11.896787509312173 80.99120240661068 30.443164472672827 23.03968712355891 111.2653004791072 80.6214641302971 92.79074455678906 99.68059048040332 32.2137677356582 48.08480090152818 292.3016739682503
