1999-04-05 15.746584642895055 21.406566382564307 15.746584642895055 24.163454599158296 15.746584642895055 23.83611344837518 15.746584642895055 28.61556096682744 19.882985321128444 15.746584642895055 23.18900599549468
1999-04-06 15.892143226858568 19.071082550012623 17.312704570289338 21.527190728232412 14.028612073443558 21.235562916605147 35.70812200825521 25.493566584213294 17.797992836569918 17.25931844413516 20.65905571633485
1999-04-07 14.158290029310972 16.99040299735484 15.423866309213162 25.108601989088005 12.498072513518952 18.91873578139205 33.04988449162111 36.101772846771354 15.856209003571081 15.376304677855929 18.405126255672567
1999-04-08 13.813678763179428 15.136728251031206 13.741102723645973 22.369221326374472 11.134516781519045 16.854677456477948 29.444099728271524 32.16302315178231 14.126276275846783 13.69873012723715 16.39710338838979
1999-04-09 12.306588702918978 13.485291795682361 12.241930802330922 19.928710605464556 10.023041902968853 15.015810540645077 26.231710704713414 28.653996097440917 12.585081426248186 12.204181110506024 14.608158389931077
1999-04-10 10.9639241001109 12.014029174521847 37.14979927768167 17.75446273259816 8.929515183221858 13.377566362498895 23.369797441457393 27.3090120950178 11.212032910336303 10.872689307302359 13.01438958398064
1999-04-11 13.788402792269437 10.703283191282154 33.09670855565751 15.912499092094246 7.955293630347049 12.418544020063637 32.20202823200195 24.337855777004556 9.988785747565908 13.525275307989023 11.594502997747336
1999-04-12 12.851770584726657 9.53554127500631 29.695792627277466 14.25498655232304 7.0873608977061915 17.166339980591356 28.688745673409553 21.686816781366115 8.898996418284959 12.049650434382604 21.76417661125964
1999-04-13 12.395676215128297 8.511069315467969 51.88941842094632 12.699749246572368 6.3141207387644105 31.15045895004303 25.558766745494776 155.29554585859128 7.9281045017855405 11.718749216457446 19.389677044351167
1999-04-14 11.068927731716355 7.9775365305592345 46.22821635626878 13.73150107206271 5.625242072348545 27.751903948076595 22.770272530809226 154.24745461968539 7.06313813792339 10.440218655150042 17.27423842396762
1999-04-15 9.861293527374157 7.107177068992952 45.509185071245895 12.632988936288903 5.641261100989058 24.72413565329526 20.286006609404115 150.74218980928558 6.29254071312409 11.204094737213868 15.389596868763345
1999-04-16 8.785413762743259 6.331774940362234 44.126045085556434 11.254713649620873 5.025792283566111 22.026700760648605 18.072777284504582 152.57881418170587 164.27242106872626 21.12017193906444 13.710572123077844
1999-04-17 7.826913859560465 5.640970177921837 41.18612960323346 10.026809963483815 4.477471903068657 19.62355947252268 16.10101411600097 135.9322699698548 209.26164037598676 19.509018781968418 12.21473112942072
1999-04-18 6.972987524477272 5.025533100578446 41.515808172111 8.932872143504513 3.988973978953252 17.482603979421167 14.344372836704773 121.10188507005019 317.36427836589024 17.38055982503147 11.114566862850344
1999-04-19 6.212225647165379 4.477240997277182 51.54991943042892 7.958284341959715 3.553771804544621 15.768857174939175 12.779383372747384 107.88951417328639 323.27972976460006 15.484318468682016 9.901953370798463
1999-04-20 5.534463865858177 3.988768265279616 45.9257571408069 7.090025318848243 3.166050745232083 32.338356398773946 11.385136265404611 96.11862987776482 288.0094968480375 13.794959475025589 8.82163756512976
1999-04-21 4.9306467636870766 3.562453660192489 40.9151981663694 9.4764401200149 2.8206305504945295 53.30147035960133 10.143003304702058 85.63196414750637 281.67319663622175 12.289911713098226 7.859185598672768
1999-04-22 4.392706881371629 3.173785399299849 36.451297598876465 45.09797041786153 10.464246426873748 70.43372920146412 9.03638864225229 76.2894070908529 284.75645415589 10.94906659125715 7.001738375484584
1999-04-23 3.9134569297802315 2.82752134388876 32.70309580848922 40.1827758090541 9.322583728006448 62.74931905942816 8.091273638391325 68.04454811385554 258.50680621072 9.754509390984207 6.237839743473238
1999-04-24 5.776578279846181 5.507004850537613 70.43526602287557 36.29804020896467 8.322420977200313 58.239003971263806 7.236678393766061 60.62080069107254 331.81189743785984 8.690279912515733 5.55728343142517
1999-04-25 12.659345423916303 5.942871533761319 62.810410310395035 95.82374015408638 7.414434180412029 77.56610336626674 6.447147504600073 54.00699362831752 295.610794091103 7.742159234341006 4.9509766853992305
1999-04-26 11.278194610662805 5.683801987679799 56.370493279902604 106.68060816798722 6.605509907064993 85.85526397074587 14.116800173811464 48.11476139408155 265.0757208239155 6.897479737512793 4.434078252339579
1999-04-27 10.047729121576776 5.9798247666216735 50.22040020400384 95.04161706729161 6.785365272066305 76.48860219367533 14.490305299565385 42.865379249615536 236.15561989215274 11.665067261309444 3.9503146311432866
1999-04-28 8.951508994634107 5.327418219287102 44.74129016624184 85.55296212272671 7.779708517570112 68.1435976466917 16.15914601040056 38.18871142608197 210.3907390435561 11.504554016981617 3.986600179013905
1999-04-29 7.974887888741243 4.746190062560368 39.859958057049816 76.21902428824623 6.930932345808693 60.70904379290868 14.548298849575636 34.02227405692776 187.43683972250275 83.2779967420988 3.551656989221535
1999-04-30 7.104817397392491 4.228374642785448 35.51118553815337 67.90343103630595 6.174758742398379 54.085609294628064 12.961060796209509 30.310400345536262 166.98724024105397 83.16454020459392 12.855556238764896
1999-05-01 6.3296727119581515 3.767053549074671 31.65004193436253 60.495079667575915 5.501084648428569 48.18479999042336 11.546992449082056 27.00349681415875 148.76871827654782 74.09118226300343 13.758747187938408
1999-05-02 5.6390973053314015 3.3608311779570155 28.196981788411563 53.89498892964109 37.518365378779386 42.9277765453168 10.287200771263379 24.057678182469214 132.53786041195772 166.79443543099842 12.40919458053385
1999-05-03 5.023864560788388 60.71365714029109 25.120654930722353 48.01497655160501 65.45503605979115 38.24430109683767 9.164853980370856 51.66636955670464 118.07780994607634 165.8119428076608 15.213462509293382
1999-05-04 4.475754497317053 54.09350469334178 22.379959276626337 48.25922603469312 58.6156240955247 34.07179882334584 8.164956663055781 46.029502409033206 105.19536952177803 227.58742775399404 58.659237002289586
1999-05-05 3.9874439443706207 48.191833991016615 19.9382770315794 42.994082612753 52.22058436969893 30.354521896454326 7.274149424787817 41.00762469284535 93.71841986125136 202.75734765089038 83.08243302804654
1999-05-06 3.552408698696244 42.93404312742873 17.762985449361057 38.30337308732148 46.52325167550422 27.042804647314018 6.480530398104752 36.533640272836045 83.49362012052696 180.63626111571335 74.54731721441128
1999-05-07 3.164836355979075 38.2498839868083 21.223529086761445 34.12442598394589 41.447505281427105 24.13663756182767 5.773496224541026 32.54777328806991 74.3843591382739 160.93703746246143 66.41410934712026
1999-05-08 2.8195486526657003 36.455637225017576 23.165351382087668 30.401407366372275 36.92552932533835 21.503299464050233 5.1436003856316885 28.996769500663856 66.26893020597885 154.9234061210286 59.16824488378176
1999-05-09 2.511932280394193 32.63477608633902 22.20833899407697 27.084574852363332 32.896906742597444 19.1572619283102 4.582426990185426 25.833184778352315 59.03890497303817 138.02106392315957 52.712913521574855
1999-05-10 2.237877248658526 29.074280182116436 19.785380741849284 24.129613017346557 29.307812047762344 17.06718009501028 4.082478331527889 23.0147512045166 52.597684760889 122.96278892550868 46.9618670858136
1999-05-11 1.99372197218531 28.133970499050253 69.37811580830181 21.497041306376495 26.11029218484946 15.205128868914972 3.637074712393907 20.503812346422666 46.85920993062568 109.5473910326968 41.83826718822833
1999-05-12 1.7762043493481219 25.064518253801992 63.3132113216197 19.15168654366074 23.261625837752103 13.546229818475014 3.240265199052375 18.26682013641802 41.74681006026347 97.59563024664807 37.27365860720563
1999-05-13 1.5824181779895368 22.329947183117326 72.64880543695823 17.06221299197294 20.723752640713542 12.068318780913831 2.8867481122705123 16.27388664403495 37.19217956913694 86.9478218828373 33.207054673560116
1999-05-14 1.4097743263328497 19.893721321580703 66.64428909033518 15.200703683186136 18.462764662669166 10.751649732025115 2.571800192815844 14.498384750331924 33.13446510298942 77.4617030605143 29.584122441890873
1999-05-15 1.255966140197096 17.723290824437388 59.373311721953804 13.542287426181662 16.44845337129871 24.157350559055978 2.291213495092713 58.00181346164605 29.51945248651908 69.01053196157979 26.35645676078742
1999-05-16 1.1189386243292627 15.789657076719704 52.89560730483544 12.064806508673279 14.653906023881165 21.521752646729777 2.041239165763944 51.673741262795545 26.29884238044449 61.48139446275434 23.480933542906794
1999-05-17 0.9968609860926547 14.066985249525121 47.12462874313266 10.748520653188246 13.055146092424728 19.17370184510501 1.8185373561969536 46.036069852540095 23.42960496531283 54.7736955163484 20.919133594114157
1999-05-18 0.8881021746740606 12.532259126900989 41.98327134009627 9.57584327183037 11.630812918876048 17.081826395809113 1.6201325995261873 41.013475619847085 20.873405030131728 48.797815123324035 18.636829303602813
1999-05-19 0.7912090889947684 11.16497359155866 37.40284262022982 8.53110649598647 10.361876320356767 15.21817723952215 1.443374056135256 36.53885285620183 18.596089784568466 43.47391094141865 16.603527336780058
1999-05-20 0.7048871631664249 9.946860660790351 33.32214454516759 10.127500494308952 9.231382331334581 13.55785459512277 1.2859000964079215 32.55241717190869 16.56723255149471 38.73085153025715 14.792061220945435
