1999-03-22 48.88285268193133 48.87565029432147 49.35974335600116 48.88014392250166 48.99930093882627 48.91459725573601 49.21633235227879 49.0510006563796 48.87565029432147 48.87565029432147 49.100596649782176
1999-03-23 40.959909062648386 40.54640819021576 40.955746376533924 40.83408770127952 45.958502124938676 40.578717926981874 41.472332766689945 42.4264015373027 40.54640819021576 43.32898518444137 40.73301986074059
1999-03-24 34.26557120376335 33.636610607278584 35.3252995671195 35.13977870416646 40.9578040222758 36.47617321229373 39.11276090521968 36.27207139483315 33.63684659756959 47.43260473190728 54.152045293162374
1999-03-25 32.22315317786596 40.79319299065518 29.30526769597818 29.156186303711582 35.79981843717957 41.85241390242738 36.47268930774009 36.43466927412364 28.353356547339565 54.11523912990767 57.300177429006034
1999-03-26 26.959305107024168 55.248544869881854 24.31115164646237 24.19322098613608 29.926695404710603 101.57834602822194 30.25712270959565 30.782931761417018 23.798694943448446 44.90436103135711 48.15251842744178
1999-03-27 24.030725022826218 69.3057734581635 39.507314979191285 20.317271491553296 26.534988458177367 84.50567619203214 25.389749707823917 31.853445478547414 20.144925061491463 37.25189416272098 47.77954799608864
1999-03-28 19.93551245023513 58.07860401144054 37.53142834178559 25.177447221693235 22.658163110632604 94.25587920958893 21.062904519972996 26.42507659459318 16.7118871991662 31.01175346927301 39.70745272923369
1999-03-29 19.590247614861614 48.181022066919475 42.649916567308054 30.543237188543625 18.92882683381463 78.47225253143543 18.385754389194314 36.037768231441355 13.863897378875823 26.20090470223435 32.9406274260922
1999-03-30 16.251736223587773 40.22304459752838 35.38164537971655 25.381988165280678 15.87723964641174 66.329587101111 15.973743253475014 29.972403756770326 11.501253463558252 21.735824906931295 27.326984247109888
1999-03-31 13.485615971256966 33.618439752342724 29.35201122375946 21.056465676290042 13.171487965084767 57.380235039914076 13.492580384859108 24.864596375614656 9.541244256075196 18.116578788905514 22.670001344609847
1999-04-01 11.938288025552946 29.73244249969255 24.349929282079486 17.468085789405112 10.926842390615802 47.60166704624193 26.063428060467572 20.62724624756149 7.915253954061361 16.37627707697744 18.806647536270813
1999-04-02 10.254465704281548 24.744910933362565 31.452788489271857 14.854094685499405 9.064722599744176 39.48953335595616 21.654744601899946 17.112012651644296 33.57159170054645 13.702521086745632 21.03387011447795
1999-04-03 8.507538664307072 22.526130458047945 34.182498215784605 18.319479857840225 9.405188261509156 32.75984522046906 19.786480504463267 14.19583464877951 28.166093880779698 11.47689232807999 17.449340895638873
1999-04-04 7.05770937675248 45.21362725354536 28.3572191320709 15.19752890601999 7.8023842150566844 27.177010404131053 40.28093275132561 12.068111141052752 28.23303592055931 9.52103467242494 14.500091723796027
1999-04-05 5.854955658994866 42.82338326351534 23.76327517522079 12.643500756100883 11.880532396512702 22.54558559528144 44.04148821540677 10.827036121825225 30.72894617224512 9.156643715375969 23.913386186622454
1999-04-06 5.707832295453068 45.959695091535636 22.64803464823795 11.967709326824277 9.906392185175767 18.703434346733914 45.21029471998084 10.914145182278011 25.493150160127755 213.1851293245046 25.023711528179067
1999-04-07 6.737582148731526 38.14156832936651 18.92349584564089 9.928208106597948 11.31573853949641 16.021539774007998 44.44827356617665 9.073628796496063 21.9617194293683 197.76165361385608 143.26657910837034
1999-04-08 15.744609832910875 31.790462630387186 15.987784923999948 11.083766316109704 9.387344230375245 13.291196896631964 38.219068347819395 9.497768538178189 18.37579044522696 177.6028938303736 120.49469590277603
1999-04-09 21.950389385299463 27.400491999057827 35.01212637730015 73.28762675200376 7.838771234561359 11.027278748691442 31.850950990709176 7.879187237943843 15.600579275442168 148.25743423960486 99.96035030550432
1999-04-10 20.85932191359784 22.730982125380354 30.382470080112235 61.052453835291814 6.727209465929996 9.148042894147235 26.42300720990935 6.5364397206596685 14.101881073894893 126.05396348798905 83.04225718670706
1999-04-11 18.63897295648368 18.85723615481558 25.224681799839853 54.67886711428022 7.553813287380373 7.589060791910365 21.92007736970194 5.422519218234628 11.698680689236824 104.57222414025222 72.19082192079544
1999-04-12 15.462574946605345 15.643642383645561 20.925966991041076 142.70055929518665 6.620965922860042 6.787271251298533 18.184523361653145 4.499783074907786 9.70502652458734 86.75133854621826 60.26689107425965
1999-04-13 17.434146776641942 12.977699648996621 17.4183952573808 118.48557423047261 25.393744156021683 5.630604789823205 15.085571292169709 10.104748837932396 8.051124938353306 71.9674349611902 49.99639544802121
1999-04-14 39.27255935409942 10.766078899607427 14.4524907485864 100.4983167230897 21.572860589266522 4.714463691865541 14.270604795511938 8.599398420971578 6.705334061898342 60.25224848854335 43.34774677188753
1999-04-15 85.92409279015006 8.931355941924346 11.989540512070258 87.48964022378189 17.89647822618688 3.911038893545046 36.71363537625994 11.502275675924658 5.562631091112804 52.60088344315566 41.22286508014258
1999-04-16 98.58426242498709 9.05266272949187 9.946318886565463 72.59253710171721 15.516216646099162 3.2445313457850387 31.293214868651532 15.432303018546035 4.614664142036235 43.810143392446534 72.3983481102841
1999-04-17 82.4811702010897 10.018099250977269 8.655620045442731 60.221534100621376 12.871989424429033 6.5603308779491485 25.972320044561428 12.802376106242944 3.8282468844318536 36.34414982031211 164.6136713562792
1999-04-18 68.58869144471676 8.311148218307023 14.251791648202152 51.053285789410424 10.68436352918345 23.18341851165802 24.354388768224208 10.933327808389878 3.1758485031798016 31.999171164000554 136.5636295574002
1999-04-19 57.9257879707439 7.101012581119792 17.182549725168144 42.494793851540265 8.875641137557878 47.80967431539939 21.698410005709096 9.11991912700504 2.6352528326195777 26.545968144691734 117.91783237065877
1999-04-20 48.07450270373469 5.89087926082178 18.8602317872751 57.04716916775298 7.363080927746878 39.662092648589244 18.000631886679663 7.603037503909993 2.3000084857130947 22.022083669835137 97.82262814744533
1999-04-21 39.88178977525941 4.886973240668359 16.144841796898838 47.73016205385766 6.679915230772786 32.916460029207464 15.254971243453548 6.46918644689728 1.908047920409624 18.269146053285034 81.15198851004733
1999-04-22 33.08525447428983 4.054149881129681 13.393486157658476 41.312721985004025 5.5415440611431634 27.785810409868933 13.976299689505533 5.366727046188043 1.607102707262643 15.155772837855343 67.32230940686358
1999-04-23 27.44696438642727 3.3632601215661473 11.11100831535245 34.27291711743502 4.597170700628772 23.233264637497708 12.80949506360442 4.452145478370225 1.3332250717880925 12.572971371662728 55.849442842825134
1999-04-24 22.769534827523316 3.1829283436720788 9.217503518547497 28.432229115003715 9.218174786670382 19.86206543546462 10.626539236447586 3.693424165228002 1.106020843603884 10.43032320448947 46.331747875779264
1999-04-25 18.889218820795406 2.64050321756617 7.8597446166523035 23.595338924119837 7.647246919214186 16.47723166438798 8.855311218844903 3.0640018684395627 0.917536080270298 8.652818727903215 38.64547806015151
1999-04-26 17.589210918719004 2.190516558702737 6.520310452722699 21.785597483316092 6.345255168132095 13.669231138325623 7.346215572960761 2.5418438364558553 0.7611723264227467 7.1782312465378215 37.29709980666452
1999-04-27 38.56138583637921 1.81721528003826 5.409138651885951 23.376261506813286 6.276346989680514 11.339761661347888 6.094295492355666 2.124659979579163 0.6314556157195764 5.9549400575063265 56.02298610633296
1999-04-28 50.46226579770128 1.5075308884953813 5.251343467277551 24.272721825061844 8.494894613869707 9.407273403669254 5.055723886575155 1.868972712731999 0.5238448387868642 4.94011698802955 106.95734095764159
1999-04-29 41.9175217590471 1.2506219844905742 4.356425223789765 20.136237187229217 7.364235846728656 7.804505526678987 4.194142546804507 1.8906782268374454 0.434572768524761 4.098237030053169 88.72999089103286
1999-04-30 34.77406310360666 1.1551159071125434 3.6140162700711205 16.704679886443873 6.109244804978413 6.474485043206299 4.113991036767788 33.88915664841889 0.3605141774055328 3.8424888089029072 73.60889129284497
1999-05-01 28.847971301467407 10.48565988179241 2.998126429214235 13.85791831482512 5.068125582063855 5.371122671565481 5.310046744297783 33.547170092618074 0.299076429827122 3.316455041102651 61.0646842510773
1999-05-02 23.967067358149816 8.719670710451052 2.4871946925066584 11.496293333715059 4.204430782449558 4.460432724459643 12.067434540916864 31.320918447225242 0.24810871939050363 2.883798495156406 50.65822344543644
1999-05-03 20.121886938901735 9.987846612654385 2.063334413837632 9.537129416720179 3.4879242667092325 8.902916105690249 102.04723917858247 28.052989120501294 0.20582677368870553 31.100003553225946 42.02520055775945
1999-05-04 22.40135159539451 13.932649315274432 1.8424746683662767 34.78348852360802 2.8935226478415417 33.502737675003324 90.12747579732104 35.04001718571475 0.17075039068042555 51.08653273029169 34.948425481744195
1999-05-05 18.58378027360886 11.55828890063707 1.5284856474317752 64.98157482585519 2.400417174617095 106.57563555697534 189.32579219886483 29.06860228454526 0.5315347121958932 42.38051865564295 29.314070060455826
1999-05-06 15.416788035628159 9.588559884596595 5.305018655826731 55.907109755076725 1.9913452609384221 90.92215009344395 161.33700808782223 24.114818046423846 0.4409521567127472 49.62770278950156 24.318453938318477
