1999-02-08 6.684300111090771 6.682674517750064 13.424770771481606 7.0227662218574585 6.682674517750064 6.682674517750064 20.346763563444622 6.682674517750064 7.738638220715609 6.7604739638078835 6.745256790978209
1999-02-09 5.955034400636095 5.953586161612641 11.960111071640858 6.256573424852084 5.953586161612641 5.953586161612641 18.12690557697738 8.71255874330854 11.343329245026725 6.022897588377581 6.009340628609903
1999-02-10 5.30533251400832 5.304042279718765 10.655247622540921 5.573973244151634 5.304042279718765 5.304042279718765 16.14923694238011 7.762007416135983 10.105757483838133 5.365791740976128 5.353713862897223
1999-02-11 4.770138350321308 4.725364467963612 10.08647561965958 4.965845618163239 4.725364467963612 4.725364467963612 14.821198416181586 6.9151624572313555 20.292071511072553 4.810205868096561 4.7696168177453
1999-02-12 4.3453433642568715 4.209821147254687 15.034211487134224 4.42406549570445 5.440947496309504 4.278764759357447 15.12560500976762 7.487225485467996 24.658765916203276 4.285406241878364 4.249245508949893
1999-02-13 8.747432657536573 4.4869258732888575 13.393959742138644 21.730005907464903 4.847333149931026 4.604215068948947 15.055572117919203 486.56389693793056 22.017302504765976 3.817862927600043 6.3766165764402585
1999-02-14 30.43150843805485 13.80060861110059 16.69080397215335 80.97431339485368 6.274565830414619 4.462062496423548 13.412989900723652 507.1161855003351 21.901959051071326 4.170351570843177 23.91306068618522
1999-02-15 27.905995285883368 12.297136060883577 14.869815863523103 72.30006131438016 5.593908427912937 3.975245758325821 12.07523243216896 451.78915961046715 19.512427243361646 3.7153608686587365 21.313717635982147
1999-02-16 24.861415428623847 10.955502753438518 13.247499891795618 64.41203194644922 6.795247727215656 3.5415413503852946 10.757809095065976 402.55895949102296 17.732527867662185 3.3100102353168457 18.988363720701635
1999-02-17 22.149003136515443 9.760243359621331 11.802180672164997 57.38459669390619 13.283709685559703 3.498612454394135 9.584118332792764 358.63926098646107 34.158369852208935 2.948883875675181 18.12098913102523
1999-02-18 22.584944074127815 8.695388297824405 10.514547632092485 51.12386363560138 16.092271704811097 3.116909350889561 9.021579401568875 320.69720872853367 30.517770568695532 2.838393721580739 16.143965988265396
1999-02-19 30.832880437579444 7.791561388335917 10.389215115897656 46.15988668611502 27.250000480914704 2.7768505452671466 8.037313524459 290.8916602610975 34.05642646548627 24.805280717393355 14.40740340522753
1999-02-20 28.51450977873711 6.942975482241169 9.255738429237457 41.12378387816318 50.78917827124333 2.473892591245803 34.56016688455122 306.6997568839015 37.96025319664598 22.098992794237017 12.951355252786
1999-02-21 25.63854508769024 6.4957605629843815 8.245925502049927 36.637126342135936 46.271005821160536 9.806859313452545 42.93105820143118 339.98033197662346 33.818740913174615 20.298990787647703 11.538345792887197
1999-02-22 24.22379369619998 21.69631120335839 14.661918096311991 32.63996889455456 41.2227797731361 14.284193243072703 47.36551389410958 303.36552983182975 30.129072928667515 31.036688743601843 10.27949747634318
1999-02-23 21.580946752440592 19.329215839445872 17.439299864775 29.078906448299207 42.571671793044914 112.80232595608649 46.30084601134507 270.26796165514196 27.034800460938005 29.80073893151404 9.15799112480099
1999-02-24 21.475938844535253 17.220373614020268 15.536649894793035 25.906360479712607 37.927047829514954 100.49544759752618 46.037969663847896 240.78138059296836 24.08526907582952 27.155261037690902 8.1814727093295
1999-02-25 28.38956157010013 15.406262939990183 14.067106522401836 23.08271936541565 42.72137094662477 89.5312654435757 41.01516815930591 214.51182332233662 21.45753534572167 82.85025730782155 7.288863549241821
1999-02-26 25.292224011368447 13.725419904570272 12.5323671687514 25.48606153520324 38.06041461354595 79.76328961716405 36.57466022732611 191.10830842381665 19.116490733954453 78.52412826378125 6.522001506037312
1999-02-27 23.11848737787135 12.22795899891955 11.499027178589676 22.705499552158372 34.51436792130658 71.06102564557906 32.58431791294328 170.25814700074687 17.030857090221698 70.05946143712775 5.810442781438004
1999-02-28 20.78684067552659 10.893872997610055 10.244468573266465 20.22830044575394 40.237705839085926 63.30817665738416 29.361522964028122 151.6827649159148 15.351827852566814 62.43174758403294 5.176516025810906
1999-03-01 20.183940388463796 11.923182669967478 9.126783919952086 18.02136693727984 89.8617374156472 56.40117343186571 52.16656737066053 135.13398082757095 16.034874892269396 55.62036389387616 10.725512037787388
1999-03-02 26.968271724654745 31.441478263263754 11.902461893035975 19.99979719647777 83.75203952537065 50.24773311206011 58.35627871588755 120.39069029648414 14.285449487063516 54.72088434449434 9.575381518467207
1999-03-03 24.21868499468663 45.11366119309604 11.55626082375778 40.48964167747573 75.99347661044864 44.765641018992234 51.98953390342459 107.2559116611683 14.755782555748242 67.40680184498875 8.53069512050713
1999-03-04 21.938664906937426 47.40955943179156 10.295457954381227 36.49872173896282 75.37683535852126 39.881652200550775 46.9805822109078 95.55415421190831 22.386224698761247 60.430931769390135 7.599985347705848
1999-03-05 19.990410995960104 62.463986538646026 9.172210294225994 48.077043259893244 69.17549097163884 42.64258405586026 53.61959386714719 85.12907350037341 19.943858888127995 53.83783964937598 7.191573521166057
1999-03-06 17.8094315313994 70.05876916113965 8.171510393639561 43.17671328197331 61.737474754972325 38.769715564312705 59.59490574854431 75.8413824579574 17.767958318205046 47.96406233107419 6.592445454659015
1999-03-07 17.498046614297493 63.015626955389536 7.279988134963945 38.65440147528127 202.3810667887602 43.101120289764616 53.45739094182224 67.56699041378548 15.829451289659854 42.73336304798734 6.244900279954679
1999-03-08 26.654952071779626 56.140541277366346 6.485732097516258 34.523179766506495 180.30103297798087 45.42625123554221 47.62512106519642 60.29261626972817 14.102437862822907 38.07109836127766 5.6881194892135065
1999-03-09 35.47460501395151 50.01553625971047 5.778130411878888 36.442473211780126 160.7939764864849 48.541727940723526 42.42915930826196 53.71797946142901 27.11175263116785 33.91749272825704 24.090187905951176
1999-03-10 36.208184155681636 44.55877714087773 5.147728977190612 32.466552670238556 143.25114753649726 43.24576319870768 37.80008363950282 47.85727904327618 26.290414423792885 33.203457172964455 23.842695135986283
1999-03-11 33.015905299991694 39.74189353522425 4.5926988741558255 28.924410156351342 127.62616428795972 40.55392531424435 33.67604606003068 42.635988553339274 26.470232273664916 33.27359976790456 21.242134334042444
1999-03-12 36.114814373694834 36.32436251763161 4.091629539790005 27.528558493079622 113.70198616531167 37.14376329052838 30.00194626691635 37.98434754881614 23.582296001485112 29.66416122790541 18.924590248763298
1999-03-13 33.18862637950053 42.20518880114256 3.645227512104061 25.01748183941702 142.3825816494139 52.476948276654696 26.72869547091112 33.84020654063743 87.54997882394585 26.427763212649282 16.859893193954388
1999-03-14 39.89973452480243 38.096505073375695 3.2475285178634055 26.096175086006216 128.57053920253682 46.75164595158854 23.8125605325982 30.148196628658212 87.9941408579874 23.544460369465657 15.020457234476996
1999-03-15 42.48427406092347 34.34827758375564 3.6739557194143404 23.598664866184343 143.0357864783859 41.68285128429008 21.21457965413098 26.8589897307145 82.9584950303215 20.975729562462973 13.381706096077341
1999-03-16 41.01150080322047 30.600836469696443 3.2731224409306043 21.024020279107088 144.48058536900248 37.249254650595134 18.900041819751408 23.928639521638086 86.80854313149956 19.55751190684329 11.921744807526066
1999-03-17 38.84506548526719 27.262245984874706 2.9160205869414537 18.73027271681301 221.47751050089968 37.08659540066661 18.437303181008787 32.909853183133315 81.49239187008294 26.227346703530362 10.621067167021218
1999-03-18 35.6548136677665 36.06436016071957 31.49894593369649 16.686775953827677 208.18780148009287 60.019623829569 105.17435027789702 51.930026719992384 72.67423948777889 28.5120048913655 9.462295124381649
1999-03-19 43.94494009356571 38.40312040713191 31.4860651940562 14.866227307160115 185.70530489723183 61.49408136646485 152.36174993165454 61.39589073635097 64.74538680148625 25.401308609328606 8.429946596977192
1999-03-20 39.15049079811169 34.29468586602614 28.054131061713402 13.24430285153185 167.1454406380141 60.259513360682945 183.17561998751867 60.596405499590816 57.68158210694453 22.62999327913802 7.5102286172384956
1999-03-21 43.18363126929104 55.76839497971953 26.460328150357423 11.799332433092166 168.668200940604 54.45774278186562 192.19505127452211 56.67966188555571 51.90426531748325 20.161032003908556 6.69085304803867
1999-03-22 38.47224174245646 49.683991600176256 23.77327241888691 10.512010139553542 153.1361960624661 54.09137944345201 171.22632481338854 50.49583811846943 46.24144343736189 31.879806075432114 5.960872403763033
1999-03-23 43.69554927369711 44.26340442869241 21.583608918483698 9.365136358406499 137.45375775544767 90.24403238532732 159.29184002605638 44.9866774511665 42.63807199994164 67.93492029016785 5.310533583510608
1999-03-24 49.32991018235688 39.4342102660495 20.553223962888516 8.343387976913833 122.45737658790104 101.65916301882557 141.91289608942964 40.938999000924646 38.006808264900435 72.8088578891222 4.846019776664231
1999-03-25 43.94795374743982 35.15935499711523 82.50826310773365 7.433113653580055 109.09711982898983 90.83204664024518 132.57655068660085 36.48480354150549 49.09786722920613 71.58663166717186 4.317312807112898
