1999-04-19 37.67459858290684 37.660154560989334 38.44211155244751 37.72053555834592 37.65348732064502 37.8633663296258 37.71534391765723 37.64604297860087 40.60041869590381 37.846809608962836 37.69783087834088
1999-04-20 31.25743915441795 32.30040900515369 31.890921907190698 32.37328666674584 31.23669265768089 31.416090236672925 31.288007838483843 31.245597821490637 34.050146499792184 31.39706953997705 31.273479318934825
1999-04-21 25.93576692191605 26.795869934155682 26.4561664023837 26.856972931606798 25.961358500415717 26.062254124623347 25.956230025894108 25.92200654940416 28.247422399567633 26.04647487815504 25.943946532843608
1999-04-22 21.515871113934384 22.332654450762426 21.947585671796098 24.654714044868026 21.5371014521873 21.620802745962294 21.53284695695104 21.5044557429397 23.433581180758686 21.607712551471067 21.52265678003824
1999-04-23 17.84920072674854 18.526790290847742 18.247522948046843 25.64355757289442 17.86681305427022 18.072265048775193 17.863283597384147 17.83973072912792 19.440100381110245 17.925390821258052 17.854829999935344
1999-04-24 14.81010877468156 16.30754752245336 17.157229971082586 21.273459207983606 14.822004224891996 16.27016122691931 14.819076247489535 16.033821592697706 16.372175380758513 14.870599344074192 14.812063286827712
1999-04-25 12.286214344028242 13.528464060223872 25.00458966671167 17.64809993259721 12.365627038521614 14.7852724749138 13.143204053186912 13.301385684523815 13.683851305989068 12.336396291551852 14.215090834975893
1999-04-26 12.826714405980486 11.222983687570455 20.757603608661675 14.959663999755968 10.258313872300297 12.26561057216525 10.957697496217708 11.062138492911373 11.365285278819211 10.234064541780832 12.36509506194331
1999-04-27 10.640824110010815 9.445699384021061 22.004279940675517 12.410282815062951 8.51012271151385 10.175341912925665 26.64429698253677 9.176961945045784 9.4284473626096 8.490005879355895 11.629079418992227
1999-04-28 8.844672296613862 7.8359915532654885 29.82112575812035 11.586180671905792 7.0598530583649595 8.441290585232393 22.219313123499944 7.667923423175223 8.865413095326009 7.114103957809072 9.647286494595186
1999-04-29 7.337389704028914 120.62241622162985 24.848981969651536 10.832055315869814 23.729332494174418 7.00714832762703 19.910522562020013 58.08190633364361 180.18581708942548 10.219083078645925 8.036576691759151
1999-04-30 33.19624015303273 112.5733902243962 20.975650601408933 36.99995285544974 55.72406834941333 10.394342915996784 24.498979723454468 50.28875484206661 155.97468729029865 76.17052593239892 6.7589483687333844
1999-05-01 27.637653108794627 95.77363650887406 18.89405023260959 30.69453158089469 47.288469868115705 20.47535681378379 22.466300342751605 45.777439349091445 129.393947704635 267.1685335090794 6.223670763000467
1999-05-02 51.38941246001775 79.78052960737722 31.680159049494556 25.627919237431726 39.88170478758429 146.2178103623119 18.94518419866977 171.369834636083 107.34301823877573 244.04193922653678 5.163051410643272
1999-05-03 42.63178252794117 70.3100064572042 26.286768397210714 21.260485910865725 70.10864090318275 122.38272299403292 15.716602584976428 142.20825065451527 89.04994220372973 203.29943538112997 4.283179635308297
1999-05-04 35.36660168908762 58.32798550000388 24.20764414252888 17.637337505962304 58.160936061282605 101.531821095094 16.504724099139867 118.89370273111382 73.87431746001626 168.65375380511392 3.553252975653685
1999-05-05 29.339531233881814 48.567528617584834 20.08224984866406 14.631635213014912 48.24932333513626 84.22907189218114 17.54021978087074 98.63219360053866 73.43462343947667 139.9211047985917 2.9477182336491414
1999-05-06 24.339576094740792 40.340696886658236 16.715752511900188 16.375509878794205 40.02681799766071 69.87500544458425 31.369882647099658 81.90118146167073 78.06329897055943 116.07616871439521 2.4453769108263606
1999-05-07 20.19169835227476 33.4659560086558 13.922934866286706 13.70759407179753 33.47919709666333 57.96711605858188 26.0239210942276 68.66996455995614 69.89786813751542 96.2948153018614 2.0286430934074255
1999-05-08 16.75068952566339 27.762787904234255 11.550229958984051 11.3715868984665 28.025099793862193 48.088533557453275 21.589002315926997 56.97977609402532 196.7295741721887 79.88454095892017 1.6829278064294761
1999-05-09 13.896087128974186 25.709252884364567 9.581874323671 9.433675079088568 23.249146128404742 39.893429532862946 17.90986912808043 47.41995078460304 163.2314004545481 66.27085647563479 1.396264696303485
1999-05-10 11.545175259050254 41.13250826403683 7.948959967088336 7.8260163944067305 19.55068213850139 33.094910619224926 14.857722811411955 39.33878463599329 135.42422978577594 56.60061298439163 1.1583174439023785
1999-05-11 9.577681030577962 34.14891900249195 6.594321990039175 6.492330093209299 36.97411147719386 27.454974960030576 12.32571413906338 32.63478664637396 112.34563768816781 50.204780569008236 0.9609204503995202
1999-05-12 7.945481282459285 28.32936238784995 5.470537364430153 5.385926621533524 53.09758357112737 22.776180263138222 10.225202809761745 27.073638268422776 93.20003021266432 45.81574869490972 0.8743106472387061
1999-05-13 6.591436132437542 23.50155720137353 4.5382647527422675 4.468073119523987 44.04885222855274 18.894731761153867 8.482654337195875 22.45982982968664 77.31715988609673 38.00796586720734 0.7253132423730663
1999-05-14 5.522558850493231 19.49649213165214 5.014563331843667 3.706637465426498 36.542178610703424 15.67474810092548 7.0370657622219905 18.632292822159943 64.14100080452515 31.53076203081472 0.6017075294958774
1999-05-15 4.581420892780737 16.173958269342428 6.214065882143151 3.074963397548017 30.31476985343541 13.003504422995162 5.837830067493827 15.457033220788292 53.21028333512171 26.1664672920105 0.49916633242163244
1999-05-16 3.8006688502621455 13.417640687974734 5.276007501356436 2.550937334566911 25.148617466326673 10.787486101220013 4.8429645321625685 12.997666790930557 44.14234603592583 21.796731228835974 0.41500447502898186
1999-05-17 3.1529702350893305 44.95381694460164 4.376886086967383 2.1162142255341885 20.862865313686864 8.94911499228098 4.017641005068665 10.782643300947663 36.619739483125095 18.112124764774002 0.34428065394594404
1999-05-18 2.615650480223885 37.29292194718478 8.005205070842978 1.7555753282015343 18.241059149240378 7.424853728834633 4.403720998555356 8.94509748754304 30.379113034014225 15.025510647578985 1.3186973326127245
1999-05-19 2.169899150507623 30.937573756478084 7.663773482302012 1.4563954328453754 39.74062994970003 6.1595323689638075 4.625607863562359 7.420700734356936 25.207633445573546 12.464908074153863 1.093968878276867
1999-05-20 1.8001114288676934 25.66528499142672 6.361722079779474 1.2082008802129667 33.505598513077985 5.109843289838035 3.871109988584364 6.156087115380656 20.911823966305835 10.340675730854077 1.1118542529692916
1999-05-21 1.4933418244725865 21.29148390484992 5.277576435018196 1.0023029007278472 28.252694993005715 4.239039083269984 14.255279128093523 5.257135413123596 17.348093486917918 8.578448708530548 0.922375377463236
1999-05-22 1.2388509783098618 17.6630529145466 4.515331105669598 0.8314934389309826 23.437955234596117 3.5166347244400766 61.63527377511143 4.36123012355232 14.391683294377582 7.116535143377293 1.8324325761819873
1999-05-23 1.0277297008015296 14.652968278599495 3.745841886952552 0.6897928146106562 19.443729021777653 2.91734035525782 51.258865267527 3.6180023331908306 11.939095682292628 5.932391081200855 1.5201548985552402
1999-05-24 0.8525870798042668 12.155853261177771 3.1074867188434987 0.5722403867676962 16.13018689080359 2.4201759395899964 42.5290164632211 3.075488328162791 9.904470713764841 4.921410740807352 1.2610946485227608
1999-05-25 0.7072917403111598 10.084289114520107 3.1592385199449033 0.474720892001486 13.38132869681747 2.0077367962961916 35.28134870967615 2.55137280807655 8.21658044547896 4.082718645519987 1.0461826712820814
1999-05-26 0.6257535855691538 8.365754732331995 2.6208505427267594 1.0236826953717124 11.100922692616955 1.665584297927154 29.268806812173764 2.210687980328177 6.816335387130128 3.4103036070095696 0.867895350260395
1999-05-27 0.5191145315561556 7.377754294525191 2.174213033915395 0.849229752932503 9.209136657465795 1.3817404047281492 24.28090431739677 1.833949148336177 5.654715902575906 2.8291298687538005 0.8836274155997322
1999-05-28 0.43064858610084794 6.120459479343985 1.8036901531706122 0.7045065590408667 7.639743138855209 1.1462683386452914 20.143025243699597 1.5214130210198813 4.842204919251091 2.346998020300636 0.9298565169332621
1999-05-29 0.35725874241048833 5.077429085174478 1.4963106732859608 0.5844466588904572 6.337800968603323 0.9509247176132328 16.71031114263807 1.2621383655207552 4.092708798457886 1.947029639089014 10.723559599063478
1999-05-30 0.29637577632477946 4.212148810392932 1.2413138847900849 0.4848470077459442 5.257731888044828 0.7888709720768525 13.862589909185457 1.0470485211516292 3.3952416089958826 1.6152226728363237 30.53130004484498
1999-05-31 0.2458683031785916 3.4943270114201685 1.0297728861274154 0.40222083118173524 4.3617249490017596 0.6544339410459766 11.500168808940288 0.8686136445854107 2.8166346913812443 1.3399612571206556 25.328247230299425
1999-06-01 0.20396816250505997 2.8988342559536386 0.8542820715992783 0.3336755604386239 3.618412831967363 0.5429072666542414 9.540344445051588 0.7205871058681206 2.336632233674591 1.1116090683842308 21.011883110673264
1999-06-02 0.16920851845435816 2.4048235943652236 0.7086978766751559 0.27681156967178167 3.0017737421850454 0.4503866344630716 7.914507486139758 0.6173252686733498 1.9384303588088614 0.922171976501439 17.43110085124441
1999-06-03 0.1403725089539213 1.9950007518155595 0.5879237047124005 0.2296381700940046 2.526144148530197 0.3736330916201556 6.565740797823501 0.5121225432110045 1.6080888561753748 0.7650181870870016 14.460544792004681
