1999-01-11 13.68714447809141 13.84292720646513 25.215274607669734 12.892640552312916 12.95468168734777 13.452233296865908 13.841786171608947 12.885045918498372 13.018149275037837 12.851964460842144 37.5910075096148
1999-01-12 15.928114780525332 25.77945192975276 23.55242102520892 10.738563252109081 13.061974859679786 29.71539483536575 11.48291038208491 10.850063066897947 97.40365686880017 10.661771126062584 79.91182889483136
1999-01-13 13.85173115477425 31.723993946465505 19.538687894797064 19.457665720225027 20.013561309921794 26.78799743305234 9.52602714767058 10.039951050179546 100.70712530138675 9.965502148317167 66.79710886617008
1999-01-14 11.49919159136367 27.510439303856774 17.702840696858026 18.7975660957114 16.700948780526385 22.698240967750078 7.902630099746923 8.53109136310859 87.24136481546523 8.267211085540604 55.413745407058855
1999-01-15 9.546623928286643 22.82219253942018 14.685975546081405 15.595358541914246 13.854823052816723 18.834709718147828 6.5558875200875955 9.48531461287191 72.38903373192767 6.88553540730005 45.991365132790534
1999-01-16 7.971425571573687 18.932902762965153 13.091652829859393 13.051627861838552 11.49372555699898 15.624954834923825 5.438652781865524 25.852526071039506 60.052711166300156 9.423125529045436 38.39218597493778
1999-01-17 27.352372220431754 32.88204832168162 15.49804323622445 10.85188497438161 9.558054421524023 19.81914696635557 4.511813845351096 67.70029063185609 52.871487539666354 11.906671439554184 35.868913053341565
1999-01-18 60.68058978895855 38.11610255358573 20.349557665747355 11.471295264022926 163.8229936033536 21.670628370016054 3.960322078201148 67.84190112766878 43.94329615248251 98.23118157039806 90.09663362822552
1999-01-19 52.25138037327923 139.12673434052928 31.283786691292427 13.15735782979563 185.02291980902385 32.17263707216167 26.806876709222585 61.241723305477464 36.64455907919831 82.35352593026903 109.56823134582851
1999-01-20 44.26202186143167 137.28469385355913 43.29799575483876 12.435560246118447 154.6837553760232 29.834970373167042 22.238528977347336 51.94064372999364 47.80980306261473 68.7813443411478 90.8959411501471
1999-01-21 38.05472274908053 119.78905121659966 121.80476207083164 13.134226263905648 128.3635407161888 29.908433550359113 19.477027059950835 50.20856237459292 43.42002501897858 57.168123046248965 113.0384582649617
1999-01-22 37.3419285745866 129.00801863066528 130.0814743112171 17.007806117848318 107.76176944092576 60.72784046060397 18.266105709412304 48.15302325837432 45.13847669946799 49.18926191095924 118.29492187615097
1999-01-23 34.73099400352419 627.9154478898176 121.55889622518376 31.65221708943687 92.67343258159846 74.28657661077608 33.46897360976131 43.70255962785796 135.99626719403696 62.05179376006556 99.62592540711177
1999-01-24 31.95997036707014 523.0200574660727 118.83438556443302 28.23508775147577 76.88030344791932 78.689025384733 28.18214946460337 37.13606884253009 133.0761774868457 54.454885126433446 83.06415235238454
1999-01-25 27.537591522417134 435.06836039373366 98.58298508794722 30.07905541036475 63.77859213361872 68.10271867515297 24.26875603761005 32.49944516337541 111.95046790670514 45.17484651338085 68.90860800772329
1999-01-26 23.34692096220477 360.9253119895758 81.78276769547438 67.51884851595513 52.909635265709944 56.496857098327766 21.29243888081645 26.96098694574029 92.8722040831473 39.39550508945917 59.78284426918252
1999-01-27 19.368208537744557 302.99976579984576 67.84559309058373 56.01327885151174 43.90520488948175 46.86883173069916 17.670201761980532 25.67044494648598 78.4491839016353 32.68184096984832 49.59483079843457
1999-01-28 16.067536381728612 251.3634521827965 56.28355008664992 46.46766344200655 36.423011221413915 38.88158564249811 14.699871419340365 21.295764515805104 65.08010867396034 27.112299404539243 41.14302810435694
1999-01-29 13.32935490007076 208.52684465436388 46.691875861810566 38.54878325340762 30.215910614121167 32.255502137568975 12.194763308991922 17.666604036589224 54.002144988027666 22.49190245064703 34.131556340531944
1999-01-30 11.057806114824555 172.99032362860478 38.73478606339466 31.97941493599756 25.90858966808297 26.75861596059849 10.116568228391536 14.655914229047665 45.123607761362486 18.65889972300659 28.320200344031996
1999-01-31 9.17758340903722 143.50983020306882 32.1337197035627 26.529578713961392 23.32138632359885 22.19849268112401 8.392532936185754 12.158297171564142 37.43377752090889 15.561227191314222 23.493956525653445
1999-02-01 7.623880438528646 119.05331427166713 26.657587324664576 22.44110036480505 23.033090905658682 18.425564974008626 6.962302580760023 10.086316541010074 31.057027928864347 12.909329407184643 19.49018674034977
1999-02-02 6.326131824142746 101.10665640989814 22.189625360206914 21.72953557691836 19.520063872596275 15.303330146834965 5.775807803751101 8.367436650865201 25.764382141120684 10.709360109864942 16.168727423962345
1999-02-03 5.671382699664159 83.88903816067454 18.410129863789464 23.140952339780608 16.193512984713426 12.695382405486692 6.010303196749515 6.941483129304345 21.42949376217794 8.884302998646787 13.413301267615527
1999-02-04 12.828452659076621 69.6866313704615 15.27273060914858 25.731727171362632 13.433862947253216 10.531873316140837 7.328883979836994 5.7585363409278525 22.44299379354875 7.487844121192379 11.127446593550744
1999-02-05 13.979532462835605 57.810844130620865 12.669997549469537 21.941704994968152 11.144504213257994 11.675193591910977 6.081565345002209 4.77718380525859 18.619794249081636 6.80754093932311 9.360834232158467
1999-02-06 17.830072140377137 47.958893023943624 10.51081447134337 18.202465271723753 9.245291145740268 28.005376898590306 10.128089920130401 3.9682787134145103 15.467653317773378 5.647420178254447 7.823727212408505
1999-02-07 25.736522133685003 39.785881951234195 8.719592913862055 15.10045559560197 7.669736287399907 24.017022661447253 25.69750982803514 3.2920165267940615 15.83509497427937 4.685003726606795 8.537142179176582
1999-02-08 46.51540873247104 33.005690974712 7.235330179875508 15.329908147419232 6.362682774502393 20.249111088915196 27.559444774129823 2.782353988026372 17.905900870671033 3.886599407431579 7.0822679491810705
1999-02-09 43.16432300926152 27.38095986042106 6.098514019937917 13.252893564357823 5.278373411020562 16.798318155484406 22.868279480238677 2.3105870506934223 14.85443081255844 3.35469147427232 5.875329032980597
1999-02-10 35.928084969065736 22.714778595376423 5.1571676257624475 11.23716285985143 4.378848805384492 14.127932632841835 18.971135705204958 1.916823717993414 12.32298315280579 2.7829949893055064 4.874073036134964
1999-02-11 29.805328213049616 18.843793981919326 4.282971632720522 17.8102505445273 3.6326184919742275 11.720292619445049 15.738131513405447 2.3765585512504335 10.222937230011835 2.3087253089884574 4.043448090859914
1999-02-12 24.72599334622204 15.632490985639718 3.553080420244274 15.558753331678334 4.080182110594961 9.722955414304677 13.056086223941433 4.250745888685948 8.48077485076895 2.119507311365491 3.354375763815911
1999-02-13 20.540428902357036 12.968448638877579 5.242405475969917 13.099354153414712 5.197244429113626 8.065998440321826 12.002475863595315 3.5263464910997664 7.42050561214833 1.7840579867484687 3.1459541739280814
1999-02-14 17.26556425030957 10.758404418956825 4.34901041822147 11.59376056895656 4.796476818485855 9.392461469615453 9.971407258826725 2.9253970716976143 6.155925245315043 2.780989522319607 2.6098300752160086
1999-02-15 15.63455792811842 11.453576839280824 4.818280346483922 9.960716906306263 11.572849779034444 7.805170987933024 14.505313324346313 2.4268596545170316 5.106850881410149 3.2749984265936285 4.751607209647795
1999-02-16 13.669313418009823 10.183974813457624 94.06661700625206 25.946592766760546 56.61136458094328 7.296886831036441 47.06039396302082 2.0132814925207265 4.666226583303061 11.118814557049427 6.416864772124975
1999-02-17 13.202011983158014 36.672874707045786 106.11325421960085 22.02396365015407 51.794451442741035 6.053373207055527 43.16496675223282 1.6701840836089175 4.103659459857291 9.223979443887977 5.332659984760646
1999-02-18 12.661220511902918 53.63475593962535 88.03034942050499 24.124640499246414 43.21815146993018 5.021775454710516 36.82376994742027 1.3855563086949954 8.299185422367737 8.562848923584943 29.495361658160387
1999-02-19 17.573329774421346 57.6543886206204 119.81190523993489 21.845218717469766 35.87928578991256 4.40586563501708 30.80282779928274 1.1494339476739734 6.884863070983018 7.112889656906097 56.904894835192785
1999-02-20 17.477841398285246 62.399968162509204 100.10481305121027 19.086766770217512 31.677769147203488 3.655031194325679 25.59328751755339 1.029226930091795 19.95069873834101 10.468803259269304 61.436971736445365
1999-02-21 35.867728303508954 94.55276201672311 85.35416155565143 15.857148221663794 40.83948225262605 3.0321517127797897 23.04183733960534 2.807437662999794 118.62053412634921 8.856845784089801 56.92881926161757
1999-02-22 31.592028769720933 91.3094109078624 75.74064974294585 13.333038539650813 45.95563543118399 2.515421489038841 43.27287258741346 3.6817529449793414 99.10502998044493 7.34748862218739 50.53496523745772
1999-02-23 26.442952745776278 75.7487342671394 62.83315480359632 76.26032838548652 40.998703508343134 2.0867508841496014 36.06947122713637 3.0543196226292624 84.13272497645015 6.095351592341494 81.5553085898292
1999-02-24 25.85607666524647 62.839861587362876 53.2267119985329 65.11996795422647 40.45557283267361 1.731133041311302 30.30693595792641 2.533811610010456 88.63262785857265 5.142901021824512 99.26294557465825
1999-02-25 24.301949195442045 52.140392576249376 44.155974975667036 54.25156408556503 53.35580278454884 1.8059280864255518 25.562319672043905 2.1020070157220863 74.99675169327747 4.266463215468405 82.65376398058267
