2016-02-15 0.1934036567081977 1.049332500898206 1.3006161451675338 0.6863897013600199 1.8345242143196998 0.33733163241923336 6.045966975351822 8.450699040299773 0.41575891343260607 3.4483238837777495 0.4144799440048703
2016-02-16 4.052951001551429 5.906979592614693 6.176487548969199 7.749926191410509 3.2671665603256597 1.5695611441029467 9.040230934072323 1.111985867961462 9.496173136427968 11.7177366505625 2.6686808911569635
2016-02-17 1.308737173800596 5.089134196716513 1.7876375951885826 1.2435752098807138 2.206564012432776 0.3354229433886686 1.4766433506445165 0.31128535011045066 0.3280534425523859 0.834086392937295 0.4685514010208518
2016-02-18 1.1106164144471953 0.8778529768959111 2.3815818270267313 4.047423124330108 1.5508192694790568 0.395215440793571 3.1623101319256945 13.039822837198384 1.4224759221535372 1.241227899599011 5.564584998350938
2016-02-19 13.667745166247197 6.524917464640722 6.736914090875047 12.338043799367918 10.437659627000993 6.00335164191555 11.40859354335451 7.535919110433622 23.69351814218148 1.694181042469582 4.4803627799029355
2016-02-20 10.879271315058727 2.8948268317070247 7.330000233453082 16.044505406169403 1.5763106938398055 14.665378257759421 9.808016429562615 10.226179129405043 20.010524290477164 14.52022852250235 26.31976548742819
2016-02-21 13.366283820051313 1.1966344972200165 1.4480279350998302 9.572265698467149 0.5957099820424672 21.00029311789556 2.8047688896681437 1.3292264804634697 1.0465654249293437 9.790942087533647 18.113290774307593
2016-02-22 7.739662890149962 1.7942284168206235 11.459032047730288 8.337855449576768 0.6076708929993953 8.549732074344028 8.51887271923348 0.12101118739240975 0.5341469911246108 0.9980901794983582 0.4803244476002211
2016-02-23 0.46550143668342236 1.53474283658873 3.4687741132896637 3.2655947262567624 0.0859981740490294 9.085231948344159 2.261294183153681 1.8522531760597236 0.248888900198139 4.698225316107424 0.5778193950818458
2016-02-24 3.3889315257630184 0.5092807281021232 4.481964416083216 3.6515512251385394 8.9378117270841 6.840246752042566 2.9981951498633803 0.7550343269474724 13.139144435305491 10.91942226836618 1.8986051357390423
2016-02-25 11.47403243662023 3.1995535459053497 4.024208477026076 4.225305594926117 9.643777198568676 14.563317131958765 6.106697995609084 2.342399706326532 38.67625728858673 28.480095312236607 2.634049291484495
2016-02-26 13.587808743355303 10.419111698333039 10.976594107134815 14.791400589970994 23.97083671937195 25.100641756162805 2.77857017457036 12.266643253856017 12.90893149877877 5.230396453641815 9.39218299464302
2016-02-27 11.467914237777709 12.769934986951533 5.969062094520726 2.7166545766634034 1.4588000176966989 21.749175915482283 0.9289215470059405 8.053768762496947 3.4228120053263447 2.042884238974241 10.644023359859622
2016-02-28 3.051429070250525 5.654943738667155 2.871232217393554 7.039196266097137 0.9554769572434475 15.837763996445528 0.34874263984777815 19.370609409869996 0.5233745480669026 1.3209961167810014 2.1133050522429357
2016-02-29 4.716883470039932 5.040523494913178 0.27203876942222205 9.488100105088218 0.7501588835451217 0.2434473631577189 1.6343985703655064 2.8640525171338957 1.853843957757285 2.1546154342473223 1.9651116412326644
2016-03-01 0.12635387025641204 0.0832494287855948 1.9620340283138777 0.0 7.708688250393747 0.0 3.410515136515316 0.418260163099088 0.0 0.3045743761791163 0.5910271684028391
2016-03-02 0.7420106808577617 1.5425493672888912 1.2524861222740438 4.068375475937484 3.3373362742745627 1.6244843887087297 10.07431079500641 0.8444308352687326 7.456150955823581 0.14245463445663004 0.3645100285094268
2016-03-03 2.193038055249092 0.5055644869327304 1.5431653811045425 3.591191590724224 8.082409361997392 0.16116034131919232 7.713239641446893 4.657457280118268 2.0941810980424718 1.9607835658227875 1.4061136925313389
2016-03-04 1.6162284635695008 0.0 2.561518591284882 10.62087843051697 7.450287751464039 0.06321954383939551 5.016920022652995 12.948300607557748 4.376700251816109 0.14051837036356107 1.8447618582316472
2016-03-05 0.1308796951394114 0.18345721646076413 7.086013951721801 0.6117039073572828 0.8189582350883781 0.26502497697115485 0.0825452122593651 2.5411437316337393 4.917994224555473 1.656116969510113 0.6744608413356045
2016-03-06 0.32883351342031997 0.05031988220730381 7.312888295363358 5.398042592060303 4.846869521984035 0.007909453231755122 1.1031052797764835 0.8870248377782607 1.4307102206330566 1.3341452349281067 0.9677475547138829
2016-03-07 0.018232939669956576 1.0806347649335435 15.962553773034411 11.985452943558757 6.269115426191825 1.1640067511653394 0.3909746725254852 0.06009563375949524 0.7221974271019084 2.2791756719045737 4.514997346921536
2016-03-08 0.17238264516388307 0.20711296614099842 27.124827946319158 0.26269096027465194 3.9378453224310164 11.59757877974118 0.6835008256126165 0.16893831905283485 6.688494300687832 8.845853336122543 7.803693268935849
2016-03-09 0.2450107013562906 0.6972653353848004 2.2925961455918618 0.8753331425193416 1.120998727560435 5.468786019594286 0.278956584879424 0.7274011988611702 6.857870846204465 0.5078258529242005 6.874718393152973
2016-03-10 0.632716734821414 7.903626283245451 1.4413200626562905 0.8463240088705832 0.795546001252356 0.7861171430232989 0.8357154871790543 1.8457541921888716 6.988501296492181 2.6346479661635964 2.6816310654702504
2016-03-11 2.605065926191755 1.9785507431934661 1.7293912022470055 2.3890647136172896 10.523548179913094 2.0335529567061634 4.821373946777654 2.4405861757142735 4.551630773864578 1.159536842726626 6.800739551103835
2016-03-12 2.4062870835511463 4.225107946074003 1.5679313895393046 0.2466889283870766 3.5241795667893263 1.2004764732328719 4.340768247272265 1.1768118430708 46.29998831976113 1.7886232515827643 24.52863747550403
2016-03-13 1.171877620980686 16.00681736326777 0.5525104994982835 1.4853508327262912 4.420500521683318 0.5658270592545733 1.646103644891748 3.906765677207404 5.633813881524563 3.0956317835596083 0.5027205977617344
2016-03-14 4.798106172957921 3.7392159086353356 2.313503029676889 0.28351877893420996 1.678499489335611 1.0475967772690593 2.644101253437564 2.5402289364586825 6.8980665376409585 11.432532919819336 5.258228082702745
2016-03-15 5.899579845848711 6.517875378250815 2.557452885032097 0.8765192359321261 0.3886311826386656 0.0959456777131021 4.825311219317063 13.480998863205173 5.218107019638339 10.152248007765156 6.4984233485672815
2016-03-16 1.024388738473283 14.67269173652674 1.2194598962253822 1.1122072585693714 0.5396215920198242 0.025035089737644324 8.845188737978074 3.9753676837989014 2.296749856510353 2.151546646051811 14.397885635012827
2016-03-17 1.9302511920232792 1.935392007507339 0.9480777761984112 1.0021744239095078 0.6105853231859766 0.14343766747600872 0.7037665615717361 2.5734721380317547 1.8719892630017798 1.3839482669731522 8.926464074379268
2016-03-18 0.6531806507676634 28.022944858374498 1.8515156543229079 2.3169064708851828 0.8448426577536511 2.059158380890768 1.162786989641725 1.7063873817818607 4.683001369996615 0.8014138996274772 6.955787567945897
2016-03-19 0.7511762722032204 19.395090717925743 3.0513332617358495 3.3285130994930086 0.7927205398369714 12.864301190984772 0.5805743532939776 4.36992790284006 0.8314799364101149 0.248888900198139 7.590834054763635
2016-03-20 0.2599975633242428 12.010320867054594 1.8794675017367894 2.156333156587897 0.8343350818891934 7.848291077820969 2.0204794974502027 5.543883845505081 0.20775618209529462 0.13702035884137848 1.5202243694068782
2016-03-21 2.1743688388918616 2.1754819761352033 0.7636403030283305 0.003821994859977878 2.349359248441532 0.9543042629081024 5.027185119964667 4.142300625398631 3.0519216397947906 0.08170417516516736 1.6922257511861205
2016-03-22 1.990445536494886 1.7597758094887348 12.178099034058192 0.007354658032973681 7.7411417163682845 0.03823802362869385 11.261217127201407 2.8594766941295733 3.9172897673147093 0.22336554284244234 1.8172209928996979
2016-03-23 0.8609569785057418 2.5243827631756606 3.72834024327663 0.42208407869007464 18.054798722538344 2.3958208547452706 10.555631237524091 1.5346907086732346 0.42920310681343044 0.317852246800996 0.5528784732741412
2016-03-24 1.0187344335956179 3.4863781737948276 3.0487841451009112 0.17621098230905347 2.1610154450352708 1.144263709858682 2.005276322400891 4.225309792962728 3.2676776913366457 0.18053792180043754 1.389846494638832
2016-03-25 2.518199390342231 2.1837146370274523 1.6014567846643115 1.9232183569019594 3.5438544093218383 0.6810331254626256 1.5295704309211668 5.424567089616575 4.454446833368763 0.0 0.8037005733227849
2016-03-26 1.1136704079386934 1.4874230720899273 4.6834434613249885 1.5170173601813537 2.6535381224086754 0.21026730858879944 0.5111868087240821 1.34253530838698 2.435996665510215 0.008057259119786274 0.4155666278603131
2016-03-27 1.102517809773187 0.6759502974238905 0.956296019301823 2.1101639809007064 6.720178050444677 0.7338231365712502 2.3417027131617645 1.6901237696508602 2.4098445000238895 0.8253173842982089 0.2353240964271597
2016-03-28 1.6286406209039312 4.237650688417919 0.7558745215191032 11.140283099647188 13.316393432525782 0.07767028709153762 0.3485354283313868 0.3465851404288436 6.400762403038768 0.6144945506618198 2.081768846270069
2016-03-29 0.4346915250657903 6.819816481016025 1.3411269309724263 1.6218095532218122 2.7188445183834995 0.8658208229035681 0.22507848162055225 3.2194765401103362 20.87013907729723 0.0 0.7337146065650242
2016-03-30 0.2925343115102532 4.561909325592405 6.641235008247394 3.536658842999545 8.197087645188377 1.2570232288885952 0.30601787552129067 0.4542154885798152 15.308904924489045 0.0 15.372698134660936
2016-03-31 0.3489932058407431 1.2826408270388194 11.009278012154779 2.392165541477465 12.844667152855646 4.161790386835399 0.12861212036374622 3.5572648921162093 1.561932378340369 0.0 2.3967987741752204
