2016-02-01 5.112863714966573 6.751340518627011 12.648018203816875 7.914732258252012 3.6374124930926746 8.189960705374268 9.57990066728063 1.8456436735876507 4.800147987034216 6.195909064761558 4.260077079603306
2016-02-02 14.432376622707073 6.671801319135605 20.837483302974146 8.695210356419537 11.955633657911957 11.661503925116225 14.6653164512593 11.660536345831009 5.593364695376156 8.202551946435767 33.6171413311684
2016-02-03 13.671091073634589 4.838363437314103 48.39161836322104 13.932636336065599 15.300356912605613 17.738810243675395 7.327138651612277 5.555716473218965 18.317831264500523 10.139293893162037 20.618355360887634
2016-02-04 8.213167762823566 3.36189034886609 24.29433865901599 11.456178437189118 3.219234037179077 2.1869592216351896 2.506653664190794 1.3565865430830726 10.209994996443351 18.33210919206512 2.463670508627743
2016-02-05 4.869800723942899 0.25774032074202674 1.5757099835568522 1.242159793468968 1.4267291723278654 0.9824527551059736 10.783539337912702 1.2911043679497278 5.255832264198444 6.820416981466136 2.389723837251118
2016-02-06 2.689699805961185 1.6920597666048776 2.2760712737443995 4.136403541937977 3.5543520895279896 9.977084917939287 11.572024015441414 1.9927635708901281 6.736941880659953 2.2143859642547308 12.48885534783063
2016-02-07 4.126415848656936 6.032055279842073 6.3517722088688044 2.438170610446459 0.2900070493393895 6.168017279418131 12.007515068068564 2.027113887596169 5.3265925330817385 0.6505086065391111 5.433560275242506
2016-02-08 4.440944253748443 16.07029754205409 1.9763303672084418 3.9835310271868067 1.1766647145182185 1.4697693633263273 8.391323743254564 4.682186533375662 4.702361411248738 3.374040220327151 2.9367088344612435
2016-02-09 8.52548773013457 15.573741636177896 1.489976962932909 10.148766118970167 3.616181989095789 11.709212937836782 5.6243310336104395 2.335309910655979 9.153075272842871 5.809911333542516 1.832648262749267
2016-02-10 8.187322705971244 17.076663684342392 13.193648446286092 2.2689155929990936 5.851575687451975 7.304184332921527 2.1876384395828237 5.586450055841817 2.5515096305073017 11.134663879265155 2.5436007332417807
2016-02-11 3.166439751717896 13.03747636205695 7.083005102325448 0.6552449277473658 6.353511454611852 1.321227980744848 1.5940785669870927 0.46452203357367927 0.8758637839865141 3.978069003044862 6.1755942117869225
2016-02-12 0.9925563950756674 6.890467304191334 6.917413756499624 0.7380663342665896 12.295662056058653 2.2092721624253078 2.4710505865360055 0.42175173545641964 0.7983111982728379 1.839554465261378 13.322919454372194
2016-02-13 1.4550248613737007 1.770640948528444 0.9754660955486957 0.38766285354455865 4.600130111649377 2.9221705304448866 2.071067418592931 0.11664870890983964 0.6242329959458334 0.6997645341886473 6.3477351553771495
2016-02-14 1.4477261358369922 1.3928663254288907 0.11220447868415453 2.4031532659476564 5.211346973661996 0.9079883014575457 1.4953802704847103 0.788738367137702 1.2455148042692739 0.7590001810669146 1.010266484197313
2016-02-15 2.179254674196628 7.6710589159673095 0.15465144902171202 0.8044972708539556 7.109392015266616 2.375924290790069 0.6924601158613362 2.099388397159289 0.5516740547011671 0.14993107819579182 2.444496481902746
2016-02-16 0.4315731903132578 0.2982788920557724 0.0 2.406669387315916 6.006551266597761 1.6520449589752575 0.9753416014036173 1.9832391336197395 2.2630970061839344 0.12108445765156454 0.0
2016-02-17 0.48290403377154256 0.17509212768838178 1.7708582285723433 3.14694911566594 1.6228585989671713 9.322056199143237 1.6306228692172429 1.1117810983715413 1.734913240747488 1.2312518682267624 0.2227095450526257
2016-02-18 1.0384005126567901 0.40174737936816274 1.958814026858906 0.03705018241460941 0.24890827099981588 7.895646433280936 0.17475536891960064 12.788047337344327 5.820831195034234 3.1439641899511006 2.274006947867493
2016-02-19 2.1416060435627857 10.584361964743799 2.317081368276865 1.3265431004948236 0.1430381628964319 4.771040106511586 0.035258571365346415 2.6485359801879893 4.966794522557034 0.9948553748967582 0.47513802464026045
2016-02-20 4.494600324493087 11.59796377114869 8.576582365463143 5.312034928215246 0.5324408861565161 1.9968905527889582 0.17939032718468784 12.635880375930165 5.001775413043692 2.11348995199961 1.2202775102344177
2016-02-21 1.760783683132982 8.206282651950165 1.8267399098586545 0.3002753793023445 3.098785198657274 2.214445396900542 2.8643671676197062 17.19392861002171 0.7153738712443907 2.0680189629971863 1.7637942181738615
2016-02-22 1.5834639857303066 6.103529039030581 6.896794723204024 2.779632609148021 3.784319167483042 1.6339571506091803 1.7285264511865666 19.3193389871076 2.572840777030033 1.5922743271529627 10.139768238999311
2016-02-23 2.8559986369851798 16.034879993306163 8.788069381631386 1.011009458584126 1.5574323497468476 0.026375444539989173 0.8454667985400861 2.632938303197686 3.6041699579604574 0.7524721843280433 0.9378094997477394
2016-02-24 1.3149833778528337 0.5186541576159971 14.637039286697327 2.1906514587570065 4.185153602380027 0.08712153263843125 0.8509315146622308 17.144832160983217 13.112409937535567 4.824529982965686 1.149276405155729
2016-02-25 1.3520597848942684 1.2203648904046336 6.452316355752915 5.913260679211098 1.5295396370336873 1.7632214999670683 3.0096022339263113 6.0561607331623035 3.9099022844804034 3.044890425114057 4.014869885862488
2016-02-26 5.723856061695905 5.202572439462821 9.16737473392395 10.886698453200019 1.9194210777828473 0.8235859884222718 2.05999419325485 4.190567901541275 3.508951411244539 5.694519652279855 11.135528107090478
2016-02-27 6.079211217104188 10.36266438136328 9.852592692311838 2.811163254634366 5.97225945157426 0.36322370449306685 1.9735500114015414 0.31956768707609823 18.91791329959422 4.744209290430751 10.936953547779856
2016-02-28 1.109989973440455 4.648990930065326 3.3447221466680235 5.571238416455076 9.642992906514948 0.23611106392654016 0.7866521251638229 1.4917424574573863 17.407581936250338 7.414675337619666 1.321686873095058
2016-02-29 0.8721888686605481 1.611904214207057 5.504779355256531 2.530441416304618 6.708753833784097 1.7466876011527819 1.3109514339802109 1.2430894440552498 6.880119192249078 20.260237599654616 3.9323094089115296
2016-03-01 2.8197903610904103 0.45335287057914675 18.872016752236078 1.9152885319148432 8.232258271423456 3.6429035572389448 6.590335784095515 0.6556120690787126 0.39975151188383096 16.406338276445737 6.252315769339667
2016-03-02 8.725113156085676 0.08213794947186032 14.791646256349082 0.9125569975511311 9.51983053897581 2.6370680034560605 14.271587331859937 0.3069857980296242 1.7952439760851102 9.904470411790058 0.9366422343367848
2016-03-03 7.45355883088234 2.2251606975659004 6.447518417879488 6.036131618061724 14.969457297169845 0.8830110524183165 14.904414370875624 0.9807154956999019 1.6709340358776628 1.911006185963931 1.8849496674239061
2016-03-04 1.0447945366044085 6.39980024623906 1.530406891781086 9.901450334012525 13.041248390449024 1.396160384015813 6.541833424894963 1.4867682255416117 0.22842598852174267 2.4304885334969217 0.9068428555306374
2016-03-05 4.447512733576759 9.924976875782342 3.4909780412117923 6.278094340630421 19.351781296599427 0.41410205955692936 0.4846324772619393 0.36141313075993364 1.1330576489793147 3.03082979446427 1.2452661458486975
2016-03-06 2.260169387012472 2.8499372937630554 4.931686545091614 2.255905362142408 10.666236707843892 1.1407255092720165 0.5420303635172421 5.063865441778574 7.151876661723126 0.8277424956161971 3.5200947742683932
2016-03-07 0.5053134295901123 5.684567890888175 4.361914749981633 1.6952930074336474 9.839969923559245 4.5746710213377995 0.5089433378678222 6.015307355057464 4.745877436893936 2.051871960324862 3.933530680718963
2016-03-08 3.703430294314509 2.549620882415118 2.231516134485738 2.930983767369262 10.88377158767121 27.257426363652563 0.6943889142764963 3.873457152629405 3.9792865843262777 8.361367386821438 7.090917721221727
2016-03-09 2.710585409042309 7.626867072645469 1.745455693565346 5.000991985207023 9.825125935632066 1.8270664861241777 3.9499647446439123 23.422710072338 0.5713932542196004 25.738951518719105 14.490599268729735
2016-03-10 4.990217231928182 3.4363355530953674 0.9707952576753077 1.6068857820301812 13.725277173223171 1.079171165927479 6.67493097799703 15.658537198137818 0.8511547581927262 9.061276359439638 9.476640201178906
2016-03-11 8.711119580718819 11.783317966861722 0.12107555431316258 2.8139538983458308 4.330906708584274 3.6070991476025083 13.044601436293423 7.999473112502019 2.538248142832999 9.392236237135961 3.381158388597842
2016-03-12 6.987036341730498 3.9102264286599717 0.4554534608664144 7.2637424528892325 1.1155299200683966 1.7880999287762838 9.920693572933738 5.467567935393101 1.616263470230926 6.582740403610279 2.4008210098877285
2016-03-13 0.3443478247301242 3.3259527566601874 1.5868470469762272 20.11256756919306 0.07948044435499646 3.27434732481441 1.017220415985813 14.818903960913879 0.7159740637334127 9.549459290673234 8.620402694390432
2016-03-14 0.7506267202082135 4.023341719801896 1.6673460769953785 8.117087287054746 9.651636541060391 29.034146738423377 1.675661132764042 22.968368730966397 0.2023611210816213 3.3916324191472587 4.022734304153758
2016-03-15 1.1166987879092245 2.268254719346503 1.10137609097678 9.63280850247504 21.813280896115224 15.008756712711854 2.053553725566891 23.579810559713152 1.6502321090164878 7.225928464526295 2.593519092828756
2016-03-16 3.3136434370217387 1.0289642805460844 1.0945654176727015 2.7344426270101687 4.938812475006934 4.787422751842612 3.0030201130017176 30.630436830396555 2.8160165881161072 2.9632997221553623 2.463079000645168
2016-03-17 7.400337361473996 3.8760840106493317 7.00741680028372 2.442844472205955 8.17952967714023 3.6723239315797827 8.71594660225237 5.490215347497774 0.5093738710042837 6.2062283831569225 6.511089183696402
