2016-01-18 3.6256006750833434 2.594037081985599 13.543018895732692 9.944378498935565 6.289480512715935 5.484273843531868 6.095553034527238 3.3492350212160886 2.908512330556295 4.294552563726035 6.888347174336767
2016-01-19 10.972588056582016 3.0598069034083357 3.145156037609791 17.369598877245583 11.199902215855154 0.34722695168306716 33.388890529369576 2.2767141099835695 11.106624840987653 12.685693694365767 11.405668358073667
2016-01-20 18.153106321538512 1.689867716995491 13.367237038930234 14.347356770066142 38.52298700964639 1.289366921150404 17.558844005865904 11.290661850752983 2.1118457268458126 16.7354245613247 44.98347760099128
2016-01-21 14.225432725714043 4.743016851721059 20.721062571923753 26.153929571971716 38.7861981284454 8.727381130778863 18.9776998295059 20.11235557447114 16.51477030615658 7.392200732249838 43.327281097492246
2016-01-22 10.601333387503734 16.109243619444726 24.93554477579344 25.37533409223125 18.060777366492886 25.05705729258904 90.75294399340802 30.98210334075131 45.47336207685738 9.0670799039447 15.881815281265476
2016-01-23 4.431242465226804 7.175973516982786 1.1877543460199997 1.4522123377146783 44.51584637944582 1.5829419359575185 10.703680961348944 2.3978138895811285 3.8526573606747134 4.634212597626947 13.175403504335192
2016-01-24 1.6503111140582924 25.150410147324827 0.3011454264010882 2.134020694548191 4.087635883500052 0.7855264927992212 12.637035992888494 0.5631041185810931 1.0267308528260881 3.099526620799492 2.04150435632891
2016-01-25 0.3268525649114359 4.084675518612238 0.9698066589881585 1.4898811151337708 0.22818355991087483 0.40381210450221966 6.542507986849504 1.2621715227056205 0.41548331910219427 1.5221549499365246 0.394171388217362
2016-01-26 3.5026706395463587 3.8360414807640324 2.683103619038884 0.5816734200245226 0.13695182027988065 0.2926238614522363 0.914157936500056 4.347557785671442 2.4512191469286546 2.048996066911133 0.07714032835253555
2016-01-27 0.4046059453761296 2.0010662268015205 0.7596610759188424 1.0186565200625801 0.09497516157100419 0.5320761523346108 2.2856210667112355 1.8524224934112261 1.1949086347685685 2.9666655530769015 0.18495824610061412
2016-01-28 0.33956172562873066 0.0 1.404721152194033 0.3861953133107615 0.037022155013647896 1.3751160056392089 0.32392307086152716 3.1162656176344194 0.19637072114634813 9.434393314360953 0.13367629450462976
2016-01-29 0.07768915147903124 0.05633897998554866 5.713676343561103 0.10102811860060812 0.09441825655390981 1.502937795493941 0.3987140932735661 9.71453772709973 1.7116846129889016 8.655698495159886 0.049657991833466864
2016-01-30 1.2776949703493177 0.35551778233231357 1.0608072444485304 2.198191221720196 0.31539705847937993 0.6761406011306655 0.4639320712065253 1.4249118103227936 6.740548692405257 1.280004553228605 0.4843890235858626
2016-01-31 0.7009539476683313 0.6540763023135778 2.5039751760230233 3.52735988993511 6.289386398074338 1.1858153314923365 4.373458970147195 0.9221939717453027 2.744485709637421 3.5442129088577903 0.023486550193039524
2016-02-01 3.4860528880466077 0.12101727724075316 5.846417419783714 0.4964511333028254 2.4572916834583998 6.044551501445212 3.2379251363368047 1.6905130592788937 1.3894643730591998 12.660163775640891 7.109095753268689
2016-02-02 0.04773223760733286 0.09081655311696346 2.6166642441641175 8.812471470687491 0.0 0.13622879074404384 1.9841895764309947 15.51735286271693 4.2130710842344445 7.381288159183116 3.6870098833991376
2016-02-03 0.02461921851836766 1.509155813880282 0.6457298232697686 2.0697353402905136 0.25080713482098016 0.6750271605757531 1.4205336186641233 16.467970465064823 18.23304598809635 26.96467127418134 0.2773272396881127
2016-02-04 2.576297134417879 15.66001714186833 0.6116257940741061 3.0292929869918033 0.12283533711607589 5.748381308487938 2.1981720302793644 12.250652702989036 19.011030721144394 1.7108396324006558 0.5396457715473121
2016-02-05 1.6714620443608421 10.33192981514692 0.545029336379522 5.404872056609113 0.7503945658869791 11.552062220173529 2.6974523022047387 4.151074935276073 18.627291228229048 4.155087922290715 3.7170666878442336
2016-02-06 1.208951662253864 12.030731936801294 0.6990021116747611 25.087050673315346 0.1566433130923317 11.504136286339609 2.19409613703253 8.77967659317998 5.698718106552627 1.5641297614582794 6.708879595206167
2016-02-07 2.7796958756402113 24.510209643720177 1.3641202898431957 23.458775289222906 2.7827832829105503 3.9500374304080257 2.4400037369529617 2.40797753844278 0.5958979965171725 1.0479094813926568 3.543116667181645
2016-02-08 2.394728571918089 4.828463954245521 6.550765461755514 4.464386854028691 0.5078224872968954 16.029613174877014 0.34111418282410666 7.5155162808625775 2.737074467504098 0.5065357703961781 1.7792417522928572
2016-02-09 3.66746355635464 9.347232081788434 0.7636887849335798 0.8572635625034282 0.34662414554380394 3.299045002409716 0.6153775717928918 6.894797183544847 3.0460523237041506 0.30791067417907036 1.8018967345481767
2016-02-10 0.9005692858789951 9.083321831512444 0.11287248230484964 0.670884807859832 0.6927382724046778 0.3184645046942965 0.5982097468155025 4.718508982699154 0.09484051018328607 0.05286875654754445 3.74002851027965
2016-02-11 2.0523615822710557 24.445359353679052 0.3550907217389635 2.2826267094026815 0.21627759187743162 2.0044462810015684 0.13047956127182697 17.133785940524234 0.0 0.4693250776703391 11.089986397392497
2016-02-12 10.36455606753554 0.27562963329239004 0.7517345281352557 1.7682410102663133 0.8362289048116868 1.7009634533421027 0.5871742562735005 2.2437830293476306 0.753777173660368 0.21904299229633642 24.3584744487012
2016-02-13 17.130921901029804 0.07113032658220954 0.6564033767958488 0.5921374053478348 0.4835614124460279 0.10909964328385581 10.606376098249456 1.4429431121372258 0.3862827827562292 3.510752512560014 2.831413027621309
2016-02-14 3.480855666421225 0.2510613938412287 0.32766717538868406 0.13899344555695914 3.493428573784656 0.3734837440572623 9.13260537323252 9.694256360224486 0.8059915924589103 3.7840545266288457 1.3582067578781212
2016-02-15 1.19373252524472 2.273323085196608 2.12880389856938 0.7578917980245654 2.8169152612885253 3.105768787516182 0.5718201243564678 4.123460715503283 0.031113352092139022 0.024149017256884793 0.37778261089268844
2016-02-16 1.6817490312844443 0.5432726576033189 5.400549295212162 0.023848712694387198 0.9680780869671382 9.351466696524243 1.1929054327717203 3.0494140769831932 1.1188228072627582 0.020351244360408298 1.3382597360436097
2016-02-17 0.5773172925170329 0.9326758271519385 4.02835150331816 0.007064439766407804 4.377309062193494 10.821998374029395 0.520537547265729 10.76992567550812 1.0025613168509662 0.0910674939562491 4.138098504332812
2016-02-18 0.7622557034829992 0.5763913026098452 8.093878629277576 0.23744505047813 2.3949947039549455 5.117496013772093 3.5327732432971626 3.0720438286499974 2.116196090403478 0.5332116491489743 10.833735018828024
2016-02-19 2.3270352881480534 1.0401345676689604 22.566738999117042 0.3043792731644533 6.324472818381389 2.328519152793805 11.288802424356474 2.947023459221163 0.8512366712112358 2.5123354754729883 5.868828604629975
2016-02-20 4.400159803801862 0.9664226151318673 11.12579641988431 0.23773802062783966 16.8809363733866 12.627787520150115 3.2662868607930213 16.70704904923887 1.318277765438646 0.49984344632357436 6.09504323654849
2016-02-21 3.342983040631984 10.842137759678325 2.709909630803615 0.48708096737572315 1.0940720168782363 12.605886289123113 3.848113922443229 0.03346871793750444 0.8883561359448529 1.4360507603564412 5.281284457197437
2016-02-22 0.354214322356542 8.647146618444182 2.386423761837923 3.598260660195466 0.5338702803416218 10.24475329077643 4.684168894530179 0.08238144941289172 0.7241709607990388 1.2567998589670597 4.683057078541195
2016-02-23 0.1889571254079374 2.353635078133382 0.19448953508250919 1.787990554608559 0.3545468078196008 6.268260849254389 6.426546304129275 1.887520742487974 0.5124946208341021 8.032295903978412 2.1862886201855822
2016-02-24 0.6306045527373302 2.278553010421976 1.4407251952500735 1.086820016296752 5.809581231517946 4.911819850737357 11.326285291035092 1.0206419917138798 1.9519348826619611 2.001830178827888 6.689421693806077
2016-02-25 1.6396255711260004 0.6194695082144925 3.941453586773035 2.94708313870575 0.7009351002215236 0.9111322647740854 8.265008299122044 0.7252229206368883 2.4838387173246885 7.05730397788507 3.9306977918919
2016-02-26 3.3887286728567023 0.2586324866360063 4.032411641077844 1.6520293759267197 2.4025832268010383 3.176228709247212 2.841095001375926 0.13934035145667423 1.6321955420977927 4.190988266781831 2.982297618810498
2016-02-27 6.234468276861392 0.5960644019585345 1.6356186768224874 19.66294873477176 3.5247421870720834 5.570659129046094 5.2108552012187435 0.1390057092854012 1.7636452049087845 9.376627113087682 4.167449021528295
2016-02-28 15.17243210105828 5.191719349476317 0.868291991307142 5.2903944360156085 3.0074447997772342 12.379718411183784 3.015859563004288 0.2607933578612246 11.953189345232321 16.505439308426453 5.9876168604047475
2016-02-29 7.949689291825563 0.8608866821974493 6.347401061116077 5.918075660815427 3.720955664311256 10.683110114082524 2.937858586648723 0.9479152416943376 6.933259102193342 9.310643839056617 6.702858922070101
2016-03-01 18.575869250214325 0.40302683598474587 8.829998792886592 13.842430904096341 1.7348061516990674 4.012063017028369 6.385561137224219 1.6881923745717384 2.7877154551047054 4.172581663921699 15.105961545025389
2016-03-02 29.650758601728324 0.19818167488191232 5.881501405034072 5.777750241578284 5.912215595041625 0.964465056862731 4.551533737375831 1.3761625684926828 2.5850967851390267 11.317604097379682 13.683898088476766
2016-03-03 30.184893460913372 0.840070089033311 1.1574327343454174 5.932427348009703 2.9608798437150177 0.939125088407968 3.706108348766235 1.429655896582491 2.7753826599573532 7.405108528894202 3.821685510962379
