2016-04-05 1.40890078162736 1.9879717099423801 1.6046950269661764 9.82105883163866 1.0871713049207667 3.591367116773075 1.9106436201722847 2.841492126681503 0.7070241414160634 1.0656624748648504 10.825088273392415
2016-04-06 4.684852770311077 36.95438651568119 1.8836678206502655 1.0097792197621978 3.1436231906895626 0.215256993561487 32.29691721536676 0.8764191729700328 4.4083370950763126 11.827790996502245 23.936007920080556
2016-04-07 3.3438978059342217 1.5128549479890414 19.401873411683823 3.6263554515872958 10.86790463650732 1.295599631281749 1.7878224432089371 1.0332671490703396 1.2405120763479616 1.960717170472023 3.8112176742534847
2016-04-08 0.6478471981129239 0.814129760968837 3.1736442571314756 0.6039675401612308 1.5552955055348656 0.6493976144817444 1.358322751645903 1.0219726969509728 0.5542835888615276 0.7807551868290524 0.020917230277055148
2016-04-09 1.137873911832092 0.27139267210823537 0.5346565075858772 3.0062165603620246 0.9961597271574398 1.4667770081743359 0.9587292404371077 0.20885853375048308 0.42686494931522617 3.977227613007208 0.4593201954699865
2016-04-10 0.8704001523850787 0.33294073118586043 2.054363706429066 1.9385270737842966 1.0689243714168604 0.4689171682124212 0.7494621970843152 0.0 0.26267084501896865 0.2506351550268061 2.348114015621456
2016-04-11 0.5453686427601795 1.2838749628915271 0.05128551755592653 1.5678358784130997 1.1994350341700424 0.3588314151257159 2.8576651307904806 0.01686599563752387 0.8808217440616386 0.5164624267491211 0.06551907544351417
2016-04-12 1.094262396698343 1.306052330358386 1.3886688472855204 10.406968661663736 0.49749413522161995 3.223573358864518 1.1970970544985784 1.3965446275175455 0.30931331072953683 2.75950843550862 0.022591096589766387
2016-04-13 1.355433835554765 3.5647903712453286 2.473283943725355 13.976562104303047 1.480835227594961 0.5466137163114679 0.09277488784828533 0.5979352036240222 0.28449467576798393 0.23927265983506896 0.05967260215358466
2016-04-14 2.350676935616336 3.1874624496853237 2.713858404017195 1.8496016895408873 0.4283518132324585 0.0 0.4640875576719288 1.1086628133665255 3.2074596454381448 2.1673157461365733 0.48054813632581145
2016-04-15 0.7899850672805864 2.000732058114318 1.80445745337886 3.0322885451759682 1.9705810680549638 0.8942502066201035 1.4244393187333606 9.48626076377457 11.186206990275393 0.8867933910861375 1.0607624429753681
2016-04-16 0.14245667979075585 0.993312445467146 0.5964104965487442 1.118553074775253 0.6446693018914564 8.022260151418806 1.3513895786539099 8.856834724528657 0.3460742351073002 0.0 0.159849302051841
2016-04-17 0.6436236949038106 0.9837552266565376 0.003465196831352904 2.1947379277671484 0.5428471248944302 0.04899785819770975 11.253621983070833 0.41419009083642644 2.528319248628017 3.5563941241641714 4.731101670001003
2016-04-18 0.6015437211627311 0.08535055841603933 4.151085734118368 0.8058828335388326 2.732287579968756 1.931870851408961 0.9689614991974657 0.1793029939281106 1.3503503396349097 6.861376705173901 1.6937467455703494
2016-04-19 0.1182732149523851 6.817753792439787 1.842871695910318 0.24810843064255877 8.133992009203833 4.8166034632312735 2.263438286494833 0.0 1.143097902305209 1.221184722947299 6.982381188324599
2016-04-20 0.14980830500255815 0.27342594569305134 2.650742281187177 0.7037581663114183 4.436955745404767 0.16080481130833202 4.771152574653869 0.8025773952350004 2.4607193738592743 2.945168021840214 0.0
2016-04-21 0.3143148731159358 0.3559278485888018 7.915179739313635 3.0956672097000313 8.476276313394646 10.452290613332522 0.5783884990968093 0.46492992851631243 0.31192967187893467 1.7535517309056101 0.5387695310920282
2016-04-22 1.678610884303405 2.062824057592331 7.694049947074049 1.8865049071811333 0.050257139555466665 32.07351938873241 1.590880648513814 0.06690614334461173 2.559709913898711 1.8652366398891966 1.9363812824460296
2016-04-23 0.684595828292383 1.1495207893064028 4.867896100809213 0.06462643945309146 0.6097248709288701 8.729792108169514 6.490140444991669 0.7743191482201257 1.9993857320634514 4.5415883255041445 2.901992457786727
2016-04-24 1.4594894528459732 4.33273346978797 1.7034223969760784 0.8054519409281006 0.541376916631495 14.031386460588786 3.3646049391688413 12.474266626588172 1.2880529429870964 4.658599056866239 6.150167519056901
2016-04-25 3.7724068744069754 2.5093954668297074 3.090483453432989 0.704519387746458 1.0951040860711336 3.0922190313437037 2.06792874145187 0.4683783211695094 7.352876891530672 3.2212961761307852 0.39767708052489
2016-04-26 4.201816896376397 3.7150120375020284 0.9249363822007347 0.6859848155462345 0.20584958933723724 2.4111689266755634 3.1686082280703074 1.4220549615638804 16.993749614167356 0.5172326128403782 0.0943453626999875
2016-04-27 2.6929202087785473 0.5718646982653803 0.4934265507709138 9.542723196967497 0.9645357033620723 1.051959638906973 1.2925671087247252 0.08652616387604328 10.93461155163984 1.9403617881095419 2.5440904601047194
2016-04-28 6.055915279039366 0.6085079944706462 2.1684420707437804 15.15995893090773 0.6280502548186386 1.3185884041958575 1.5258008146541886 0.02694510024046036 2.2250537020266186 21.33433099625514 1.9751254459101004
2016-04-29 0.4303860182678706 1.5358323526951079 3.0542907224601383 0.632623618079387 0.49593524707755654 1.5509488032490346 0.8972612001019582 0.1534421921941364 5.379867212600851 4.100184343484281 0.050524383049994764
2016-04-30 0.013244347416691954 1.8326316280296042 1.198887961486667 1.4539950982117489 0.47292027342182014 1.3191882215095978 5.909459167383725 0.5612914634339241 6.663119127082295 2.515200587255435 0.004357832409390477
2016-05-01 0.0 1.3998762949004298 1.228465848896008 3.391527600384731 0.061161243034123694 4.782800599838219 1.9689447127474518 0.3975053922097673 0.8104140585831898 3.384323125551735 0.04334477302588205
2016-05-02 0.2309200920660531 0.3070138823862516 5.521726651544518 15.928674442713442 0.4054936799271296 3.001644762120383 0.7453912896631409 1.4506774372526638 0.019476437699542028 0.8294479000626728 1.5540136192122929
2016-05-03 1.3257334762423543 0.11376983617343522 0.8018424107722935 0.2094864791091381 0.0 0.6813071405645301 0.16562761472025234 0.8305816158221898 0.012818876333192064 2.373650080487705 1.196760228097314
2016-05-04 0.050469018757677585 0.8069471552721015 0.2370093061881123 0.18076164265577915 0.2562643984832631 0.9580661383716118 0.13536843443771107 0.46661362285977903 0.20239829451107783 9.72914303485118 0.2498161541871258
2016-05-05 0.0 0.19729498476930252 0.19450726135213817 0.1901652304774739 0.003762193056452063 0.05815229828794054 2.5331103155772725 0.027937481623343616 0.5734110106316855 0.1618451870761999 0.9180386699573688
2016-05-06 0.03764128990165331 0.2928997418890873 0.21518741099821115 0.27361817919789044 0.007597979041754564 0.0 0.823174842107685 0.004047119304331803 0.00970020533627462 0.09314584312728175 0.9157607399962909
2016-05-07 0.15899287056540629 0.13614400987472453 0.07990404761911357 0.28648902925559916 3.2320420967403978 0.04086375030760407 0.2574059281044639 0.06591581750880385 0.0 0.16525022739737794 0.7095268394352259
2016-05-08 0.4054023971171986 0.3535689212780301 0.1468020557937838 0.0 0.2632664843010214 0.08373843913236297 2.437372296402576 0.4306852411103133 0.0 1.772679954950934 3.347956238248118
2016-05-09 0.04358329602448524 0.08569296912016318 0.0 0.02042516548765891 0.007227389887804967 0.1830413466251805 2.950246660190831 1.0748489178888243 0.06443332789614206 2.5118021516188254 0.3709126590775774
2016-05-10 0.09501086604622634 1.0362482471413026 0.1550630405112841 0.0 0.0 0.8720832887929643 0.23395627206234415 1.104561121483319 0.07199936832263992 0.003762193056452063 0.33219728340820043
2016-05-11 0.9882838860737349 1.1396922896149961 0.07037541975764793 0.0 0.06063919705776569 0.09907947611817791 1.439848943479289 0.9809657219462027 0.5775378992418537 0.2296542892022598 0.10948358353062008
2016-05-12 0.8616975092024425 0.6985970573291919 0.0 0.1688494845172851 0.0 0.5822727810259136 0.042663104748057464 0.4507092842937616 0.5878957791187984 0.09143215280327091 0.11891898284154734
2016-05-13 6.897661885595465 0.03130293264985084 0.0 0.0 0.3705845679906443 1.0242120026635404 0.203958574412924 1.1667556831723895 0.4975038399937315 0.03407675643011274 0.1379927099803409
2016-05-14 0.8243824762899787 0.4911227900657154 0.07851492558501624 0.04604263826095538 0.11134636709208014 0.01618432735969929 0.4230704744840066 0.16502784909596263 1.1903621340473314 0.7229535333839965 0.5477653618433206
2016-05-15 0.5824020551370757 8.234380836330711 0.07535139914699868 0.08793465076112013 0.7299433561254438 0.029633261114652407 0.15446597245983848 0.0 0.5900749041228673 0.08629691851393924 1.1814506904363875
2016-05-16 0.665522990655272 1.3533904335672724 0.11420621886831547 0.16508533409416642 0.0987725930163565 0.012430444415959507 1.2034343007367592 0.0 6.837890553950535 0.10369904258742908 1.7513904080889913
2016-05-17 0.13931998886646335 0.4123825997522738 0.2057579291476615 0.23837032230166327 0.07985032325904717 0.08771737366356941 0.6104448637137461 0.15606430798828272 3.5959057786694766 0.22634165899541825 0.4128713139448379
2016-05-18 0.08179207371336344 0.026548358210515523 0.47255163561006874 0.028515208933207283 0.39707902444154985 0.0 1.3290982721781355 1.2816328108656925 1.7614478709191888 3.1345664200614047 0.3313010054473355
2016-05-19 0.2161281487348901 0.008120025465842541 0.01647756372029131 0.0 7.84732365490202 1.0086481651124515 0.7434762245915852 0.5478473702006502 0.19829933609565994 1.9952388050617549 0.04868283599388862
2016-05-20 0.04792503069387681 0.0 0.0468055909188258 0.0 0.622865373522995 0.11052968992667356 0.0 0.0 0.11101003917547395 0.11672129725712001 0.16847196890470945
