2016-03-01 0.2150643949038901 1.8854681808795748 0.09732717597893835 0.061474257471997265 3.2978964869377605 0.48013922298525136 0.4598104438685653 0.702331972887985 0.9397460892298326 1.939784912748171 0.1361920275661439
2016-03-02 0.1886547514697558 0.059499762283104246 0.010344508156597026 0.03340872702581718 0.011352591220034146 0.17259616783970946 0.16422615463321738 0.15998692566666622 0.03382831216026448 0.6428076524550413 0.5460311476939681
2016-03-03 2.359426537904688 1.4263089875943935 2.19588261461843 28.862614592573387 1.3107371502614051 5.784999153986152 0.2912008806614287 1.8834550285565599 0.9437066044438327 2.1810060310580237 0.8266348883114439
2016-03-04 5.836425153726834 14.254633471349969 3.958475406185163 3.2037350655631975 1.6739913763056307 12.804550620491371 6.053221314592312 2.6490792241703085 5.3779522956631 5.146451184493776 1.017792497990459
2016-03-05 7.339169475545475 8.153929985646053 6.7827051308871145 0.23725353785022962 1.3410555040204177 5.973799894190027 10.192531023242047 1.0390535715770217 7.135776404996816 17.141745594866606 1.1432712102107678
2016-03-06 3.402195228618573 1.1587753453512422 2.1019079163189867 6.395949708912145 1.6172820035069166 19.38169738367357 0.24936944196946076 1.2256011443013213 0.750760791270266 9.927201587700258 0.14604198751215847
2016-03-07 0.8240637738863492 2.855328610044865 3.7465362422993986 1.010790612274284 2.593827551107071 0.1881252665784035 2.5050747141030305 0.4699148290083073 0.26964551331379183 6.077848295775464 18.12998199878228
2016-03-08 3.5487083761316356 16.55689594230568 3.5261834699389745 4.292588152117265 10.467903460056565 5.280403598753132 14.98294713719071 1.870407910399921 0.9249616333406356 2.4892516098993345 7.777910008856095
2016-03-09 2.6594318925391196 2.9776668687848855 0.9159318010906293 3.4170083674773863 16.468476430266 2.10879891321432 5.673963755923526 2.1707692955435207 5.250908237183373 2.8754953281470788 8.904540812091511
2016-03-10 14.668784840006289 6.015319249428104 7.001366358516219 8.409173320608868 2.1187413058133266 7.51619914671052 6.712266326502081 0.5211478547680157 1.656928735627091 9.149039876542293 0.4001312225993823
2016-03-11 6.21006355676752 17.797058028686877 2.427575044463108 6.295363141651907 4.800128353638668 1.8969598560603687 2.5682566463987233 3.442134838524896 10.014550289445982 3.2206481629479624 0.1011969867104359
2016-03-12 12.442827167342564 5.671671411470901 1.411077950988032 7.98746703682577 2.885346684091967 13.167916934408282 18.01388992910677 2.2531726517162864 23.004476638582442 5.975324178867332 0.5179882689589526
2016-03-13 14.241432169360323 12.754899524813954 1.684998731382471 7.199826009585358 7.3086896859207 19.832362080299415 1.0688570938177702 6.411625997318752 3.6635299049630485 4.2193970867255075 0.0719668200169094
2016-03-14 3.158571624172751 0.7448493418105193 0.13966095511937554 2.3856990397757256 10.07845499212614 3.0088873852068536 1.1116945074975988 3.9930141770602408 17.893761530908243 0.5780850758922689 0.7806735731257144
2016-03-15 7.853514587095439 0.3267365142283096 10.997499022540651 3.633963711737083 2.0467211909923395 1.2714128801095195 4.650511285890639 0.7541711662510471 4.335505363326956 9.78099503861251 0.5069136217667608
2016-03-16 5.101305677139588 4.733395944904606 0.0 0.0 1.5738874033463581 0.23078861782496324 1.6270213684235024 2.74087788362119 2.168885857778921 0.2231942610589522 4.400165143944333
2016-03-17 7.147388170937687 10.543307066180734 0.5108395931407558 8.554721114026545 1.4941251741742108 3.3251550411052824 0.866506086151882 0.4234791306421314 5.488764461467005 4.3325645824105665 4.9796276578799485
2016-03-18 10.586508705563226 11.188363499618843 0.3436332899386399 33.06457954310116 4.878860433296868 1.4834352533893584 0.9181137610235952 0.8994529351414318 4.288574993557942 4.179028922579943 13.255557835603364
2016-03-19 3.761087133392942 6.231110469894056 3.692234803592531 2.229138597196571 5.528665493781258 0.08459042946411091 0.8555095735715148 0.755863928425488 2.1678527512844843 4.972494596191092 14.614842605866665
2016-03-20 0.7481381119780559 4.191010721432834 8.206216384777445 4.871582170731166 6.781009694421572 12.070471897973487 0.9926732038111068 0.3938271943563497 4.257874369910345 4.30690657122698 4.315137896386276
2016-03-21 2.558144679749227 3.031618759708957 1.7873943261169853 3.29155529298501 9.185844511311194 1.0929822328122447 1.7196766489502178 0.3981563374908996 8.005557110921618 9.238140470601163 1.2982341873089638
2016-03-22 2.9436088321758462 1.0314898847056209 0.7362268670589223 5.313012622986728 2.1032884279384767 6.667042189108987 0.2966110750385138 0.309812927888809 0.39261907432108045 14.004989802472013 0.953772506667619
2016-03-23 1.0566579396424647 0.7242189552882707 1.1005797215552848 9.829263864279131 1.3585099287084432 38.758654096783125 1.4810261985933255 0.4383696198707122 0.24109405781806392 11.177869792103543 1.6747039942903033
2016-03-24 1.3206408650081891 0.4895254951697064 1.6033192571680988 0.8788219269455311 1.2686181393112486 0.5032087330013755 2.512180777312097 7.315318134454673 0.6064158307408584 7.560478024677451 0.3540780506113158
2016-03-25 1.242509229538184 2.2371221526097633 0.0 0.9104071732605132 3.268934970349248 2.1579204165037873 2.3892008329672305 0.5782833016289277 1.567342790476533 0.9297067512930308 0.3354672973134445
2016-03-26 3.1731980399292494 7.680266421552887 0.0 3.284310621372916 2.0003603253409605 4.8179746163013295 2.9848893677015607 7.137964836149449 7.790850938995972 3.6993054845934807 0.3947062622280758
2016-03-27 0.3125955425194338 1.0905979409269018 1.2545516592144312 11.083128628865765 0.6459066781370868 0.5555636696405891 23.90234253219696 25.099349913779136 0.5328597897689791 12.389168277099847 0.7908599506627976
2016-03-28 0.5594528681220127 0.138327482717007 1.3914254680407516 2.5912081046749247 0.3378866668873044 1.3287501407974462 1.3041917994327141 0.8840137288453747 1.8954317861846337 4.11020744820479 2.679731257970162
2016-03-29 0.6063034519777641 0.3724850836097841 0.7065580040813851 0.6250775507409239 7.066047925411689 0.6264921664055529 0.843863286948775 0.7583520699478229 4.816546013685164 7.093498460054378 11.030414954256436
2016-03-30 0.9553356662935423 0.7728374730748833 3.1443187673854744 7.341056692599013 4.099001239304917 6.835746890175305 5.188365760629215 2.7116680238563284 6.346524382427866 1.0652893936856929 5.3145194326777725
2016-03-31 2.199500254992517 0.31335288581506726 1.8331225512725766 7.912533957185421 1.870946878654756 1.6511361052189888 0.12093631849160735 0.2605596163351147 0.7868213431439731 0.49552861327041986 8.986994987682902
2016-04-01 1.374891038806444 0.5359100986103891 3.163634147601459 0.6051340993221308 14.06906110565193 0.006403730835409124 0.022859890765179813 0.8383278241445322 0.31334435582447523 0.15124946948089976 5.982048596960707
2016-04-02 3.217693391653797 7.909503847002353 1.001264785600778 0.732492649923025 17.51006031098909 0.2980008575329247 0.3953304132573064 1.3239501490072427 0.3423097449111174 0.026800668086367715 5.771024427773164
2016-04-03 1.4941382654362794 6.644618522100625 1.478526353792425 1.6293627328604172 2.363601744910846 0.6662685953933201 1.4178556194918888 0.03382831216026448 0.013974191397606882 0.03712794708529227 1.8651802801229675
2016-04-04 0.5647089299943693 0.7664567256980105 0.24747470653421594 0.27283286233762327 2.1776498188642153 1.4967791095281837 0.44943607523054707 1.4422713108183602 0.09818720581960363 1.4170119409660662 1.2357464675454328
2016-04-05 0.047351849671852714 0.19079666697630085 0.5277716126039385 3.2590415031450943 0.09183129668513502 1.5831940967302462 0.049480717130638396 1.715834765687317 0.06099596506900169 3.641950094360509 1.2615345587036297
2016-04-06 3.169412676246911 0.14494837849015102 0.48280285530715095 6.104254416091888 2.014852149500582 2.873305569456531 0.059589491516289755 0.7594955059307327 0.5546203007913522 2.5339104038006774 0.3660545239503602
2016-04-07 1.666941862955305 0.06816784365657272 0.07502886459527197 3.061567043805278 2.4073954074188366 0.41668505760180313 0.0 0.6111541127843716 1.5511050537926607 0.01872884206673802 0.5289276598814789
2016-04-08 4.384993529862477 0.04169722347380195 0.017585184912747347 3.3040057125891913 2.6411740739329064 0.13926051668880124 0.7984974206756928 0.22093497518061067 3.4877464763081996 0.04021328071973417 0.5748910227495347
2016-04-09 3.753220724843399 0.007570460562197759 0.5311423783790136 1.046539193158754 2.4331406183232795 0.48541054306012044 0.318792292168399 0.3117314141607793 7.06970652652588 0.2631480643715408 2.409105127291957
2016-04-10 3.8954388231121255 0.0 1.342059924154539 3.7832852402530133 0.5473457951388272 3.003014307296251 0.4439406149877281 0.4383406381102032 0.7491744643650105 0.27613636420572935 1.5096720194206645
2016-04-11 0.011578906182817011 0.011659746961972195 1.5995517855007004 1.441232865665763 0.600585927102928 0.5038955902320578 0.8883458059706855 0.9451576072093059 0.13559941459199149 3.6302182579670164 6.158577452260486
2016-04-12 0.02486142812454644 0.0 0.38337472208908563 6.4992443194934175 0.3738233232135578 0.20382773492078265 0.7978122220398989 0.06289772315133599 0.8457482669711367 18.950514284705164 7.858888103845751
2016-04-13 0.3485255524196279 0.0 0.032400643962380064 3.2421437312882526 0.8688806909557361 0.8608908561433181 1.5031910146583234 0.0 1.227554909832962 6.4556367886547745 0.03877698049370659
2016-04-14 0.22170881129939501 0.18526941900468502 0.16079246545960998 6.72188531428843 0.46997097728813775 0.5562168069000623 1.9335853200750204 0.12053561140417726 0.7848581891469417 4.441261754082445 0.07689093041581706
2016-04-15 0.06453797289999293 0.7208586701393982 2.0534570574262596 1.6100705909916997 0.45868722069761303 0.205178315233714 0.0316638098097681 0.6802045597010893 2.3466907477871173 3.022905194958561 0.0
