2016-03-08 3.034622295538127 9.13342666200489 5.072139428918337 5.285542952302812 3.759320472720642 4.099520804049808 2.7839840735446297 4.430317462996546 7.117211290893595 2.0851712347005384 1.5535037126993434
2016-03-09 5.508311754440234 20.354561315250983 1.7714021585431228 17.6968242308644 12.66084248692938 16.826236066277723 1.0690851338568628 8.783024408965103 0.7309251689404848 7.900846993247189 11.512398130272558
2016-03-10 9.36031646004896 3.31436834018148 9.286107481093216 5.385829345834923 2.6579488760206837 4.133195316709556 4.888956859092292 3.810051306032097 3.5864600799882353 3.5797358936704944 10.705160958127026
2016-03-11 4.997614937664142 4.558502400571346 6.351594810785077 2.4858411238213334 0.3639660009987489 7.077526398754671 9.051158008145729 1.6581673206229357 4.847304807024369 2.557032717992696 1.1796326778799093
2016-03-12 6.644262494744381 2.2991046973693523 10.218552938687665 2.8822066323705275 0.21105915014963936 2.676666590323913 1.021036042151977 5.1496103930471975 6.355745351096244 1.0424468715399415 7.589036353401911
2016-03-13 13.155438429476426 1.27790113816729 7.4601139850078795 2.1103053485030063 1.1509962496222435 4.143258395283616 4.6144716019993 6.295244858172408 3.343182173518862 0.5046684668063479 7.588247708287817
2016-03-14 3.6405982361034197 13.192422292258225 3.6480941636674404 11.566396510546763 2.541196571692091 9.775329683432492 3.338375724126135 10.570235508494495 1.930826579733615 1.0887283513818842 16.798949942834774
2016-03-15 0.8903852032207867 1.176051424550998 6.637614865319193 0.8620535414771107 31.766464002749686 17.73037623858768 7.7884556341508615 3.7012373410196684 2.1522775079816605 1.021776776378406 2.706572190531359
2016-03-16 2.1418071387601256 0.7477472439255062 7.628571576638161 1.1922665973615607 5.047693630394541 1.014850938374083 13.78294794001905 2.4139184689453166 1.9073419983266702 6.085120452843411 1.1406938028658637
2016-03-17 7.764917676043014 0.8165972329264262 4.427588968540475 3.649794177947624 2.5359999447665684 3.128001746809142 5.124971398710844 2.5860706064157344 2.0596598898391694 12.830457460606198 0.7205762759909493
2016-03-18 3.723819837398734 5.261840299746288 10.104592605279413 0.5868391347621491 4.602033675069258 10.596479404922256 3.417136143915309 0.949583969756254 6.116695035765367 2.4465883240603548 2.26429001053955
2016-03-19 0.8234320663082698 0.3660684995170001 17.797490830152476 1.7028692921552553 6.064138728839358 0.008132150391019348 1.027062933339465 0.07232343903957612 3.0633883029874136 0.894048060745315 0.662477329310861
2016-03-20 6.711967547801639 0.5552586307629189 19.470290148886154 0.6232904246006459 21.986347453140283 0.22860235542367754 7.737005495688874 0.8681973985246292 33.944196531815955 1.7349197856896827 0.4230362849739656
2016-03-21 7.543928731506868 2.3895467059358904 0.8858877272551244 0.7262047496266746 3.8734315453032084 0.5678066553679426 0.15245238333422947 5.890619835190078 6.917684878016803 2.5744504110827977 0.23648837651232896
2016-03-22 1.0272445322683104 0.4114542995316231 0.7014480593050421 0.003604912261413372 1.7763546996496422 1.8699460561172903 2.2170514997891106 16.344282182167387 2.8041047181936305 1.7445293373955761 0.6000551476447121
2016-03-23 0.0 0.9707439556184672 5.382473653905478 0.003604912261413372 0.0 9.741708741800558 1.9490025800739885 8.945535487961084 2.497345303504008 0.43593456454701607 0.8739463026416875
2016-03-24 0.1308560404307941 0.004848423626536375 0.04737067780287693 5.539629831663367 0.927939677248209 1.0156093927400982 0.11990039828930989 14.08694840422245 5.300637209471856 9.095392351728849 0.7972891248718401
2016-03-25 1.332772116771653 3.1992768327247805 0.9870988415204789 3.323020042933619 0.7735817368244131 0.6666260059117255 0.08419525718815399 1.3076774139425724 1.6825218388898602 0.5034843178674284 2.662784285154693
2016-03-26 1.6200719725437422 4.475756385813029 1.4815989674258885 17.909728873839686 2.7008747587778124 3.0729172936405904 1.9375903855727787 0.7406353278912541 17.459080819597055 1.2323770308407895 9.740495515171887
2016-03-27 0.6033866866970964 1.8146247985292279 2.918776320139718 3.9676336685139573 9.877699312096244 12.846726434977562 5.981284532158549 2.561103160610136 2.5346319518191023 0.5451681195553052 1.7699765535582164
2016-03-28 1.7150166895377406 2.653905018900055 6.770791945848846 0.415957029011686 1.5716977833108607 16.175493065099253 1.6503646381461476 3.088737872852626 2.2156746170163717 2.4087157823878407 0.2385764720294622
2016-03-29 4.211041463360427 0.7308606482795875 1.6706818727037342 1.5609682387275683 1.6968359423204122 9.470473397340822 0.3736433122793305 0.3315711593920697 0.34584858673056873 2.7385818026608755 2.4166862902257806
2016-03-30 13.42004240896703 0.2989281326845231 0.9722085335525961 3.663184979229287 1.0117114926232005 0.21080171541739906 0.07801166420254399 0.5167935174004512 0.546827122606899 0.8908776105050401 4.284881307139735
2016-03-31 2.0676480662033585 0.035931020028514705 0.5456709400408021 3.6702564919307505 3.7666166274972417 1.6536875565578515 3.4024995889707386 0.23452178874273935 1.1639976167680903 4.669438594805891 0.8439962789180484
2016-04-01 7.216651868298938 0.015294955686123893 0.40513326900295704 3.465724525450021 1.9491964485769295 0.06880499493245851 6.395230237430263 5.212459742702544 0.41673994625451505 0.9743125567652826 4.255843297467649
2016-04-02 9.986965133887438 0.24378666684816863 0.011204533207651475 3.065180688647641 5.047761094209032 1.00359488488702 0.3965802109974297 2.9690529926170215 0.5857127823745938 1.0331189343236433 1.2256230554068794
2016-04-03 1.1570389010670907 1.366586027519776 0.6386381833656776 0.1602609476821148 2.5107826518936047 13.424318731165297 1.2842438647442962 4.314262695107864 1.277585810790098 3.7471219768501602 0.9501121347526807
2016-04-04 1.5429486115858406 0.017152593649063276 0.23304311884656714 2.530465384034205 1.515573489420035 0.8168103786780212 2.6528614164769886 6.793124724732032 0.2850493272181727 0.48690635502616186 0.9149773192912363
2016-04-05 0.31296384340112643 0.25457234989219024 0.23928811966181535 1.4833452023448626 1.979988083421686 0.6342303772001744 13.577597719093475 0.696270560330837 0.007460210173175035 0.0 1.4868781731246234
2016-04-06 1.7800107728767025 0.14424763202764523 0.4497276841814108 1.6605194467501494 2.7104182760160205 0.3856306849157052 2.605900104561506 2.842950557537864 0.042003434148095764 0.07835330062276678 0.2009940954848649
2016-04-07 2.24355218327873 0.05233007630669853 1.3668782613843007 4.816752377960233 2.1534097023706256 1.0791113783847073 0.8676292189851438 4.8936153652774905 0.2690606115138653 0.0 0.9527452995639001
2016-04-08 0.98112552115448 0.0 0.007253928726318231 14.496012636495005 1.9886138800655795 1.1216271230990675 3.929053397439938 10.0151594213891 0.0 0.8133759092121648 2.631808416646948
2016-04-09 1.159497624948334 0.23782483102784646 5.450522892125627 6.324909885435401 1.7782152085208651 0.23600245983168933 0.01130450678973995 7.8462278204718725 0.03207572211675304 0.7666343068995803 9.366155767739137
2016-04-10 2.8608586453518194 0.11137365712370144 6.468092373714992 12.624557768889252 3.4185348951431287 2.5867544779957843 1.1925716011104444 6.846822858426657 1.44745076934544 0.14628034216067498 1.2842881227989003
2016-04-11 2.354025936997187 0.8328253570028117 5.274851429518293 5.609297479438171 0.7472868033623472 4.825052027727812 1.0449064027322725 0.18107172753876327 0.15630539630284937 0.4336110820454946 2.1914704438008012
2016-04-12 1.545663976052661 0.6898678079804337 9.745186731895016 3.353475028477538 3.9045657979065505 0.9635704374648261 8.255570398843501 0.5454148707312075 0.02495694437505709 0.44292128311380263 7.832994462004919
2016-04-13 1.1203886299780994 2.920700842301425 9.886380900379338 7.522771014736152 1.5620270830344811 0.22703468952868952 8.822876376505619 0.8701751235156097 1.329916870442169 1.2053161174226568 0.24763961736415607
2016-04-14 0.8065470861682043 1.8119145897604019 6.375084616916431 0.5951496476870861 3.5549477958664166 0.3769822658075064 6.371271294524481 0.6647349033921185 0.20884876716741457 1.247874039537729 0.8075658962927198
2016-04-15 1.915756915423711 1.8445872386863407 0.1617992802284821 0.04236717509556385 6.099943403306184 0.5538216685696256 4.869752662381983 0.43927689017256943 0.05142125586629866 0.3471299507053361 1.1864761453432662
2016-04-16 1.1186444132561 5.331889361702711 0.5405686943475854 0.2318898581024423 15.671326733401157 0.7351347032779709 6.4217171530674895 0.18155941339791482 0.07978364921275116 0.0 2.060692690915703
2016-04-17 9.223962786655534 4.180052386949258 0.5204928342092157 1.934041719261214 2.4715269866031253 0.11099787209931213 12.848066214178246 2.5815676673798476 4.646792342494635 0.11575371094376331 5.251689004171691
2016-04-18 5.060193054933739 0.23370116305102168 1.557137964884626 1.94613156364515 0.0252739467336296 0.01130450678973995 2.2429609278214313 3.1456893412437155 11.719289946451013 1.2665370196586587 0.9797229504652205
2016-04-19 4.335191934678531 0.4910231058974701 1.899344592130523 0.05682793671205442 0.041278335587141446 0.029710061432021883 3.378756660885311 0.8719040399917278 1.1684318762391075 1.3533559501406565 1.4105489625363703
2016-04-20 12.534658717501735 1.0948167870699659 0.24319436489218227 0.8304578477536692 1.0025640525248662 7.469485976160498 3.1915984279291343 2.6509881509913624 2.5303965242256483 1.0813465049473208 3.926866624597184
2016-04-21 3.6017660071428588 0.3805784687741975 0.44245423270973805 0.7248565462713743 0.17216841549212097 0.0 2.5289052352744705 12.051064781662022 0.7588131119030621 1.4247088652596678 4.109120721895685
2016-04-22 0.1209225423818855 0.41857761756291767 0.40375052619344765 4.099340569725461 0.015390262255695474 0.2615581907679371 1.3256644303298621 5.986421454342945 0.4857378098185563 0.10879308056558136 4.234260281025809
