2016-02-22 3.259868330386178 5.731010738056909 21.397444788763682 3.535903084550927 3.8448930818287033 3.020473467574199 2.9573719074446916 6.256125239751743 5.891244896449617 11.46190416291175 4.790776784000641
2016-02-23 2.847410101795333 18.089798884642914 16.240362011757135 0.30500378370864434 7.821521194387864 0.23059995957233187 1.4612661260664348 0.8640184117043874 4.3706628939779435 13.32990431743738 3.1930548668426924
2016-02-24 15.782544486041814 13.314297692303198 2.2397365215881875 0.5396431840681617 8.94234486605666 0.5801602111560502 4.0786049466726055 3.3695634698129973 13.761254362292007 7.09849926593802 1.5032792088574345
2016-02-25 9.353582270748953 5.435701627947246 1.5036061366571016 6.2828417437661015 8.53124212958743 6.934079101239849 9.362776984285473 21.14978235362778 19.66841641734769 4.856883060743809 10.180152056085593
2016-02-26 5.192051058274655 2.87218838481804 3.619673555079453 2.4123772509425745 4.7410481106348215 2.0472508415350195 6.113329564969313 2.527434346392493 9.541869888724998 0.564570410545676 10.0301902390299
2016-02-27 1.7025230487739964 1.110061749475411 0.5929963758508371 0.914236990515208 1.4454197790359808 2.6940490279970604 0.9772153274881831 1.9025484562849724 0.8949144289675841 1.2238182745203647 0.8875306855876439
2016-02-28 1.3579854954130806 0.19934682520640226 3.8687433263145627 1.4994333033944653 0.3655159251633719 2.286924018951287 1.3831875895542038 2.7682010953873077 0.34626242494997606 2.5058190780683014 1.6369412570607604
2016-02-29 1.0924859141472922 0.5299921150666437 0.4274447747858511 0.6243529068843359 0.9156892806465076 5.632557282608188 2.227130415415753 0.6346187072024483 0.543953630835253 0.42090891779124084 0.5494576908460237
2016-03-01 2.1634936060059182 1.1263299992121856 1.3675100410944676 2.267648771354996 1.0474236555801226 4.865395799141258 1.257507770807312 1.4487562451467153 1.523438541107159 1.2247722955338465 1.8668301492403296
2016-03-02 5.0542470939320445 1.4607769670758441 3.5822324164107098 0.857080484622854 0.9696573453834841 7.663689040615196 1.935825234993871 5.198331477793192 0.14778819824802317 2.4950896546276247 11.538916613550736
2016-03-03 4.124945877804921 1.8819494744390526 1.247928534004081 15.381934648713479 0.8700860374496484 16.38041849356053 1.1562421233356093 6.887129691585336 2.222472364174288 1.3623702476365998 30.670989968211092
2016-03-04 6.38989170604731 2.586467758402682 0.7755016647002724 36.681890648035846 2.1244709245891507 17.204319005369108 0.716905158652133 12.708830982681427 2.046761690465373 0.9425016813779925 18.640782043504906
2016-03-05 14.099325316620682 2.8050103182212274 0.2672920701757747 3.440315936911263 4.069205798476962 2.0988620994087404 15.321151888074917 34.98806319682991 0.6350369062640957 3.567301501804461 16.789528870107752
2016-03-06 23.0707220053114 3.5700741218459404 0.5760571837724214 1.0960592919927858 8.446387237194543 13.156184363492478 2.22792319925573 17.758625509362606 0.7829242899465734 3.5578809631862347 18.081906035143344
2016-03-07 7.844630019188281 2.0369055160227303 5.010199192484809 0.2365715666365756 4.775462033219764 2.011567326629351 0.18006378257717007 1.6526610037947946 12.332848504863914 0.8682785384417682 7.432189242654534
2016-03-08 3.7172603734200633 0.0 18.044027532552843 0.0 4.942519086032651 5.32800809489435 4.637416234376956 0.0 2.5942963732958 3.3546877789068605 0.7933959374653182
2016-03-09 7.448956148788269 2.073611530935588 1.3906300949448531 0.9172452825721966 28.635917788683816 14.592957940045572 5.850890370576504 1.7502409420646015 4.98877767303078 1.8165047302758686 0.8271879366426581
2016-03-10 3.2284251970153433 21.421703780478325 4.7517829354328365 0.5213386060360746 3.474657745289831 6.916031144099184 3.3743343385633136 3.1128631748855677 5.180466960792183 1.6717124089187605 16.206039760412406
2016-03-11 1.2413995436850964 12.259694536520291 1.6382298578388323 0.06284137558555937 5.4166189509897595 7.97624935757036 6.807327192702615 2.0849164974929697 1.4499620027269533 1.9195426344435353 23.091382736383952
2016-03-12 1.5438577895392813 6.3621338375112 2.9585255217572772 0.6996998050621204 1.205826468489722 5.964583365340646 4.334288773984413 4.388749107501404 0.30815893073274253 6.512260028014337 30.223567022284332
2016-03-13 5.894736431109074 18.00101181482613 1.7823932734122323 0.9099044882852867 1.563857859184797 1.3396724246746097 1.2511100792847185 1.320890026526397 0.19011686566071934 6.198530127685729 23.780346656067643
2016-03-14 7.7925513817617675 8.234265449345259 27.02653461092164 0.802996896682432 7.522608235660674 1.4275071753587878 0.965531648925804 2.7558190627015184 0.38361120511573055 1.4354520430076287 5.135636116622702
2016-03-15 1.2355263439622264 10.554361574308544 29.346629183242843 4.483952640461767 2.2036084779055605 4.694509920929255 3.4443922294521414 9.824061310778745 0.9883011142005171 0.14889627806457587 8.479806539167484
2016-03-16 0.11827945062088817 0.8231862643403501 35.64458244017441 5.370883284602913 0.3659529565138348 8.446774833834121 1.107893321241495 6.514289433571552 0.1224590657707323 0.6131446511515564 12.610857296676462
2016-03-17 1.8964378568154077 0.305251920593737 0.4664130952809705 8.82833090007368 5.234265447825004 6.084279905814334 0.6839438989742451 1.6786154477609927 0.16145390718873118 0.6676241275702568 2.053572071344645
2016-03-18 2.3411069356769105 0.08317118179142938 1.1483326650389143 2.4215024470189856 2.498193829867796 1.5950844596391032 2.3462684102537894 1.0252316644047983 0.2478546097370426 0.15090578757476525 0.2726513050865559
2016-03-19 1.4456318594902193 0.5919799872692828 6.870094809354906 4.294712987224004 1.8747636033795148 0.11140521973487627 3.092879971896064 4.902923864547806 0.09048726533971226 0.7383799541579945 2.101135807697046
2016-03-20 4.780311837846044 0.8631343013033046 2.288598268368446 2.6892690472480143 0.7632503725456911 5.748803584662896 8.714996807777114 1.4660112568801722 0.6537474267711748 4.551423986428743 0.7021693453317113
2016-03-21 1.3877520950001778 1.1122900724218245 5.956924890237804 2.9397190450643 0.03600516035572248 6.845871250836183 23.145860983590136 0.04212312037479067 1.2617060013330241 11.12016839530727 0.23696330888989636
2016-03-22 0.705870178554209 1.1622687815893653 0.02350310633221502 22.2819393798036 0.08615825033117352 0.2705722919289595 5.305443186365265 0.0 0.5518885851187905 10.350087959113086 8.881815283414115
2016-03-23 0.19536436938672197 1.747681497412852 1.1347048710666787 8.714048709773097 1.5409032217140544 0.8795675818094539 1.1579484843998926 0.40554975267782467 0.8338146726273896 10.919573385143465 16.859283601434633
2016-03-24 0.2754600219159663 5.367061950156961 0.7958547301509923 31.184582565603396 1.2507366858436149 0.14625174977452635 0.42686075489673747 0.4911091214797789 0.6971712139092213 22.492425597492158 2.129676502931635
2016-03-25 1.2871627106776855 6.622504621448417 0.004629693689864259 11.39720509911257 2.8889127196471653 3.8074636468466143 2.7106854044941127 0.010433671135727164 1.8312308828503925 5.008295939802376 2.2340553127278584
2016-03-26 4.667108082111643 6.717212967714185 1.8355895846836559 4.981338444188406 6.066037081016142 1.6201085050782429 4.619691815399442 0.15748203773966218 2.321144280383094 4.544823365570988 0.49872588269279444
2016-03-27 2.2867913549959598 4.820336501811725 2.6256501929814116 4.473356776310018 12.983162344040828 1.7467827521248034 5.5710877883363175 0.4470233788204715 0.15963324289224395 2.4719283280779387 0.3868538712503322
2016-03-28 0.14597496551779268 1.2492836360665307 1.9502885803150143 2.1582142002410167 1.332062562800132 1.011274589222603 1.9287086488509477 1.4986342243402415 2.2115657797920454 0.24763081367894782 0.18528245194120568
2016-03-29 0.6301154884995851 1.079656185586327 2.5638161536200554 1.7171655760755935 0.656268247947152 0.2903869280074344 0.2551282648283561 0.25736676738923503 1.3275760989101628 1.6646140051280114 0.16930800063898482
2016-03-30 3.179958153129185 0.49025719451833294 0.7886160898242334 4.557626447589907 4.090924012399421 1.704474488871422 0.1954385490533433 2.7647980750939842 0.3326414548822005 0.29774139850522197 1.7116633483048664
2016-03-31 4.696147779228695 3.4488751686358867 0.06534938527282061 13.61776478797431 0.4832313092554563 1.5409363315252609 0.4999713863140559 2.28962161797066 4.275444478812887 0.05821168107092484 3.669429520680956
2016-04-01 8.287322585809743 6.174538859573162 1.4206327334951552 0.9814292841318876 0.33797685657022025 4.308309948649322 1.1615847452565873 2.614960756712643 16.350279319632595 0.0 1.8533027553653107
2016-04-02 9.252005168789943 1.6167886908764575 4.01571587698102 4.193952755686155 0.3834096352428411 1.6773823842334148 1.0757451436337062 17.909104985572768 3.343938803528971 0.9043630791786651 7.822578148855785
2016-04-03 2.8857287014159465 0.7826498435271432 1.1832540697421425 7.132725666103029 1.1573332388508566 2.312372046131072 0.8652533360389083 11.12068304255196 1.882784832100811 6.806833442076515 11.970671567572092
2016-04-04 1.4696176119094142 0.20839353182079787 0.04798858419689429 12.977716686863475 1.1193570477230614 4.933251554567854 2.01087118899133 8.405873602338819 3.7446506467100926 10.390856412774259 8.95410170719062
2016-04-05 0.6106711665756306 0.13068029206127402 0.20116796570613138 0.7184308420730392 0.12172158243096994 7.867054295239764 0.3530326322819872 5.6099770778106 17.35349833510404 2.1084529039341797 2.325206303382412
2016-04-06 0.08973443984083518 3.4563709312100404 0.23668320560778908 0.3833268981739756 0.10584628449218653 6.845064871013042 0.8102238395903434 2.4752537108439108 8.50920018862558 0.44641678590940514 2.3191296509165427
2016-04-07 0.017104354905567477 2.248094913895747 1.6491451974589364 0.20769147034436666 0.4714261096853678 12.434331910135265 0.07939586434078419 2.5100915596847146 0.5271442815045144 3.8435127628199552 1.5858068649012673
