2016-03-15 0.3205487687248033 0.016109074387324628 2.309802518091055 0.864029990526672 0.08585937231187568 0.5272162195192465 0.3390617804374024 0.4238691962504686 0.9176317983860809 2.641409051227523 0.3104340851029689
2016-03-16 0.7038902032296106 0.47175188409031915 0.3617144878479293 0.14874255363066954 0.30106755140777286 0.10769751759020499 0.9001832110911887 1.2482707533292472 0.4748902522917634 0.7495250153390889 0.6608219829870985
2016-03-17 4.98705214184904 4.543372721439889 0.8555324833968619 0.22013699498992662 5.012159176256198 1.8328688814906315 1.6010859979560912 4.923912805314853 5.654317801782582 0.49978884218316294 5.044166495638562
2016-03-18 0.6111194499396948 5.797724960938013 0.03399060647728715 0.7353865246688024 5.643704440983777 1.6761854343888183 0.01573864848119128 2.729316829813089 3.3237769848052796 0.11665909094355054 1.1345785817760556
2016-03-19 1.004763951139768 0.744326504650074 5.188488982654208 4.604328952434265 21.78859011517546 0.5492419674879161 2.0933673990119175 1.8570157874555047 2.723050939303079 0.3303808343666961 0.8489909433888392
2016-03-20 5.590199230822549 0.7360057974665117 4.0528829182823305 3.4752443675208347 1.9411030893552255 0.8745278949285392 1.0920104908926753 1.364687436108074 0.5147319915880115 0.10894434754575924 2.7467770058133514
2016-03-21 3.5511769266078237 2.781617983369341 2.5238727854885816 3.3846138793965053 1.9091140237183821 3.1544689719638717 3.7655887775804153 0.9723271983749596 0.25867035796429116 0.29956770935381233 9.391587561251972
2016-03-22 2.3341377740330884 0.19400102563112454 7.386433049778452 1.3117894590239163 2.14392408916487 5.445729936059827 1.0601464350616183 2.107862665220733 7.176648520736787 0.8787052169560245 20.306583474093227
2016-03-23 5.73998770053513 0.6608525557901631 1.5069315941658403 1.2774559994839667 0.5278535085416725 5.0716187526402035 1.994129478961501 0.8970855679348534 1.6637882446086236 4.792613342700336 10.330804805976566
2016-03-24 4.890967483234208 0.7034520874885666 8.862465992557215 13.02752046800388 1.6786170408341246 4.561875496731025 2.196920725829335 13.678125548189803 1.9156729764965668 11.099620046591571 21.768181868620232
2016-03-25 3.0541381242120025 2.8318307740040183 7.949587097314845 5.094441752316991 6.259261687258693 18.002920654744642 0.9173237439628015 2.163629995193766 2.350896610140462 1.9491289136803935 4.756608740899985
2016-03-26 4.540081423682603 2.477517464578137 13.853816186951818 2.841372966212675 1.4654660655463223 2.5246524246243673 1.768067025064839 3.39066972000919 1.4932637941595233 0.4199882685631485 1.7651087731928152
2016-03-27 2.909585259383924 0.11614853984579171 31.065647053980655 3.420284145311072 4.351924050674717 34.223863671231605 6.533746606494162 1.9870137371012526 10.60101991109829 0.9992478857697702 10.86505018737968
2016-03-28 2.6507714840178527 0.8790755177429604 4.5941207745305315 2.406191249403382 9.362930912280417 2.724459503506575 10.3300899285837 1.5133001042794083 1.9210072233694175 2.752176491037182 9.458187967189819
2016-03-29 0.965247206536421 0.7248297224670865 5.053260925085971 0.717935701022465 1.168158282711338 19.503384687805088 7.172939821411246 11.476148777046664 4.1888842779622575 0.9892515959122743 2.7534630846912957
2016-03-30 1.506297454324672 1.122462386336927 4.457851982182504 2.5283305844843458 11.9425562653769 0.37603517436624007 2.3627605397732165 31.632855970986668 19.212672603274605 8.998416393848064 0.0
2016-03-31 7.451908069826286 1.9765695139850497 0.7642782197001462 1.3457191524202923 1.1233471132700608 1.1116488644217946 4.159983937994958 14.883527432917278 2.0929444961387844 5.279007550597982 2.4445100838164953
2016-04-01 9.209236969579493 11.804191912464272 0.27614662120116085 0.7600507312982885 2.63111319736991 0.7442424031915919 0.6167302073249448 18.434114252691163 18.66604529995302 6.769548698183927 0.4635189733403598
2016-04-02 11.355604102754189 3.108622903458782 1.0693694097404838 2.0144975046884426 0.5213256949284272 0.5240569142792187 2.21032365345736 4.034317121392917 6.402424496214085 13.276151206176312 0.26477813613135903
2016-04-03 12.325375424558159 0.9508208349113438 0.6360188069779109 1.907621341391109 0.8816831203728965 0.2847579847804717 2.5282242981952217 1.7056489628510547 4.8750027772318045 3.02609764387696 0.23128724046996021
2016-04-04 11.647988262380117 1.1561996264099745 0.5311392827225587 1.0251403533388666 2.3936576622029797 0.3300243039708479 0.7601813721471371 2.82628362678338 2.173095073731504 1.1277894134708397 0.9977759883193209
2016-04-05 4.325563380665923 0.939593259024093 2.444701754443896 7.679395203853659 3.931537345819574 0.4874167121597302 0.05979348921685035 0.09077613676797419 1.2392104149786647 0.25943170327353327 0.43535279508333
2016-04-06 4.198448211604517 0.03377058909741632 4.974696287744138 0.5293845755032658 1.9496727594986223 5.016683640815009 0.7548223569962557 0.20026409448131668 0.08566054181166619 0.3445098689616626 7.8790093967620205
2016-04-07 1.7041486689432903 0.22936524448103196 7.57837708836023 0.8721844336438165 3.331553190374869 2.7804136590124573 0.08261168130594418 3.239994587890462 0.08480744569146714 0.5887398955305256 3.218702738170516
2016-04-08 0.12119607446104819 0.14041189985014274 5.654056791360487 0.8383163168063034 0.7826904549253618 1.859335301987168 1.0940412762514302 6.371852453139862 0.0 0.881665794104177 0.40622102431493634
2016-04-09 0.3986536868825843 1.072092769576128 7.045766345356687 2.5593272312878215 1.1395481563618304 0.8211558034617747 2.0794727384039153 1.4144139859912348 0.004260377786548424 2.5893830194890883 1.3865752385385157
2016-04-10 0.4935636991634383 1.400197781525119 0.46696737314738357 0.6975345312514782 0.4300307274110421 3.8213081184916646 1.568603499802135 1.379970252533068 0.34365549566966236 4.319502451512889 3.4814177202581194
2016-04-11 0.095866289307313 0.4206783426333848 0.142268529958096 0.059004562951903934 0.20259217307833674 1.3602383470605002 2.7460735548722544 1.1822251203416956 0.12889897514311688 1.6293377525020285 5.297277742849237
2016-04-12 0.8382128518496162 0.2710982299917149 0.07851915578951993 0.19502783820680794 4.29345655500814 1.2753007214547931 0.9791055911267297 2.0095538513762934 0.010512004415078312 1.398068611770153 0.5338517428742109
2016-04-13 0.25528365646672047 1.1843943321688155 0.4927034870864362 0.32585745688671863 6.018898917970741 0.8871701241980112 0.569849376447676 5.419774286892028 0.12111052192241506 0.3370528929493361 0.2726739626795681
2016-04-14 0.44903353096933096 0.5957551544321162 5.337658761828456 0.0 0.9630092448020151 2.3594640897001735 0.4893394826533922 4.670601043105411 0.1227858896321827 1.6082475318966605 0.9752579185241576
2016-04-15 0.07940508639139873 0.4918601369026036 0.029342359040743733 0.11607677193041349 0.7026533035013447 1.8585175679933439 1.4895644963880208 0.1371122229822324 0.3940415408382235 1.2124312624554923 0.9153768062072851
2016-04-16 0.19987134911864674 0.07804544721294623 1.0425096071050184 0.15774835129386525 0.7581307044332807 3.170003127060513 1.5289319037512565 3.9888887158713078 0.31049463469816885 0.6450621453612936 0.9435701737140044
2016-04-17 0.6807543995232153 0.0 0.6209055192187101 1.015168987928074 4.799697737263166 7.608765097923496 0.346747313171294 1.5163947028391334 0.014410080568360517 0.9248910608465235 1.9728682739852141
2016-04-18 1.776477541932553 0.25938774076442406 3.549396545461129 2.137348078782746 3.7148694099361075 8.409000167231058 1.171797935725622 0.14778351923329483 0.6177145323110946 0.9499870271365105 0.2824645807511721
2016-04-19 1.5659745317215625 0.22908468080504227 4.24353845499197 0.18270788257122844 0.35870711714425385 0.2914398672822157 0.9845166265528283 0.39707495271338294 0.8639280172356694 1.1443386448270638 1.7813295627541659
2016-04-20 0.5811712536387179 0.9226859674157213 0.05177872435667708 0.0403767819622477 0.8123871853987275 1.368777189727905 1.1823735543737506 1.556671909160927 0.7577288425432047 3.68218848163767 0.43826934072270063
2016-04-21 3.8536177136470036 0.3566257835494592 0.4584307584014753 2.15785362658768 0.01528275405161776 0.6238364990380678 4.643317021500735 0.2112733620034604 0.8115654059852513 1.6471868033694412 0.0
2016-04-22 1.3253580683095567 0.5321220841179002 0.20838515680534936 1.3598624130976567 1.52838610227712 0.586478147503414 0.28882564707864344 0.08026413235289587 0.8237313180956204 2.6866502261413956 0.0374486478708277
2016-04-23 0.0732345169621281 0.045096729960667305 0.19461064653575572 0.7046528177684503 1.9486928342824137 0.5171080016593197 1.6221216294622087 0.0301844018151829 0.9062570174520095 0.9779969015863861 0.8763434993186008
2016-04-24 0.015600766792918764 0.7880109411186803 0.9077845748536153 0.26856559166092187 0.028013791127912975 0.13925125156093815 7.761482872125855 0.23941743208296926 0.7779723880698026 4.099461729429783 0.6816940672620448
2016-04-25 0.4192931152937908 0.5187132765202077 0.010512004415078312 0.0 3.490013186440641 1.346712376548937 23.18258343602193 0.15903043969657485 1.8782299813307506 8.045917618407287 1.265708321879358
2016-04-26 0.4514825576727407 1.0715707498873124 2.3329325202472213 1.0642143500343018 1.6844522994776914 0.0 0.8811329525876744 0.08955494218265073 2.832122677824037 0.28402852286096375 2.541658771708836
2016-04-27 0.20559594105852796 2.3563587361212974 4.977017479619989 0.2597167979930655 0.9379550105152024 0.04883734907272818 0.016332767549493123 0.19581266350245216 2.46415683218481 0.0 2.872084990273227
2016-04-28 0.5119022514802902 2.088676034153748 1.8881386861781821 1.6861794828546364 0.0 1.3542043772989607 0.9272633117662112 0.12994715862772574 0.034824524978859184 0.7707425493756566 0.9764303744004568
2016-04-29 0.062363988224681983 0.03177969808893738 0.9016868571586246 1.432024058596521 0.0 2.4233397792445928 5.246187816550172 0.3746188462267639 0.6377449864387075 1.796719824514322 0.1512692883673672
