2016-03-29 4.321328187464891 1.9017108929503168 2.6435182459978033 4.764739001791362 1.2081049362337417 2.156200987071977 1.2562254735271599 1.3245571000442746 1.620454573243757 3.099645029124602 2.2321991463020137
2016-03-30 8.60297983345556 19.426820880658532 12.360518632 6.0229673111827715 3.6057725350057064 1.1985048014738342 9.195912836583693 10.05822242235304 4.921177770281684 6.820724033336742 3.430677914368084
2016-03-31 7.650647596173803 2.146787466181634 20.13101347974215 14.450407941390914 3.0790145703185705 4.9373352596233735 1.4538985696150717 6.588456907836124 3.386424532481756 8.77356636424857 1.4882918972624468
2016-04-01 1.7131033606875885 0.7134524197573328 1.40427650702373 3.44622735399424 0.6518497816944433 0.6658631706152287 0.563418060644418 1.6956399596816278 2.980164995547978 0.9581493467847277 1.4625039590878917
2016-04-02 3.0681838524831746 0.8770387660010055 1.9407359366108485 0.7256401289935693 1.4029798676375285 0.7277160310548835 3.971439004461412 2.050059978304229 1.098442070816423 1.3130177693674756 2.384588241623103
2016-04-03 1.6864014274593597 2.2448093781156055 12.288853527550522 1.272877664053779 4.952893791472979 0.7931780575720271 1.081431297198448 2.2890318303547357 2.6932298390425653 2.1802140430548462 4.480208415261855
2016-04-04 6.378667987559949 4.973555308761158 2.787504393984891 1.5699493614854052 13.899117127305342 0.31127098053398683 3.1075406435083677 0.5655636123033498 4.825501044360189 24.40025582113909 1.0571767774157468
2016-04-05 0.9485513793170429 5.991697058811033 3.4735714778983504 2.4464556084529177 11.156796096726591 0.7585954080854647 0.7185634812527091 1.0364963942813414 4.070267443831011 3.807634104282166 1.1798130067796209
2016-04-06 0.5546870807699202 0.9542739756786952 1.0818883598694486 5.2633417539755545 4.359401993384545 1.9800894642374158 1.4393335923169264 1.1457136074037775 14.634284794253086 3.3823353432754235 0.26116857581874464
2016-04-07 0.9334310820845184 7.612539854491299 1.2786655559364808 7.9108926880312955 0.6790536074027784 2.0631523990644034 1.3183554392207297 1.9463582134436477 2.6444309695212582 1.5731455782928467 0.9164968249509394
2016-04-08 1.3790524820027346 2.0469289546196032 0.7631949982418704 1.4537046881717095 3.659769423862815 0.8096904888383172 5.914431925130339 0.3178184356129081 16.42314647162797 0.6942996566505311 1.626594336026532
2016-04-09 0.7360091551144015 1.2583425641890367 0.13483042843867013 0.9140988213504249 0.01966194107693552 0.6179848478852049 5.093648689644449 0.07768983466508733 2.2662446862890047 12.290036351384138 1.0358153414580311
2016-04-10 0.33731997769739164 0.49032074124357083 0.7438915024747608 1.4918318689984762 0.11196895093838381 4.5720492271275255 0.9893111882529023 0.0163998540912764 0.23365778045976737 0.2636585437803636 0.6614205737052135
2016-04-11 0.973215537882622 4.749850238834258 2.288543398792901 1.483602153405562 0.6455816278292692 6.350413657478976 1.4062736008396781 1.5132884890249776 0.375501474215978 1.6695919276677955 12.890263615158624
2016-04-12 3.365758766551842 5.640754132562161 2.0768936536349036 4.855955105537445 0.12159829140480723 1.9886618511409604 0.8196278143523499 7.1150129075090724 0.7895825941363749 9.232173984907842 13.922574560241973
2016-04-13 0.15367731798676396 0.89669833918181 0.7320056623915107 0.2097852270942887 0.08420264475511006 2.5262744802988735 8.350403170383503 1.0055358027739159 0.0 0.0 4.139509114218446
2016-04-14 0.5933940599898287 8.535368241584253 6.741855281456525 0.03324311109309335 1.1056963990276167 4.764334797548375 2.380780491792617 0.2730881981676395 0.45088790339887497 0.17657116761887287 0.7294090658867209
2016-04-15 1.4838825227856278 0.8297018344315252 13.507096474548963 0.8894896556318612 0.15846443934169158 0.2676235511907386 2.6540936275675353 0.3343463371383926 0.47906533457671535 0.3440038717713181 2.6055549666251316
2016-04-16 0.02429173614201915 9.592317643266934 1.3293230578070636 8.948730660995302 3.3485479341937845 1.7147539858477328 5.294632357524194 7.578850199907243 0.6982322985117158 0.3486954191847678 1.3245408525798958
2016-04-17 0.47907070606971175 2.5385626084415627 1.658165527148039 3.3034728228790318 3.2111743848769434 1.8091426865007358 5.466071484428759 3.1746651567278663 1.0239367734287437 0.41627597785219345 4.115714450444498
2016-04-18 0.7520599205753349 1.4140103987258184 0.043041670683819776 0.24199256871095465 0.14121350238680266 1.0205450758737094 5.837173247807483 4.420926393159133 9.176810115586132 1.6353145664070907 1.3252573695948482
2016-04-19 1.5997623283177749 0.6558412097454769 0.08843173140683534 0.0 0.0699720059013696 0.2875855494448155 3.052991618966215 4.053090080843955 4.551402941493736 1.499164916738105 0.1391738054034889
2016-04-20 4.717848516408524 1.587348162210731 0.09556909780469491 0.04853087307963118 0.004923838121438682 0.8139655210461545 0.4134201607444524 8.109983575633027 1.204886487861833 1.9217192739248334 0.34610846952157936
2016-04-21 2.562259096420199 12.774224916083462 0.37512948141817415 0.48052217799951324 1.2172010222475511 1.6854229527180875 2.076193786470834 3.362940941893247 1.3364598991543188 1.3666125031680074 0.13492296925320799
2016-04-22 6.203223437528726 10.479352862710211 2.5532333599353128 0.36437461707737023 0.3649802577524024 2.9684335311892918 0.15601919760266683 0.5807243190862654 0.6438949893151951 0.02141623301750585 5.720523746920332
2016-04-23 3.6118146403501865 4.542347651093849 0.2833515561097042 6.86995231905186 0.6563122327673228 0.0 0.011919626042051847 0.6182709032437822 0.8271215968466847 0.00816610059886446 1.7739459174432306
2016-04-24 1.0385614435637764 1.4540995243452735 2.2239233609515834 1.4685923937703786 0.8702825111484662 0.15919650595042714 0.0327363813360527 2.6713821801371997 0.651034792915494 0.46196673684108464 2.316487091815144
2016-04-25 2.336905655862231 0.32176047004621555 6.737077946101948 1.626316264687589 4.1844769766380105 0.10125154228174853 0.2020917102681102 0.6335517955143292 0.6051965176075558 2.327103798347345 1.218705961896622
2016-04-26 11.626653950392503 0.22739947188965912 15.957632412052691 0.7690525452944901 1.8967347127498129 0.4802679851101278 0.991712375458436 0.9832821066913842 0.7826951101224081 0.12462702262460433 0.2257257196744958
2016-04-27 3.547577517015886 0.5684338456029759 13.641425563505749 0.11903401572192102 0.822270760184119 0.0 0.5186197736818564 0.39813123995933924 1.0503881016542111 2.159037439986346 0.5691830712206727
2016-04-28 2.9187406805041243 0.10067532624955133 2.1375312545953276 0.06826512926953489 0.47814037480592714 0.7567039327266005 0.8701962144228441 2.3602955086479858 1.464602883779231 0.4975724050425335 0.307101026472329
2016-04-29 0.28357770039798386 0.011710136003636072 2.9014191496299193 0.06495096572919079 1.0590478655727664 0.07559607366696366 1.8840325371390705 4.845692929864236 0.9264555317143173 0.20565590669733033 0.14273800244501825
2016-04-30 0.040715801686815545 0.1618212743387065 1.5788307650203701 0.0 0.09190811278069587 0.0562128993717002 3.956488361573308 0.07388726956052774 2.330511754292142 1.6761338583722498 0.22978858110659706
2016-05-01 0.4317687123180075 0.3717275237765253 5.073816757851695 0.47524485355358076 0.20634907000191394 0.4089656736555853 1.6631701079014676 0.6098167579297171 0.2450524325132694 8.828766980169618 1.741612833121079
2016-05-02 1.109905942033214 0.20363363149369695 24.07627995986701 1.7842771056119242 0.025667068720056783 0.13457614661156078 0.3536688130588329 0.6232664100608934 0.04106267563325541 0.07135462605277491 2.8457788558677883
2016-05-03 0.9107262506241552 0.03836094079176185 2.163159863488917 2.0925660445041174 1.2501255211071234 0.058090858559990494 0.5087000164809279 0.5413306207888176 0.01964644261574956 0.9962513794509137 0.21187601303070502
2016-05-04 0.2375761354655643 0.1978206376114933 9.266478871403475 0.8715674296793725 1.2114936627841502 0.08042312239329347 0.11030720076019176 2.5843598097410947 0.26720058478151787 0.1389114911211649 0.6654236521812332
2016-05-05 0.861375729669014 0.149406377324876 0.6795182932048086 5.395556310612882 1.1063599097286234 1.905310204124579 0.690620388601262 2.2002776538390005 0.0085848227598353 0.004923838121438682 0.004572768854015323
2016-05-06 5.018649580804839 1.016729181591543 0.23177275549993603 0.04531351133580634 0.8139299167321292 3.1982465035847527 0.0 2.024096904586863 0.0 0.0 0.15611598389951906
2016-05-07 4.266063928995461 1.2741836757635956 0.056366142969355486 0.01137881340211435 0.3653947951838224 13.5872380817789 0.0 0.07367778124090575 0.0 0.008004361145738315 0.06427796286257306
2016-05-08 0.3677465122378777 0.10112135451702056 0.021420481222221528 0.048810053623419065 0.5518023891819115 0.6677622710747632 0.00917467382398961 0.8720156288338919 0.0 0.15134963729251727 0.44772907241989596
2016-05-09 0.0 0.18425697131784352 0.4831904417103583 0.0921852563304181 0.6248856807955888 0.0 0.16572124940557342 2.2287948493714476 0.028557848371842276 0.8538871107943328 0.648499420662955
2016-05-10 0.0 0.0 0.044474029858528136 0.03271189506488676 1.1358710192487234 0.0 0.12482484696351684 1.5791998122488073 0.9789398679641222 0.7345403520552272 0.10083963882780009
2016-05-11 0.01738813701572296 0.012290597617733056 0.4861960507187593 0.0 0.029679122625876755 0.4679874593548014 0.2512236938581994 6.262668202822315 0.0042508357025509294 0.8394301056681357 0.11179561294198677
2016-05-12 0.012599025517948219 0.0 0.3004185844702255 0.0 0.012245807398231917 0.05200260665028036 0.4392861782522328 1.7755958367534883 0.4379467830550894 0.07276599654364865 0.24855330474921675
2016-05-13 0.03934219932588803 0.043295743143823895 1.48680651666418 0.04507472953907539 0.023541547287944525 0.08036021029716242 0.5662207072353933 0.49947532079162155 0.019963636161949648 1.1535264202338487 0.6669502838005258
