2016-04-12 1.6927998641019038 2.618404764396021 4.109226727353164 1.4207686153586832 2.628047298537786 1.153272444757631 4.611153360077338 1.5748548691117445 1.025277804456151 1.7486290502182007 2.693312836712632
2016-04-13 0.21838660139346133 0.24590788392996668 0.27497399100602016 0.676117810196132 0.07130584154591282 1.2169827343552768 0.18084152741124215 0.044675401161108436 0.09500384289533484 0.0030426837226022892 0.13668644921780557
2016-04-14 0.9827993432238251 0.11649221462344572 1.93530877195402 2.849225909534077 0.9850172907341683 2.951521055189007 0.1562966442661191 0.3578801847602457 0.41281276810749834 1.1070190377531013 3.4698976353766406
2016-04-15 1.5918118341399228 1.9644669850833183 0.5419671079415727 4.879630010006488 13.45708396844155 7.520274036160796 1.278363974528402 0.15598139133744768 5.280840454475371 0.45724212674033327 0.7642623058999282
2016-04-16 0.7316273367692301 0.46780246495644895 14.687655733816706 1.8305461666384877 4.762152637929509 0.7800462398781266 0.11742127658715118 0.9955796042273546 0.1477543061934144 4.007616761775425 0.4050497993711286
2016-04-17 0.1758626989019772 1.6417479308043603 0.014218261432517417 0.6270430048789464 0.05590317318514665 0.24504152392820358 0.04653000664870237 0.35111060345934947 2.897088110943215 0.018184900334426664 1.7790243808324981
2016-04-18 1.0740159363929949 0.9056917421116092 0.5338835397789209 0.09303202882184838 0.2851485654227412 4.420919234938195 0.589431021986871 2.949929654778595 4.49247977287788 14.704430594203856 1.7080685432797158
2016-04-19 0.5651592299426955 0.16334943054810017 0.023734889253997818 1.0328432012073994 0.8288189195593237 0.2508804493798719 0.12958183559534764 12.223883064090467 0.5453547205115143 2.2302095569160247 0.4590637637887601
2016-04-20 0.6097771760426699 0.3152785905256367 0.17844418817713537 6.119479110129529 0.0913259964791742 0.016393088217997356 0.0 11.65434342426483 0.7161372475486112 0.6929016905158927 1.7614147956035748
2016-04-21 3.7976338954208138 0.0 0.23659058205062952 1.37442781614052 0.02629289110620759 0.18059283792129371 0.48742896998089813 3.563273526790656 4.619889028508739 0.3409676652740621 9.1702679316511
2016-04-22 4.324918117873111 0.06314523491594304 1.6891540292973843 12.054261221698464 0.015415044319216722 1.1119137589385049 3.0242328724281764 3.1390469958828047 0.0721458266476283 0.5409756864480842 1.6710498667167042
2016-04-23 1.6921463221365929 0.02176119509759511 0.4209101631028863 0.89631345710431 0.0946294637588153 2.9554733616296325 0.22178981676272683 11.040199308607702 0.008410790602200046 1.5057899098791716 1.4441375081867525
2016-04-24 2.440828604206499 0.42485935399356084 4.0081585916947 0.11127273498832568 1.6546531572294174 0.2264964722448634 0.05377904348068411 4.638607483719685 0.029846543216039436 0.36823514311753097 3.8179174562619393
2016-04-25 1.7427705446813546 0.0 9.005996240857655 5.481900700209412 0.3515549442987206 3.0063332197399824 0.6489062078866145 1.1007267016572078 1.986615637598677 3.527541759168785 7.796301533465561
2016-04-26 4.080338112359889 0.09783655109865098 14.625440805675753 0.86012101437415 0.3251574515452441 0.1466025726525188 9.775552371311832 2.9829505163656975 0.0021713038768768943 4.075271379094958 5.098186290797546
2016-04-27 1.418771850586046 0.261932315876253 1.1201284841460997 3.4300893118881346 3.209025605022245 3.873464629831421 7.675954577571611 10.572821184235057 0.0 12.764402306160811 6.508043103652531
2016-04-28 4.46231240973191 0.3272252721938416 1.7714074624867058 0.9673777534003402 7.3391829134150095 5.952592642311457 2.282578288820774 1.6440490232906446 0.5437256408160066 16.787108014429947 1.834182712036307
2016-04-29 2.6844454443411796 0.17036935125694083 1.8356588127665188 0.15858504297254736 3.3256920725452 1.6201237988444712 2.1348485589003436 3.2202996328831794 3.832553711005544 0.42378582917795904 2.2478657713895736
2016-04-30 0.35420761241128956 0.08206135705699354 0.9745791211365384 0.11383958115897057 0.45334287042936794 0.10477795372384548 5.851102481934923 1.6659112484360916 1.4789965507089813 1.4260628704626823 3.194501575566944
2016-05-01 0.16827195355141178 0.2495219896192457 0.5883504853651103 0.5262447545242934 1.141917416484473 0.8733809187941075 5.383070911687148 1.6928822427731518 1.6193651448259065 8.556482955922574 0.64227788655225
2016-05-02 0.5220818832163024 0.061406037575877113 0.13332435279805438 0.03474058985537627 2.0092301222047655 0.2636968611828894 0.06277265786912145 1.5667157402493799 1.9233951882314102 1.1604507504348929 0.7646960596999939
2016-05-03 0.5130749092476417 0.9469710920706215 1.3478702539668388 0.3113259666195013 4.444003267856127 0.6953991176648633 0.016643273272053102 1.1297734793778313 0.899587157998716 0.4100114117736431 1.9721522784960903
2016-05-04 0.49693118107584566 9.174324447532323 0.09662068999212502 0.34367264735605124 2.7110092709911626 0.05654889959977394 1.5592179311206922 0.35369989807929525 0.14468357752421224 0.6093330714067922 1.0355985688773166
2016-05-05 0.46832044890748026 12.514442705786088 0.5038865594536873 0.0 2.143257433400438 0.1520216002229085 3.8417292423702762 0.23423873141751744 5.466919936106114 0.5321243750292255 1.0337743472230212
2016-05-06 0.03276840543948216 2.798239825215891 0.38848940819911976 0.20103286206254284 0.5271977669858153 0.31732727561901186 0.5284028506295062 0.6442081573989556 22.5074015319023 0.907591917705733 0.015343127754726155
2016-05-07 0.0 0.6832376531255036 0.164903150695756 1.1416258991917925 0.025512456927901144 0.1914831120106678 0.13459816348194545 0.07758915031044425 2.3509269827237214 1.091834632046245 0.6818093570090642
2016-05-08 0.5472325886505045 0.45981115991744903 0.0021713038768768943 2.5493073059460576 0.40607953371359073 0.01649613872064437 0.0021713038768768943 1.1511254049233106 0.836684082485632 1.8629479100203616 0.45833792434983495
2016-05-09 0.424412646770546 3.165182774654874 0.09185113378176549 2.3449912683269165 1.2319237339727263 0.20729307079519907 0.03640791007373345 0.41103808393703045 2.070461184714824 0.6530049901702366 0.8084125126708799
2016-05-10 0.17792942104596188 0.4472205096187594 0.6674630467726765 1.2322048095556057 0.5816824019142586 0.07017213245105153 0.013089621162221255 0.26362164321126297 0.8927466801875753 0.26075391989656554 1.569944974018718
2016-05-11 0.07296971627504999 0.020144350048303387 2.53512852627619 0.2724207821179037 0.0915150849578979 0.02121185695493181 0.40938300009777184 0.5970694059883708 1.3082030458224516 0.0 0.1022828055185199
2016-05-12 0.7406182469947848 0.5556728561647835 0.9052649493080935 0.552648480378804 0.017514431631603048 0.36783262775367964 3.1648447076319464 0.9739587732893245 1.3574837174274441 0.2068297659472461 0.11840781207412089
2016-05-13 0.0 0.7307856782893618 0.026812380959052643 0.1277322514314707 0.48573163952150544 1.175612116701919 0.3710919389616383 0.003826479817224195 3.1781241784061103 0.14850479088981988 0.18297538346366346
2016-05-14 0.20007445743895258 1.287758236539366 0.45341450314317966 0.015446490385353796 0.04447779205921196 2.1694971743338827 0.9341929857141326 0.34221876831412895 1.3554592464473156 0.0714248832367793 0.3152366851923244
2016-05-15 0.33930621178672393 0.873251359027476 0.37821472393270683 2.549097033127073 0.01680255210147171 1.7969556321662126 0.0 0.49918690384966624 1.043992334429812 0.11036654908815988 0.0
2016-05-16 0.5136193620009281 0.0 0.3297101496982232 0.1243459751496359 0.0 0.3115080744750872 0.12462644380050611 0.6199893864711422 1.491986113170579 0.0 0.031111659843142042
2016-05-17 0.05437028876518646 0.34559386264794817 0.40333601601776975 0.0 0.0 0.0 0.012816793454828905 0.6378181442122429 0.29723910544839 0.0 0.4405487280358877
2016-05-18 0.3981699791106055 0.0 0.3029794649506452 0.10986570545705998 0.304948825446391 0.0990544961557987 0.0 1.9492011985893836 0.3533942766379473 0.0 0.0
2016-05-19 0.015605595754229323 0.0 4.254254177132566 1.0234651035178202 2.252875407096898 0.021563585377120924 0.10312607984754439 1.5521643767506108 0.6036393910135304 0.4413620712592673 0.0
2016-05-20 0.6614104158381895 0.024333441392330867 0.531722792056541 0.06341806334579299 0.044724072921581925 0.13912990657179974 0.13668980797468858 0.6690700608734041 0.4891995660720057 0.12198988933547202 0.0
2016-05-21 0.15977586746452482 0.1190484091874261 1.335283553371142 0.2971077044957171 0.08621717497161967 0.14566498469563544 0.5868212315011743 0.11092281234685852 0.2192055302009987 0.0783449021781772 0.0
2016-05-22 0.07728109026438301 0.09428289971127674 0.12384264640934506 0.025295818104498574 0.0 0.0 0.2433633706458423 1.4107337664405128 2.99113206853001 0.005368106879597758 0.04672431388283295
2016-05-23 0.2749414593949561 0.0 0.9514097942161859 0.03746117195943225 0.014289865869027361 0.0 0.052353204767199485 0.12394420125049424 0.018564392094874246 0.06659583830401215 0.024963118206834195
2016-05-24 0.07920783949175156 0.14495640673198562 1.2935705151597932 0.15976592450565635 0.04180400181793919 0.0 0.0021713038768768943 0.0 0.0 0.0 0.8733028797776622
2016-05-25 0.07873891438146656 0.0 0.6966036375808903 0.12449534803667087 0.0 0.0 0.0 0.8008576697487302 0.11444117258315761 0.0 0.3366757887778459
2016-05-26 0.0738855860172892 0.1266917644158359 0.04375684834666865 0.0 0.006606934111552199 0.0 0.0 0.03655498413125432 0.0 0.0 0.03972006020599034
2016-05-27 0.07911318924095356 0.720909867980337 0.0 0.022637534498977298 0.22790110277941128 0.0 0.005368106879597758 0.14186106217286704 0.038657956202458675 1.0291266699662716 0.0687632966354087
