2016-02-08 0.19274811157690155 0.1531704745138729 0.8849585868107998 0.4409665680397486 0.41590710731190295 0.21355679466255573 0.4496171809441427 0.20041578045034242 0.5252058375438207 0.34933521952724533 0.1592882856406316
2016-02-09 0.764274836971524 1.2595041647304102 0.4561562538860736 0.719864421302004 1.370644387541375 0.6792518113912792 2.487670483463219 0.900297519394728 0.898894224270122 2.1216844826749135 0.4601334471174248
2016-02-10 4.168172435568838 6.304020130759826 0.6663291862732639 0.3648449487420041 0.8960860171879678 3.634561546978656 5.2921558231715515 3.348991442222066 4.869050091678518 2.3433244646090508 3.0469647143129697
2016-02-11 4.109185681561753 2.8828910992415966 7.342859502455585 0.9337585229834537 1.3886903004798614 14.18374302302064 3.0488889874353218 7.769267435695079 2.52463466585506 0.7106804770893805 3.9023757420729366
2016-02-12 6.548022328256148 7.659456655669603 11.644111361859965 3.342331821757469 2.215808820346065 4.792072568719052 18.718106699077474 6.258482729099887 2.2312421656267096 2.00533874054638 12.0740157858959
2016-02-13 14.040764014813853 12.861956278444978 12.854725040656762 20.11713341008646 10.00470381450304 9.796358951477263 15.298212421380134 1.2565614980349156 1.9244538358643921 3.975581481437979 3.177675945487265
2016-02-14 7.6385383720172815 3.0354666564280155 0.8349394898919895 3.7252704041335556 4.823387091225017 6.881348893566686 1.7926081119124644 0.656195463725534 1.637780180115786 2.4598755394969825 1.7788630622673314
2016-02-15 0.7209958512382469 0.29287820019979593 4.661240997241911 0.38080735175860797 3.17049081962138 2.7709130686033294 1.3591223486938537 0.7549749193342798 6.960999359551673 0.1076622739199597 1.4346997258568277
2016-02-16 0.19634610996669155 0.6046038547618282 0.6261070694544737 0.6607586495843009 0.025592224257415926 0.395167132541246 0.9256748720181147 0.6743595232571976 0.7116984145456641 0.42159207987449376 3.9376047608969325
2016-02-17 0.0992295244916798 1.1818233063701136 1.2586929448875452 0.5552106515926492 1.1440056367484648 0.9539677902963102 2.7914971758641673 1.225485781988106 1.6487646476903128 0.9535343229185869 3.6723381717050323
2016-02-18 2.395881550441929 0.0038170587633044777 0.612094612886916 7.722729467583939 2.088469489833117 0.7853983531832074 0.9279712117610492 0.07153699804329992 9.816334201759762 2.883284033982859 0.7676579023382647
2016-02-19 2.6290103374885976 1.5552325652207286 0.4419506716479651 3.6179687568873566 4.7943924519224215 3.6010241339303475 6.0762351073465 0.08023690440761032 3.643663288267062 1.2453925852840153 1.3595025079418157
2016-02-20 12.388972727618285 2.2043168400162614 3.4365452906356557 4.272594721914373 0.773589299950542 2.884361149618341 8.02323266811371 3.0892055491182053 5.041725377885928 8.666588957764532 5.253949582576075
2016-02-21 5.9724324229822825 0.12881307202720782 1.8428557324847614 6.212534393865415 0.9096616716051567 0.2654868590673985 8.323105629206749 14.506307331479157 10.515514650779927 1.9594154994828388 13.333213240040696
2016-02-22 2.3732225849454216 1.4808345600623767 4.081086597842644 2.7961074094831564 2.5952371705424255 0.7441311596297113 13.51297565491922 10.593139565941016 4.789877943878244 2.7995505758252976 12.488800100851014
2016-02-23 4.575852074421896 10.308655802637734 7.208831315099873 4.842610385067891 1.5285180602271498 0.46483795388386956 2.6874892611824697 15.458107004180292 0.12959907695760076 0.871679879008781 0.0
2016-02-24 2.1073994067098303 13.00926337237042 16.585544336518076 0.8635752239955927 0.07845283245379328 5.343322529191755 9.063393941305115 9.205969635343333 0.4633568825514932 0.403106428534325 3.379290800266258
2016-02-25 2.4100063167688157 12.822888709316889 2.079732140046361 1.4005772078576775 1.3305848655748251 7.363432665669025 1.0909438386555201 1.623915751770968 1.5912162249297404 4.410058121436332 1.242909880268742
2016-02-26 3.6047087597349527 8.02628781721587 0.9048206789155961 1.529216228204147 1.0851769085928868 6.275384425371706 0.507057301932833 1.515421760784404 1.5065189206396832 4.013382189768533 6.769792717168449
2016-02-27 1.306802969752664 4.059390080675811 4.347300095912999 7.082992609165796 2.3950028179257536 6.557129352792691 6.853631026619399 1.4729563457136083 10.03576630975654 5.514175690015922 8.390461974088804
2016-02-28 1.8842009785185443 1.9058710874893454 18.22994576634649 1.0334064246698016 0.7745863117095556 0.43813471193846554 2.915588652104393 0.20057756044331793 4.796900736363014 2.5847860046437603 8.267567006813234
2016-02-29 6.035111240623215 7.86241269159976 9.650901476483916 0.22993740918089248 0.8243516772713966 1.7115246865251135 0.41209026797808496 0.0800512337096834 11.446721104165098 6.508555327262431 15.719643954502853
2016-03-01 5.180729904427672 9.52538779078663 4.451344315284298 3.283398650132792 1.2129872811976026 1.3762993448650074 0.19233966519849954 0.7141138696462999 8.712213182441337 8.354660386561793 19.456986102839913
2016-03-02 5.864201673411686 7.921204178336976 3.201996236015164 9.632365008973599 5.936192211493056 4.055420924394637 1.4164603587131195 3.6463044866272414 9.372825262359818 9.474606446904499 0.1981339316880288
2016-03-03 8.472758671656155 1.4104272442779255 2.5979765110601787 7.17422666506423 0.7255032990244616 27.316178990834914 14.135870089363959 1.9004886849541798 4.722638811907904 1.802189238788555 2.050851088582877
2016-03-04 4.064562352616883 5.992478653555727 0.35328337689393974 3.6878488474592737 1.9399874596050584 1.483605842880931 11.028776307340188 6.55757911856103 6.040968955314823 1.2561716706649586 2.620192157636645
2016-03-05 2.6273217848865293 14.157270669626445 2.843648515223252 3.4681915343199896 30.89416938369809 4.697881767445141 4.1468976033785 8.737978690675742 17.090801397649614 1.5106963037973369 4.729252088563299
2016-03-06 2.779505329994776 12.229949873825422 4.103864015933598 1.549826809539114 8.217531746190936 8.078496156157133 9.982099448400355 14.896880041869036 16.55592452076832 0.9202223705394316 7.070296630433329
2016-03-07 3.290812991993667 8.711430099321507 0.413963123980962 4.439382864735538 5.4485675098148025 3.7798771157794135 10.087321842130205 11.435154862454407 15.970603991225815 0.004528542181193202 5.790169068175455
2016-03-08 4.926716344734535 1.5478764576040742 0.8570098025749833 4.711798598542732 1.8228544952969 0.2897932335119303 13.634041492699872 7.433114116013794 1.055821465667051 9.096936757993795 8.19445397578161
2016-03-09 5.451550403996102 2.615312275671558 4.9394998069035445 6.454413375823904 0.15575516622012683 0.9102820598372825 2.390975493374847 3.0324452496397525 0.9182290642921626 5.086357119043859 2.871034783483184
2016-03-10 1.6217126805232687 4.209584775400074 10.4951790773598 13.754525892491918 0.8442138454789021 0.8207855213984078 0.08217096467177488 6.67117778427729 1.5460225302084356 1.383130081019499 3.0643259404045087
2016-03-11 2.1267437737462997 12.529775213333629 18.016606738103693 0.09882381375716637 6.200566317433598 1.8736429273860122 0.24644066338085285 5.166264329279084 1.0782804679280855 7.564670552137095 7.354411172385793
2016-03-12 3.1835815344971214 3.7692150456861437 7.520537169443772 0.10513410140982431 9.320386869219552 3.4640652818997992 1.0470917026677067 10.317992575887647 1.759682482663011 1.994920189748086 11.26872380529832
2016-03-13 4.286311586510484 4.049211792613317 3.252441897575621 5.92048292094541 2.164745045130645 4.365833677417171 7.448060151357247 6.862375561025436 2.9110043334486573 0.7739958725565002 16.908528582991575
2016-03-14 2.149145575807257 2.3150412562558493 7.314788012465332 9.271870067735074 2.172655955815509 0.9255046433452705 2.256946668925326 0.763132578242002 1.3246006617951465 1.7036025430630872 2.09301212742776
2016-03-15 0.704704339864176 6.223045069898147 12.947494967328748 5.072859317563715 4.40124973563835 0.5804463591226529 0.35917516106108843 1.0794263890598377 3.8799034424163485 2.4948842224464993 4.742102452113666
2016-03-16 2.137384548555148 17.57303792178768 10.411599685561697 1.0272911689714483 0.10993241026972025 7.7741937624793165 4.3757517166735695 0.7902067185493507 3.3864637210115185 12.869590809032278 4.151072593903745
2016-03-17 1.7999806233119242 15.393453591153268 27.55456930012008 1.7058317632462394 0.0378271138328385 11.93826166739561 13.363876705356994 1.4620788558988522 0.5492786648048568 3.266537321985466 0.8448611716736665
2016-03-18 2.6713287811320754 10.881793470955891 11.7634847297883 3.3137312970061306 0.00408217942965127 2.6094801532176732 15.415164123245237 1.0886158604707652 2.930861200767332 8.083914927211907 4.141763541786707
2016-03-19 5.1179742756083915 6.880089347525821 13.163759865493175 4.58496878396804 0.88631079744823 6.943659166700451 5.394376356651679 3.4707636388025622 0.8263591589891204 0.7938501580181179 0.7673923871558053
2016-03-20 5.938116961978858 16.319176421189972 11.592687830822422 7.381137715932963 2.0134703187046954 4.823908892895568 6.985869443744361 3.485750257929068 3.9113475491497343 7.357344664880778 0.7372276266878184
2016-03-21 2.9834921046100837 13.674915568801772 5.144181119843211 9.61845649601141 1.1145162821866217 2.2022207202391053 4.181935900838788 7.34830655528318 5.0033627939603695 4.274926170452837 4.128737437664742
2016-03-22 5.723327717478371 1.7779793445116794 2.758943080438809 1.671768829942038 0.3972613143141246 6.000858597626701 1.6659892978230342 11.777154677866577 2.9765352135886705 3.203686358028277 9.214152957880302
2016-03-23 14.524284602948699 10.809445860847603 1.5219565571908256 6.851090813389693 0.6080504523701512 1.642882892649983 0.08576509145527494 5.362259319011039 8.130206618243427 1.5602849503344753 14.635767439975991
2016-03-24 11.353304814997074 15.354683313462662 0.6023765621442663 10.507973325008331 0.6729379814202465 6.187837105795484 0.11161556791200397 10.923134877448156 8.280496168813485 1.7351714845774926 4.799045941559128
