2016-04-26 1.6315939600542655 0.6737178745310133 2.1768159170900128 0.7091110633769699 1.7237777672225385 2.6306026830426488 0.6436697994293434 0.8482128737166813 0.19445688181910198 1.3099096349478296 0.2136128298018069
2016-04-27 0.013653979212974785 0.05299972261040885 0.1335506031284412 0.06597735800846628 0.12306163499568883 0.019555018779893543 0.1386194496706859 2.151066861525501 0.25604391842023766 0.08864766837362478 0.11739552054879811
2016-04-28 0.0 2.2153479257010114 0.0 0.0 0.0 0.0018896447107517032 0.08126111209320655 0.0018896447107517032 0.0 0.0 0.44324231606472353
2016-04-29 0.11351630908385796 2.6709036789831355 0.07157565996762966 0.18509136225999304 0.5981978028861682 0.17227827762712494 0.022882206004568653 2.928344284073268 0.4116756168630364 0.2833790323767018 6.005386372944511
2016-04-30 0.09614808685467595 0.8770830928603981 0.32365380119468595 1.7336770755610764 0.2919762039381606 1.6025540540795715 0.10999657648467387 0.0987329769523082 0.09781313671083953 0.47695865210898575 0.04673742281500701
2016-05-01 0.05560377526240148 0.2035551338834652 0.7429248913250559 0.857941914270931 0.6924443435492352 0.0 0.16875763370058997 0.025055042829416937 0.028357928540562707 0.014201133936739942 0.003330113036880005
2016-05-02 4.778682277704041 1.5133193642427996 2.723407394739136 11.053928980995453 3.6524681301640025 1.8928700057896144 1.309885923770972 18.484743476523676 1.706686668626013 1.1763053053678736 5.008246941618864
2016-05-03 0.6856278588843794 0.0853540779070138 0.9640038433010144 0.42264843391888157 0.3733473801256244 0.059629935654773696 37.49782604520689 11.877295235182338 0.6171775862765989 0.626200661297557 0.43725656714512456
2016-05-04 0.26445851003809817 0.047495768219381736 1.267193372169539 6.249061962927937 0.26098060322408856 0.003330113036880005 1.1268012901507372 0.3817685889227632 0.5258759360066663 1.156901569714278 0.013046730890226274
2016-05-05 1.1910471615022804 0.5237340220562117 1.1174045781786146 4.659142571519952 2.14359251158631 1.0188481739793804 0.12182329663762687 0.40422022493939186 0.45859583722533837 0.5922357661083564 0.003330113036880005
2016-05-06 0.9966774472408249 0.3459161037070462 3.0918239777282213 0.6335358387495662 0.010939407503917574 0.05112748800948223 0.08068231598561376 0.5653718969752104 0.3167037682577679 0.614056911486521 0.0
2016-05-07 0.4762063331595011 0.011154213013956516 0.363965248886688 0.0 0.27038193134365923 0.11959140936255619 0.26015414094614464 0.37831713344270335 0.04938541293013344 0.0415176650673753 0.0
2016-05-08 0.642544458245353 0.0616982040168578 0.068066294965405 0.5775763549829982 0.18978511989770197 0.0 0.0 1.028648192983903 0.14784453446904802 0.23675539341389634 0.0
2016-05-09 1.3744691811944783 1.0012971946565772 0.010085308578683427 0.0268610833134467 0.3941155156975569 0.14949924128688336 1.4807362012766112 1.3343219763834684 0.5462871846486778 0.7384102018280088 0.0
2016-05-10 0.5190982333845912 6.0275208274332925 1.7095166915504936 0.015305066326315135 0.007702122175692093 0.34362451717273945 1.1277548615580373 9.197644257535924 0.23205022721627458 0.3837926934826123 0.0
2016-05-11 0.0 0.0 0.0 0.0 0.05746158847939324 1.3511843089216455 0.0 0.0 0.8168267325741736 1.2250271808876483 0.010591960460505733
2016-05-12 0.4544488688184193 0.0 0.11023651369544146 1.6717057514066842 0.7384021894384754 0.008001874958280034 2.2406383724024366 0.507425651463441 0.047797374972602225 0.5859319152557625 0.3016689149832003
2016-05-13 0.014099697389251037 0.0 0.1036129932515704 0.0 0.0 0.17926904781954323 0.35016893258560644 0.5117879592382524 0.05733254596566509 0.4354165854128992 0.0
2016-05-14 0.0 0.308656274710325 0.29991261436723393 0.015997950938837123 0.0 0.9984269094689743 0.419545187182536 0.19892236115678347 0.0 0.5080575159569125 0.0029375325456375396
2016-05-15 0.3114957449769553 0.3821327246665246 0.33456268725437194 0.7568653993381882 0.013109318516560964 0.27156082114843816 0.921476156286155 0.4301019853121496 0.0596747653280874 0.18508886166052352 0.00467176192140003
2016-05-16 0.0651413629815645 0.015021874212218556 0.006561406632151733 0.21520879843621932 0.04382429664144714 0.6660386284916002 0.1950066440414234 0.803822211642568 0.01109455119982672 0.0 0.0
2016-05-17 0.0 0.06998034527702951 0.7799988834580798 1.355085876505274 0.1519055224259124 0.02470638992346761 0.10943174132430578 1.2333550291254112 0.1088163826511162 0.04532136086095637 0.0
2016-05-18 0.08267982391971906 0.0 0.02868819304455055 0.06259842570466567 0.005806127148525863 0.0 0.19629335445729146 0.02248962551332619 0.09109788880225858 0.03340899519785593 0.2978964986548367
2016-05-19 0.11191297396476993 0.14901680508179405 0.0 0.0 0.0 0.042038293976805204 0.002476014111645858 0.009891519669031738 0.0 0.1676641317089455 0.01295390318157175
2016-05-20 0.34108227344052694 0.0 0.016677148048385798 0.1791302513598637 0.0 0.013442788532365212 0.0 0.0 0.17886540950231206 0.0 0.7200899521377435
2016-05-21 0.583021938277989 0.007147776033045888 0.0026479901151264334 0.014883256858493513 0.00467176192140003 0.007147776033045888 0.0 0.0 0.2474304989170955 0.7298775537084989 0.3176827993073391
2016-05-22 0.42280789710310607 0.0 0.03227462997073009 0.0 0.0 0.3452656283242157 0.0 0.19342152937483761 0.49304748492336054 0.12163801763389104 0.0
2016-05-23 0.0 0.0 0.0 0.1437564889682626 0.0 0.24973848254471623 0.0 0.0 0.35782319204778346 0.021790390584389675 0.0
2016-05-24 0.00960325620809783 0.0048271772563892425 0.05371294314496081 0.13200441857784112 0.004764589630054553 0.046455726088082204 0.0 0.10693346043720266 0.010570716778580416 0.0 0.005806127148525863
2016-05-25 0.018854686386676575 0.0 0.05363379485013477 0.1286914168372285 0.11919247765943924 0.0 0.17562652461985145 0.015305066326315135 0.1443011381369026 0.0 0.0
2016-05-26 0.01589343638493493 0.0 0.012436200084346745 0.008853048071309289 0.46056000028109534 0.0 0.01409461872511211 0.06265380489553907 0.16452246930312045 0.0 0.0
2016-05-27 0.03506554825851337 0.02429669742504221 0.0018896447107517032 0.04492243005329938 0.024266404696035533 0.0 0.007695771859277566 0.005806127148525863 0.022647695021440227 0.004764589630054553 0.0
2016-05-28 0.031883570038856106 0.0 0.34882601694581883 0.0 0.3304879104871497 0.006561406632151733 0.0 0.0 0.21127484892112808 0.0 0.02316974826832442
2016-05-29 0.1460803801237419 0.00467176192140003 0.01267071106747517 0.09219317105311886 1.2775205589325809 0.0 0.06448032122750612 0.012826126402464385 0.09149047033073236 0.0 0.02409265360577168
2016-05-30 0.2158716907877874 0.0 0.0 0.0 0.010477889069925892 0.009891519669031738 0.0 0.0 0.006561406632151733 0.41390637695514676 0.060825551115160637
2016-05-31 0.0 0.0018896447107517032 0.0 0.0 0.0 0.0 0.0 0.0 0.0 0.9115803573777385 0.0
2016-06-01 0.0 0.7129642536454817 0.0 0.013415421615563432 0.0 0.0 0.19835967426534062 0.00581247746494039 0.0 1.1631243151806552 0.0018896447107517032
2016-06-02 0.006889240439767064 0.21967922751484523 0.006561406632151733 0.002476014111645858 0.39195006611710353 0.0 0.0 0.009891519669031738 0.012080123047457935 0.007147776033045888 0.0
2016-06-03 0.0016268957995440579 0.015757308631687398 0.0 0.0 2.515075161328922 0.0 0.0 0.02920589614177556 0.02486626884467219 0.0 0.0
2016-06-04 0.0028670717203509648 0.0 0.0060302087871842245 0.43084228580866646 0.6786973398305068 0.0 0.0026479901151264334 0.19099098266362605 0.0 0.0 0.06527684865734273
2016-06-05 0.0 0.0 0.04005687922224766 0.5862227632174801 0.009891519669031738 0.0029375325456375396 0.0 0.012684443127990481 0.058215409907992885 0.0 0.0597430992854582
2016-06-06 0.0 0.00581247746494039 0.0 0.45415535414225 0.04343171615020466 0.0 0.0 0.014201133936739942 0.08027901739647181 0.017204127274230225 0.05254354996353287
2016-06-07 0.009213896714855542 0.20645105135930464 0.053909605220130566 0.006205057956182855 0.018893912458527222 0.0 0.0 0.0 0.009080002875485705 0.5182367976004043 0.010936481691712682
2016-06-08 0.0 0.029947680877658926 0.07600618628272877 0.16205281606568467 0.16025790054045463 0.0 0.0 0.002476014111645858 0.07538724369789289 0.19341840864252866 0.12010897241905408
2016-06-09 0.0 0.01696956364441496 0.005978103152006439 0.06060901707744642 0.13352434061672583 0.0 0.05967763849360545 0.02454021289770999 0.0 0.0 0.03708333994130859
2016-06-10 0.027668643006821425 0.002476014111645858 0.04295278760638789 0.004365658822397561 0.0 0.023631135171779998 0.008915635697643979 0.0 0.22360586443023323 0.026178960391693127 0.0
