2016-04-19 0.0 0.0 0.0 0.0 0.0 0.0 0.054162793597017526 0.0 0.5353369522845186 0.06622861203834493 0.0
2016-04-20 0.0 0.0 0.21358514360551645 0.0 0.0 0.0 0.0 0.0 0.0 0.0 0.1782183044191743
2016-04-21 0.11943185563151458 0.0 0.0 0.0700898562375499 0.017417201982902766 0.03477209422664881 0.0 0.0 0.0 0.5745477124377842 0.6105475150734324
2016-04-22 0.7629160595594014 0.0 0.009066297498518814 1.4589980948352421 0.04881141040832114 0.0 0.012065818381821244 0.0 0.6041514600585477 0.2418148911070976 0.05139729846123841
2016-04-23 0.34657380160865425 0.11085736013994206 0.06102355842431432 0.0060637759520326615 0.36584119932317144 0.49812538548219726 0.027636418848579918 0.18132903842651554 0.0 0.15326792207659945 1.1415560057696228
2016-04-24 0.012244389393604707 0.006070408065828513 0.0 0.0 0.0 0.01646289280993306 0.0 0.5120707568004159 0.0 0.11167164396973758 0.37325391404001096
2016-04-25 0.03566637913810062 0.01646289280993306 0.013945370393055722 0.0 0.0 0.0 0.7505505408781556 0.0559821743398988 0.0 0.0 0.0025858880529172736
2016-04-26 0.2692164956940004 0.12773479171671676 0.3901258230513759 0.0 0.35385539784253145 0.494176169742141 0.0060637759520326615 0.1464294459717625 0.03735798227956608 0.010327403464402005 0.12809309939525798
2016-04-27 0.8245538983961711 0.99162058091135 0.5199729431504347 0.32279042776244943 4.929616560323087 0.23884718537723082 0.2625303776136215 1.9945527768407623 0.7725939519275615 0.19198565173785032 0.0
2016-04-28 1.257454278061544 2.2535697061430082 0.3535152358617994 0.24698958459046105 0.9690388748899386 1.2657484973566029 2.633638061424339 1.8070069148375505 1.1797616106162216 0.9320385516633223 0.3657682628053427
2016-04-29 3.2236065008081756 6.9030011591469105 0.0 0.11885176051741139 5.908997083360164 5.380830854669453 1.3368758157869756 15.365741262200268 9.482564648129827 3.575425495373092 0.8005802082216297
2016-04-30 0.9470583237405973 12.28216287458565 2.933077091094596 3.290300036497318 4.688506162566454 7.368205938051525 0.20938342257881487 0.7853126139298415 6.24926653868559 4.554868985791618 1.3715320726437685
2016-05-01 0.0485644047630539 0.05627637135577532 12.300433329091573 7.534024704608358 3.3352721608117846 0.7465565028123482 0.4886249508992969 10.162492439945646 1.2711851683963564 0.1521530858186436 2.2736419096814555
2016-05-02 0.3823534642126015 3.2327977007406363 0.6718730228030652 2.696432121672671 0.08121231206075079 0.0997267099456574 1.8707643369046663 1.0782346728334518 0.5685994062660229 3.0170342145419173 3.415373187211293
2016-05-03 0.036543615373817805 0.16321046551713705 3.0664613565371965 0.42180935827554794 0.3767765269588861 2.2148613836384703 1.4804734186059654 0.0 0.8862964832128977 0.4557079178843359 0.009438459264288511
2016-05-04 0.0 4.001487750851592 0.24138520074586362 0.27373880297001574 0.0 4.984042064587545 0.0 0.5044624350854083 0.9671446460976065 0.14823208640619812 0.18922235399047385
2016-05-05 0.5941497241047523 0.05975425925489071 2.2305767044566105 0.02842521449352092 0.7730708462124412 0.22062560867540004 0.1667346357433472 0.12394400766257896 0.03627022574312392 0.0 1.0256094335006414
2016-05-06 0.1775188957442183 1.3259618931011756 2.927954330248892 0.0779807992650863 1.1391490952994288 0.6171362510684353 0.04638934887480295 0.22084012835080807 0.1386162168084153 0.0 0.18067510167881976
2016-05-07 0.07220221696148352 0.4620009456609469 0.9483853241550698 0.014010735365911929 0.8466848459377612 0.32371760149060075 0.323787239968551 0.29491348771960174 0.4051335833681328 0.44145757905033456 1.744361901264845
2016-05-08 0.049061909071058174 0.0 0.11385988213415818 0.0 0.07730498905693087 0.008826069528205565 0.0 1.626373622924251 0.25039569714534454 0.01850475676280732 0.8897476119142902
2016-05-09 0.0 0.0 0.6183081232157672 0.11064262089353163 0.003477887899115388 0.49133051229930436 0.0643677162341382 0.9409480823049226 0.09200277478217654 0.14207060055680154 0.3023849434207312
2016-05-10 0.035216636433879775 0.054162793597017526 0.011105160788209351 0.025759867500529166 0.008043906382662842 0.0 0.0 2.9285543848236486 0.012065818381821244 0.0 1.23149728093149
2016-05-11 0.4527733970408047 0.2081952232413387 0.8216106650690395 0.0 0.42697120610169004 0.03338714077522555 0.01053284746679654 0.34042682693662096 1.0933292566537212 0.06811635821499967 0.5864320606678329
2016-05-12 0.0 2.5433627906840006 4.088827930975871 0.35980792783358717 0.10683544850432103 0.011586875561480775 1.1170268283454656 0.0064804094456015395 0.5859452095679892 0.2795001279693947 5.01446383981146
2016-05-13 0.624223473381892 8.82352850586452 0.012916347163403896 0.7001141143111431 0.0 0.0 0.26846041847402047 0.11592423626328395 0.027747661093389386 0.21753869238700504 4.59695245583477
2016-05-14 0.4393875016907167 0.7152250950641336 0.0 2.507300964730014 0.01652825778278927 0.8479256033664498 0.506278802709238 0.19872780192270634 0.027675801373984267 0.05477503672736618 0.04533352250920575
2016-05-15 0.0 0.3753213615735699 0.23932258140730434 0.332433639274472 0.0 0.0 0.0 0.23775268380102546 0.008108987662365386 0.02948301995233887 0.003477887899115388
2016-05-16 0.05963387060042929 0.007946959413879268 0.03310567639588163 0.010467482493940333 0.0030025215464861517 0.23462204741275705 0.0025858880529172736 0.029420711037952414 0.0 0.0 0.01770975886829368
2016-05-17 0.05346144541972775 0.04605380641629053 0.4558784963975796 0.005451386215949717 0.26066947890717235 5.757240463244312 0.036090326092400135 0.016693570387612777 0.0 0.13577279924546937 0.24890769268870286
2016-05-18 0.10517029889659306 0.010330459110486623 0.0 0.0 0.10100070612767219 4.1729930939008995 0.18861413067206906 0.5770620127569506 0.0 0.0060637759520326615 0.0
2016-05-19 0.021766016283238213 0.051465517678898356 0.5205630184680683 0.0 0.07350101867993156 0.03200659909086969 0.8973432791630133 0.38401224921148763 0.46174236005467395 0.3619992340472632 0.0
2016-05-20 0.0 0.0 0.004559386369751603 0.13891148521736138 0.0 0.18845796221536526 1.0553194794271006 0.0 0.05414946493487725 0.044329988717577054 0.5688194429223721
2016-05-21 0.0 0.00803727426886699 0.0 0.06249553309682704 0.0 1.2452537644923511 0.02407721851136614 0.16083288306123322 0.25161718411153444 0.036090326092400135 0.07476654062331997
2016-05-22 0.17179770830255678 0.04235649040074271 1.4380373542612337 1.7186954291996466 0.005171776105834547 0.1508615381266052 0.1257348979160296 0.09424838697242996 0.9507551421656577 0.7864568731834578 0.0
2016-05-23 0.0016415871975866696 0.09667126897575268 0.12366575182821454 0.7237896874531768 0.0907507737309656 0.14159188764329075 0.0 0.0 0.06147294242179899 0.0068525712113712365 0.027636418848579918
2016-05-24 0.0066104068710286235 2.6138667786569805 0.0 0.013942369729871996 0.02144225201249183 0.9167985793611059 0.001973498316834329 0.0 0.23312243623602205 0.012134184017861175 0.24674803634369086
2016-05-25 0.19793474716888346 0.07256264780321164 0.0 0.01428728982994248 0.0 0.0025858880529172736 0.02866544207823174 0.006243383447279638 0.3795735487312756 0.0 0.06708733424333377
2016-05-26 0.0987649071667854 0.012303957427320954 0.0 0.035096433935136305 0.34474421160317764 0.0 0.24738228754867786 0.20585258515852228 0.19684458521634687 0.0 0.0064804094456015395
2016-05-27 0.08188030287405669 0.013691048841126624 0.009066297498518814 0.0 1.5781592922123626 0.0 0.01053284746679654 0.014899679566025425 0.05050835429646976 0.0 0.034520627130097736
2016-05-28 0.0 0.4491529444521196 0.009131662471375023 0.15703065754968054 0.4100272690179726 0.09856114893597637 0.0 0.02641513343299651 0.02679669125965797 0.0 0.12275553814481062
2016-05-29 0.0 0.0 0.004879072894536907 2.73526788366507 0.043339005271034604 0.0 0.031689968212169004 0.0 0.0 1.0768076943666527 0.362815194201643
2016-05-30 0.01637800474021238 0.025825232473385373 0.0 0.029861238439762045 0.004879072894536907 0.0 0.01625095406098961 0.02727229474076015 0.0 0.7576581637101045 0.1427569672688962
2016-05-31 0.3055033385621774 0.0 0.0 0.17329867245613303 0.011893956047547925 0.008108987662365386 0.0 0.1112709923295142 0.0 0.03534440754806162 0.4611235464733267
2016-06-01 0.1008929124953328 0.016531258445972995 0.0 0.07418844243856582 0.0 0.0 0.0030025215464861517 0.0 0.30763114109974876 0.007946959413879268 0.015130073450551475
2016-06-02 0.0 0.0 0.0 0.294311051146919 0.0 0.0 0.10830363850884646 0.10516070963470309 0.42646568283793107 0.0 0.04059452823182204
2016-06-03 0.0 0.0 0.0 0.0 0.0 0.0 0.0 0.013398345629828985 0.0 0.015533872195149432 1.218111086579827
