2000-03-22 2.523994320348906 2.2311321475144665 2.778836835780197 1.3914418245925992 1.9852537031947834 1.2338158715267287 2.9050863456423413 4.8752521612951725 28.201619317690128 3.3924025255279817 2.1825997351292985
2000-03-23 2.3036614293641735 0.4583239969680727 0.846784418591317 1.10862274389841 4.72774078613271 14.71952623049875 5.773935024096355 0.4714352902085958 2.977619206525672 0.19005011626709833 2.1286289435312535
2000-03-24 3.8837964878749442 4.353632725042457 0.44110611807676636 0.24013728200834733 2.7764103104634885 9.245608473025746 6.1554835279172835 1.882642053621631 11.918382986377402 3.583097069575863 9.279994337314925
2000-03-25 14.515194940032874 9.597525836955722 0.9739288602320467 2.1385137684414026 0.3712417488747351 2.851186561225398 1.9297196360747257 2.8724085949408282 25.929456854499403 21.410434104072202 19.405468569573976
2000-03-26 9.725063196721749 1.5818783992455814 12.211054209885841 6.63341877319405 10.764970846732153 16.31196528151519 1.86799367565207 4.467438386129171 14.372711463626464 6.9792215229197385 15.08736201662196
2000-03-27 10.383814024509812 14.097243371336635 6.986307454396148 23.308742569481467 14.983105235223569 1.513130316708354 5.68040974927395 7.957012226888612 9.026901211343098 4.831125578438724 12.84070321424655
2000-03-28 14.261367950877025 12.72652506404792 5.29811812018942 11.154689935473337 27.727585358381177 9.197399784251557 12.622305804638058 2.0382310469472777 9.386420503124375 26.873389917961767 15.6818057409088
2000-03-29 7.473550835560248 25.782497344628222 2.983486520115141 11.003025723571746 10.853072173431705 2.775404196788517 8.862499595698527 1.0968574527615944 10.102535423946069 17.474882051353923 7.40972158950251
2000-03-30 8.23915709523515 7.6926251968515915 2.825260371705565 4.508344703050964 6.078563958966361 4.946465792433845 16.175039092910996 2.989336003032026 7.920790337825959 6.117171599302949 2.4852202972006863
2000-03-31 7.049988178104363 6.822797172213527 6.307888187585 2.9382128677712505 13.353315000756659 9.445076840713007 10.944380665207788 8.245317112535975 19.693594488106655 2.2902738618401686 4.947339561163656
2000-04-01 8.909903588120478 1.4948000604062388 15.138979111606094 4.070592487539994 7.18287206463625 11.091954485102535 17.32865862586324 8.472562406516609 6.20015354673871 7.770742486870214 1.729951085666342
2000-04-02 4.086509362965641 3.980643997711358 26.07125257877697 18.33429438403744 9.011886723984063 3.6567345221357237 4.156842107872468 6.660545894976546 5.105708736371558 10.533927516962653 1.605699000556073
2000-04-03 7.455051370183247 6.034944841337529 4.674414859779823 11.463100084819905 2.7758150492399714 0.6819998180752368 4.591814806804931 21.351250839693154 2.718857277379916 5.021357517737222 2.3316874526850335
2000-04-04 11.895171626526992 2.050189174662694 13.362497473934678 12.26773700545824 3.116211414861088 3.0036643850406954 12.839846041596443 5.116268881258432 1.584467816599426 7.788283803867983 2.3902466887632148
2000-04-05 8.749522519381307 0.28176054401135864 16.59719988288913 8.84420473095459 6.378172073007256 3.928255735032029 18.901678806537944 3.3149935958660723 3.021951763592229 5.7316892910959165 5.2836223477395805
2000-04-06 4.835945235137129 2.064010305898534 16.3051059029793 6.913152394505396 2.042162036101809 9.73913375717778 13.131911790255899 4.403238594442907 9.363846752516856 17.610686382422067 5.997126663074939
2000-04-07 8.610857636108621 1.3487575269987901 10.547695743198634 12.531709796286952 21.42652466636853 4.9718757465289265 3.5733204065115762 11.402735475088525 8.576650627210515 8.771093999840375 0.34215024006081796
2000-04-08 10.36042822556313 5.448412366109281 8.527714223816897 18.851029684696545 3.746392510911609 13.409738478022833 2.285275856414761 19.079290301563923 8.026539280837017 5.300068873264456 3.2639202985669766
2000-04-09 7.324706675210183 0.9876863726344088 7.088497301355403 20.243554943997868 0.7924193451345395 14.772562704743947 0.38815012466629767 7.51960436472635 0.6730214910408221 2.3334809409364494 10.8328932565958
2000-04-10 13.109686841450669 9.378535723268673 4.750100993792445 2.6293953305789093 0.42343563433759324 14.279665558466235 0.49364416219925883 13.971979329838053 9.814698677965332 4.955391619312492 10.618318934512063
2000-04-11 4.157570837464201 11.738692807964657 10.984330873291789 8.351600479984006 2.2123807883262048 16.085486834211643 2.4065671126099515 3.215162039270795 6.347072864835782 0.966763645860462 2.7641778701663777
2000-04-12 10.268988809318426 18.448768323295315 12.292580435072919 1.3330923199297278 0.3928838085150253 21.18990389913487 2.075424738386949 8.409602704061708 9.19998854251093 0.839806678063535 7.100958722634026
2000-04-13 10.393443774641929 20.269280505207025 9.477816825036744 5.593660736482436 1.524821737263152 15.932627125376182 2.8881303506947136 2.054834822839665 3.801328150788266 2.1625165819200936 14.975583321323535
2000-04-14 3.3560759992368365 7.407186247773163 6.899805734886829 8.575136469404098 3.2171055991982485 5.662907917392122 4.61209979446415 1.1527853248867344 2.7812925067969587 2.8124119365972957 12.576195828877857
2000-04-15 6.587243288482902 5.56740970916357 22.623046148601713 21.12947160211978 0.6685431885119406 11.201109509927246 8.391929247022272 2.394326282146131 10.100495669384193 0.6298468720338355 3.681745099878346
2000-04-16 8.590015559329636 12.195504224793282 3.532411337130724 7.0114398456110685 1.460180831661749 7.996965393744081 15.542205197474209 2.209459945222422 14.82156158066363 3.88407973144845 2.84956770117503
2000-04-17 7.553372292591797 16.968353452600134 0.9998290325720733 43.74235696792992 1.0819217885783667 20.762809794749757 5.623975763196019 1.7431186039125977 12.247451173782878 9.390228416736264 1.5279278919393893
2000-04-18 5.626015081525926 6.108127080908229 5.493263788744874 2.3270898639002477 0.7332516992816861 11.133770526236418 5.467031260962265 3.2320838472682007 0.5620114683309629 0.6216271198561991 1.4612852550067648
2000-04-19 1.0887098562309296 6.752925054308577 3.005807720069713 0.3689843217791975 0.05758548709791642 13.187754206511707 2.8645644756569326 1.170025702607558 1.4354644510917924 1.4311368718549073 0.6796572174549227
2000-04-20 4.6322563621890245 10.977409360184735 1.8067925544171102 0.8742908193564043 0.7746948287336937 22.440599181504517 9.049173416067426 1.2650220357032145 1.3773492267855787 0.19667715457227594 1.2944444938440405
2000-04-21 4.047336423748484 12.362444547268293 0.713463665497952 1.4256115302540584 1.1692375849880847 0.9444373676184757 14.49256283168643 1.1578040308537232 3.2636844643218925 0.5634141787758306 3.5524612367010464
2000-04-22 1.2256310854050896 3.1300699041919864 0.3975872071064358 1.2200479005085163 0.51975872389359 1.28364948027257 4.782004974048372 0.29262622833545027 21.790309974447304 4.754744461588935 3.6767037107634315
2000-04-23 1.2121246069856695 1.880832360949411 1.7617443070631555 0.5966479485141125 0.01259701866680291 2.2224275957674076 5.265082473940904 1.401119408975393 1.6767491008426474 0.5684803490484449 1.0122826620922125
2000-04-24 14.902499330670226 14.60231242529804 1.5993656330606578 0.6937566676541685 0.6106703423159048 22.934470798384535 3.3257036254068657 2.0122123833444086 1.1084835023795696 1.9768470907359312 1.5101736981511387
2000-04-25 9.981848582565723 5.567786182933794 3.3414116669121956 0.09975722922377148 0.23488728301995865 8.082811195822565 12.383430801703483 0.8125863421707444 0.18730938999096985 6.0559505031019025 0.9964540505875927
2000-04-26 9.243665209951438 0.22830824184307752 4.508826005401824 0.37080280649800357 0.5882671354077218 6.101080595821704 1.598371585701364 0.48455226511122845 0.9343514968333859 2.753961600460448 0.49786999052169345
2000-04-27 11.092229644276284 1.0625999421533712 20.012181999968014 0.45148205661221863 0.5325356057143205 9.913387511703469 0.9648723619932495 3.9894827831056956 0.29314996092585843 18.007482055442374 0.44266999361469217
2000-04-28 9.009061830695579 1.8063655344033867 4.083806341912451 2.9434827132594004 0.5363569777942474 2.550956911761358 0.6542374618936437 27.803757432686677 1.131389078880872 9.277298414443077 1.9670551825140858
2000-04-29 6.272819500142306 2.376897436563368 6.825724246562859 0.1873101344656771 1.344492507800203 4.292664965933756 0.4522658636160446 5.900240442306828 4.041175778698465 7.890761729185632 5.251983729009659
2000-04-30 5.026172498907996 1.5895724913918474 1.6979689054973182 1.0359237427283257 1.5550907964735967 3.7014079857658775 0.4481703235995297 12.366191920735753 1.8578407719828878 1.5900044231900483 0.7225248773287887
2000-05-01 4.26084517447849 2.1903228723925796 2.657674100289525 4.163778779811549 4.199086041150755 1.676467940316012 2.99790611454909 2.390076069985104 2.1624894611254915 0.9516122020271487 0.9374791246422769
2000-05-02 2.8250836161213835 0.1156576354619273 11.131727703820179 2.2058292567793054 6.708038387954992 0.4607532113754773 0.5035749164870164 0.09652757260050085 1.1200258298297348 0.02900419678303282 2.502315105901578
2000-05-03 3.335527670689273 0.29770726603516695 4.517971806992454 7.946580949683002 6.704338712274277 0.5073134789661561 0.4782515561474501 0.17982889720551634 0.25315283826127527 0.5609750499896746 4.392797159241697
2000-05-04 2.695525407896535 0.8720321584086531 6.248860085305038 1.949410420146587 1.8078334433161776 0.0 0.0485185691228919 0.00893964697125695 0.6607971313722877 0.8074092426120568 2.7884412902305966
2000-05-05 1.0374341305558865 1.8392715865964404 1.2796059784152134 0.2104808692128371 0.6519860686250527 0.9868420695712504 0.3659848388248347 0.11450192365267918 0.9412185741107317 0.0 1.7105640868137728
2000-05-06 0.8935433124220657 0.7106697956814308 0.44187360325616076 0.5731305976807575 0.27238508052185334 2.3224919104711654 0.5141218820643414 0.039543633863188724 0.6669274674226503 0.06074016194525392 0.2006592709905087
