2000-04-19 10.910709827637525 21.354438456316714 14.252220603373168 32.38387730563724 22.073337350261887 29.81006366877076 5.702371852207855 10.206436255592058 29.26147358645587 10.346394351947188 14.274727248927968
2000-04-20 4.180058272573009 4.071384006398792 1.6297605858172428 2.072765639734689 8.440141976388418 1.3694904226989622 6.182224415745578 20.078528164144224 16.4533959758597 14.651244158154888 5.991647497483531
2000-04-21 5.110939788720971 3.372860951434568 2.277625194258791 5.3111326848913825 4.4824588352872965 2.073466442765266 1.6046124588545383 1.2496816327593074 2.5187226031453256 3.9824645535961283 2.2299852565225757
2000-04-22 3.3600274122366067 3.8618433210503875 3.1334543117537486 5.669073987146918 12.191344579715551 2.2845699308514806 1.615920609092434 2.7078339726330576 3.1483719299522512 9.199969186906005 2.360319495570707
2000-04-23 4.687297597374628 6.1080530498398025 2.7928567018180983 7.5126988843732505 1.607375773103818 4.335176844837779 5.809528921094971 1.1620698605544417 5.739233768590746 5.330813663719491 0.7652416395497752
2000-04-24 5.580229846445811 4.968117611529221 12.04830654276368 2.5479783062266748 3.450772834384021 6.715620880212011 6.010328348857374 7.843954726207769 1.733660933003014 4.788439095778369 9.092210843529372
2000-04-25 6.260010902706025 2.923411141094387 5.093968993061726 2.340284312032046 18.850708384699914 27.062192278894223 3.4264361564704533 15.905514366973454 4.012589593334689 4.825801649368591 9.241510780923154
2000-04-26 2.8535176561218467 0.6629833675439363 4.800472035298309 0.8374369546176351 8.262541983247308 3.802649927296712 5.207204646820813 0.7149252425994255 4.206628908700964 1.8305447020052554 1.4935660803737647
2000-04-27 1.027782811351609 1.2185736893678656 0.08923863942880933 0.9638022062615254 2.9513330265653073 4.348783769929397 16.69477589831346 0.5827482385776301 0.9453349304036295 0.43680523518094216 0.13863056529822054
2000-04-28 1.0951721893850461 0.9098727795179928 0.6906196242181312 0.07458557283199724 0.5680654599757946 9.197667681501198 2.987867689296369 3.684332353225903 0.7311595547211821 0.3662294797963903 0.0378301470725891
2000-04-29 0.4994468684263167 1.6739144158449921 0.04553218851962769 1.0948315335045344 1.7115271421967524 2.544547908103871 0.8792034013035432 1.759934241808896 1.020737574328341 0.22379977253227562 0.20457606236091258
2000-04-30 1.0751777143621677 3.590987852584546 1.3819910149995613 0.9483816406760626 1.2336018641516826 1.4974261587157083 1.449898389716133 7.058192809529119 0.5769894367939985 0.5656639226806611 1.049956914292412
2000-05-01 0.3002857150123949 0.12995183608930005 0.26618807418214324 3.125950625463184 0.9534981684711488 1.2721306064739166 1.193641857524457 3.7003707883669428 0.19494626497151554 0.4824869251688791 0.14317267803623307
2000-05-02 0.050909695132730505 0.5780745573770323 0.43893706119619247 1.9304964290209643 1.0272712760332428 0.27440625176468025 0.13619893937533123 2.176102390203816 0.1359439799078369 0.1267335520262068 0.1674257569085208
2000-05-03 0.2993412707866161 1.006461753674103 0.15400570037099404 0.7913923022362729 0.04845190423582172 0.43661176494110654 1.2292223000244604 0.21498179078744883 0.6246406001504633 0.8430443342142626 0.05484034709318503
2000-05-04 4.376807742300429 4.621947996458436 2.6820228429425113 4.000710327555651 6.478682231600351 0.3256272319890396 3.6467483192801864 0.49249464791441 4.619893835768761 2.322502619781819 0.733719497307629
2000-05-05 0.9338084893045295 1.151563197338981 3.5575941270312956 0.4074125510177389 0.7734751207769588 2.914878292741847 2.1925503650885148 0.6757602271084721 0.11508116738962032 0.3506852830350571 1.1296968337613231
2000-05-06 1.759323784341218 1.010319042544425 1.6524909781215062 0.034159704490565865 0.004879072894536907 1.1230203616435765 2.7752283066650034 0.9304062488036786 0.2768273516980338 0.11776264182522864 2.2203803162318594
2000-05-07 0.2523273566244194 0.5102764965607214 0.2763501979247133 0.2316160928241306 0.0030678865193423614 0.20736951269989604 0.2102454932370523 1.7666005525481578 0.24161358730553284 0.7506292307128062 0.08577810113372629
2000-05-08 0.05942977159606508 0.00504138483617669 0.7168838758490333 0.730304543917109 0.08719342708028496 0.5595764543253761 0.3946866145902308 0.5801826087376086 1.4669047473104868 0.22557440459637848 0.2534670791497728
2000-05-09 6.731461641656111 0.26447741320355145 0.3673350853551596 1.512820966861718 0.009066297498518814 0.2908790455887042 1.4089083727720535 0.9540869682587878 0.39138632277799745 0.3803668485637546 2.5800130133280215
2000-05-10 4.9562238396529175 0.3109943845432802 1.5293027546566327 5.398753995278587 0.19689177486927512 1.0976341458843395 0.7001781896581435 1.21716130724977 0.11944951538818663 0.02654871812837106 5.803915814380424
2000-05-11 0.3749766403046205 0.5569230905228437 0.9203539731491633 5.860026885486494 0.43023933239389783 1.2322848236296844 0.1493031792547338 0.11285969512859934 0.32871805501710016 0.3688508681013517 17.485489655775588
2000-05-12 0.3199026466636813 0.19066877957034545 0.12959279364915444 0.7057173608114442 1.2843650400325406 8.25642699626927 0.3441774402344878 0.02246158748226318 0.3536454356178954 0.4655253256256336 0.9151490543488034
2000-05-13 0.16487293029737204 5.079712765984439 2.835580146810194 0.20747301083000275 0.4363984473893318 8.197270583356538 0.38618263014074394 0.030977575861217868 0.1199784389269865 1.006817852738629 2.145473634253981
2000-05-14 0.5678991372935357 8.666559353114055 0.7515636782108788 0.44526577523585553 0.03741205208561962 0.7720388926251766 1.5854309785635645 0.05824957781071764 0.09781508369458522 0.2506331305367798 0.04678520219328522
2000-05-15 0.6844232865602652 4.779712266380918 0.2400034251136567 0.04198558734999438 0.5878297879218226 1.6349114390927393 0.4319092801931791 0.052211582710870126 0.30309565415727335 0.06387311873981592 0.7689793329087162
2000-05-16 1.3038166190575324 2.8514023594917584 1.4618099114143828 0.4770614958242126 0.5034526278864265 3.66530414302659 0.043014757479664587 0.1234861431761603 0.03340443594323032 0.7229791115694497 2.2124846383691485
2000-05-17 2.3211730997644158 8.460868786442301 0.19016298547092264 0.24768914113766285 0.23529423777608105 0.4717788233507253 2.7871237015083303 0.23934815908043572 0.025050531181265073 0.9564963010325638 0.028528418561764808
2000-05-18 0.11748050221370707 0.6106029037036744 0.7297698732849683 0.5457099528100541 0.2697040470695994 0.0684325047239651 3.3239927666316422 0.1979491342079672 0.0 0.9262665187602614 2.573936631263071
2000-05-19 0.0 0.2944208211687449 0.5633671895412301 1.4223922755676164 0.14342323341700858 0.8116386649652647 0.24655379506966738 0.9497070007877582 0.0 0.8473125443266186 0.902867266550159
2000-05-20 0.0 0.13534187206517964 0.3796566100414167 9.658624687265428 0.9444746981896227 1.2382302417461295 0.06167533074792918 0.6268623052913413 0.0030678865193423614 0.6260353759094912 0.2572599581693602
2000-05-21 0.0 0.03658356429499701 0.4861187126192038 2.2356864562304635 0.6615852243035609 0.7721191514578652 0.2530879959711323 0.9145646020653966 0.0 0.027127526196332782 0.10010977485362284
2000-05-22 0.005184239366246202 0.04958233442599363 0.6924774425806803 1.0609525682874057 0.031222346726229328 1.3654680984461147 0.12090797161981738 1.190008920684211 0.0 0.13526230359161817 0.022667031484657717
2000-05-23 0.01262908458835079 0.1314566916718141 0.4483879704276573 0.008835903613992762 0.38345529875159834 2.9196379546311544 0.08725879295834822 0.7002571889168615 0.0 0.07060809808624435 0.008453907762435868
2000-05-24 0.004995090078512153 0.6431689512750404 1.1750850348933124 0.17926791490733474 2.3807522976385567 0.32004974921091867 1.9371644973273232 0.6613239514954183 0.0 0.33380164245175026 0.4058290458930102
2000-05-25 0.03061703189560147 0.5098851735694563 2.7427127723971902 0.35319795486364713 0.653179653399549 0.4454905210238151 0.280041153384579 0.10015576226879104 0.0 0.004976019863320481 0.07541880514247484
2000-05-26 1.2006031940823958 0.7599158288239816 7.653260349209383 0.6026735212633354 0.7886227382299524 0.20179137385758122 0.0536506082866406 0.08058902988409061 2.8397608999387502 0.023369736075728384 0.0030025215464861517
2000-05-27 0.03291625337901525 0.6604568767887119 4.667366317240826 0.09493829057270303 1.3716548991931397 0.24996299710779923 0.10322053698959538 0.25955994418333816 1.930746599764038 0.1808573774097753 0.01701325691239808
2000-05-28 0.00734166460590317 0.61680290802061 1.9447880303496135 0.0772062992478652 6.189638021101244 0.27259323420403153 0.009920457730713596 0.024142382587799868 1.783672512155445 0.3920606711833355 0.0
2000-05-29 0.012298761014647424 0.0735100961128175 0.13209944264297507 0.03322482883358577 0.20451885016284177 0.3922369886182691 0.0 0.3520624379234616 9.387018936814606 0.2677462577580536 0.04219348479416869
2000-05-30 0.035909732447876604 0.3001805217448672 1.3785527619705216 0.35376485669996377 0.5471384698529232 0.32382371306346364 0.05181995475439519 0.12972781549273643 0.8590873174828806 0.6027301942387335 0.6122905292775361
2000-05-31 0.03922743318798057 0.12322785103402786 0.15118864324140568 0.04158178910862241 0.0 0.9178032606988092 0.022667031484657717 0.003477887899115388 1.632503664425394 2.888070928071796 0.0
2000-06-01 0.023497229088804535 0.2393299834727597 1.0129997828623554 0.0 0.0025858880529172736 0.8476056152009238 0.07914131859540555 0.011893956047547925 0.001973498316834329 0.0 0.013312400747028193
2000-06-02 0.04507200963408767 0.13755873574816463 0.5384003636235462 0.31430730761662107 0.06302098433766604 0.6265691279092354 0.16707006906867217 0.08586507036415555 0.4029242635160559 0.27982941604692224 0.010330459110486623
2000-06-03 0.025881373662125357 0.44619992838833633 0.47383942743997864 0.08828781544598598 0.1613735634956584 0.5795985789102293 0.24939516211145488 0.08142070229170267 0.14714658142391926 0.5614855047164906 0.0
