2000-02-22 11.694757203140362 5.198605523320424 29.66014322617803 10.654901747776933 8.765669102523248 15.647322670801906 14.576634757956727 14.870800442635444 10.800885857478946 11.547696153232682 12.621306791249225
2000-02-23 8.486481337423857 9.816241911734107 9.235921295101296 7.818352696331306 13.337112173301044 7.2207169506981765 4.334848326902429 8.891451518870511 7.617920683682803 4.303765007268132 12.388262700551909
2000-02-24 14.34256182877975 12.648077118076273 10.140167302625466 13.631595717932786 17.91177319156786 8.763302222697895 19.381173143314847 12.568328639076114 5.831930528559107 9.33491505117822 15.507317832614284
2000-02-25 8.851550865822963 6.607906209638422 5.219228167907238 17.369708161510466 6.680869294466627 6.7468005644066 24.39369839596099 4.432506432768971 18.57824875339677 3.9762603539804195 3.2971021397127025
2000-02-26 2.5583571853331595 3.426006810016786 1.4003985968199015 1.720661176570613 2.4078057251638176 4.91613977193825 3.2457947589251592 1.865165334743986 17.423927039074712 2.256409916228834 0.9280289665899004
2000-02-27 12.428489617215803 13.73000797375716 7.237501317606646 2.2312591798059493 5.636278343737404 4.245620136486474 8.126821954706443 7.021503535171833 6.1327736737912115 0.780827793017117 9.965772979219755
2000-02-28 19.422035293897807 19.67404009837154 3.104940647011203 12.300575210177985 20.712792946622102 16.68644400041647 13.585107705168415 10.732394396779561 1.6009149841701131 19.288775012255766 18.77610376187196
2000-02-29 6.862257820646427 4.380776062221968 8.94252874744403 13.593216992270316 0.4695360810425795 2.884070207738622 20.288407615056496 9.574488704915955 3.6806866457437226 8.120436722689352 3.0474396576317635
2000-03-01 5.277747734215644 10.096742030588349 1.675773960424777 30.721546752652078 0.45740393486253417 4.758372893417431 27.500370786890485 15.701461300410188 6.4435043682734126 4.563623713168229 1.7209661803224006
2000-03-02 5.846387028029522 0.010151318189794787 0.8809182107668038 3.60773155985203 1.5270019400775658 4.114063534183434 4.192722447650332 7.943852042576701 15.51054523867586 5.661506455887526 0.14829443026248607
2000-03-03 6.50840074303914 9.983662446710895 4.756888371791424 11.18404129548638 7.641405668123832 1.5568988579323426 11.811984018130378 12.21340746918014 45.76951282449379 10.349353725418611 5.6863788947096605
2000-03-04 3.4560018448050256 4.344038926531275 5.977378703705346 6.05039470626452 23.952910163397497 14.755355175519362 3.8801822509551966 6.542788163012952 20.434223848070275 11.334111912854933 23.325541477732017
2000-03-05 2.814667298412024 0.08064174293025982 14.769933890488714 0.47564598505550587 22.105155979744232 3.3229648086038353 11.353172981595742 14.54768044768438 25.302031070856906 6.111735627978514 10.897466354629906
2000-03-06 7.8405031850327465 3.208907963423287 14.40679948548388 2.3194155301421064 20.244086416293968 3.540418673611871 17.297845254400226 16.33251128808886 29.633191079390052 1.274073216238575 11.59535825296193
2000-03-07 2.3990123102582674 13.246937837817 1.37454915736833 0.4714099310685346 27.069749546522715 12.698774778305664 3.9625835140248995 9.19953898183174 10.515315407876747 6.485968147823527 13.22201591838118
2000-03-08 4.968535290019028 0.11815209920403358 0.3184164430378117 0.07508653174980287 8.760603227850083 10.430216261977744 15.456533648373368 12.624257476503448 0.16883154985758703 3.171095707451487 3.7966324592135177
2000-03-09 5.306473618719515 5.699566922376322 15.224025667050348 10.39886493162313 20.78661659678777 9.651926341568611 10.960393228141985 5.638339382814443 3.4400058051445206 0.18741726966448546 6.051459716904123
2000-03-10 16.52744634958933 14.665946415081345 9.93760067443272 3.5947024230225026 0.32573803672411117 10.564229764465725 7.721166926226875 8.818905228974149 2.362088077332704 3.012004082177073 2.1005002637755563
2000-03-11 17.286897224108575 17.148171374172126 8.954393955112526 6.08606807746885 2.1875062420180935 0.6717232548112362 5.415479977823152 9.73364227564959 5.919848437889628 2.693643219294405 5.866084548271109
2000-03-12 18.82451991861597 14.846429744558831 15.748610332997732 4.156348963432519 4.774700687964332 3.7192925254510523 4.005341964345868 12.626950404866484 2.6278245213614078 8.837134368866895 3.625608871126486
2000-03-13 13.385345563921513 3.292087094399932 7.193509568110839 6.606395377613664 4.736358707541921 6.38535230463793 4.527187361187622 5.61030185415456 5.786304830370398 25.440721721344914 3.7043685796690187
2000-03-14 13.362969381944428 3.8473755928242195 13.196894251769473 5.606182732787683 0.411468144100994 2.1563311343801486 12.200855574575442 5.61445082655242 2.501640774537793 6.90953517639668 4.034950225993444
2000-03-15 4.939321777252038 12.967143550975866 0.6495485451353529 29.65148801909207 3.7893062077952417 0.06151549861294569 0.37192216167988307 7.841064094103928 4.171856022529699 10.369847534356541 1.6173626664037326
2000-03-16 0.4010679751626339 15.899503488117947 0.7940906087540751 25.21136158012044 4.76086557641504 2.0967549475170193 0.40563718149776434 3.4161546147022985 8.195841281946956 14.148228654997354 1.4628488663759631
2000-03-17 0.987533850615105 13.651225696705383 4.915053892057017 5.416951273063988 2.7834792342228742 0.6495223556919494 0.808361236493373 10.093329079004036 0.4232302039504832 6.905425268624617 1.2617258562921245
2000-03-18 0.49856491975296074 8.250359326699249 3.455743605171513 2.870481837661461 3.5696634620696046 3.7990867968292683 1.417540000469606 4.02368536268191 2.735871923985262 5.676030056428745 0.451338369788512
2000-03-19 1.6798680763808465 3.9962313085434333 1.7052351815569633 3.8354288179387046 3.721940428522913 12.2204697033199 2.5826242155980146 0.7844916223939087 1.710157935281646 1.299277772357784 3.075810684971799
2000-03-20 1.4814499364756846 3.5031272736815833 9.416966240702852 3.892787326356852 4.839630131566858 3.7280236115802823 3.3244028954767604 0.2553544163478596 1.601329049786251 3.1290437110113647 0.856561053044918
2000-03-21 1.0514833303262001 2.7983582706510557 6.064308210333187 9.624575897906759 1.6486703328257777 3.1469830299507127 0.09288042776969017 1.113671852847402 0.6964088272514861 7.830520949146096 0.5437803802058432
2000-03-22 0.4771714614520277 6.145484437604802 0.6703631139660011 12.786355371120578 0.9715802629414793 0.4212569315201346 0.005026496993161246 3.42504055369852 3.090017498264964 4.485788471087281 1.743178472261272
2000-03-23 10.652014161207381 1.4111006893827787 0.5565222981444384 3.888671157446641 1.5678737178476712 7.924379756178595 0.0923029103191883 2.537475265657324 1.8945266911385719 2.569689725178569 2.605486682208056
2000-03-24 4.237120447930675 0.48380019388633233 0.799095859042078 8.250964277909201 2.3563785080574187 8.218473776319918 0.10517004400886724 0.3294398474306519 4.812270649494598 8.872467465678543 4.332516178231121
2000-03-25 7.724640537472093 1.081319667445979 2.2610559325831945 1.7063920135539492 1.4362482024452787 12.533308623397883 0.09239617381820159 1.0992148004134656 1.1550334312000547 39.975911622425734 3.192656879546636
2000-03-26 6.536383872343524 11.00571752320749 6.376358673433341 2.046562655138737 2.9269322177092656 0.7665975845625795 0.2539168380290718 0.5428077797983761 0.8096087676067023 9.433667278280184 3.2141493823629963
2000-03-27 4.15011395392565 11.32193735556178 13.210329769791159 1.5800378230314236 1.1004359999998243 2.528576413454821 0.86964405508932 1.2427571982543006 0.6183009055994595 9.156889604834738 2.8993764278480936
2000-03-28 6.313949581280745 0.843365880652375 14.687257823929233 6.442638597193907 0.8998664119206513 0.2219555088733299 2.672660617259366 1.0213917499354424 0.5184640808175551 8.261787756132012 3.161515594518833
2000-03-29 13.857904647783531 2.3550132553734118 9.708795669272096 4.737270496176357 0.39732306309567667 3.5624618560742904 0.17892925117782946 5.167128998455475 1.8039941323191317 4.590360035027183 4.8591736097605285
2000-03-30 16.699136355565912 2.071590303266091 6.486527767519069 4.83536776784546 0.27017843464957847 2.637140257020623 0.47016650995971176 7.421367819503915 0.38443483057838107 5.751664129265136 8.487907692596847
2000-03-31 10.752835849957318 1.1992065093430306 6.422190933690613 10.757726622673394 5.132700309029575 14.247962102247481 3.2542411465466534 8.700091996285412 0.18844246500002543 4.400354234140482 1.5154954373100162
2000-04-01 14.87514122230003 2.9589555996472945 8.35810198584745 19.133423702792946 2.672762576202153 9.462386108342638 4.336848556189662 6.636011941843875 1.3856396839608789 4.498921198107061 1.3301553802481503
2000-04-02 6.376419010473976 3.067037239317984 1.7603633171454875 23.461686999778493 5.489111928035961 6.453051293334517 4.072965234807858 11.366942800073344 4.456312079202007 9.18498610147988 0.9918393874714039
2000-04-03 2.771691461894525 2.4267025789905907 3.3397886547317874 12.817691559742034 3.1504447695950475 4.433366271053119 11.258292374723494 14.193931140004755 5.047600474961664 30.253563346721386 0.23296425476947072
2000-04-04 8.263642697605562 2.2208861691403645 1.7303309642173095 2.5043043419354 6.205247013409515 2.876069857448047 19.538400221521254 14.563333586776661 12.0408294835376 29.057403036660787 5.398646888116678
2000-04-05 7.537432995987663 7.34204677640615 1.501006274605925 2.375277669829435 16.291418442101367 1.9335751542873871 2.5798090674773695 6.146132871533366 9.70625679783457 10.429597011627408 12.93923506588358
2000-04-06 5.0949988357235 11.550913635996771 4.031657685225356 6.769875652087691 12.72044293795308 1.699169155879477 1.1461150663281146 18.796854687760714 0.6552838830095409 11.892200197957823 9.164803950040241
2000-04-07 0.8951568681888133 6.194910025319539 2.273937694121325 10.496984409987467 15.797203679914116 15.40890482297387 2.790962746102943 13.41511391900606 0.2398940041167657 5.13464740467257 15.12202992619913
