2000-04-12 4.52364229432982 1.8515398143147184 2.336819925832007 3.6452303760764693 3.7500070119852493 6.015123353619584 9.81838710872254 4.1506115330381075 2.87041210818615 1.9564601540790822 2.406947849882058
2000-04-13 15.743533660889591 10.971797447416014 15.513033775383537 15.473937629436124 11.354660012382721 19.773242097129746 5.425423456284993 16.056366642496762 10.935125324791596 11.660783844395995 5.032825718612027
2000-04-14 7.222066135147091 31.296682076459753 12.532980783778678 12.812723675370195 7.752766037878313 7.945360181348811 2.8548666990837943 20.89918272357329 17.11160712810687 23.36110474256644 12.51358033876173
2000-04-15 1.0284741240665474 5.51445338402176 1.450909305176861 0.7841929368595807 1.819013033991647 1.6997637215190826 2.2886527454204004 1.6792761764324853 0.15910117168700044 3.4696893157003137 1.2521994367799136
2000-04-16 1.6241156618286166 1.655516800569136 3.7323887417576738 0.20615418742772126 2.6716982805787017 2.698365114954691 8.36895452143466 3.816471869124546 0.14470777889989705 7.684796631525307 1.8224279183717373
2000-04-17 3.8444321938707606 4.92873071399926 6.315424042362022 6.6812489383537095 1.6494352506622856 7.139790105677516 9.078006489777328 4.163591180952078 0.5522431555745739 1.350552842855742 12.032197447304483
2000-04-18 6.161149368796663 4.3591359290964835 10.030198996262765 3.147847807503302 1.7970694501183595 3.2210518974769204 8.919988481653773 13.984252384611917 1.196282668275471 11.898625493671412 7.868755167547417
2000-04-19 5.029868666496441 5.221761669870899 1.959802412367849 2.0697204890703356 0.5267424054988145 5.430067213246717 8.891383661926094 2.958307585819542 7.186121149869422 3.4951476750189547 2.3069710612683907
2000-04-20 7.126491730447732 19.803540004710193 1.7004516315205542 6.542659854777148 1.1364242286631878 7.310676832950735 6.36515362836057 4.867933403813895 2.848846813315914 5.525548646230645 28.19253694412187
2000-04-21 4.894720368827374 2.061132453863091 9.92085275221293 4.721233250073812 3.6695341060769344 10.098728340581552 15.016218591852585 5.512896683230414 1.5168035104339692 4.246110821245674 11.202346229071665
2000-04-22 3.1147980322408895 4.443981209955853 3.928100061457054 8.139140277689025 2.316999625930089 2.9502692784471094 12.122370763924716 5.51212644412227 4.26576560633969 6.751115261423456 10.820551928450637
2000-04-23 8.403804977035591 18.02778396162428 7.44214806473361 16.68036499116606 2.9227261969752454 11.710575627035453 10.283142261791173 2.885266964148591 14.22010085010755 20.754448463451066 13.677492881385668
2000-04-24 12.683345758436676 2.0528915592023447 1.8074922530828086 13.314568514426824 6.121114616482706 17.633775993015433 17.471127094574864 2.7759171659345885 3.1089703085982165 42.02358842356944 3.407404304860432
2000-04-25 10.026735945652113 2.0286603753512606 1.7915268688992727 2.3344850106215103 1.4005691414970438 5.045483919483338 14.168677693377798 0.8721991382665468 0.44353922061102646 0.5088471482178971 0.05868859546559978
2000-04-26 8.587029134739977 5.61285542204454 2.940725386045222 1.9118013305439039 5.20871646198615 1.9905729556858847 5.563282385420628 1.183784371646953 1.3498776136610724 0.3505186019176575 0.7574734780024376
2000-04-27 5.823926720913942 20.24486544549381 2.0565915388772376 5.305125553692221 4.037548763435848 0.2948219081299932 4.327210315921564 2.194619779092255 9.786640824960998 28.429293862238946 3.9322488158570126
2000-04-28 2.4751410823793183 2.4461377567962104 1.074817236990577 1.153006458966364 0.10116268475858163 1.0166232225808867 0.47654516214345644 0.8951459643805376 2.959625803538156 6.919757190640016 1.6071494400951765
2000-04-29 2.274236325567388 2.9355162518593763 1.9986926233661553 0.3607151006894066 0.008921758989429604 1.7551163844552613 0.08458258724841257 5.392613124373603 0.6358004498281333 2.3951630801971726 0.785866569918555
2000-04-30 4.081793297147579 0.49523759330686323 1.3261764327186443 3.3902451332992265 0.11769410351662005 2.8255663368738837 0.03555587145891707 6.835896595085467 0.0472509507468481 0.14290184714002935 3.3905711873417568
2000-05-01 1.3700318883564204 0.7472770006229299 0.1641454334303655 2.044073157878281 0.1714994871137084 6.826731280440542 0.04552007366008827 8.121720381511338 1.567113574374965 0.9678489658147056 1.1567661638977953
2000-05-02 1.6535353588640906 1.519050779283426 0.3403131801892978 16.977926853000938 0.19276390532703586 1.038233525555012 0.7039492014225519 1.5913747930596116 1.5516674740717564 0.251225133262382 0.07260214226919601
2000-05-03 1.2738068312886175 20.405553313641192 0.007201863437490862 0.86842443710266 0.14886866818820893 0.6328370414330071 0.6597070922027095 0.6938250043674159 0.03288922755721943 0.705055452299308 1.0729615052501247
2000-05-04 1.0391612742477827 7.1179625368336055 1.7977831595115061 0.5915278705366105 0.3488792620246968 1.8030071781159842 3.019696047864924 0.4835651144632284 0.05406611434042977 1.353181701165774 4.2644440274952835
2000-05-05 1.1053987801086584 14.592989794938585 2.645429933167585 0.4574189985149555 0.11041692507430287 0.6815452344123765 1.976650237877598 2.420430982932447 1.4545551610235843 10.443574921393312 1.9428448084245749
2000-05-06 0.1147524358201762 2.17125766653328 0.08530353226457146 0.3655470339978274 0.07134966402654724 1.606007971792533 0.6120343326662762 1.3600594709576472 0.5829776533732316 3.7347553945932193 0.2888075319868082
2000-05-07 0.46841053573167124 1.5383470444341203 0.6200402230640953 0.6988959800230262 0.04461740842710055 3.569553390737055 1.7729951734584328 0.6923407839069274 0.7665990939501304 1.91266934865829 0.09703479144854568
2000-05-08 0.11272805264750982 4.072756746558773 3.1425313121736673 0.11301197421883685 0.06936514945600301 1.5938441865969275 1.171048902106314 4.970713735754713 1.9347542571783651 0.6482695577971146 0.014741274193965512
2000-05-09 0.12952112001142987 1.4300180718277724 2.7464980529377083 0.0021713038768768943 0.030406443651753757 1.1193806389547865 0.126645814781447 0.24106097665372853 0.7060407658834384 0.17575354586786646 0.1970346587741945
2000-05-10 0.9489932874803694 1.1304547169600259 0.17085682436293628 0.027076687200829494 0.08968500101164037 0.6075093261592863 0.20844852518832835 0.2167079767069742 0.06224224829788921 0.8473282319967339 0.16987235759816827
2000-05-11 0.9667198196268735 1.7866876600843093 0.7588519616870495 0.0 0.0 0.01836678237440006 0.07576893577518617 1.0315380188658598 0.04795238170640426 9.486714103767564 0.10536865719000552
2000-05-12 4.831441643724412 2.2561385069607627 0.43561530600702525 0.0 0.013537194450575742 0.0 0.1429609061165826 4.546680022153776 4.888885982493548 1.563208107953115 1.2295625522422686
2000-05-13 2.9456699899707295 0.5126626762110131 0.4688029085099752 0.21926496886826044 0.8270847134961063 0.0 0.06786761589717855 1.657260211170578 1.728370756601345 0.8124457855868044 1.899599833286378
2000-05-14 0.768729058302093 0.06520587059567431 1.5206110572194578 0.7595877787433434 0.6952524117114269 0.0 0.05662411806121585 0.49376396465923245 5.456297453583664 0.2111216752262835 0.3888827299047431
2000-05-15 0.9851251741021507 0.453876481361451 26.489766753940877 2.1645873230780066 0.38711795754932066 0.031391532194728455 0.48196037140180226 0.5803595136901514 2.039677612891869 0.05330498399279325 0.32485304970953166
2000-05-16 0.38827012518805215 0.9085371272193801 1.3617972397922475 1.531380640693549 2.7580862006786053 0.25348216792088735 1.8553830019881425 0.06367170082186334 0.06626659044153066 0.3506061329204459 0.4496174685993571
2000-05-17 0.6995401704040982 0.42268393277120697 0.6505506769163734 0.7110645340726358 1.1221726129916474 7.409030001812286 8.801323972627618 0.7723511599960549 0.4839902524547358 0.23534061149718277 0.36125713621645794
2000-05-18 0.848770549766309 0.6318340258837916 0.13617950490236874 0.9012355352123202 3.1622851168279995 4.2405558250765765 0.5052897329351118 0.020889815251869715 0.4760015013103232 0.46461595206019285 0.306349783305813
2000-05-19 0.17982796065513457 1.7373456846290982 0.2631799196092865 0.3944090807105267 0.9433297879361076 0.13404685518747603 1.802145121387204 0.0685128585354989 0.125093647638186 1.0571582397877863 0.2863517675560624
2000-05-20 0.3283489096672231 0.9682408638882105 0.03707799767062589 0.26005931227798096 1.874800530020117 0.2876049048083428 8.063929175248969 0.7004301429407107 0.048221847497481145 1.1686851701273646 0.17046711925212835
2000-05-21 0.37932172166576406 0.27749362313619175 0.059877110407885445 0.12439929137709682 2.287502720515498 0.009373167314367756 0.3243382451531731 0.1290481718724405 0.14363510701639245 2.2213182884134195 0.18276617108748183
2000-05-22 0.04220849815201659 0.008778237988429093 0.009899802888210235 0.26404810224053865 0.13466640433988475 0.07791449246168627 0.016912578070842406 0.3912315524471363 0.5410063598334669 0.0 0.2727236144654276
2000-05-23 0.06784861274381249 0.26242735572588727 0.38915070743131064 0.8740859266416809 0.017162702631010288 0.27339394312160537 0.4206430223704598 0.6136136104596734 0.2959195499643923 0.0654786975251432 0.4598971414117431
2000-05-24 0.08704658262008033 0.020014821855736102 0.26996444215390725 7.521564067465454 0.18733427075277476 0.06463600529760757 0.7304584726557808 0.11854293324032833 8.996265192565671 0.013275186508476903 0.005690148004256206
2000-05-25 0.28590434171463197 0.08378806838196778 0.11611433712344957 18.70981267345868 0.117075096931159 1.0702481760035867 0.31318347019433634 0.3022942199753277 0.090652225537059 0.017729809281609905 0.0
2000-05-26 0.14151572289044162 0.22218952992510893 0.03127782349747915 0.02539006519434512 0.05293725399610901 0.07831009549658591 0.10319767395545108 0.0321804878386504 1.231613259016401 0.31802133436258806 0.182709984934891
2000-05-27 0.1343759535995096 0.7926485046749685 0.13501906518025045 0.28092114332463564 0.0 0.025512456927901144 0.038518117823008256 0.008842857696229191 3.455220687152379 0.11662077855016088 0.9790967936390632
