2000-04-05 0.9052787862213898 4.3278698838770016 1.2759659502114107 2.123668162791551 1.0648012490855057 0.9065824455009943 2.2675381636609333 4.585608172416351 6.18420864627166 3.223063591652144 2.6313359730343597
2000-04-06 1.1491152078054827 0.6408211231209897 0.880665456796675 1.2322180644973646 0.05466518918220816 2.6146108964278136 1.3643493842001344 0.5316243405990178 1.210476218017384 0.2652227379540796 1.6801202440485439
2000-04-07 0.3643269697549155 0.04094565334916679 0.18958330800449502 0.9964798579600931 0.4613043435961589 1.3330152929459924 0.43193137421092404 8.832753813118448 0.2625890093389245 0.18986627679371226 0.4407167710263251
2000-04-08 3.8933559067080403 1.3798054223726814 0.8479697987461364 2.5500085197858784 9.038494689273321 7.262220158838817 0.9981342159747582 6.32509112325764 9.994833416482034 1.2687976143317035 4.385012246776913
2000-04-09 9.891482802402997 14.54392848382119 3.4088633949768745 4.2436876749249866 0.5996122885516344 26.499331559743485 1.6229203593321522 5.66529716557957 14.631742750708067 6.654317818460665 7.246706679994409
2000-04-10 16.360765515553187 16.942231997099924 14.810959405152909 6.138068766110159 1.155633047992955 15.542566079479908 1.2870208155178122 6.627982224329633 6.840420775532442 3.603065915673776 34.991511837078065
2000-04-11 5.614485475326195 1.3457173786017393 9.638537811350808 7.450924105862014 0.12166105155162046 7.889053873673586 2.7411868954430787 3.0128445076623667 16.302691674606677 0.9584417046128783 7.549578222471078
2000-04-12 5.044699785672908 2.040130219264033 26.909541458798262 9.003816988972897 1.3728297078071763 8.404283885468324 8.383428114798576 3.214060026585992 11.264781715642895 3.4185007627659996 7.07739875608798
2000-04-13 5.930469712964955 9.29532949532629 17.51355577707821 15.153344339546546 5.892130421460707 6.056632195836331 8.308201675450041 4.816262461121051 18.420115086405083 3.39813592220146 8.548386010355056
2000-04-14 7.36395350326317 13.193789590017147 21.2710225299424 19.7602365430849 13.800369802352417 1.2534873974379903 21.840432124237267 14.618546439731862 7.180645801909014 18.003322071658523 7.712726098231061
2000-04-15 4.132446881228143 11.719898554495375 20.093896972555235 7.459907692058188 0.28609279012213534 2.5315298293514044 9.756885809543414 12.055307976578126 11.720708310703703 3.3192059685179003 17.387780420348502
2000-04-16 3.2302405877555334 2.2771706331683528 22.377218509244813 20.577119986185366 3.554676689579345 4.83712987395686 7.557381766446223 4.972474769851083 4.718268620680574 5.430082558713584 3.8274182396327183
2000-04-17 1.5595474174609516 16.055703554055853 11.263245485056137 4.302630305916315 21.110630600919936 5.916125630107855 14.808172128779432 2.7020755264310914 0.7002231049951446 8.799155610576177 1.824176590757095
2000-04-18 1.0233701710980156 7.955177894401624 7.592176365191865 1.1045286310621056 8.19234935892694 6.451415166397531 2.603446178402857 4.539424857741736 0.4525173201595612 16.19704454910249 11.550322082499456
2000-04-19 1.5390880946343843 2.2770045307575892 6.632893321291329 7.969611364953101 6.464930792758242 5.882125277220257 4.375333328831225 2.3320526101883887 1.804660792952972 8.482277322545087 1.2952751140762153
2000-04-20 1.1764364660351074 5.757060384013613 0.0 13.089551665920723 5.443707054101579 7.9091327863962535 0.0 1.6549233062359816 0.6658204145319884 0.0 5.048243534687765
2000-04-21 3.449925363330454 0.5937768614368651 0.23961396255867756 2.5341565520720004 6.9476101127889525 5.023045178099646 2.155207554961433 0.007084242730378868 6.176498196867268 0.02703076314653022 0.9826451535071693
2000-04-22 3.4449457921666387 1.0750969337788028 5.133216205604304 3.3825917799218645 3.552844222087707 1.292178738229802 1.4742524366321828 0.14176098511055418 17.167887468913705 1.3474549845267434 1.1440993347091686
2000-04-23 7.5951106917825895 1.3647916845706387 0.7819608859264636 2.7431472338628318 7.140703693791044 4.322930043324689 4.032173983507134 4.353710855756821 1.358997328146938 1.3480493349053502 1.4134587723900263
2000-04-24 10.500847242853176 0.9840196890250543 0.5630428843652203 1.4208494814965407 1.469225542568307 0.6380354845346581 17.295899055732605 9.165262658832756 0.30708552172112885 1.6465167148334054 1.2841638330798457
2000-04-25 10.0847929191353 3.1876445003770373 0.45771589834767745 0.528683294451767 0.23936440535848327 0.9814246358825687 11.400560893471734 3.6074351454577616 0.6662562883141437 1.123349923060794 1.4885261712766709
2000-04-26 8.447906849954173 0.08163760694193725 0.5873451768614056 0.8822989038519095 0.2278606494542247 5.358196209309279 1.75827522048522 0.016991300031667007 1.002211734492835 1.1335417077792966 2.0307293850707713
2000-04-27 7.801600552990049 0.5214079393046176 1.1139749871220932 0.746749082375295 0.6635315530881374 5.1251104808758035 1.4243587287720159 0.4086881563237003 0.36968476366365277 1.9796770120420695 2.4327162430569986
2000-04-28 5.841495351723934 3.8612615994357182 2.146677832589413 0.28723666516535507 3.413032115532809 17.532689771668064 2.138894333732968 0.2246093845696552 0.164473248001337 1.8340384805635486 17.63830020605614
2000-04-29 7.21014210501316 0.9271630193214933 10.255344436775854 0.17264508077818505 0.2845105904446945 0.1223561834695383 6.269068340565482 0.02330821157815144 0.21263658445216577 1.9482122706557925 6.67320339096676
2000-04-30 0.3801223653732049 0.41487150478652035 3.605341499864529 0.26065321089665916 2.4585805182882083 0.2606222345229632 0.36720637820271923 0.492625111020366 0.434315150795072 0.0 5.702021282799301
2000-05-01 1.4063774170368615 0.016581069389644126 0.32940948724968927 0.18399364975291768 0.40632381328859113 3.9059178121628717 0.7769338907428885 0.4964494151559281 0.689120815305333 0.8503219524277329 6.668990072690608
2000-05-02 1.765900395744254 0.8205507942056312 4.791557476860474 0.8260992871982986 0.14322840773365375 2.2365723648124054 2.451747343822092 0.015204268196221407 2.0914784867039176 2.892031033454715 0.33749019387145585
2000-05-03 0.11902529342506399 0.4507896233930738 7.572569516996561 1.4470949874513686 0.42545262859776367 7.040687548947132 3.2874982867424904 0.24959951938247207 0.841783056700184 1.2028233743784051 0.35997318430933983
2000-05-04 0.1581018367698891 0.42868460311780204 7.812382325487053 0.4957100870408675 0.13727748352057634 1.9194905773817275 11.924360171716106 0.22873658542730887 0.3617327923535664 1.6681993023345876 5.188053380878074
2000-05-05 0.9854707964403253 0.006235008504921715 14.074772960450195 0.015873614254640615 0.681847626511648 0.11467655589759856 1.4197263330472865 0.5924928081469584 0.23013634388040866 5.883860209077992 0.09669670296074048
2000-05-06 0.3225794866054925 0.2827291482593213 16.381685997043725 2.2083939356062636 0.09364323426043383 0.5287094809115233 1.9621875756549614 0.08788512071851039 0.34106931942753393 1.0444292362332757 0.71235982151886
2000-05-07 0.30657807675565646 0.06342254201737828 3.2819750081330774 0.5416414477664399 0.042537799968311904 5.006949456786751 4.8829932718312214 0.04295773547491954 0.04829423268151785 0.5652820455894288 0.2683134511318004
2000-05-08 0.6495917732661141 0.8770817064759265 0.02002842345771407 5.100472667273025 0.04100696674482196 0.19402716970394143 3.002822509996782 0.2159551008516301 0.4091923817013574 0.2632087451038374 0.507819221109774
2000-05-09 0.8254925590097871 2.3146314886934176 0.0255899705690171 4.133410189347989 0.4404492475069802 0.624261945932664 5.1516688491383205 2.8603244985855865 0.01374732464060642 0.022941634530894935 1.1149572306185858
2000-05-10 0.35230073349320273 0.6198167469323971 0.0 1.0822781128344603 0.0313885955559207 7.789464671565414 1.5949556412104715 1.3457626252500687 0.1222828450618125 0.07028987153898647 0.3353754949145134
2000-05-11 0.44823907177007183 0.29284583352460675 1.7107112996822895 0.11218571398242667 0.8183160610196029 0.09604296028843821 0.06786220878308401 0.008586348317944727 0.06861983474598204 0.20581697745011387 0.0
2000-05-12 1.675301472413216 0.2519050221575313 10.970698333016182 0.25989970541756086 3.0742004869064914 1.4748231958028353 0.3617036991889966 0.18195284022294175 0.07834821712268591 0.8982693694611723 0.0
2000-05-13 1.5711019959910362 0.26614295814862826 6.081193194772758 0.7322064225869882 0.1382333642939932 0.3928641509769074 1.837585640031212 0.015416996175804856 1.3246824363837042 0.09920145646338065 0.03625239201120254
2000-05-14 0.6853063242062443 0.007597979041754564 1.5214603019265258 0.5681006406157494 1.0827653424708468 0.0032401466323640866 0.09450042344378262 0.03189455960181206 0.484825628668753 0.20752338801167938 0.29980433611972124
2000-05-15 0.38145553875227173 0.6404687099567999 0.32188303626561343 0.33765538075734025 0.5628270654123662 0.25689772285565005 1.2486602033957777 0.0 0.35511121036915727 1.1603803746225059 0.42367878128667824
2000-05-16 0.03991996186487354 0.08300480750395706 0.15513961917355207 0.877342079699999 0.05786099461179115 0.0 0.09151781487437594 0.006316911546484433 0.7340215639669423 0.40610576109190427 0.4279033811192534
2000-05-17 0.09839738859189417 0.011442075139769345 0.1884932352842699 0.5702606440353519 0.13353616030509424 0.027540739593398776 0.39320305658622884 0.016951658543593727 0.21142521838948905 0.5208398741481182 0.10172343525444316
2000-05-18 0.05058815033305531 0.7003952927670705 0.07985032325904717 0.3220283931159688 1.3357056620229921 0.4642960076531827 0.1164139771933259 0.23646102353151732 0.0 0.24553755210939152 0.08216534787060642
2000-05-19 0.09752952206966745 4.71267065738966 0.5716747556894008 0.048232919671465105 1.3648723730636867 1.1398048774432123 1.2025118256151346 0.9227567750594714 0.0 0.3829287232676359 0.6349772600113983
2000-05-20 0.09547056143118407 23.19295880595968 1.019613299496338 0.06291639453814812 0.8121231354472616 0.12742368017276098 2.6627799895068764 0.7914836515112474 0.06695549014499974 0.08026643045468829 0.057269368093103366
