2000-03-08 3.528825023697527 7.703242746625559 3.4112302117038853 2.6301675742100192 3.155139506504735 8.668465670965176 2.308374159329417 4.589815180564186 5.666907455152183 3.2257360248658244 2.2303967660189477
2000-03-09 12.751440608534445 1.7278081146485091 5.561087674176935 1.3725766660302714 2.4124849405493674 10.730960358617423 7.021270943467079 10.18916090231624 11.265365704521578 13.075410672811113 5.250640233131938
2000-03-10 12.193833993917224 3.3496538197025556 13.394316813735301 12.605461643531726 3.0453669209650194 10.003938769332136 4.735863835247672 3.5898562920248933 5.5946390749526405 9.525385477350557 12.930929366028607
2000-03-11 1.4539362068342991 3.684680071216963 20.302261568059066 11.791145026739278 2.559782999908428 4.527334572756594 22.969628540470296 4.661708190407137 5.0934100226325985 1.2257334024457371 1.1310658968306257
2000-03-12 5.777102200530937 4.005274645443363 5.530639988761453 5.868704202831827 13.996198528501445 2.6409434123441526 3.8200949277847864 4.950048398155086 5.970434118464889 6.570887959912047 10.161132411804177
2000-03-13 8.728675045507302 17.954196162410664 5.247412597104792 0.7167272005018921 11.753359472565055 6.513783885867102 5.827222587140485 8.260779482020139 6.457158397461133 7.870610106425129 4.81027908323353
2000-03-14 3.7694573332467707 5.284498883048761 10.352450487753744 4.679480974455459 2.645261401972348 12.525126421792066 6.928616198801318 8.545594406331771 8.02745562494405 4.809003134107753 0.861138482075712
2000-03-15 5.249514593382477 4.188928988890859 6.048880159732439 7.814792265875592 2.504494602429519 2.8593654673187525 6.177696247308907 2.6816396104757 6.383416734943305 1.2206698560673335 0.64313768432126
2000-03-16 1.1069691971990054 1.699687241660532 0.13605332870558617 3.5545171280918915 18.589945330302175 0.4705021479147136 4.915314179726407 2.8016129427282035 7.373091666223948 4.713223430965909 0.3836418010273053
2000-03-17 0.2874066373666419 6.81087117506433 0.17296179573564138 5.547653276586447 3.3685630538969393 2.732736127270085 0.6283523144456857 1.6146294940225594 1.3232847479285428 1.1458171237172476 0.7688973523603511
2000-03-18 0.4393847136536305 2.095287860554609 0.8884787475746168 1.9688501868332018 0.30368548867871537 4.545549613404764 2.3158691440353105 0.8011518585596544 2.8787738883121845 1.2494202497949427 1.592823926195322
2000-03-19 0.3704346766051565 1.8600136059115158 1.077212163914108 10.209726766192007 8.167988006399622 4.361646034280993 11.687362367711678 1.51931165708082 2.029240518395621 0.9079918167643573 3.625925292456585
2000-03-20 3.733227881553797 1.4844032726939411 2.4118841385664083 12.876434328815323 6.121308978354957 3.10323491068661 3.634201958922094 4.631987513912588 0.69545764879544 3.797372151185785 13.584314049241476
2000-03-21 10.686645740977704 2.7091397644695814 4.910239926184674 7.356106964288726 9.433272927851293 18.942952900352818 6.243009524514734 0.6497303484225951 3.2960054476223655 2.3703047980867655 14.950889114797839
2000-03-22 2.108262141968554 4.0259140023893085 0.25673536894317595 15.310263749015299 5.7226540797814955 11.93249071039954 3.439681292475149 2.469378614107857 2.096962372781972 2.183067000152932 1.9108123762394258
2000-03-23 1.5710527552758966 6.958310729626494 2.1947304804181815 14.185778416064968 5.602389180579605 2.2093815320927224 9.877126468098284 0.7599315259670182 6.245340398034856 5.846259138470392 3.2259800692663085
2000-03-24 3.8821743777536684 3.630246896892348 2.4413704213198413 1.9755157448954366 0.3023976899725705 3.1431582367102227 3.1224873479415436 10.132218590667847 2.801379632896359 4.793389153904053 0.5571321114558272
2000-03-25 6.153614000370491 1.6034084843495902 12.724288285792193 1.2544313431810106 0.16968104496915318 3.105080333813123 5.064690218324599 8.496030945972805 1.3826651752319719 12.912413932812191 3.158615522030221
2000-03-26 2.072298574641061 5.358357784777232 21.26104022206667 5.104074663061237 2.507046123420614 0.40972343150188356 0.7457610162011155 11.268216427509136 1.8008423024856757 39.063324929102635 2.2828997003150504
2000-03-27 2.5468151273407056 10.395407978538614 0.8656223598909445 6.926129225747882 7.804545268303687 16.951135592299046 2.031134209348941 8.066827683638204 2.7440200147731906 6.539194006887467 1.357504134067038
2000-03-28 11.26354462641509 12.702975113074839 4.165395463034095 6.56097927121613 1.7298380866325382 1.4993355671756605 2.7292014217350964 10.773744179607409 6.4060164511727695 0.3439531910368312 3.492295670585556
2000-03-29 3.514788294176991 3.549729519549205 4.5828459146089955 11.599807268609172 16.170132222437207 1.1843203212361566 1.2833654558443546 0.5917683228938226 3.042458209375579 2.252149914745954 6.4555489013872585
2000-03-30 13.1613275762131 4.562510112903316 9.162032962991761 5.32306488202885 8.121358770282068 2.9325112699273133 2.136050711745421 0.5563043613963703 10.276167233388463 1.810417254879805 3.213568856766761
2000-03-31 10.783421253288488 2.4352589297474605 7.544552495617852 1.3075174306203043 12.402534255923614 0.544616703136394 4.797716641889648 0.7970428861811152 0.7988275073357871 3.6857072688753205 24.547950488001348
2000-04-01 3.386249156134995 2.2041427991265703 3.9315567254423525 0.840908108586369 8.236002880688462 0.6845160343662389 11.435554847929607 3.383041951295172 2.0012625778531237 6.287077438995259 3.227642352826832
2000-04-02 3.9762688252281793 3.8361370626528535 0.9035352573712877 1.4153835945490536 8.060913184237284 4.588817692943161 1.2057609101957907 0.4117713053364017 2.029049793251399 11.453432701344086 3.560160751830566
2000-04-03 4.264895471158087 1.1168813479058273 4.86212364717571 0.6613621685660394 3.7155145196705894 0.9594011380707113 0.05810312957117919 2.622841008083074 3.48598153696157 3.51738705597528 2.38308177536517
2000-04-04 3.139754481838494 0.7657498075665068 8.964611820942693 0.4071526638543792 2.8114398480874447 3.751470963031819 4.590135864280597 0.45568586751361556 4.607257296274934 4.395063226259334 0.7616615861128962
2000-04-05 2.0605957415895975 0.2601102789741041 8.570702274609989 0.44461102772789557 4.492782150078138 4.541973535521829 15.650739786388327 3.4225188451861985 1.3794284131878172 2.8011847366027416 0.30648364595830646
2000-04-06 4.726042379607269 1.4168120135298867 15.763936091734907 3.669906254613127 3.898342315015352 5.734324401720827 4.213147262965046 1.3765693513673474 4.788871293735362 1.5551930198763753 1.740872177463682
2000-04-07 3.1401657085588193 1.641444247778849 2.9000102789292344 2.0715006124144697 3.473913073912208 5.128762818385533 2.62002227975837 0.8299506498189217 18.264231013867303 10.367232953923015 0.3972412314382572
2000-04-08 1.3918160295608544 2.270400299179385 2.402795989211725 1.0015133314925904 2.894593297998394 0.17640904450769973 2.167196798030397 4.379736911343365 31.006296320197997 8.818760688304474 1.12295857870317
2000-04-09 3.876025620116824 0.29308264964144815 9.759880144728653 0.08285116102812268 1.0984977247152707 2.8187110474629278 2.379661547583 1.7099642108224964 3.326811839280099 3.095456086978972 1.404655766850087
2000-04-10 1.219393551979247 0.5733447189879837 4.333531608962621 1.6754612111363263 0.6403243793148644 3.376505015221703 2.712731736695077 10.018891687999053 3.276260201046851 10.125909369559636 0.7392795086475651
2000-04-11 5.579911239797686 1.0366298501660376 5.281669040099384 0.0 12.430995162723477 5.189038640526958 16.35156501847817 6.44887141512164 4.079972471641231 7.0582456181499795 1.493977712242591
2000-04-12 2.1223005326814857 8.853844410899416 13.289368672140146 2.377349365042418 1.431235810552729 16.443749647908728 5.6065309783645345 3.4893794716961533 4.073509238959735 8.377922521543484 1.1566119512812123
2000-04-13 1.1684360788029107 3.7340972519227473 7.5796770500239425 0.08913898738426193 2.1655419284328072 2.759382734381833 0.08546720736320212 7.107840690268402 8.308670698339885 0.835590506080242 5.435661686502744
2000-04-14 1.8708775745226478 7.817059699148501 3.0304254928915313 0.9278679148423739 5.293975549101338 0.3419799749873931 1.2571125785603876 3.2843815459860384 5.6321339207185686 0.5713929913494773 0.8805865757264209
2000-04-15 1.1072635004036633 14.826295057682604 13.45965211607349 2.2713492637587347 13.84436736784762 3.6844223846018638 2.3939480006619194 2.494556766111983 3.130718009279091 0.5435092752504467 0.059047967944104524
2000-04-16 2.7184853388240975 10.144938692457844 22.28523027858981 0.7237297876418533 16.870271300968795 18.5439991412778 1.7208482215096765 5.465791442866779 3.4323853314584647 4.492991676117328 0.08614820172066495
2000-04-17 1.8774819141650005 7.594314973191414 7.52037722610222 1.4582848562011914 8.8655907912852 2.0334341343013644 0.8523818219028374 2.9498580922158784 6.1891495279350615 0.6473241018833937 0.5379523670778996
2000-04-18 2.3233110054392143 6.113616831285906 4.968538983317295 0.5091909950472165 3.8834157314720383 3.4989371262220716 0.47728843224201284 9.66831707360321 27.29967860863779 1.2438933993296977 0.33260003897057583
2000-04-19 9.712233302721721 1.7108416488568372 4.842031893379362 5.079675082475831 1.1393296732301046 3.2244993692242914 1.9307084313395562 6.254955428708389 5.550032785801664 0.028120450622902908 0.5402158723071653
2000-04-20 21.184533844424777 3.072637217196198 5.479398959685303 1.5557385407704594 0.9951353853612788 9.618897152926776 0.9262334691168521 0.7777452743527475 8.668710080639784 1.410048824715197 1.1728998666525317
2000-04-21 10.509217910710952 1.0931281222807805 1.7701509455623172 1.4975695984033925 2.554972092147537 3.2802882163738873 0.2567355729319196 3.0647754011387294 18.82390978006032 5.764047896898286 1.8909764269155034
2000-04-22 21.625526185693253 0.36392086326559414 2.3652993473432353 4.63797283344898 73.83805637155734 6.07697209906197 0.5974191321205564 28.658291238083528 7.19605312959116 5.411054868351939 0.9400244568716584
