2000-03-15 2.1130723054307716 2.2810580529500966 1.7861202730794998 3.66063116760302 1.4154205071078507 3.2405363698062164 3.7602884429116123 2.119349252227084 1.8955423576382928 1.417453571854864 1.911434659799264
2000-03-16 1.751399382343719 1.195098921318961 1.3974763027363988 1.0935727477699433 0.24161127681740463 1.9149738716407334 1.1813481381479374 3.1584114521221407 1.6365578490305985 2.4207371933575557 1.2593579955596839
2000-03-17 1.4149113241983329 2.038114257014918 0.9924022753701512 1.1196662391083534 0.1360757981981532 1.6540120039437085 1.0664161650870139 0.18229479186947845 1.4306111348418948 1.1813401667526908 1.0477564803276929
2000-03-18 1.9467646573966073 1.9214864967803216 2.200668268006252 0.37536057160087277 0.5405790487138793 4.175332240544693 3.013783608237193 16.15984837712043 0.2833716094223786 3.1471858749709565 0.932130458366688
2000-03-19 4.697206636144567 5.238871433934379 9.582738042472606 3.4524978427661015 2.6048750920555457 0.9295052372322619 0.9769067317489308 4.401866426763027 3.5893305319006976 6.8945688783591015 3.3999937617038496
2000-03-20 1.5077553388201634 5.709234649649254 7.199808536322234 1.2843551139682918 0.8277502115436506 1.1785126740964278 0.6835173668477477 1.7095489487774063 1.3195209423884295 16.62402237632985 1.5931084582298713
2000-03-21 2.381956789138079 1.840730324131662 4.670227477643573 2.481464384586977 0.4427888831461686 1.4660387455849833 5.222317815499577 3.4405356577408694 9.202028849432319 5.615492966101774 4.400810856062592
2000-03-22 1.65522272611365 0.05928311736685933 19.659870751057532 32.747615043541074 3.5326177020223803 9.047627506061815 11.18140225777991 7.434711244938706 5.630688547375226 0.8379253825994244 6.60963147996965
2000-03-23 1.7385302706937493 4.305975810153502 2.490301635163256 0.6286737964281943 29.3789387786045 2.1309031626602755 4.627201815460408 0.14911625546892981 5.336044299663499 0.9443275203435019 7.266499475184768
2000-03-24 5.458934948765608 2.004210513938898 0.38001368305769423 23.770824359014014 1.4868574947132274 2.842148814346271 1.1416268115577783 0.5251316171239233 1.8569357255046264 0.7117572754137778 4.308561875143417
2000-03-25 7.547561755595074 0.6024836968459304 2.2884204857626065 1.1969299286387742 2.999556729425942 15.871824621924848 0.8273643259528427 5.298086784447148 7.778013774328626 6.5201710699933875 13.826015731546104
2000-03-26 27.636867390760905 1.0286694216252108 1.1839419072216586 7.991938589112043 1.1848059866275766 30.597804393302788 10.173304335655763 2.6097011924221776 8.351487727045876 2.6920882451032613 2.3694446381516228
2000-03-27 10.18789305756374 1.294191695523923 1.5022232836190224 7.796133297185888 1.044452310861189 10.67857125721558 6.305677782198458 8.416966039160458 6.3393712460499385 9.935613072915846 15.048033349379091
2000-03-28 11.154070770676196 10.765068956853774 4.795184202107713 7.8184170227188226 1.7477067656142133 15.806350461181847 10.546239936877509 29.53127631787479 3.682594481166822 9.435133212583604 3.9701235798169083
2000-03-29 5.888044342178629 8.026637945605382 13.073903937373977 24.393045691097036 1.7782159030077567 3.570233542362038 14.792054608835628 3.13409907071359 1.6111039416969781 4.417195905616669 9.45431811538494
2000-03-30 2.0939823876814 4.424432471234427 16.383837043303227 13.135262989922099 24.85516598698866 2.0050943458289052 9.949973425910649 0.0 21.2708528543819 0.2650204761589018 0.49325574115902415
2000-03-31 3.2675714059320202 4.657663709383323 18.005367685831658 7.160063591110017 17.47024652012958 7.298421133861431 4.180207007114598 3.0655507021518 6.056164804226646 1.5512804382293783 3.9091667236292658
2000-04-01 2.8391892022264194 14.877316874924794 7.059755912206221 9.800208421709536 2.3892470819416234 4.3896827981493685 4.963051578360605 16.726011930220444 2.6290749070268236 4.858861185740359 1.3314357977044593
2000-04-02 9.898327965358579 7.072144116722516 5.639694773824255 9.299696194533322 1.294218714583706 15.897629392345728 4.390045857785921 9.435573933538858 9.899158918680396 2.20525756508304 6.409083264532878
2000-04-03 14.83773312598887 2.871605684918304 5.20598479796411 4.15066014525517 2.7125482933424556 1.3278308754895316 6.967063487796964 2.932986173276854 12.843534245803868 1.8238841392219376 7.129347233626445
2000-04-04 5.096526419141152 6.951023159438179 5.116182433802066 1.263931658404609 6.259580294537674 3.4862722894413216 6.805851446586491 2.480848629239694 9.796813575702801 1.4765776823995174 2.425924454863239
2000-04-05 8.485751122434785 12.485711862907175 9.564519407808268 0.1237248540202531 8.417834679271998 7.490485036303373 17.854623579405903 1.9422538677950347 13.331199874838138 8.049475842741813 1.9274954094368189
2000-04-06 12.699632609513976 4.542804153895418 0.9529643929015854 5.110882877309279 0.3397144334559694 3.606229535120047 8.796725719412418 2.6385321006583005 5.565659066465463 13.264872538427362 2.873958298817123
2000-04-07 9.163454309902416 0.052811473358458615 1.1650864029809656 7.505793200295631 0.729835769212609 8.25668418218745 7.954476707791908 16.432372143293456 3.1072830064205657 6.37148163590075 0.40367421311813306
2000-04-08 9.40021887694122 0.9694169626327113 0.2519596760544553 8.51257566984472 5.864447284073963 1.6891300832336462 3.9872422667769314 1.9137474264342387 3.5832738771904595 2.25123906487204 2.0410837262538357
2000-04-09 3.9097659969930936 1.4273360727148987 8.09789305186997 10.838161947352262 1.8929181709635876 1.2774630549684431 1.3240619253605477 1.0673147861132248 0.9034123453042513 2.3100773612467966 8.188308552391035
2000-04-10 8.709320210663382 3.154955626452316 3.794592308347797 2.2136396898320436 12.466259004811837 1.8564089357603737 1.2209786044861235 5.928130173884244 0.11062701449121869 8.006560910564094 38.14407100625484
2000-04-11 1.2963336224811217 1.5315591847032675 7.579697886768564 2.2853573854309364 13.593917128349805 3.2830541757611087 1.4340502242933506 1.1633152016620905 2.0566412722462126 1.1698593690382095 3.4032947115772276
2000-04-12 1.0683680408916616 1.3418292805553622 9.72511279221054 3.2699516494629437 1.8749719202009547 0.43003389786587354 0.5175593012905136 0.8797847319213108 0.8471777716887726 0.2513632860301177 7.730201819116496
2000-04-13 1.0420492061399833 1.1686686300309188 8.279768067112823 0.045467155866800654 3.941671648727054 0.641469570265836 4.863367645402624 0.698249091369137 0.020365709038073367 0.09276138408775628 4.018436125228167
2000-04-14 0.8437822606512906 1.4844607010515405 30.965236598024653 0.5332500601613955 0.9567992893617862 3.5543239680885303 9.346559364862305 0.4773852223730479 0.5194408266749933 0.2176960469566438 1.4890707320889434
2000-04-15 1.7942393376132102 9.298529972269062 15.77787266861355 0.34363027461790735 1.1303120335022823 0.38962809973424933 7.288895754294696 2.857796192848018 2.295737921009116 0.679503933381133 1.4631379197556371
2000-04-16 2.867600995711002 7.412986219920516 7.5770512712017215 0.6268313736428333 4.229154062769889 0.22942176447137286 0.891347803632879 9.903350378608001 4.7283696818736045 2.7085547012909474 0.8352722641458867
2000-04-17 2.8132152293201638 12.144639663987665 0.33561827486506385 0.8317494350578927 10.38282348842839 0.9158058300975851 0.9562311769631013 21.370999716594483 2.5956844146667377 12.833535533708579 3.0037239901460566
2000-04-18 1.8148040964857564 7.73438618103668 0.4954285451110525 0.06709887247905529 7.226490317895135 0.8388785913555137 0.8314295111473355 3.024351338743084 0.03775241246900935 6.438355195357842 1.518455190575673
2000-04-19 0.28634073951355643 16.81896591424203 0.778363660939063 0.14095410040996775 3.1071773558684663 10.243610708153442 1.0845112163269552 15.650066086179207 0.18464999377225788 1.7004218115147005 19.953154772473788
2000-04-20 1.032850315903195 5.205954336053361 0.4150517639573665 0.4374860736358938 3.6794543798171735 7.187470845425478 0.3115502338017939 13.399370555184143 0.7548173227075439 0.964388700021065 0.9671860426527699
2000-04-21 1.4601604700921058 2.9291030231123263 0.32662144776978164 1.3020942949937364 4.188297515401857 34.68968730249249 1.324601644717202 2.041065746746478 0.7669486334977906 0.09568678001946779 0.6922081557648238
2000-04-22 0.9499698616799694 4.078467836779064 0.15396545456098285 1.4313624915771306 2.7779324699545676 8.457368664042964 2.634259892102667 0.10099196377646764 0.6115967172857348 0.06805119221132115 2.893956947058327
2000-04-23 1.3169034519921592 2.6490012246900276 0.6105745056116499 3.2427891329870873 0.08916315014908824 2.568423715859165 1.582835357009249 0.0 1.9409436038870176 0.0 3.1648289432370507
2000-04-24 0.6173802785466722 0.17744194644215994 0.5994040329376983 0.16080883316327774 1.8668501112154856 17.962357314001515 2.326562472405807 0.16828213604910885 4.57253307979629 0.2210718957588711 6.883943977980088
2000-04-25 4.4514774303561 0.7861128656552764 0.07525549640561942 0.0740805305039445 3.8743860542485966 6.436248154627158 2.2776027299242756 0.105191974514665 5.735384535118785 1.170438770844032 8.230994329983734
2000-04-26 11.244591088327251 0.4248309322378605 0.0 0.9679250496328451 1.2371583956643784 16.414246901041153 2.529318342272873 0.018830354625665423 6.083638356294998 0.2581777004448579 1.691061772493275
2000-04-27 10.653852924046218 0.7922418877744063 0.09183618766124986 0.5026604678381371 1.0255427168750264 0.3882557776714445 0.6924869398127306 0.7213687342610409 0.9901263881384724 0.41087679122252946 15.237563613942417
2000-04-28 3.220284842182223 1.2994282025353088 1.9167088407577952 1.0522955999462111 1.039378838668469 0.35545509807911596 2.3892766846078377 0.07517959329241047 0.4394009764304795 0.04192904303724695 7.928834406163789
2000-04-29 3.452789045351316 0.49222627900982713 4.245143361328416 1.013156395508235 0.4112573637884276 5.355605236086523 0.4440378354566794 0.039879394391280486 1.2595770696953748 0.22257644087672623 0.6251979585075996
