2000-01-11 2.385414887949395 2.052218189300236 2.247962619271055 1.621833065705396 3.3001725376649977 2.847882792192676 1.733096818367636 5.111177536611153 1.9105501778655922 0.9547345815948205 8.270837150153433
2000-01-12 0.9426014240402294 1.3055725424568272 3.4594246618566027 3.570489410526015 3.0449353176560248 1.5663572396884762 1.2278942596100269 1.6477515791530188 0.8763468768850968 1.292049965835271 1.731932387058716
2000-01-13 6.0984918488267095 3.722526161487119 15.690121002918403 1.3912193910916124 10.048379837834505 8.401468132734603 3.5539205002093768 2.1032732571313417 3.0619476414679085 1.9023837531728858 11.655223845359775
2000-01-14 8.379252037218105 2.029451119424974 1.6480749329591857 2.5466537655954666 11.286090814172201 12.912131066975396 5.110248924458508 12.030079906370592 2.5019312805891536 8.2785143159206 1.1790673493562451
2000-01-15 6.545937054517443 2.956443747251778 4.474536493930678 1.4790248799007217 11.474581880526317 18.868442723612727 3.758204483711476 3.2672540936581154 1.5994476497003898 13.748190504217574 3.5218639155792175
2000-01-16 1.7429110469493496 0.15666582735187456 13.398228792448455 6.532960704358727 9.425068391797065 7.189401943329937 7.54687509831313 3.5727801474423635 3.1971732981358016 4.565583256946516 12.233877128133322
2000-01-17 4.646627467248486 1.3493013668885163 6.7920577074461015 15.357473331304213 11.496678365794642 5.394246321963227 10.820048342514893 8.16627309965065 16.065459397901808 8.365228248994867 9.05073379661461
2000-01-18 11.06781133921578 4.223274430074685 12.166898875289522 8.9193227023338 5.265137713029455 17.16994975936943 2.41736379949208 5.899742259267051 14.156114640888848 2.9301783632324065 12.881278904593913
2000-01-19 13.167970143483213 3.713793633350144 6.360611110180178 3.758272557215479 10.154121927632609 4.9202562183396115 8.67128068055883 9.475797668798105 1.5350821994384205 1.5143311928908227 3.6898011507853523
2000-01-20 2.678938543834727 29.355532331206614 1.7765439969871488 1.3582947577882514 4.416783480161422 1.090371994424212 6.788616487101269 13.817091711660929 5.5575130739461915 0.6006974640388894 0.7502890197347354
2000-01-21 9.267360869911206 3.2821924721164875 1.6317610411162544 3.0099747161219303 10.689644245325272 3.7055148021628135 9.967773625079428 4.564652537694952 3.5761267105642487 15.877611251931947 0.5857328591445295
2000-01-22 6.557526007314255 0.5334149028267892 2.724081299668086 10.168603139075362 9.10667843839438 13.632982323578497 13.320719908240404 2.9763037465035396 5.782514767165386 2.370637708458988 0.8024975529657287
2000-01-23 10.48709409350246 2.9005119573424363 0.4219353569745391 12.556016754026887 6.469973170555015 8.990729127451761 1.0993729992854577 2.0189260908521915 13.50382980887371 4.526879172215347 2.054522284364115
2000-01-24 8.779668363210298 4.504993008553996 0.10839527567793782 22.098355692780498 5.022065927576412 8.826459939268572 2.370912512819224 15.741275841146926 7.52073859996657 4.01222996228102 4.46722164465136
2000-01-25 7.89639730526326 0.9811339600244658 0.37373849831951533 28.635523760570734 14.927663478500065 14.196357301567028 4.061021214222258 3.130306507916947 10.97839086908348 0.3848336583803511 2.437135443529664
2000-01-26 0.8412985390366452 6.661893182847494 0.1706240321945657 8.425039706737506 12.47867166507746 7.072901485989435 1.7048133934433587 2.987952019910477 8.546823855876694 0.0 4.285387267128763
2000-01-27 0.5260622462315904 7.085294798566753 2.744545303949219 3.710363924230991 0.6384912965517441 7.461657939891587 1.6553038948418994 0.07662356427408992 2.3408405252883226 0.9531181312995956 2.0179889347065982
2000-01-28 0.9792937957830992 2.490205302535751 7.510774749323451 1.3629515588837466 0.0 24.29936809484727 1.3899414116804782 0.02948634588111604 1.9040209718352465 2.061413782547949 27.83292539530359
2000-01-29 8.197108989728871 2.6760429956687295 5.1205370209717245 7.6403797382575425 0.015251658533722245 1.1572553568399568 5.450127784868872 0.32545624838172793 1.1121095301331159 6.648422591898662 14.15140040884674
2000-01-30 1.991397313391178 2.055648708535494 5.862625829588789 1.2174115466713604 0.042521181729493485 2.174553744638996 0.4311554099705993 0.18969583030584855 2.2444271027481193 0.29241122003339576 2.9529689308870464
2000-01-31 3.764280336433705 18.40970068662576 0.8454430414388815 7.473805643477222 0.5756938353075269 1.486297768866078 0.37908735026844115 0.7419632490826229 1.9871054956459906 3.29705428368872 0.6521038434576075
2000-02-01 9.920747489624077 12.482159879127412 1.1123705175423115 6.481371685182564 0.36309346642368534 0.08475054092823182 2.185475316262222 0.24156783490128922 0.5586363102284184 3.952465258640557 0.18059718833658234
2000-02-02 4.088049034189085 4.364672999848941 3.3501466672439824 1.7001776832644278 0.0698974108448106 3.1412549834514696 5.115527043484597 0.3022785930080587 0.8028080416641821 8.317256598944429 0.5728638548290657
2000-02-03 3.053127328206252 1.9394468107667167 19.989375762545087 2.201761960855557 1.0439794394751178 6.678769787909017 1.6460745025452588 0.40943899470811973 0.03409270138694083 9.347477572778423 1.9164267602722038
2000-02-04 2.819651032697935 0.0 1.1132984427958332 0.7302689241055651 0.8133673558119378 0.6564721988538313 3.7208258278562543 2.5722204318249613 0.018089753013956898 1.6976505373613073 2.0389000984123435
2000-02-05 3.618111259109459 1.5732597851784313 5.831090029844481 0.07286594529009288 0.8486499727140093 0.06672542991736209 8.89072659475562 1.1612889688329775 1.8605131265575952 0.7430599762704986 5.863556826848145
2000-02-06 2.0714538808757146 0.0 2.0787820403252057 0.3849052290386874 0.3697720312896345 0.5572608691643695 12.583411400125986 1.2546083890952007 1.157246877073412 0.6082181743638043 5.268253579453814
2000-02-07 0.12148598019282342 0.044152281917335064 4.800056882005361 1.070094339613211 1.174597914077108 1.1670355463561162 12.019237109958826 1.6085716865104658 5.559294076539512 1.0233282627185138 1.4801108915872723
2000-02-08 0.8262285692130003 0.09724291802203422 0.6780869361385868 2.0811295438344724 1.6661484556957684 0.9657190141169311 6.040088771330177 3.022129743190703 5.995564815323502 1.2718272152880936 1.2262022064897111
2000-02-09 2.293869160800986 1.5564326389694791 1.0325832117533935 3.6970782739733075 4.727380890936382 0.6400981631493092 3.144542082504749 9.68258621632658 10.95082481159641 7.233885454062703 0.8971981034044971
2000-02-10 2.995930489648332 4.24896843861106 3.6937829418513655 4.447235430366323 1.3037567620156905 10.133974204222088 6.405136873578078 5.481801491608763 4.499000732027696 15.59772840688695 0.5765773189215695
2000-02-11 1.8389555110708409 1.4475463551528693 3.150980597058091 1.5691080608740502 4.298461440414293 52.0285824606937 6.828737831461618 10.791776515392552 13.126594882021354 3.3429612996841334 2.226625268814873
2000-02-12 0.4504091089039042 0.8474113469384782 0.3494294120672976 1.019660653062059 7.166923892189298 15.249677056692885 4.453444054852508 1.2476665787215568 0.17316432848860613 16.08241640700512 9.930443835967072
2000-02-13 6.43392208792188 8.68877333483793 0.41952558179483246 0.27687738514448135 0.6238990400721425 9.94016212398463 1.2489794644429688 2.2248291798397 0.2704808714335949 6.500833752255624 21.835587919705944
2000-02-14 4.759385645580307 1.4736278681253874 0.24412169674385548 1.1838386689617275 0.11146315938018772 5.2658864035582305 1.4082474800270433 14.88777680237526 1.4803169246199028 8.48668357007109 17.943566489196577
2000-02-15 0.8725649050061229 0.549610785616699 0.4494516781176269 1.077877683842694 3.569475504613358 0.3329110557741488 3.121734833954627 14.980245074488494 0.29338783856116285 9.314587249949305 18.443090406892086
2000-02-16 4.294601559295991 0.3071885573215548 0.34522437279670415 0.38015138589698727 0.44869751521090795 0.16264861912141215 7.378867862379509 0.062054433442416616 0.10385516965304627 6.695650917138554 5.334757399521462
2000-02-17 3.964681695847506 0.346554387285786 0.34961715117015196 0.6005553803454932 1.8426109134539712 0.6561799950668292 23.758340354512708 1.1165039381720565 7.784977041602628 2.070475737770841 13.497181342068336
2000-02-18 0.640122719345551 5.059441906894795 2.059635023757337 4.497056853018489 0.7521083799234833 0.17840181212234496 2.829410866634624 3.2716438335149727 21.627652673621675 0.8083869905889047 17.422564460033225
2000-02-19 0.8968098889712774 4.176748163949101 1.4317615987567187 1.569372859803969 0.4238679181928302 0.2637590558944687 1.4400088443245156 2.82541555180417 8.229256095133952 0.38674165995807674 4.67768026404498
2000-02-20 4.046764316875532 1.5875266586683625 1.2681818168069143 0.022304829424976594 6.3499126180318015 0.06320936582096581 2.1778612772175685 0.13231696851260794 4.195832853525013 0.6291212811609483 2.6243085770918535
2000-02-21 3.5947993804051466 2.5906470099539716 1.325159126382667 0.5028736671748978 5.628208967512839 0.032063330065866806 7.061334825637795 0.10512344463429399 1.3382075740355845 3.1919902102942346 9.497555741927817
2000-02-22 7.9965197778866655 6.966180783508724 3.61520353155052 0.532632319250941 1.9972394500750499 0.1093855900478984 7.926962248340351 0.4270232853293466 3.267990651302008 1.754430179753553 1.3894723657916002
2000-02-23 19.117399305911576 2.744108237477148 2.490433608258498 3.5442053256080905 4.122657085250944 0.2540980038883299 0.5031921815718794 1.3263530557957193 1.644558729816528 9.575858560529474 7.873706486936332
2000-02-24 9.02255665811851 4.724382846540881 2.567945896339932 11.496401606672254 4.3113486213106125 0.6015038090187743 0.37235435453233434 1.0017248793792541 2.1908809377478167 4.922686305693584 7.479139047872895
2000-02-25 6.923578576823154 12.985001196375594 0.15711870500225164 15.480048579325937 12.945968151803914 1.1599355348408094 0.918260373790764 0.7562246697496168 7.390383070356266 0.7288021093478827 5.046507144714531
