2000-02-08 11.840488260221868 4.753064116600301 20.6437491034896 9.830692659670422 14.438765994780473 3.98785665407629 17.244509802035417 5.972648966440703 10.090235852971762 9.778052873253 11.149064534072147
2000-02-09 6.292428871764903 3.1442276710607335 8.450856878083089 6.671168096101552 9.741617248875617 1.125820760219234 2.0358934418540438 2.926683445155783 4.6522738267698065 26.536607563055227 1.7455727037615265
2000-02-10 10.874855976755752 2.9393830174281304 0.7246554454403406 3.6964901891565143 1.4511288328323508 20.79982238030999 1.2256006549738827 1.9134339302069423 3.0240818383763894 9.561004236740931 0.7383257234614872
2000-02-11 5.447690331793403 11.168390040331605 4.439004489785308 3.2620435452285887 4.8774928271258355 22.35423353327733 9.288323027376691 8.874825120261836 9.985352853466164 5.9666960046473125 1.029331067663917
2000-02-12 5.867988862965057 11.878448543889718 5.016383320205465 10.027229013948713 10.60733405290408 11.686546583772799 4.184040988069535 14.679701684654614 1.804178395496033 1.8227430462376581 0.9671113570010211
2000-02-13 9.311950856843783 8.350163343362482 9.539973002364299 5.131931692510273 6.628284854708035 16.117592146737103 6.815962644692641 14.614167248597486 1.92403154105764 5.575705689035273 1.1540588073335083
2000-02-14 3.4822662849082207 3.675656476783606 12.992003097480003 1.0938070421458772 3.6963655829557993 12.108207404404371 7.596851079178148 6.055770681383539 6.381511045482004 1.42353171989785 2.9571150627534415
2000-02-15 6.43848966069381 10.916179441203358 16.762406047541702 13.593233783368024 5.520476360892471 7.571334484732279 13.077609613872735 7.498746345923372 5.824167555699024 4.073439280647405 5.075264030663666
2000-02-16 14.441436668751253 4.617890723153579 5.312215964846947 12.7199734279923 11.88259036375068 4.350971173392203 9.700441581181646 11.648583630786856 12.898718522490025 3.421568758390555 6.5453485657155
2000-02-17 9.539295118221617 17.295159422516925 14.288289043204877 6.663143087023382 26.27946017881948 15.698021459467435 3.4816694211189345 14.346059970539212 25.584477895312897 9.662846505304643 21.128835199950963
2000-02-18 12.488146756272961 8.10797714746531 4.857963608463408 7.0011095993384895 11.520424110860088 18.626135176293264 7.029636017898582 9.712346473110586 15.44474846954336 15.822539940049715 14.274016654748014
2000-02-19 7.46503191057019 4.351497351319356 4.6977915004371535 5.583416439296472 8.566577076974694 7.4729611499179835 15.816996295392153 7.874203071712074 13.68387849268313 12.492486763178775 18.125197609900027
2000-02-20 15.584944624105214 9.00254224162325 7.761026403219146 7.276506094752675 6.77476357837017 11.434343199130257 11.586083633445718 6.227896247703922 23.749898304612536 22.690576844535258 8.36037133840397
2000-02-21 18.928309123747653 13.470538749993459 12.512803682937827 17.184554231014392 12.770697436589252 18.70823493055398 4.575770835254039 6.258330568831628 25.66864758358076 16.826807149498016 5.65915442242377
2000-02-22 10.031687226898029 18.128139508974783 8.372803934885816 14.821817032545525 3.634691341056574 36.9374230054618 4.781851180198786 13.053210607692911 19.980280830109734 21.43098380894837 11.342772052640676
2000-02-23 6.92467507160952 6.202515238833289 10.194845923044383 0.3736681965793804 10.045483916928683 9.749393040634718 3.892744742270673 3.23359188802235 2.8649674288339257 25.623228508727777 8.173872997842437
2000-02-24 18.205725361655382 10.132086421691831 4.6121535419003745 9.765867835212736 19.05019537849507 20.166965949924105 4.867004058517657 11.69518435814096 3.9064234230369035 10.692121862787024 7.321246321919558
2000-02-25 16.250992798260235 5.391857291262101 6.979374337192989 19.837702609116366 4.983580819242892 10.575994074763093 6.328603300543179 10.002768145594379 8.61875155407079 11.843767155630802 5.726165653327061
2000-02-26 12.636338955161587 4.749487619967865 14.638227673187291 14.528870780246892 4.254238960876243 25.781946042231475 0.985628726877129 17.909500217159074 22.54989010576993 13.662982929807729 5.6257258305609765
2000-02-27 2.7486264259487827 7.124021567635872 13.282706790687781 7.741404071425372 13.593494989050946 4.095330998801262 3.653337613190562 5.567383291477558 12.77709345806528 2.0340978681794626 7.919099944053212
2000-02-28 6.224602429610648 5.1880960252679404 13.383580676618134 3.1918834899206465 0.9346327509236972 3.8158583090171367 5.691712733183916 8.805409037730922 12.142247009929264 3.6277766478267184 6.269638201866192
2000-02-29 9.5710658188673 11.195186110996993 7.075432913775277 5.757466167722266 5.468145737550593 3.0142221732991947 6.682205233969858 10.43358960650799 3.2098344832311123 4.516142877650769 8.425473758879289
2000-03-01 8.542459040832096 4.938501904011233 1.117598973768014 15.491640420921312 10.622900569115231 16.228378376271905 9.739399802524854 4.3016535953142245 0.9492929281718575 7.947594703237385 16.77370311436521
2000-03-02 3.955802755894503 1.3926575247773632 1.4183591837471852 12.953801957479179 6.9889541307809155 1.6068057239176616 6.0236248521215305 10.601769244721279 5.96586998525286 3.1214489737704563 18.572371686496922
2000-03-03 0.41794082217634254 0.8972174716052916 7.887368668739611 13.419993824671693 12.69699188599952 1.252427736980175 1.5544039615803036 6.958701065275052 11.132553394223379 1.726112482013729 24.73515568118747
2000-03-04 1.7261536388973995 0.9397318134371168 5.8009770203703965 7.634641430089863 9.024613859558286 0.546832041317055 2.432788675646993 8.266876227776102 7.822198058024527 3.8513928296400133 12.8708701061915
2000-03-05 2.1018342346288907 2.617061992726955 13.47144283910717 3.3493584005096766 0.16542218350472596 0.33633864933344637 11.624191240140686 0.9838702748548819 0.7847121443129828 3.637120966805015 6.400698429427398
2000-03-06 3.2654928205916542 3.732062473809634 13.760707712872541 0.02439754928322473 1.3439196144950434 1.1875457179489337 17.86859030426794 7.657752167852344 1.806962725642775 2.0265564736908526 12.250441065801912
2000-03-07 5.397855984622312 1.9963184134602159 9.769356922004185 1.1630798989109072 16.980112425774863 1.2021119026470934 4.05593830655611 8.422883650756251 0.3127894016851539 3.9786539691642244 5.72551156842962
2000-03-08 8.690618738572727 1.3048353521557932 9.158137689641055 0.5550091950559708 14.915451338161052 2.0862944687787746 15.072485041521782 13.181575320940414 3.5125445381503417 1.5268649563258516 12.991602624011932
2000-03-09 2.409165857461465 2.916927793262108 9.680219771706867 2.0105596362725056 4.890324890356576 4.557740549361039 9.008603854742619 1.5574039997794027 0.6359236141963861 7.172985648990498 7.7828142105678015
2000-03-10 0.9042373764481961 7.333486785888246 10.163405061386431 10.094023672500324 15.060983953614205 5.825666621810686 5.940656567483877 4.36438724443347 1.7689686113691296 13.994572450216701 6.494811838209545
2000-03-11 4.357455395101548 2.8022061861525205 12.512359428300943 15.500493100169349 7.327260578699199 2.899995051154453 3.997176575131841 31.84022595092474 5.357338290034031 25.93806323330238 21.588144595028076
2000-03-12 6.7213031184210825 2.9016853055297536 16.755283209331516 7.905976238799196 5.3433120016681555 4.430934174940028 7.832401110933671 12.390896998819823 3.5723437702543026 20.718693330441383 21.424765058033884
2000-03-13 7.494905025395828 0.5392248005111692 16.491044465981297 6.675159920067022 8.343485758213333 1.5007695263889569 5.862118642745509 11.845036048682486 18.42052708103754 23.096346435532965 1.8522527967778386
2000-03-14 8.522714127858338 6.443131868525165 22.92094367181256 0.8123517459572667 2.7460993294586618 4.056890863189963 4.387357693366338 10.355984862790214 10.963408248964662 10.326927226316162 2.834084882203323
2000-03-15 16.1765236036258 6.540283322799379 2.3926049831941096 3.148562827518397 4.225561714581559 8.658909992962526 3.8480506903821534 11.523193977098694 0.515991697636224 10.682448121936478 13.040322923033106
2000-03-16 10.28950473109705 6.934741105517231 2.791789141214454 1.6652599929831218 7.0776082551481085 19.229778236830786 5.044255410735394 7.081930950988619 0.17846224276212846 10.357955999090851 15.220148057465714
2000-03-17 6.466755172019904 3.4882751155144343 0.8805270013223444 0.9931456285172433 1.2955413022247724 11.89370997287783 16.955136545057993 1.862538659582269 3.5467524417413943 15.199093555160772 11.528206777137486
2000-03-18 4.5470401266610825 1.614743024471151 2.2041475428193467 1.2892648847244033 2.6373512316572945 17.29817494812933 1.0328363916877554 0.8429110294799618 3.206316061664825 11.933199652474363 17.902133427026463
2000-03-19 9.78032633612025 2.403148697890343 7.875296226738046 1.102395615918666 2.368977589742545 18.91939166625545 1.6612586298859489 2.199323684552937 6.783366313146319 9.55085834685399 4.272824279401935
2000-03-20 5.880178496772011 5.723338278428356 10.37152956568717 5.7372214989765595 11.74298601135736 12.82703820234319 8.741044309939625 5.465912625001691 5.6204093385618075 7.717460306989789 6.749089972173753
2000-03-21 9.412599278414056 5.751595942886286 7.322231436802642 4.723021469074631 16.79755514422459 13.711431599150444 16.564567910435407 3.322726598362789 10.97779807072723 18.96206173388563 15.418343668172094
2000-03-22 10.55730268447617 17.889809990110834 5.831446732219478 6.6293975900860875 15.631148948520199 6.124193141359642 23.319487870282583 2.7700783709858454 10.399750218794297 8.575145036552282 17.819150610118463
2000-03-23 5.060860415082717 23.48674429783493 11.997802677891624 2.318817636574293 4.32927437083015 6.166942704304477 8.449927514068627 2.6014584017162465 28.26037233672644 11.943914488154316 4.045500509927043
2000-03-24 9.789983024494365 11.41304252779163 17.986246551505957 0.39449570761297503 5.024851470000948 10.75492286503061 4.97922435050593 0.3044303781224084 14.98490690089115 16.158694688951638 8.964612446833817
