2000-03-01 9.98063070583314 4.132221890582212 10.483468742912113 5.153209339826729 16.07064088951424 11.480288159984035 1.0468395425294572 3.6990838289358936 6.801357029401329 7.191586747992657 3.925319970955887
2000-03-02 1.7704094357443645 3.8453421429398746 5.726948269517111 5.958692450934502 15.833243127653668 26.009287801536832 3.7194761993332293 5.17045038729538 2.696112446476189 0.9896986946139801 3.576509370230215
2000-03-03 1.0860582941563586 0.4363286915149317 4.516831220940515 0.45736624881581306 1.7694580764893975 8.287263622878523 7.94910170124102 3.4438431634888205 3.5595874142614985 0.9747514070276316 19.750297541733197
2000-03-04 5.537335058954262 15.440089051923021 0.8096083255509987 1.15113401278291 1.2541667430074395 6.536511672371526 3.9851930850505703 0.576271237303189 1.8355742054681232 4.484319711754123 2.730256832220107
2000-03-05 2.0696917502683734 1.3661868011659495 0.3785057637667105 0.18962993876649517 1.7334787746329114 0.8958761648350437 12.539286787624494 1.2463483896263172 0.852507462477184 4.454350341563177 2.6888841136993067
2000-03-06 3.0960712702938737 9.099536444738877 1.0273471424523746 3.047718930539274 0.8909351882369577 1.9143109372789946 1.9284068801443763 8.95548980346166 0.5985336526915851 3.2036562191419278 1.0054371366319028
2000-03-07 10.55864291503353 11.850870833359956 2.8425218544967206 6.204674658113562 9.756066712814832 2.7936106124123707 13.336115055042573 16.84848961663992 0.5792477577607458 23.10022517413698 2.755736505041991
2000-03-08 15.59823485672819 8.476525863994626 25.331196328355894 0.701029539070429 13.90977677647951 13.950651609049181 20.963902207850555 19.797367882931596 2.8135572365472066 4.3998227059809745 3.85340883192652
2000-03-09 6.62785002611855 4.081322128081875 29.97010758584435 10.949635569600295 24.723075386649416 13.98498761310094 7.540716444862988 16.309707642515207 0.40939525935422794 8.588148129576243 9.09719981001174
2000-03-10 8.824078225260282 9.105402053201697 5.106395699194526 14.878161574637375 3.819637805670798 12.091172929728561 5.317173249957912 7.950492206872365 2.0867366652931434 11.160569073030205 11.460718749817488
2000-03-11 13.719465175688262 40.19523845451455 6.910589503896804 3.1116756624161077 6.892229046581393 6.55933424534304 12.28646701118072 19.434386317641383 3.665496027971109 7.017590547751354 14.39702883039015
2000-03-12 8.188060963462952 5.413458742798772 7.567249912958147 32.111028949838456 7.035029162818462 5.243890471829989 6.924480308284159 10.534178641883164 10.817035918100771 13.134137673023961 0.6206352013624318
2000-03-13 20.175579363142734 12.939677566676895 22.467245675371128 10.123261087303934 11.978028328115899 2.8340586000528813 25.08306581842678 11.744486763415818 20.44220711763329 16.072598526895767 5.696144832408537
2000-03-14 13.19886987932335 7.651967307272198 14.062223021132734 8.531030479896504 14.638920585945552 5.1883399379054485 16.903441772501065 1.5525552884429414 10.246050764500161 2.709888748091125 5.959156167327432
2000-03-15 4.7899269272725284 5.243558548360589 19.05195348344687 2.4781340293993592 7.3417714365359075 5.217532914849944 9.964813390117069 2.361416188158434 11.570665849040765 1.8256903698935125 5.04484439159415
2000-03-16 7.368257943559129 3.409232565230183 5.014688481770436 0.5905069812495058 10.137165240047837 3.362144728116718 22.562441435828248 1.3027838169120025 0.8148886359024916 0.18908426824709051 0.9704596112919994
2000-03-17 0.8731422441114955 15.184333660435623 7.219415039836945 4.8472759114008745 1.6811864519373634 0.8182575051624823 15.32925550444984 7.244911491274328 2.470018616633647 6.4567528120955515 5.223054515483483
2000-03-18 1.3749887885515664 3.3321319671537077 13.150635030099773 7.132851298792162 5.792821809353569 1.5431021507431528 4.948426191906664 5.069914949355658 4.048398932770685 6.42197413344429 8.139382838688771
2000-03-19 1.229506351264609 6.089192726875794 4.705531770094834 7.4775614276650195 4.092485281817102 0.0033939503301792994 14.636560867813126 1.7930969342596876 24.945011377479744 0.7290339165757 12.869941641537554
2000-03-20 1.5960661410031018 12.007608152021518 11.585209708095997 7.545634788635939 4.376050867146504 0.9313274303019767 1.0176555837844168 6.5740808563361295 5.934631472741306 0.9575917210406322 15.84150251109886
2000-03-21 3.290093563642251 13.001792497994089 1.7315718042422255 3.157955873256597 16.865313894844 3.5782816445549535 0.8322295205508692 5.962052347667955 4.796626990260704 0.9935073616649823 29.01783611831962
2000-03-22 7.177440710965202 7.7140049996987266 2.3908013157845485 4.974757023372314 9.730464063873692 6.117096158909161 2.035874516769578 20.235172672468618 2.7627466445482227 1.3271227982380451 9.555865143484917
2000-03-23 6.381214839464906 8.15717155366234 2.6880865573414283 1.5488331310373922 3.204409343354901 5.0845626940818285 1.7894428900796195 8.849298043485522 2.6610635011250405 0.8243232834835861 1.70642508745755
2000-03-24 13.33731198405274 0.9735256188313309 3.4213522217592733 2.90470496132899 3.0718413451235618 3.4378384132422353 2.180856862044284 12.066951469535724 9.04721655029276 0.35274830739155655 4.697852310022398
2000-03-25 18.505427258227723 2.03064067549533 4.349080354932603 2.7393991054219313 7.117273481540784 11.093192638064583 2.22803550953202 17.21334032745231 4.578195875133458 1.3125559104060422 1.634755272707773
2000-03-26 6.377447448927299 9.574621309750377 9.352879524013995 5.766855734637817 15.44236572225492 15.207623252261302 13.180559446238803 8.55184696658199 9.361326799236892 0.8301719265383521 0.9955245526006181
2000-03-27 5.85732045146068 4.091616498357286 17.762460133866135 1.6826797089379864 7.576278488753411 17.16885384479111 6.784260429609681 33.036040661927544 9.090226363277864 2.3099654352667507 8.307055281632797
2000-03-28 4.985923201155305 3.0180705374853907 5.428051173146834 2.2360829618637355 6.207657036408141 10.04611869172713 6.110920721509183 10.288900373974252 3.1135502816546765 1.3948786961843191 2.4481132189080235
2000-03-29 7.01841369844002 1.5663781929386513 2.0098846287980745 4.815621998690314 5.01560321628115 1.8208161274338726 2.6886852842718345 14.121324811873077 1.2411376102077019 5.407163907610133 9.060556723476807
2000-03-30 8.796930822363805 10.025219818515227 1.8722393664003383 4.684731595438269 4.802152679238972 2.1623602865702347 4.944471059096317 11.844781441532533 2.38130976889028 5.07115082204401 8.122395982503143
2000-03-31 6.473002768595027 2.9545148052965473 0.7925806996804776 2.158026687661031 11.332638208504054 5.995493715393732 1.3055029423616045 11.399878841934942 9.587464412966105 4.883786078374661 0.29887509874523027
2000-04-01 4.3624776381518675 6.552618641048672 4.9782064057938555 3.2550850410613936 6.605022586971387 12.878400746758263 2.3652201128210244 5.913985109881689 3.7161461136755207 1.5217398941614062 0.05691357745037417
2000-04-02 3.7203326658401927 9.105055792788166 4.903070989361424 7.096816002339892 36.66297095504491 18.50355184363477 5.760522473955197 3.7779799995620165 15.34387681117681 1.013860719369425 0.29833094480005323
2000-04-03 5.409372159866141 1.2667214750748363 9.63914383023991 7.0195093989904604 16.152567933526512 0.9449610447386858 2.1902169266307876 1.9895681580498032 1.9840059887131933 5.05206446231643 0.6107905368925439
2000-04-04 6.983784763898258 0.36999857667614455 7.7066415162516915 2.755473249592696 3.9362944553213346 0.5040933853694227 2.924773118631818 3.9885844064896325 2.0375792562535553 12.413808515068599 0.8737004371440967
2000-04-05 15.976678535884346 1.0643466758675726 3.5942144480285014 1.3968192574776046 5.783008381207734 1.659919284354954 5.852261641640815 0.2646801266768891 0.8219566483736197 15.568004780189527 0.3005350079839901
2000-04-06 13.486880264275506 1.725129652040893 0.8294937807521464 1.9071165034299027 0.14400046159371727 13.283421072692592 23.819139979380957 1.8774816585713694 6.109877169539145 6.4189543636755975 2.602704560440092
2000-04-07 2.32021453886796 6.7042562370952625 8.138995574396658 7.707936748423663 0.17608385719554995 6.174885491642669 5.4917999330334855 4.063406462680015 10.984506345799055 3.7597499709817046 2.239164200773798
2000-04-08 1.8651754934249047 8.788803335185825 1.9403045237179808 6.4896537579859555 9.63946063077599 0.052950027796832784 8.08312911396653 5.755028633311103 3.4864108276078696 12.683232258979512 9.93379458408301
2000-04-09 1.8180942133025932 0.7689866924153639 8.964058409022382 4.87964702845375 9.565937654987618 0.18485235089946234 9.032565737285221 10.119848755055816 15.208260869114373 12.286253723293578 1.7832204398920664
2000-04-10 4.613061402086163 4.471511080213541 16.889259381308293 6.535422152367963 9.5435098049681 0.23611582889397564 0.38487867027604206 8.167182623876696 23.995854427329323 10.048875317809625 10.16713327358816
2000-04-11 2.2888893740855973 0.4963959836797168 6.756263697598973 16.14269793748771 20.904864229505648 1.145778340381621 0.0 14.471253028896871 19.278169793810456 7.0509129088524505 8.774648187345178
2000-04-12 0.4329388829485922 9.839272390284492 14.213609294228299 4.582686460573524 11.753690605814986 4.724423634781542 8.656855038442666 7.731577203927708 1.3017077525621392 1.7960732427706394 5.854123731704406
2000-04-13 1.263021077877795 12.860610368966492 15.823411439729185 10.172154424719448 5.131097503427913 10.937268690385245 41.97547887482238 3.6838197499774243 0.7604848550600356 0.43972201066511657 9.346317132679886
2000-04-14 2.23735717668593 0.8156862886197428 5.1512933586070995 18.380675977039555 11.865420865508744 17.319146846506378 5.201263726578102 1.3969344324145037 3.6147362021534244 0.632372422476309 28.904485289837265
2000-04-15 11.632735384947516 0.0 3.339229326848183 5.715842763789918 0.7022233016251636 2.946734745030865 1.0470229825796828 3.8608891713026527 0.9782993869762355 2.472210724372794 8.141258120719147
