2000-01-18 2.34832219916147 1.1056727365655588 7.154082489988165 4.126923466561004 4.110406449598706 2.077607605633789 3.608305228512206 2.3056351219712354 2.5685089843939695 2.363754373942231 2.3744022287054514
2000-01-19 2.400802373333132 0.7494052477746571 15.156470236772517 3.5501558715624673 3.0732827028683602 3.691428462682228 0.7797189936223097 0.8119450656647154 2.6186253176982976 14.41446423762828 1.5899303232830229
2000-01-20 3.276078643390317 4.338365260258305 3.7671722871480013 1.4720407155551074 0.8035229419169738 3.7599759145128244 14.101503996907649 6.580668884335164 3.588660566993251 14.56508777477476 7.296986041734195
2000-01-21 4.488969009179431 1.043793942687441 0.4179546187203357 2.881284641125294 0.6813692560606016 1.0851747533561893 14.242103111025289 3.843979580570398 3.1984115574807563 22.719283687278924 2.798237991201692
2000-01-22 3.6593632680685704 1.7134211312982164 1.3213125632339011 0.3953983174187724 1.293933446955641 6.128094601631155 8.60805032217587 5.683913810802985 0.8821789708093778 2.1697123259532733 0.7961046923442046
2000-01-23 9.721972536449595 2.1800242453053746 4.351158027083635 1.8773298285873814 2.2489284044449835 11.473910487007743 9.563726552253991 4.79554182067093 3.0575402987921323 10.867892459560775 8.077518644500277
2000-01-24 9.210138931037465 13.178056777856675 9.022985048671687 9.415463593968498 6.604807674947123 10.923367307126059 14.892635608539404 7.18986827826765 4.354522709488524 7.962789675672118 16.37063827996252
2000-01-25 9.758666814435891 9.198720154026185 0.7650703921622337 12.118725013078638 1.8175798759103141 8.633280380372945 18.88035408567385 29.247729164732334 13.321337537297598 10.834627495541802 4.619037209419936
2000-01-26 1.3437558614738467 4.1174785262857 1.3272295477227085 3.2254436335110164 0.49464838096784847 5.212352141398032 1.3578855999073542 2.040609234217291 1.0720670929156901 1.9179493988430716 5.727672621749767
2000-01-27 6.3304078917471935 4.680307777710834 2.4079506361740375 1.8096145788009874 0.9605429341937699 2.4317419552519053 2.9367851799890827 0.6024023000560031 0.11342169771368743 3.385611458949459 1.7568638227610802
2000-01-28 2.7988515260838516 0.48473440364753917 1.7748211651404395 8.23063171430186 1.0497220451949585 1.0980884471798724 3.1592788406903205 4.162458914162952 0.7154096843524218 4.686580340739198 4.744178085999792
2000-01-29 4.722535626438164 0.966664698412481 1.0373838107632654 0.8254458059496216 1.1704218278418859 6.548702224502799 3.622147034695138 1.3023210821418385 3.748455682276372 4.111615111164483 1.6583889589089464
2000-01-30 1.5214327256183091 0.7098459253571447 13.511914062483232 1.26284790181521 0.3977438182376964 0.1661246904667201 2.5897860713709435 1.8470878645023538 1.8182461480158776 6.364880229585632 0.6481371720588022
2000-01-31 5.58270924967889 1.1677846779886174 6.14921316090087 5.973822048647646 1.6944517052082382 1.45991684349471 6.929241885108786 1.0384152172272345 2.680915571870581 3.24558166958196 14.406589924011989
2000-02-01 9.474057975773434 3.530533523370752 0.0 12.058299293753457 11.008964267069107 1.1680361350150388 4.5622337173111385 1.2222076296672086 1.012214002350473 14.339692022057427 4.808920023210093
2000-02-02 2.1425271589309176 3.5246490952413083 0.2231145415301913 9.68674356997574 6.167302920742552 0.3866532670074192 5.291474400337954 1.4540929043496236 2.430311345795869 3.7407807690964017 0.0
2000-02-03 1.7145491897645875 6.096448099002952 3.7877409931810098 8.16088735747126 2.360700805815572 0.8243421604130149 3.2598642898361807 0.18049191488997354 1.626879522209106 2.1279694350468477 2.250719343464885
2000-02-04 0.6699962068910528 9.152633774222153 19.343133057958724 7.064941176900164 1.1823802849941225 0.7882670438718556 1.781175349532306 0.6936986053520741 3.4311510770968434 2.2991679670359275 1.9221231080931596
2000-02-05 2.701775051148277 9.187688140799427 11.811000905251404 1.103715796037767 0.8950984742803847 0.35951211733002325 1.9571717665036104 0.3888928951537532 5.974134225385757 6.087247820653602 0.30902273348757764
2000-02-06 6.8494028493787775 6.130509011047334 9.995341395820647 1.8908530119271152 2.1774954574088117 2.674838161837746 0.6518460308156054 0.3566677410129355 1.1712167708315462 3.925210448457281 0.032168717030804365
2000-02-07 12.249195686707342 7.101358259255404 9.13862278972065 1.1740022853935823 2.3577185066022466 10.486975837283442 0.5843486734909202 8.626921601918394 3.4974648234906356 2.426924679601674 0.8014557446802242
2000-02-08 2.420874263224107 9.953446503262779 9.236131039353692 4.832984727617496 11.86689369321165 15.203264474224223 7.766015183709647 3.6069527115031477 0.8367509114056286 11.223357948372993 1.1956208470943672
2000-02-09 2.735783663930264 12.907266403540127 16.597609700350645 0.8972049584048752 6.353120852842952 5.3030599308997655 23.434417019348192 4.796114492288389 0.6229522086009507 3.388607699602277 4.219071680952087
2000-02-10 10.274524883013086 3.3714654658954535 7.00178083690694 0.610544896149853 2.3645226852910706 3.3676316750009674 10.179342588260466 4.157484683106199 0.538183142234419 1.4438582832630775 6.341755150747312
2000-02-11 12.467688221165846 2.2914375323468263 4.621090776624216 0.15781615260395812 3.8758517957497807 5.709284449580391 1.0820679805713918 1.1503611621674585 1.676930990627009 4.245780124120663 2.4814709218117543
2000-02-12 2.019485364451383 6.356507079650635 3.984434314107807 0.10799046233431651 4.145502801764675 1.803311396247929 1.0896245249067351 5.9898135856963775 1.0243384336338885 2.6771046888133 0.6729273858478607
2000-02-13 3.081109216448062 15.627663772074918 2.447972109196307 0.8100269149537871 11.357177257948724 4.875197506818239 1.2057639388948425 5.411706288801912 3.057596967295859 3.0087016698296 5.376808071530536
2000-02-14 5.612160980092302 7.793397266083883 1.3634585196036006 1.1512716475773095 3.656021387462041 2.1298028281253476 1.4549833442201832 7.933464454638202 0.17218698924449277 0.7940400599805655 1.7336166393690045
2000-02-15 2.8764523631078545 2.6942674458204916 0.01286503943724971 4.198434707881308 2.9276248560677294 11.72873435727497 1.3688461233029396 6.9512032642141905 0.8648155727748389 2.757844592583249 2.6701225168147107
2000-02-16 3.3628274495774573 8.903562665451908 5.214770756912434 0.9553920810262746 7.724827278828699 8.90100099418915 0.9349033489060316 10.675446294576341 2.188979331018251 3.0951060231540035 3.430332765190958
2000-02-17 0.5962637737711527 6.118175380967029 12.302854352703037 1.1179224250519515 9.165578771685222 14.516698892792382 4.756878419897355 11.115269371139886 13.497725836780548 27.83919104837507 4.291377754648533
2000-02-18 1.5249055396833748 18.60151296421106 0.958513678719311 1.8263367644469084 0.8652468762672892 5.763405176085544 8.615202516288821 33.47399783093357 18.86927635031234 10.291950649190813 5.799404889102449
2000-02-19 1.7671480408293048 6.694680427089594 0.796178178848737 0.2585834459347382 2.5852806503361414 5.189499084959224 1.4544298234798867 11.202160252992917 5.272573945271953 5.112940927683361 7.373856166168762
2000-02-20 2.4385417706407178 1.2179067037437732 0.033848358432548735 0.03426226906214011 2.9424726505951204 1.7089141659411813 12.978729667001474 5.831952580743015 14.600957055016279 9.935156423183802 0.668809014177667
2000-02-21 1.039986319545616 1.0236672661055357 4.147799064160648 5.781499246286847 3.893751500725438 4.713434776558877 3.1967616921384807 11.43276013727052 9.937303809338971 9.94481691313263 0.2176158563477819
2000-02-22 0.5012647234900747 0.4206396763738066 3.0487469913714125 4.153487145144459 8.367108774377268 6.425662687818015 6.663857037265032 4.371037106021149 13.838694993990394 0.7073258857852721 6.710565398079172
2000-02-23 0.25148938430630713 0.37466726904825204 7.120546674973742 1.7197994782989887 12.16866958208067 1.7877253927635013 5.990690009603755 1.9612231377695803 9.952612462509972 0.1012514524109005 10.953485713824612
2000-02-24 1.1015662744068624 1.3415057008365077 17.042967241062243 1.9725269841829922 6.857898918091831 1.2468627244683712 3.038457323479925 0.7935569343579951 5.953635297073898 0.6984157724640264 4.590715137487395
2000-02-25 1.940339225768802 0.062244015821197304 15.495006633131014 0.1823928806058165 11.688327164332964 0.020216526386379333 0.026046169926892446 0.129749844265781 10.594940905916086 6.693263638993138 3.8969377056160845
2000-02-26 7.542241853813359 0.7135978022791574 15.224994045378537 1.3045737216870048 17.221543724295707 3.951654272286681 1.2860058476426945 0.6146974939531883 4.057142015422711 9.29105344237719 2.6418385670968014
2000-02-27 6.87339703282635 5.783627446315856 10.626625889366975 6.526686379539665 2.568540161664449 0.44326922740677327 1.041467546739352 0.19402133112013104 0.4510437645260309 4.4174419860882566 1.8288232712860406
2000-02-28 3.9465170115903394 8.040196886294089 15.223594002143798 7.58077880032953 7.341529864093882 1.24479032711267 1.2279504087298259 0.3733309988360459 0.09235938569417 2.1135319212719668 0.8595952468565002
2000-02-29 4.57093759454257 7.978577790222896 9.107910968313735 1.986955633518301 15.84838348400308 2.0709488758894103 7.511876691943346 0.062244015821197304 1.3121005342082956 2.7583523036659137 1.5456226609036325
2000-03-01 9.81815903757859 3.0622802623537106 6.192468355548684 0.8783844874031407 15.455598153310348 7.371914071751371 1.8919625883609603 1.6853156478735796 0.5868191704779235 1.553032882740014 12.766810031954432
2000-03-02 2.395717424517441 2.015228962530648 9.600342480967548 1.6174869441063042 14.645071808696978 6.830049429354995 5.605585098725585 7.773625728366242 0.6705222059965996 4.642372284187086 12.720896504022779
2000-03-03 1.1816981220369063 0.35014788313838674 5.8613617322834894 3.122866667098831 7.01000940487568 7.5019090100462735 5.609767777633836 3.313620099591639 4.026152792598612 3.701122100001333 16.738473694870713
