2003-01-18 0.003557459947199352 0.003557459947199352 0.12592138664230423 0.003557459947199352 0.3670453904126212 0.003557459947199352 0.003557459947199352 0.003557459947199352 0.003557459947199352 0.09172874694366966 0.003557459947199352
2003-01-19 1.6460114692247332 10.213044641479149 5.555365348292652 18.392841627408668 2.6021619176602337 8.581277614576614 3.906434924177916 8.03699442382002 4.171371777578514 7.286762195570421 0.21272907075154787
2003-01-20 15.80814229359386 51.04819583928675 31.731750734067273 16.12965352920206 31.758889576579172 27.15612369732446 20.37621196427424 10.431052907129239 22.506550192289897 22.229505313168747 8.068618135604643
2003-01-21 19.45522584617387 73.93256817418094 32.13870047726955 13.380886229105212 27.056345794792623 22.530961854255075 23.914606716257044 18.101888263040482 25.917670571281313 25.70728433659876 8.945008733318275
2003-01-22 16.944044923312195 64.07345404765054 27.09316968643784 11.248278032131374 22.51780313394531 19.689536876763473 21.850575771662186 15.032234987586097 21.712584048735074 21.331669256233063 7.4346383558936795
2003-01-23 14.272964965917707 53.16937046556445 22.50390738279225 9.33151594411867 18.6922680540784 17.187422326511268 18.126866018026973 12.76068160252497 18.01239043169756 17.69638999856836 6.1676495291522695
2003-01-24 14.553527182956 44.111114754719125 19.091253842847667 7.953815513700825 15.738740350275291 21.90255396961556 20.31968394562705 10.586044419372922 15.147407562568983 14.966960451839803 5.733715794906859
2003-01-25 37.882351806987565 38.216281678600204 18.608148573112103 12.328748502977668 14.769512522523286 80.20406982104001 18.7049264096269 10.117894155261258 15.016377208493132 12.416335827611148 21.023900920885005
2003-01-26 42.419429008580785 66.92601699580946 78.88796431379615 12.814531723488386 75.26194264198868 77.80020743159618 16.722986416456123 16.617189350724644 24.17552813109102 17.54275220764311 74.837310533598
2003-01-27 58.847291165676126 56.075168493558174 99.78185191595804 15.676940315023785 65.0885190144835 84.0659266751587 18.203898057363414 76.66385353952572 30.067958136648887 25.84533047380362 132.42039025411236
2003-01-28 63.265726307957536 48.337757986165684 93.57245471172358 86.30200809414737 78.37950624936983 166.54631491428947 117.11302002611295 94.9820458457355 27.29644226716298 32.26581188723505 125.89117697278012
2003-01-29 56.15978078968705 54.94675246179578 91.30509874401679 71.59467806052008 73.85707940155616 187.86182976642198 121.92416702632202 119.70717186207138 28.11185571977415 27.23382537148003 112.3492442126559
2003-01-30 67.48053557955464 67.31666199601942 77.11941458349939 59.39372721197609 66.63361193569708 178.29346079217714 136.33058864725604 141.91372463645044 28.705798576228215 31.04070186420341 95.74475410796552
2003-01-31 59.005006658470876 78.60129157762336 64.12237816577363 50.20670722076828 62.658978460065526 150.27822480653407 148.36142210248423 121.54859646401482 34.71505834638338 27.21009515618737 79.4282195480952
2003-02-01 52.0653937593597 156.3578229089304 53.194834310754 46.73186372770822 52.13123115913448 126.61155117225242 154.30236660852125 120.89211029780863 39.583100593619086 22.992824339740608 65.89229999448685
2003-02-02 45.94707388523961 208.44498254227778 44.12952978807299 39.580034264061084 45.75027413745403 134.8864606494506 149.62800969753533 100.31285188099343 33.27983014979241 28.899639502924288 54.66313135641217
2003-02-03 40.58778946752528 177.9152865908849 36.60910734188982 66.12495538077256 59.550085134219316 112.26671521011818 276.6477319288733 95.91350137066392 47.30198662368394 30.173684565004347 45.3476040438473
2003-02-04 42.78410152100211 151.5133815048881 30.84002280871346 55.07061304640721 63.785520554810084 93.1433023933874 264.7644426832232 86.25161751652074 91.65732619261414 37.449269673946965 44.99538909993118
2003-02-05 35.55301072788623 139.4660402371907 36.38743530255505 46.03443507563274 56.54483859891116 77.27009945207112 229.81327585759217 95.98767009072478 76.05106722565588 31.44028226761592 69.22844355959134
2003-02-06 29.4941730019597 127.45885305551197 31.161430995787523 38.368822818745556 46.908636367497124 64.10196026887776 190.6734913083555 102.50392399872757 63.12314438383791 27.690962815895254 57.45114781788221
2003-02-07 24.60881257600455 106.05754826850468 26.283440620170218 32.14068987668037 38.9146068921746 53.177895970763686 158.99189660629716 89.09109194399659 52.36707443575237 23.800751202157624 47.73064961053399
2003-02-08 20.61447119697481 88.68870394841252 21.826953475407116 26.663369661731885 32.28289600466369 45.64040600365672 137.58800564212711 76.72094249241313 43.50340497209176 48.59718175702584 40.143600407642346
2003-02-09 17.101414686959803 73.57885610836189 18.10726936282952 23.061350263701183 29.171593595095267 39.818421563963 123.83437650845016 65.75249373451966 36.089684843898944 40.511303642516886 33.77753046544311
2003-02-10 15.790396525231536 61.13425610241381 15.021482688708325 19.131303943350975 24.258429555988545 35.264106432968994 105.23407136666195 56.469921070793205 29.939388720664876 42.88977497845751 30.9786641124436
2003-02-11 13.572553412728857 51.79850195326766 12.461566547983805 20.960573910569956 20.25984428398921 29.254502912680376 99.61956306234991 47.07828698344053 24.837207663192373 36.126046942147504 25.699372851856882
2003-02-12 11.349849362184532 43.41205046390813 10.782002601420684 17.561615698283838 19.660124961199074 24.269038045662974 89.51249200361426 41.02553901792075 20.604525037572294 30.44209617757187 21.545788502117155
2003-02-13 11.763023413841182 36.013898697698785 9.265356696284522 14.570386827644414 22.208291238620298 22.005153729615543 82.73130108143165 39.36988141873305 17.125249794760183 26.01155707753492 18.18121166469897
2003-02-14 12.236564261259375 30.22658807604724 7.699112152619088 14.504530471401928 48.31386209853575 19.15274359625281 68.83940235638484 43.91589310382166 16.774016632164795 31.676956834063652 15.092803744476083
2003-02-15 10.155463197513827 32.68443952510876 6.387052492653355 21.11270999137926 66.22165878681906 16.99021811212795 57.63811359856584 36.436653150593756 14.397988193102213 36.54799574634339 13.952408085464306
2003-02-16 8.430985696702038 28.03188100497145 5.29859011471001 21.47838847950261 54.963958016383245 14.277726536249004 49.723373640990395 30.22722772654187 11.944326119038779 45.12288843915025 28.419370845086544
2003-02-17 7.0426735509520855 25.418131734850164 7.998420170332097 17.922713744850157 49.13456832237588 11.881103838517248 41.40120621210887 25.261167640723734 10.784683913980468 52.117276609170965 43.55005049530051
2003-02-18 7.456613676989431 48.3645950413294 12.705554036144264 15.896488201366001 42.17220694304919 12.940515501207987 34.36694453738676 20.956235024074335 13.11382531033439 84.66888874978403 50.95082748032632
2003-02-19 35.263935955156946 102.97340855751843 16.445600166860846 13.667269206432168 34.98562819267375 12.371230685383807 39.287562211057214 17.390170555856518 18.720944112557536 77.24329266355022 120.84070556984953
2003-02-20 41.40919794045077 107.52481394849643 13.66061786262855 26.3538090250379 29.023482100985433 11.041649653372417 53.15695413454047 14.99636270697933 15.949638054512464 79.88728371577614 105.16812672177258
2003-02-21 35.69810886957992 123.18330696734158 11.58750751789517 30.00182503960754 24.077387109562494 9.16284574067917 44.098105038164974 14.962583644740755 13.724016666851487 69.19906105888248 87.24568919253021
2003-02-22 29.855415846653724 123.10030407101797 12.84183687154294 25.08527532668535 21.295465210651276 7.602447074902062 36.58303790384873 16.60945713715375 11.403820520015307 59.63637900276006 72.37753984928362
2003-02-23 24.767545195152145 137.46041695016453 29.971394122650448 27.753976843735437 20.957109132493972 7.461241552909626 30.348666028079567 17.835113966891168 9.460415543284551 49.88418000117437 63.45181529092724
2003-02-24 20.54673423892922 149.61859553457347 24.929675066512353 30.09839107383927 18.137803830823877 6.189719088919597 25.17673715629341 14.795707201150638 7.979594079990887 42.883623105736504 78.24186854426594
2003-02-25 17.04522125865845 185.4679096425255 20.68123442264874 25.688539969346717 15.444640282079073 5.134885679287057 20.95527278935398 12.27426704357321 8.560738255004303 37.34616170727507 79.23174264156741
2003-02-26 14.140425645168973 168.0227239781439 19.98555324580846 21.419384682779413 13.17036036166111 4.259903810510672 19.738343838158304 10.182523174372765 7.101842852357324 34.96388232814463 80.20710911146604
2003-02-27 11.73146452912154 161.04809542350003 17.78155566517001 18.65285850785154 12.309720898606754 4.016287201857214 20.94316840569332 10.14330663607654 5.891568039718689 29.199008777871637 68.0873951712783
2003-02-28 22.019392855407066 134.15082663752173 14.751276144980807 18.148801997199342 12.02254875060451 3.3318435522608967 17.38902680119343 8.805276547138776 4.917419452018127 24.23000002802694 72.44116054540667
2003-03-01 81.90857678665229 147.20300785305542 12.25293620431633 60.5199318664943 11.214613770323751 4.266759425357267 17.297003829245636 7.489397899560903 4.079508338914284 21.855041062972873 87.01145245647467
2003-03-02 68.19588255012779 168.95491584318862 10.164827472927476 50.60787869465202 10.04049643253554 12.850434472957227 21.392359834065044 8.672965054791721 3.384290732276454 19.863039962507596 73.5490653259779
2003-03-03 61.95686288479563 169.79611674217324 8.432567984642384 46.17771478040927 8.702738390378906 15.057858132888638 27.014472264264704 7.400594160585767 3.4062349875192206 18.001598093100394 61.417888840700094
2003-03-04 63.37865191268925 144.18442109447997 7.450393434055883 38.53103373043879 22.28634939541216 26.362684853882943 27.663741205479965 14.170430035648813 2.9968820705531307 53.55021682663322 50.95123596556169
