2003-04-05 51.26273301882289 59.27916613943937 50.56026848923637 95.33024363297568 50.56026848923637 51.048451357110594 51.6388447040282 50.56026848923637 50.8336877553755 50.56026848923637 76.0800152591752
2003-04-06 42.52669141813401 49.17698798873178 42.83770706221255 95.05633734503395 41.94393879214857 42.36216252407256 42.83870727514276 41.944049644819394 42.170762764928185 41.94393879214857 63.1146866638151
2003-04-07 37.31606300879771 48.33744158292704 36.22828241776306 78.90229412721298 34.86935080494854 35.68027874865208 35.88449820748491 43.88019295782986 35.02007969895171 35.40708889665581 53.09808811505592
2003-04-08 51.373564215536454 153.91481840458718 67.2845061083986 65.76154918570828 48.123983427335624 38.16259275498955 30.895921150953647 49.13087964193376 31.522398877367284 31.829528001810605 51.52113926632375
2003-04-09 55.78198978452466 132.47999059809067 106.04447720313712 158.55185176649925 43.62520290691959 35.222462100863126 89.56495570117514 55.27940427890993 31.990646820571666 45.545254182671606 45.80674216844735
2003-04-10 46.27578996587879 109.91088280528604 87.97269464659897 131.53337695137506 36.26679595423324 29.219955483067015 76.91231845183684 55.83970680897499 26.57107973047676 37.78356822051923 38.64228089865408
2003-04-11 38.403671800086684 91.1801989729787 72.98065120881968 109.23157813098553 30.267133758815103 25.82763367145905 69.53967867789618 59.85371804217245 22.042915814296407 32.48788117864393 32.076209577358036
2003-04-12 33.33347886623905 75.64154224364192 60.543506962695155 90.61665936902769 32.936215659231706 22.685590984932556 66.68304559752016 81.30214355646511 18.286428046010332 27.64559802780409 27.460115825932718
2003-04-13 28.02108638268987 62.750936907829114 61.41982129946277 75.1740393730805 27.32332432035928 18.819580436728593 55.65718043973258 79.42918320422652 15.170109685082679 31.366600531466222 23.841096419560994
2003-04-14 28.95826454522374 52.05710996911035 50.95283910048403 65.30084745585216 22.965546565117492 15.61240384038236 46.40741701362031 67.23283969527927 28.26426413564459 108.07411729417346 21.20114803882203
2003-04-15 42.23752296736113 43.18728140559706 42.46129740871361 56.890432473659565 19.762033556191753 12.981642649379355 43.2433126689642 120.21420297242322 39.42638346809039 89.72719797614587 143.0715064336982
2003-04-16 35.039530663333416 35.83600998945895 35.225170133846376 47.19533516800851 16.842261891145665 11.878311875655855 137.5485536370341 101.78070372393529 286.87772653191604 81.31563492760702 120.2731028762289
2003-04-17 29.068198673853292 29.728944376011338 29.222202021170563 39.15244734080674 100.3351448870579 9.854045501611473 114.1626143220681 84.43554068798619 239.20622943665634 145.30730920861012 99.77652049961173
2003-04-18 24.1800425354356 32.657512596443354 24.242241775451443 37.14658654089938 84.0697110364935 19.290140241605666 95.10205617491992 70.11566208042719 323.49661924669454 120.96499987024688 82.77290437292842
2003-04-19 20.396806801181192 34.75897645138886 20.11095145648816 38.1481099446273 69.74280238917038 16.00277225106443 84.74254036409727 58.166760710506026 268.3672931847335 100.81613095190379 76.27461983553835
2003-04-20 17.647638200059067 29.092306791202162 17.7301906288956 31.647023173823637 57.85744265236586 35.98789186018729 77.46913146157276 49.371762536428825 222.63294194236533 297.6897455050023 66.08499726417226
2003-04-21 18.19479069117612 24.60218747803608 15.542971479530577 26.25383216149599 48.01245133776709 31.16515140734556 64.26707383875517 43.269348067870084 185.1799140057118 257.581119632807 54.840135583746594
2003-04-22 15.119504846752578 36.68928476588684 16.433817091655506 22.038434442281588 55.14917847423899 74.48853064178019 53.314871380025394 35.8955152170775 153.87052840716268 213.68491581865538 45.56801950235466
2003-04-23 12.542884063102703 33.80342034650917 13.633215147197182 30.993030676690886 51.269090220075036 66.64491460113722 44.229110499108515 29.77830890075806 127.6483732834469 178.8202201580141 37.80245394252752
2003-04-24 10.529328747112505 28.042742579207292 11.678278480638696 25.850853641694716 42.531965244166805 86.50713946771229 36.691717806061654 24.703578584299045 105.8949193882911 149.49002428578302 31.360272833518337
2003-04-25 8.771358966804728 23.263782283052443 9.907849427196295 23.513214748024303 35.28379496819516 114.20655136108178 30.4388250264904 20.644637748628714 87.84862402713335 135.92778186541813 26.525774236537064
2003-04-26 7.276570212557443 19.85879369901234 8.219383368675675 19.506163034078135 29.270836186634646 95.33037959276355 25.251531527919955 20.30784554522516 72.89861430389543 118.3468086045296 22.01903757795777
2003-04-27 6.036518885917723 18.64595013005861 12.615311696258338 16.18198108550907 24.28258785193354 79.3229025622566 20.948241068786846 20.230675136133307 60.47545054168166 271.085346915033 18.27594661686954
2003-04-28 5.007793396559012 15.468363091132876 10.465448017635318 13.42429627981183 20.144421875317477 65.80636888235877 17.378304495741684 91.9724555728987 50.16940518201279 227.41372375638122 15.3675246172944
2003-04-29 4.154380227505734 12.83229092913885 8.681957675474248 11.136567868661828 16.71146976447418 54.60552829509615 14.416745833458684 81.6407358920991 41.61968524041354 228.86485870752594 33.29702833537049
2003-04-30 3.5136953477288695 13.8225805359218 7.4857735555822895 9.2387072892474 14.777974226216527 45.299817523912076 12.011347553638302 83.40163261479474 35.232416330839975 396.9868470952083 27.622648379656887
2003-05-01 2.9877984794854444 12.952859556423206 107.20169030331631 7.664274432033953 15.543361054129223 37.57995814288334 9.964409637348588 72.48056106653445 30.256255552586595 329.333536260661 106.34141884838235
2003-05-02 2.4788228355083493 10.800651455175304 93.82892763189037 6.358151712187943 12.894507963649277 31.175694102418827 8.266304757022281 60.61306427617474 25.100074997573945 273.28321662280825 88.21903238500775
2003-05-03 2.2810440571322936 8.960036746001398 102.06096863727733 5.313254547571995 10.697064492396107 25.86282558038606 6.857585830258363 50.94728878771296 20.82259530723669 234.63774306186656 73.18500880680566
2003-05-04 3.579663006737738 7.487603626897032 86.58326533804161 4.41773216802193 8.925159981313227 21.66881208204814 5.688936568593466 42.26500424918902 17.274070908986097 196.30209722543654 60.71303855019914
2003-05-05 9.190116643666387 6.2115886171244155 71.8280042863339 3.6829725509458697 7.404160918292682 18.11113521368261 4.719445017906866 35.24295884901936 14.330275422726995 167.33217991622658 52.038464062946936
2003-05-06 9.291863656513755 5.15302826792141 63.0583930184006 3.055331386995831 6.142365965288659 16.359164057834203 3.915171316904669 29.39282312072948 16.13276521696399 187.53272157668835 43.20816180371849
2003-05-07 7.7083720502161315 4.274864606582918 55.924199788402035 2.5346509525207392 5.095602333321239 13.571284260063333 3.2479595339183547 31.244619107567384 13.383467632347152 363.1866441141889 35.84475613301415
2003-05-08 6.394734346204223 3.5463549692476017 49.22808913006322 2.102703319993001 4.227225027958743 11.258506597055913 3.5160154990341153 25.934650175683707 11.102697117152697 370.6377853837912 29.73620002794683
2003-05-09 5.701397762748099 2.9419957648579462 41.67944004048855 1.7443669107626192 3.5068339850913888 9.339865584346907 124.77313581339804 21.51494468025331 9.210608689880694 307.5221411869724 24.668645779616796
2003-05-10 5.15010917299394 2.440629648046531 34.67320149444966 1.4470971203745935 2.9092098285884926 7.748193633113076 103.51117945894823 17.848432173123097 7.640964311909848 256.0728834856155 20.46468896591658
2003-05-11 4.27244297507999 2.024704844947989 28.793422069746057 1.2004871583360235 2.423725542848144 6.727605607464658 85.87111392522294 14.806755758520014 8.654773769555224 212.4337087635466 17.312517388883137
2003-05-12 3.544346024940643 1.6796607024902483 29.369333964159825 0.9959037282562898 2.0106814867862535 5.581107186512216 71.23721558677678 12.283432738849179 53.52513064109794 176.67094090791045 91.9949276670705
2003-05-13 2.9457627254786583 1.3934179505373376 28.46896879209637 0.8261847942878237 1.6680271630733774 4.6299915965315135 59.09718242360341 10.190126879280415 46.385463145417965 146.6187596772182 76.31742731107252
2003-05-14 2.4437546545076336 1.1559558320328582 29.373741832493877 0.6853888533058636 1.3837669641043435 4.634792537966924 49.026017393315335 8.453555941851818 38.48059128544836 121.63242928567388 63.311639664082
2003-05-15 2.027297297156858 0.958961297359322 30.448974644111498 0.5749840601961121 1.1479495378353424 3.844945059344968 40.67115017804457 7.012926228359838 31.996851159759295 100.90419456899328 52.52225943907078
2003-05-16 1.681811356749332 0.7955379819452817 25.259951478069823 0.4769969968122651 0.9523194118668648 3.1897010250791267 33.74009443872561 5.8178043207750365 26.54404350863238 83.70840360101639 43.57157311390997
2003-05-17 1.3952020967315328 0.6599647790380171 20.955226116221365 0.3957085956268548 0.7900279867082063 2.646121718869206 27.990208483178538 4.8263515132892 22.02048702449493 69.44306788593973 36.146235974923634
2003-05-18 1.1574359293701189 0.5474955557820338 17.384099172288874 0.3282731205846484 8.02121378920973 2.195177571822183 23.220200890504604 4.003859127171007 18.267821503466855 57.60878800647319 29.98630257712139
2003-05-19 0.9601891609362387 0.4541930010842806 14.421552998563987 0.27232979745548813 17.809372242544516 1.8210819772458913 19.263083721560324 3.321533432882159 15.154674013854352 47.79127069999078 24.876126600581234
2003-05-20 0.7965565966846969 0.3767907886291113 11.963875080851219 0.22592016809089865 14.774352304456665 1.5858275841773022 15.980326622220828 2.755487642131389 12.572059805960452 39.64682532226102 20.636811526082976
