2003-04-19 10.129758335577701 11.912866850463564 9.83508051835118 12.7798541041673 12.653253713946581 9.965520817494419 11.266852491830374 9.577179896740576 57.4852123881102 11.914398910565218 9.577179896740576
2003-04-20 8.403475224765993 9.882733638868553 8.159015519577048 10.601949600643009 10.995145584949395 8.26722657317258 9.34678919670273 7.953831298179296 47.68875446881464 9.883982691991823 7.999391188330446
2003-04-21 6.971380117256456 8.198547737857487 6.76858050368688 8.795197067071879 9.121385768039236 6.858350553258727 7.753937344165055 6.598363163459468 39.56177960050976 8.199583931084225 6.636158873430501
2003-04-22 5.81330685038128 7.723932863258105 10.558888625992415 7.296345895092885 7.566946493485221 12.77668959936067 6.532413170392501 5.924706062331957 35.29821825345363 7.348734543467353 5.50524453131593
2003-04-23 5.121466373852466 22.668823295407716 8.759474414897632 6.300147838214679 6.277410109755702 67.53249107979643 5.419178860618357 4.915035379863894 29.79352828992388 6.096385187445156 7.469279873292197
2003-04-24 4.252852135290627 18.80567024668953 7.266710990432291 5.226495491492666 5.207632658694244 57.12437238290044 4.49565861150366 4.077429754516349 24.716204330694733 5.05745746207987 9.117574179589283
2003-04-25 5.633072698258556 15.600864183315357 6.399385540369499 5.591742412591025 4.320163480438316 47.587610241165464 21.399916088388046 3.3825663740140173 20.536350718156452 5.797230892155347 7.771082118186227
2003-04-26 12.27533362336325 12.942211581589476 5.308821401331106 4.678016280128553 9.148390336044905 41.02027675049071 23.88736888376103 2.8286783874316006 17.03660726643257 10.961992425053623 6.61650841130345
2003-04-27 10.327418416825875 16.59158335971317 4.404107940276689 3.923193808136622 57.979276224963655 117.87478978878362 19.837036181105542 2.3466234790753733 60.89853106254171 13.269647125834462 26.279326412816474
2003-04-28 11.33235780927731 14.59068149059404 3.7467425029982735 9.82792196471406 51.45328972594894 100.34028034760334 18.88656626129948 1.95564192364547 50.52038558621888 24.17327894491576 21.800882224206635
2003-04-29 9.401131293919374 458.2907012487575 3.1082338545975974 8.153076905234593 42.68477402131117 83.40695015634059 15.671459616312077 3.1844759104395255 41.910852614147196 21.68302876453064 31.29802457012033
2003-04-30 7.808236535880585 380.19017098930294 2.5785379398601824 6.763653930234134 35.41056253068984 70.32019712876988 15.01497012978717 2.6417870526354053 34.76853049442942 17.987871870607897 28.799456822098193
2003-05-01 6.664231088382517 322.0118207208179 2.1391112182452194 5.61101226195998 29.376000400373933 59.45931066045314 14.968588831327558 2.1915816064407694 28.844957930738772 14.92243255991535 23.89153954849751
2003-05-02 25.600612533625267 267.14464067823883 3.699791820298129 4.654800338487653 24.369830294982563 75.28733457748505 12.41768670353799 1.8180988255275294 23.929286494327126 12.37939624581624 19.820014853871907
2003-05-03 22.742917315354156 221.61865021827379 9.360687039733111 3.8615431903579216 32.29881207800873 62.45709225247167 32.31591152773009 3.201172826891326 19.86129479454474 10.316012432176167 20.42645985588949
2003-05-04 18.867137385420126 183.85106285446997 11.18501062981867 3.482555229663871 31.006008593537498 52.86405432133585 29.384298058825348 2.65563853053679 17.857789130487312 9.000908645026398 21.097602746328313
2003-05-05 16.046063223486694 152.5197147416396 16.49905093860255 2.889068586027695 295.65559748391075 43.85512033487208 28.002730215733585 2.2030725569169345 16.452797225747787 7.483913876600176 17.502212403035205
2003-05-06 15.140117910180933 126.54302193877035 13.687332037104659 2.4105178338725333 245.27085506005017 36.381461926765155 25.255709129939458 1.8276315226003998 13.64896074361948 6.442588612308189 14.519537725881024
2003-05-07 12.559984309928758 104.97793871294523 11.354777859109008 1.9997245960617607 203.47252970633153 30.181442025965314 28.101527932568203 1.5161720261622729 11.32294568666593 5.34466193499838 12.045161544075853
2003-05-08 10.419549358963703 87.08791245519076 9.419730585931568 1.6589375128873123 169.47721318600804 25.03801096834343 23.312549612359064 1.257790525327959 9.393324101146156 4.433840637418598 9.992461148695696
2003-05-09 8.643880928900622 72.24665095150841 7.814448280056466 1.3762263449102796 140.60653846022547 20.771108044193696 19.696145379626945 1.043441626877673 7.7925419094091115 3.6782387805098673 8.289575813726197
2003-05-10 7.232099002668832 59.93459283335949 6.4827333822988304 1.1416939684057827 116.64519954420452 17.231357951278966 16.963447780923293 0.8656214264434532 6.464560229800908 3.0514043315559394 6.876891103097902
2003-05-11 8.518972007676489 49.7207188262836 5.377965353386399 0.9471298978653624 96.76687359999805 14.295871336691 14.072587758871798 0.7181048125906395 6.312538450854494 2.531393134120729 5.708349472488854
2003-05-12 9.645706100363908 41.36490768957984 4.461468586877154 0.7857228541579755 80.27615249412354 12.619038504225848 11.674379453324423 0.5957275387518851 5.236774532994382 2.10000068925866 10.520604261412712
2003-05-13 8.059267643947926 34.31562387062804 3.7011584574748815 0.6518223159651001 66.59573074457506 10.475374827788608 19.921754864683574 0.4942054338102091 4.374888438920887 1.7421248542728904 8.727714357195515
2003-05-14 6.685831362610727 28.46765791108158 3.0704181057402384 0.5407407069069091 55.24668554249177 8.690192788338775 16.54028494001767 0.45649452527120915 5.4528755852701725 2.3975008147704906 7.24036338674816
2003-05-15 5.546451983492405 23.616284815268372 2.547166637791093 0.6839927407081325 73.50173318858472 19.879226731387032 13.721539063356285 0.3787000939498207 8.101183355541048 5.9289154392824495 6.032425507536579
2003-05-16 4.601242229534164 19.59166820881235 2.1134047726295857 0.5674287441079819 60.97578771036533 16.491468383600104 11.383155426282231 0.31416315688015567 6.720603924031428 5.018637810564229 5.004397599475523
2003-05-17 3.854550979770212 16.252914724166875 1.7607362093073426 0.5893189781217146 50.584476387245125 13.681041678441098 9.443272133002804 2.8148886748978823 5.575298709023233 4.163376568918835 4.151563132002078
2003-05-18 3.1979581403185136 13.483141619978374 1.475376549647194 0.48888900091032933 45.226300951338686 11.349559484550074 7.8339779471038 2.335183768097103 4.625172982399418 16.402142306413786 4.880288543542152
2003-05-19 2.7944901327197846 11.18538496200198 3.880372006586373 0.40557399996351295 43.301937104023146 9.415401511153153 6.498934861913776 1.9372287364020353 3.8991904555158934 13.626393342799084 4.64217118170087
2003-05-20 3.8522254021293874 9.279205119584269 3.219090617957015 0.3364572922283504 35.92255052718419 7.81085695325046 5.391405825314404 1.6070920106645306 3.2347020831182602 11.304224154779199 3.8510662566882945
2003-05-21 3.346171737224096 7.697870743280201 2.6705028252525285 0.27911924705209745 29.800736934196365 6.4797540786628645 6.4422116337507855 1.3332161980722297 2.6834538312251013 9.377792092654158 3.1947790662838735
2003-05-22 2.775927160356874 6.386022640580035 2.21540372299568 0.23155257999915166 24.722184499375423 5.3754937737628 5.443955161348902 1.1060134821201317 2.2261476572753405 7.8430859949458025 2.650334375483746
2003-05-23 2.3028619583046925 5.297735766945965 1.8378612482462295 0.19209208204232478 20.509103777223302 4.459418206458674 4.516212609185157 2.4585307580559737 1.8467742333880877 6.5064907434906 2.1986723200994454
2003-05-24 1.910415112738669 4.394911486538466 1.524658432566986 0.15935632409511236 17.01400366765918 3.699457496753067 3.7465731672761238 2.039555301343574 1.8858742570159923 5.397674056157413 1.8239811609769785
2003-05-25 1.5848478845286873 3.6459438190598368 1.264830703741223 0.13219929608317366 14.11452806263561 3.06900701765573 4.489561766844887 1.6948099742273781 1.5644892080205124 4.477818591483297 1.5131437482457186
2003-05-26 1.3147628493656274 3.024612980820537 1.0492820391471807 0.10967028754057111 11.709172415991416 2.5459960231162437 3.7244640817573385 1.4059855287064282 1.2978736376018527 3.7147221432093485 8.51888618461911
2003-05-27 1.5863865948118594 2.5091674852268735 0.8704665331261434 0.09098060523477515 9.713730282655694 2.112114997598056 3.0900769701355686 1.1663816811282397 1.0766938950723 3.081670308729442 7.067123086600266
2003-05-28 6.932583789832808 2.081562668957521 1.0509145824401502 0.07547596267444635 10.927224958971507 1.7521746784266157 2.5634752973284476 0.9676104044424224 0.8932069425712833 2.5565012740093276 5.86276511257243
2003-05-29 15.091125693389188 1.726828986230977 0.871820863275095 0.06261357491470042 9.168543495803334 1.4535743116313438 2.1266155061909275 0.8027131340744359 0.7409892875859381 2.130055575550723 4.8636502214556625
2003-05-30 12.6392445309538 1.4325479564741186 0.7233541071729116 0.051943156797135195 7.606067742362525 1.2058605260362267 1.7642040537255643 0.6659171632069131 0.6147121099805727 1.767057876756562 4.0348015010766165
2003-05-31 10.48530229024038 1.188417419421293 0.6786757235004177 0.9072971311228448 6.309864432435742 1.0003613827081956 3.1866150513328515 0.5524335524483588 0.5099547112050328 1.4659211598272506 3.347202699995694
2003-06-01 8.698428442338713 0.9858908781388166 0.56301783706583 51.10418201917583 5.2345562127944305 0.8298827886037108 3.5506097202894247 0.4582894791315261 0.4230497549308787 1.2161032613000553 2.776782429537042
2003-06-02 7.216068289887563 0.8178783041322814 0.467070021628992 76.1991170135511 4.342498802993894 0.6884566464934728 2.945525433955789 0.3801891571428079 0.35095488131536157 1.1391973785295104 2.3035714750696696
2003-06-03 5.986327519907965 0.6784979303523803 0.3874733458561872 141.98076384416385 3.602463148244142 0.571131924423516 2.443557801496096 1.1185094996785028 0.2911462003784443 0.945058769366431 1.9110037157790134
