2003-03-08 61.2350406635374 61.2350406635374 61.2350406635374 61.2350406635374 61.2350406635374 61.2350406635374 61.2350406635374 61.2350406635374 61.32111005964237 61.2350406635374 61.2350406635374
2003-03-09 54.55421923241701 54.55421923241701 54.55421923241701 54.55421923241701 54.55421923241701 54.55421923241701 54.55421923241701 54.55421923241701 54.630898347078045 54.55421923241701 54.83931566161567
2003-03-10 48.602283983307366 48.602283983307366 48.602283983307366 48.602283983307366 48.602283983307366 48.602283983307366 48.602283983307366 48.602283983307366 48.67108263129306 48.602283983307366 48.85627602662683
2003-03-11 43.29971249942127 43.29971249942127 43.49193572600774 43.29971249942127 43.29971249942127 43.29971249942127 43.29971249942127 43.29971249942127 43.36100512672152 43.29971249942127 43.52599368523243
2003-03-12 38.583512240591794 38.58667718708538 42.60806201350524 43.558316552998065 39.01346399507562 39.48950807903141 60.120958554912235 45.22768330559718 38.63026388467288 38.59335474930613 98.70457049189258
2003-03-13 37.56982842567619 38.107734565245586 51.99001193950177 60.21555342444113 42.37806096626967 36.12354916633164 53.56168490993978 45.24184895532632 43.26725523674254 34.675397267597006 127.8525809749549
2003-03-14 34.934645295362316 71.3187194084953 46.31829396438102 56.63422324951314 47.03685446852796 59.647899394481705 65.99073282353201 40.30590524059906 38.71026231622965 87.84303081751484 114.38828670226833
2003-03-15 32.219997837436146 65.36426242946897 41.58068959727994 104.53047093443088 52.35507042639814 53.14023711030768 91.02972510891382 40.732691366313965 36.94935597873378 246.41963750081803 101.91943464550094
2003-03-16 28.704754771856365 61.85999533311691 44.49910231337618 93.77744673328262 48.91216836849468 47.3425691232468 91.9483220658267 36.66760532443003 32.92563082667764 221.01394045552118 90.79994629169204
2003-03-17 28.11102542640706 55.267593852775235 39.765684564502195 84.11211564069461 59.870382214725616 42.17743414537098 99.84480114209197 32.726283840463495 29.544630162215817 200.2892900334967 84.25644215347688
2003-03-18 26.570106837453256 78.93508479650133 35.427197404488076 99.21759644915986 56.908550121786284 37.9901855719947 120.83345594031879 31.0140784774413 26.321273139448476 190.00984199565858 75.5024083706011
2003-03-19 147.62501326177244 102.79217839016607 32.411914481372754 90.77516151643246 75.73007929105218 42.27501128767522 146.1692079115309 33.62712724978877 24.177470355913464 253.42736926860684 95.20144823149641
2003-03-20 131.77679698536386 101.24339397216441 28.87573306392928 161.93133147432354 310.3355958351948 40.01933318216015 163.66262666592684 30.07625888252382 23.80115744463692 225.77811842308026 179.60687405130093
2003-03-21 142.15704246191115 153.03349184700218 25.725353572017212 144.2644156372332 335.423525491931 38.77436308054702 145.8068243041551 26.794900484897465 21.226742162638644 204.0623140865747 194.4069285775799
2003-03-22 142.75020327215933 136.3375383446831 24.331837988453007 132.26128216367147 322.8392342232722 39.975934629769576 129.89911286868545 23.871542494693102 27.094988871056497 182.6368572361163 184.5487768577306
2003-03-23 146.38537888300067 121.46293814568752 21.677203273911196 121.81099056499764 287.61705993492194 70.43191034529886 115.72695314227911 21.267126608554726 69.88653650097558 164.50229427515694 267.5994763879257
2003-03-24 136.66608147577512 111.89485031240658 22.264020926871712 407.66198038124816 256.5759196115525 64.9755014438022 103.35360217017353 18.946855834089707 77.33963622733849 150.07846757992104 308.15964075174014
2003-03-25 141.50247549164024 99.95360381032121 65.4217182184355 411.83376794269094 228.58535104318142 59.26998085461241 92.307195551911 18.61029991389531 71.70253810635205 133.70471438741814 294.887104264737
2003-03-26 144.76315791718804 89.16772008490815 113.54530701478078 366.90217594704933 203.64639623002978 82.6673812452934 84.09787220156885 16.5798923374966 72.09523235619088 136.06270787404793 347.3699498514364
2003-03-27 159.5911905317371 88.46193026810165 103.55283089207005 326.8726782341274 181.42831335523314 360.2268257651098 99.27267180633184 14.771004830380551 67.32900395605256 135.45451825288828 467.8783745501215
2003-03-28 163.47281957031183 79.15396024782943 92.37308051079499 293.59594056748335 161.634251802541 320.9256173138997 108.59609081619026 28.983488611988562 67.73151408787467 135.06066731056086 436.57267859725346
2003-03-29 180.8069988342547 70.63517298351229 89.1480237985379 263.8574801958866 145.31884592810286 285.91251356482576 105.77188842223534 125.95350459189264 83.08763610170125 122.45431994538528 493.8332717651852
2003-03-30 210.73480833325317 73.78808324806884 87.41740507089304 241.1141677231244 129.4643735589803 254.71909183518568 94.23203981065244 136.3636904365746 87.63160151690059 109.25992288679141 439.95542879065334
2003-03-31 239.6453529584105 65.95451831006862 87.37242298919658 214.8083029500063 115.33964444853756 227.4301585109086 134.6144989419978 148.7662323941271 78.15264978072504 97.33968649571534 391.9557275484764
2003-04-01 260.9731187819109 64.94161057076258 80.09065972951389 191.37244174406223 102.75594138996462 202.61723668382265 245.1516369601068 134.1633643743846 69.62609550891882 89.66039428392482 369.1668435416264
2003-04-02 260.6098997511533 57.85639761146148 78.36390134683967 177.75202872791692 91.54513646562332 184.44289867775896 339.06415996181113 119.52596934253452 62.02979923801261 80.78933907082924 341.13604137016716
2003-04-03 273.69453442038224 58.38913560393167 96.43630519192023 158.35905454054594 83.1383389077488 173.99540979276463 358.82651971933944 106.4855328717455 55.27130288758624 101.09910731681214 303.91766196815166
2003-04-04 286.2602162331716 107.09485135859217 86.04430602313307 141.08187869608847 74.06783956123049 155.01228754667704 508.8974950630696 105.71405684036327 51.21784286606947 182.70720137880306 304.18027979796835
2003-04-05 259.1964062133718 160.88320494763585 77.04350896703062 125.74690358216255 72.4888502536302 138.10024827133626 465.0318638876915 140.34627275918734 45.629910555294614 171.10348991816144 322.97396413161505
2003-04-06 237.29900950353257 176.4569518461074 68.63796337976132 112.91928346943277 76.58378736806851 123.03333415979607 418.7697812454658 244.88343084333854 41.233422533604035 152.4358798374285 291.33208335076057
2003-04-07 232.59852934419203 167.52136295328262 63.427122630521254 103.14831853885615 68.23368356693075 109.61023969149434 373.76699788756554 220.12318532920528 36.73480327972681 135.80492994575982 260.26617103533357
2003-04-08 232.59238212165738 165.08745066972583 56.5071422468615 94.49481980218744 60.78930122377213 103.6503004774487 424.4939715711611 196.10746364275735 32.72698915304615 120.98843800581602 232.96280134812253
2003-04-09 243.8966865083215 150.12142687250633 56.1773024564587 102.98755957536363 54.157110536905556 104.14811628352211 698.5537781162752 174.7118879770857 29.1564326850416 107.78844432918339 207.54626109542488
2003-04-10 264.4342674214529 133.74298676611457 51.457078489641574 114.41356899866703 48.24850035551382 92.78542329372084 724.4933843759513 155.6505970426642 36.80402979856646 96.02858688321079 223.9448110693209
2003-04-11 239.54749112061006 119.15145547019183 45.97813477838268 111.21843350478424 42.984527118920965 82.66241467448468 978.475106216552 138.66891738308803 33.6708625575174 85.5517449590807 227.2847752756386
2003-04-12 213.4125527730858 106.15187894294961 85.46818733473958 99.88679401364675 38.29486011011535 73.64383927188358 893.748797306124 132.77315647124712 31.086038786084295 76.21793991871422 251.65727655128924
2003-04-13 190.12896970059964 94.58097160250892 110.64586045208742 94.42190503876246 34.278825666303334 65.60920200625425 851.4959014479879 118.28833179218438 27.694512106583364 72.41600432458971 320.74307543878854
2003-04-14 169.3856553876076 84.26206636114301 172.67750389817851 95.3427212118252 30.538961845465803 58.962950340654075 770.7686258085407 105.3829231646162 24.675200556919886 64.51532542562224 431.83061174717704
2003-04-15 150.9054632561809 75.06896690899852 153.83816687456067 104.60661437247659 27.207121961462217 58.294827574332444 704.0094703863057 108.19395662737125 21.98310454601571 57.47662072209368 409.94002728650713
2003-04-16 145.08965035644962 66.87884639134633 137.0542256696057 146.75904445963178 24.238790079754562 51.93478716018488 688.0138737367924 96.38985726985653 19.584719660790462 51.54640873394246 522.0727418026587
2003-04-17 129.260183517991 59.582278520755104 122.10143396476849 153.75153156603827 21.594307011326112 47.70408469488163 618.4951112391051 85.87360028344544 17.448001640936123 50.183584953544205 484.07644442076975
2003-04-18 115.1577318027632 60.539453020646164 108.78001100230954 182.12961178692402 19.238340435519373 45.79405312635899 564.9981418532552 76.6607320566497 15.544402296020527 73.02650358745146 468.91290468575687
2003-04-19 102.60740741991208 53.934521093010964 97.09491092022056 189.29493727749357 17.139412833151663 40.79786322872382 533.4519455591886 68.29694792096923 13.848488079782433 65.10562852475725 440.2152456548823
2003-04-20 91.41280774210321 53.10682921324647 86.50173167677495 185.90912229310328 15.269480922732901 36.34676405333494 481.3060632012374 60.9761047207322 12.33760027845994 59.20636073434964 398.6523460663834
2003-04-21 81.43955323904903 47.31280607057919 77.1007680650536 180.01208760928728 13.603560980731107 32.40126535384965 486.99706920060714 54.3235335328914 10.991552273007853 52.89550923684127 428.3503882026374
2003-04-22 72.5543935865907 42.39567767070602 68.68897543679185 203.49854570168125 12.11939503987728 29.121426800675007 439.2734554718636 50.14702667326004 34.797209904642614 51.230983890036214 692.0486375314844
