2003-03-15 18.49486012515861 26.698435950830515 24.062807994607294 75.42307658446607 11.820491546451477 27.063531397503553 52.02905122221989 17.8065993423787 18.000987468848777 14.430427043965393 42.85362090426941
2003-03-16 34.28290650765019 97.00954075591598 39.09855660109546 122.73258096729339 11.012586284786428 37.40010234434085 256.98187032078897 59.78948708383931 15.900183292296505 22.264515119157444 207.12857097784521
2003-03-17 39.72762752969129 92.96278255712525 35.03649001183154 132.29350162686012 20.0694675562987 40.04630944260511 231.41906602114233 66.83560437447832 17.33629690899545 27.010647520428375 172.7877642487733
2003-03-18 40.85787764731259 79.5925621308189 40.94536457949147 139.8171259932705 24.463982113339735 37.893104937319976 234.43119929912945 64.82387350280828 25.910977827644004 29.289983679550446 148.59012716379215
2003-03-19 52.65441421217302 95.71455779371142 110.04080611809111 119.31298674781232 47.716219064063246 37.67882179153985 211.16858971416931 68.74345965962623 22.092315282560236 133.16846159416482 129.8365936118127
2003-03-20 140.98323586736504 114.65089756756383 97.28556538091732 123.86809703685651 210.75458398924124 66.0588234747811 340.2602905181075 77.14507432528241 52.911501416209454 140.818999566563 113.15909149426905
2003-03-21 135.95424267614285 136.07421735294486 94.98086950842537 113.20551413586084 189.63682110682257 55.60464945348022 399.4862783589264 300.2454753434377 104.67771667644533 116.85575462449184 117.79608939732675
2003-03-22 112.78788096440873 164.98835293139786 88.33954895919699 108.89120271818501 174.49760384346882 48.47958073639947 333.09244015721043 249.09033886367612 90.9481752334588 96.9415465134112 102.41757418447314
2003-03-23 98.81787779232305 140.56755190700173 78.25365833063655 96.33139999225058 178.1732899562316 46.572496103524955 283.83395170510295 213.20047531145136 77.81761615023713 81.22165341172705 87.42617116164533
2003-03-24 91.72900115182284 131.64930953989963 81.33942557619808 103.54881177360507 157.73505702703395 102.61669919464865 235.46381878858932 221.66721007057544 73.34653926145265 78.1667400391711 77.71754956035396
2003-03-25 77.92250305344449 113.89945570269539 133.3977685179823 230.33166909061126 136.45471603772597 94.55194976335979 195.33677921699083 211.02641755390607 85.29389029494975 76.12906469602437 73.8311222586461
2003-03-26 64.64318320027132 109.90040274329455 135.28018923218227 220.72783877184915 190.95606919423503 96.94860314622768 162.04806968295276 177.86735416514801 88.02504831899286 63.15537724237514 61.59882427619733
2003-03-27 62.12636315262331 351.15601008185394 159.50058078796823 220.51289989494947 274.7802524788469 80.5310804720237 134.4323224393937 147.6036734582621 128.8410986473406 52.39262679178865 51.481082578939805
2003-03-28 76.99887290968184 299.09155650403255 143.7559069792973 198.72426219988984 527.7393736500006 68.34803730522091 112.93101711887107 122.61121731441993 125.5230008997144 43.7891128635024 45.28810801692749
2003-03-29 63.9726221441924 264.40507364827926 228.05631275904517 164.85826795008413 437.803608406347 59.742961531983056 156.47335048858477 102.13902153534336 105.77458421061326 36.560763310813336 37.72406169274798
2003-03-30 53.07059926235237 220.02560574166975 256.85191847551556 136.7636151249823 363.194427218796 49.615813376180505 129.80763021249712 92.18815070641658 89.0161492158195 30.333954029891732 31.584160689715127
2003-03-31 44.02646650495163 224.39912354237578 219.91377935684469 116.07314046664136 301.3989714179051 41.209053513840544 107.68620221124291 76.67943716986227 74.25772638638037 25.16453233282398 30.042951889407103
2003-04-01 36.7498318933978 224.84862943144745 182.57419472994837 96.29242927592917 250.03546039040268 34.18632989725658 89.33464179029681 66.79737511637018 61.60294680906318 21.39136465376468 95.55810147292935
2003-04-02 30.70759982716731 186.5490506558061 153.27360265575643 79.88256155238916 207.4251652503375 28.379811344662773 74.11049939476328 64.10224339557796 51.10475690858634 19.026554049601287 90.57674651059271
2003-04-03 30.826626396950964 159.32210782947095 137.4982184690837 66.26921439364314 172.0763891327686 23.54340879789226 61.480809800905156 141.75230770013667 44.33471573932256 23.838013429407383 79.37973710036441
2003-04-04 28.56124800838991 134.5915379085607 143.89324022903298 55.397520730502364 144.84334652161903 19.55228779266379 53.50480129410043 117.59530349578489 38.12801938450399 19.80642075733185 70.53435954184586
2003-04-05 23.69392556818275 159.58845713311536 171.0025714175466 45.95684097784406 183.35488031471522 16.241914206111318 44.386673125431464 97.92529374290903 32.088994887613566 16.431069785833223 69.59166865155592
2003-04-06 20.338841290439465 156.19382468151892 163.71880970484645 38.12501362538337 207.36152182384572 27.855176339770427 41.79204812206253 81.35676386353506 26.62048437804828 13.63093602901405 95.29602166761379
2003-04-07 29.887974082213344 145.75432523298647 143.7736226998704 31.824568555975755 209.88277646300548 23.487258043586735 34.66997230846358 73.4492552207358 22.083901069629988 11.961793097597594 79.99381464959303
2003-04-08 60.63706711803847 127.17053735763078 120.86942385998249 26.40379917907256 185.15176791819715 19.48462979355726 28.761619348229246 87.72716291687317 18.92161859806228 11.952031936080491 74.7686083715707
2003-04-09 61.58451844030341 105.49851483143249 100.27329128229171 21.976132555512685 162.02553677620386 17.28086568161592 24.292330042857195 238.7114597381746 15.965599297512687 10.835043582204722 122.87037214089338
2003-04-10 68.94486618255188 89.12355248798572 83.26242923728651 21.385337332933723 134.41909622201592 19.70098914357328 23.09652947991172 202.8745582020046 15.60774452990914 8.98856786963186 107.659640628946
2003-04-11 108.1818325732574 73.93538329984561 73.21236404760766 24.695868363368465 117.8193599293136 20.6929500504537 19.7257737293612 176.89632025744558 13.596412578956102 7.4567630239786 114.9516815990408
2003-04-12 151.6157510175251 61.335536466996324 86.47099572022134 21.70417390988759 99.0784615824964 27.11547811928346 16.437425992104206 148.38329459922306 11.279352623018319 7.31999007185197 121.01027262753769
2003-04-13 182.5023424619954 50.882917837014986 72.55997244994937 19.342679037237254 102.17522076882119 25.392505598221593 13.643188150089655 123.41358444465678 9.357159092929004 6.072539262688338 111.2532549953036
2003-04-14 151.40083924354505 42.21160320333334 60.19451901938556 16.04635754232204 84.76282531834082 21.065190759773202 20.39306585514469 103.17825788332088 50.163826163847915 5.037675288480747 92.29380811028646
2003-04-15 125.59956115863646 35.01802806794781 49.93634916929622 21.203716175992934 70.31779820866323 27.146916922629647 17.899542052293334 88.1171095582834 41.61533077578187 6.544948904245286 77.7426661688411
2003-04-16 104.48698106745624 29.051827252110524 41.43278360669129 91.85460517975494 58.693737428317554 23.328317852473553 27.12651864106512 73.89781676016855 34.52337060365866 37.89995826825641 222.4333735703631
2003-04-17 86.68062234287012 24.475745321209548 34.37193257700646 121.48621328536449 48.69132628715827 19.35277571431929 88.77494611115718 65.93423835190855 28.640001067375376 31.76934060096805 204.62075140909633
2003-04-18 71.90877000165796 20.770860031890404 28.51437065617499 105.89537007892258 147.3289264403625 16.054733573901444 81.62497235583835 55.428816140292405 23.76145717057303 26.35530461863752 171.9543505771268
2003-04-19 59.654292544159254 17.3427987002198 23.65503691409117 87.84899791241541 128.11041364353395 13.318733908451565 76.0886766122502 45.98280311752244 19.756867270216553 22.0354891892516 142.76933076413408
2003-04-20 49.48821907191777 14.387290829388332 19.623816290886474 73.47062647697118 108.01587551183097 11.05469487364717 105.39120402729397 38.14655137488722 16.47105272514511 18.285679363582588 118.54727233334012
2003-04-21 41.05576777496654 11.93545176804605 16.2795842262697 62.83357002569612 91.3047192294833 9.170786845107205 87.54670718151698 31.645730210875502 13.66410519542324 15.169488590873822 124.720842055403
2003-04-22 37.64355350037087 10.939271149861014 13.505266185318598 53.06263082731117 77.10449496053107 9.356397741883518 72.67433190418672 26.25275954142491 11.335509266299844 12.584349727084481 255.09224055420404
2003-04-23 31.23633678426062 9.075033287020766 11.203739125105805 46.51218917792579 64.35753175083748 21.952677362074315 60.58857691695252 21.77884279955807 9.403745689063564 10.439762494620245 283.92494105294986
2003-04-24 43.136593426326996 7.9292362313956986 9.294431421121086 60.66890215823193 53.40901473165051 30.76107920657156 51.13236738580568 18.067357564427798 7.88017473271813 12.192983958209785 235.53930200398418
2003-04-25 37.99523005055737 27.152784815873083 7.710502224060781 52.5742762427481 44.58778571585199 35.57264148414557 42.41854230628574 14.988372539587568 6.537258929528325 10.115198065959474 195.39939880863707
2003-04-26 31.910513986392335 23.27287608237118 6.396501502194849 45.95386663479072 37.03055486540161 33.58769420180204 44.16439979818726 12.43409893142174 8.765067373340532 8.721512806492129 162.10623670976977
2003-04-27 28.096382957973553 19.306782164814972 5.306428852313356 113.31356328216505 30.903707926338654 28.991058032244453 39.323598844793025 10.315116990055841 15.50637424606756 7.3502242821827695 149.0906529444124
2003-04-28 25.994346077229498 16.016578107506678 4.7929600139244934 97.10027644463189 25.63719047474456 32.25330875263471 32.967400691990605 8.557245611876015 22.31596300286912 6.350417833499968 190.3920567758944
2003-04-29 22.09526181160305 13.287080782491655 11.449375491691363 80.55273782340049 21.26817717165142 45.843899164789946 51.709436462395026 7.098945415022077 18.512943349568474 160.25544943180407 158.06521803480797
