2003-02-22 10.440479270616702 10.440446753199366 14.98115677152045 10.58596249998363 10.440446753199366 10.468676317838845 10.440446753199366 10.440446753199366 10.456847032000175 11.356040929423093 10.440446753199366
2003-02-23 9.80728803815676 9.339317984812089 24.113121746725007 9.35498068790529 8.66121705172892 9.869643101502454 10.262905802315055 9.271955849341637 8.874972063481152 9.420778407581873 8.949075873632886
2003-02-24 14.336870748712192 33.54484114337268 57.85524456477753 20.943356806097587 9.905192089153454 11.3178308967165 11.242415149567227 22.090463270791815 11.766600958683203 27.361420178367634 22.660182242833063
2003-02-25 42.4079912408945 67.79656794777162 62.08141679456252 72.15659258976036 43.41974370453491 211.3525855338286 175.1874696268925 30.070559210400678 32.63271097845975 25.313326714692472 53.21492669857118
2003-02-26 41.29023575064766 83.28089695554608 65.80774523246134 60.09780268189546 54.461353389588076 178.387512157936 145.33254515343006 51.16640506789966 29.0145666391463 26.838619068974243 60.310415931285306
2003-02-27 36.84944113070841 72.9436078932597 56.445656016779715 56.05929119151326 95.67225699899764 156.44465968840157 121.22792771730568 45.17459924550458 29.087887640904942 47.94525288364185 68.77706425995302
2003-02-28 36.274917004249296 79.26694284436 65.36390288069921 55.58742760074078 79.73687772267958 130.44178558354378 101.0296613097712 56.973849117343704 29.522715898271795 40.53257215369659 74.75559418935595
2003-03-01 30.732928865269205 162.84736213692213 56.00020226598431 56.86411226919237 66.25255179494691 109.08725190684761 99.87827023147673 85.49261196390087 27.921051000116787 33.625132466710234 65.5438726629868
2003-03-02 29.044696322147473 135.35738676658266 47.192068741997275 54.78799272651437 55.35012572923885 95.4860774033447 85.45062732772787 72.40377260463951 23.197011498177964 42.6892447551219 55.32315824711909
2003-03-03 24.35257655098054 123.83343857438408 39.49941074272353 57.41988651840871 47.279079269956966 79.27802282986111 72.17748835216605 61.853884293186915 23.758521745128636 52.7619959844719 45.89515112641241
2003-03-04 21.141520998724832 104.02563869026132 32.76803933253332 88.11419944313782 40.4363762575359 68.82052083124721 63.118111862069746 54.523991018384905 36.20828498495628 44.85645659813867 38.41522638477772
2003-03-05 21.391778554536746 86.59995191020987 27.41350633291145 73.09804118126567 34.90520808635779 64.77760755958899 52.36509576331659 47.429909327654954 48.21100922928398 47.11324641778688 36.06557199587148
2003-03-06 17.832930794985813 77.45581509498736 23.385247911764058 92.77048339665716 45.21154117142427 55.060106361495954 48.654259457602755 40.71111506107837 48.31250054186784 41.457750249604246 30.403940891141353
2003-03-07 19.25795567006539 67.49592082790578 19.400265112685418 77.0333562988289 98.80669816784489 53.46584798280934 59.84399666433489 35.02330081785878 40.70282172400778 34.94602063955646 26.15771145801748
2003-03-08 21.683411034508804 115.76752246493537 16.09412997107031 67.68772681398988 96.32324577469566 54.0926079816759 51.02306481844433 29.06675438713577 34.864858682678324 29.209982398530755 22.090508173842196
2003-03-09 18.29539667317731 143.75168737790383 14.450000919075254 58.81501466698146 87.66408546619566 44.87430755582486 42.38163582801627 24.113285062163225 73.8814408590862 24.232104584344977 18.644557037632655
2003-03-10 16.853896669590984 128.25439226102367 11.98747499185588 52.197761157696206 72.87587760289429 37.34892458570202 40.09102219193956 28.58367010624919 83.45044212782625 20.102541815163036 18.51718279440495
2003-03-11 20.335802890048647 127.9816346634527 9.944605366126876 45.86312730999201 60.456588561244914 30.984032592880034 44.479295760512386 35.328571709024615 69.33015478798184 16.81267256764995 15.361539899594094
2003-03-12 21.85032271157233 128.55863936195854 8.25015882231061 38.04727036044787 52.42139795740864 25.803266866572248 36.90105267143204 29.38105861794715 57.93953510600631 13.947507206377278 12.74367222632418
2003-03-13 18.320663978670552 164.05967665867297 8.258314766779375 34.83880298584172 50.89514355844044 21.411639792629973 32.260776461936 26.5228101810308 49.10291098437746 12.481802331881742 10.89423021355316
2003-03-14 26.269994213606214 144.19106823350344 26.782701526264937 29.806286751004446 46.525167135138815 26.112126753057176 28.323230633503893 22.226789364344896 44.745699823456825 10.42524836907832 20.88583084200074
2003-03-15 37.68598220195926 149.56262626097202 22.218700648220935 32.388605421036985 40.35788784515774 34.54995572095729 29.80888409071129 22.084774433512187 39.55951907118308 10.328278174785812 18.51546929586487
2003-03-16 31.784871028700984 129.03853107536605 22.442115564374603 27.304061881744627 41.30818344853389 39.06555629155481 34.58378920596361 21.258224490179376 44.987880237840464 10.168844840701453 22.248010778399955
2003-03-17 26.91839905593142 107.04817064818286 28.529661061156546 30.796120535221323 41.28666191332243 40.14842161674831 55.56014840176567 21.06533621195645 39.636701591491985 10.265369384862858 21.62929133430898
2003-03-18 26.013287683380458 88.80534165744339 28.016733824889815 33.753602169614496 36.715867513860395 61.54144868401627 51.43090254620682 17.48924783110423 34.47541153041995 8.515975844732761 18.599839326155355
2003-03-19 21.733689381698696 73.67140100706754 23.242205862836446 28.001415770138095 34.73581255343081 64.12297534238361 43.85287186921969 14.532118945838008 29.398169156181847 7.352854744687666 15.459692369299798
2003-03-20 18.445282036258902 61.21321246771662 19.281338672338972 33.95010836115678 47.475754158769945 80.72969123095959 36.37959663790241 16.26384190720877 24.388221117746642 15.59251467107026 12.825097845780721
2003-03-21 22.703366672302657 86.07049210082945 15.995470618900619 28.201388819819318 108.44463497269739 67.10431952909128 34.08226410767963 15.2352329450069 20.232053435988842 12.935284968241854 19.02360087322647
2003-03-22 40.732999999040764 142.0773246164185 13.26957036894784 26.415663617628095 209.3708243158928 71.93539138359985 36.58348745703509 17.433173810836806 16.78948009417298 10.73089240185672 15.790288911037745
2003-03-23 34.16961580754822 118.3477535304132 11.008209884640737 24.53992360200066 211.76768464406578 67.7792324968251 33.38906917487316 14.462264484025212 13.928267124846148 8.902165821854371 13.0993551139062
2003-03-24 29.45453949552373 98.17928342932987 9.19703447794905 26.52042283164723 187.13507276075592 117.14701512733399 35.75617486458192 13.051860353011136 13.197620308126973 7.38508535469823 22.392197664938994
2003-03-25 24.480173830238236 81.71655059586352 9.636216855749765 53.623925262991236 173.6863131329559 97.33666378817011 30.073197185116488 42.32869289433347 74.82207391045281 6.126541202174481 22.88168967812776
2003-03-26 20.327905980783054 72.92677995773927 16.11378692316591 71.23512908527529 144.91957559926124 83.04732105949941 25.228411096196908 36.81938808464728 63.92303348118676 5.384582710167883 26.572433967982796
2003-03-27 16.86368505760715 62.772446804774134 25.771595038962616 59.42823334787624 120.22281507491108 68.8946450534178 39.70507488708719 30.911196414190233 53.02946135094363 4.589014078710191 32.103670291623615
2003-03-28 14.003300548840015 53.662783811964246 23.792381386377112 52.124937739055724 101.49311831541127 57.41538310160445 42.05473019179122 25.735433092490965 46.017119150867046 12.896090676314683 27.985196612679847
2003-03-29 11.64267574614727 51.454264734601345 20.74296787527128 58.96961891472635 85.31186828796946 49.651089321049135 35.94187436320133 27.54229446492718 51.84862829825914 27.773808668980756 23.296374292212178
2003-03-30 9.658565776351377 59.27912290023509 17.208013345758342 114.4243690070661 70.85138444343153 47.965890517581336 34.47262399277308 28.939839896580924 50.79246276733046 26.15545456548996 19.598930941099333
2003-03-31 14.712441845723967 124.61059994776689 14.27547519180299 101.87693996469912 59.092820947592124 39.791686952940054 41.502914898497494 24.597690239096597 54.91954043977898 39.554160270995325 16.258939763344927
2003-04-01 12.205191520917191 109.52074324161133 11.842691416904248 85.77398877295356 49.03909526373477 33.01050670539352 43.11128897625823 20.504522017014025 45.5603166583136 52.69009910256855 13.488139890004364
2003-04-02 10.125219295637699 91.02331759966376 9.884302008490508 71.32666117793998 44.26651690646333 28.92271760264299 51.089290593429844 23.55436096585138 37.80430239048484 75.39521607200508 11.18953144180307
2003-04-03 8.432620407192333 75.51139612463174 18.329109136496097 59.6700407463404 41.188522045774924 43.31986305671267 108.52621659131606 21.40778816920044 34.193367021056076 85.96711862771136 9.282644968702323
2003-04-04 9.795866297305206 62.642969901067744 15.341864943379134 49.50125091448553 63.11749731350747 101.39632938005867 132.70468007342456 28.69942934658381 30.101528750349335 71.37094753257425 7.700724383602234
2003-04-05 13.084753894146823 51.96754237664059 13.686676718915503 44.800489448460084 87.59187136146771 88.57936180161752 110.77052606538821 31.567848444865316 27.57814811965242 59.208124171277746 6.388389972055329
2003-04-06 11.611048351522749 43.11138927373741 29.178468001319153 41.24068066180598 95.45404653177098 77.00561790559257 91.89334440044892 69.8027980984237 25.645467450680783 49.13365594025716 5.491963936947492
2003-04-07 11.198748163620879 35.76447528808227 39.115341387492705 34.24781013310174 81.68194891438287 63.882550876312216 76.66566289327261 132.44266965482424 23.79453676042194 40.88029184303453 4.559270576944266
2003-04-08 22.572310871286213 31.917328123385346 34.299023100511555 29.257585503628064 88.53316275539116 52.99587767048164 67.1967372059791 154.21544493016768 74.9618184045984 37.41945791072946 11.058765746439496
