2003-04-26 15.994436963953914 23.07033140394914 19.52518686020233 22.61055743472249 16.15705607554695 18.277900736466506 21.908684231169804 16.58175515396549 20.30155076903555 23.36821873527517 19.99274343832637
2003-04-27 17.41878765088363 27.60590342557029 30.447450585765427 38.2986185135773 14.430775502715306 16.424513645993787 24.819798284613462 14.877566306451985 18.08662555639479 20.81871611647971 25.391338995610134
2003-04-28 21.883921056709305 25.34701035246116 27.125594697499743 46.633563467173396 12.856359397140078 16.242582862219137 26.15721425575558 13.254404751465973 16.11335152367642 18.7236886228291 35.640494996114164
2003-04-29 21.50325797277012 22.58161903169756 24.166157544796903 41.545781915220935 11.4537141068636 23.142441059313516 23.303428650574855 12.45132880775311 14.355364217388004 16.680910192937304 44.40011734081732
2003-04-30 19.157224963781932 24.652182262213223 21.52959877903705 37.01308385240842 10.204099215750702 20.617571074380766 20.76099471307199 11.788534423140067 12.789175579708665 15.194717220160069 39.5560076242148
2003-05-01 17.06714716335943 21.962597576767763 19.18069195431992 36.167146785039904 9.695146824541359 18.368167641333162 18.495943577194204 10.502390206328746 11.393860130034184 13.536954093945543 35.24039648716244
2003-05-02 16.670693618993244 19.566450028174525 17.088053875148336 38.920313787405426 8.652435073240529 16.364177006250575 16.478012423718358 9.356565972227935 10.150775384517772 14.890799089498765 32.543165159492375
2003-05-03 18.779700936123945 21.818296646559865 15.34141347189892 34.674057662819266 7.826536468998199 15.259533087897076 15.493433558317035 9.644976003245462 9.407563191327851 46.61171775843941 29.001672225653735
2003-05-04 20.953178554359692 19.588131175425453 20.036929924350545 31.439752802286566 23.0753648442574 13.64996759897787 22.717480837740226 16.339079410939473 22.309361202204272 47.88834870462473 25.837552609761193
2003-05-05 18.882943450045694 17.45104095495135 17.850875185071708 30.427422367288575 20.55781296036957 12.16073863658655 21.45462551484479 16.189175488584336 21.519052030016468 42.66366847480775 23.018642499919824
2003-05-06 16.910018209674565 15.547110016980719 15.903321820063574 27.107751583332085 18.314929214162106 13.992126069657685 19.129239519420302 14.422991055741441 32.560336315631396 38.00900755537062 21.638325822238915
2003-05-07 15.065113546728861 13.850900384914953 46.73037854078687 24.150261137257306 16.31674695972807 12.465567179516057 17.042214966851066 12.849424243309628 29.00796188581435 33.862176108866166 19.277556737735647
2003-05-08 13.421490347419406 12.339749398010262 41.632034340199844 21.515436689936983 15.795052562312886 11.105557821123137 15.182887468239722 11.447535587205946 25.843156059935822 30.16776928883129 17.17435058652635
2003-05-09 11.957188546048885 10.993466920860365 37.089926027258635 19.168074967294487 14.071792080723833 9.893927227072023 13.52641498312379 10.198594780507694 23.023634606497563 26.876426988573293 15.300606922429111
2003-05-10 10.652643948237298 9.794065587712723 33.44482338440718 17.07681341758058 12.536541526654242 8.814487083972267 12.050665769499261 9.085915016787059 20.511726557860236 23.94417435231236 13.631291093961295
2003-05-11 9.490583043728261 8.725520477475673 29.7959502815984 15.213711183644286 11.193232839918668 7.85281524417547 10.735922686784557 8.094630041587651 18.273870897242837 21.331834237403875 12.144099762207942
2003-05-12 8.455148268061949 7.773555008490359 26.545173911649293 13.553875791666037 9.972036788929891 6.9960630348288415 9.56461975971015 7.211495527870721 16.280168157815694 19.00450377768531 10.819162911119454
2003-05-13 7.532680753702899 6.9254501924574745 23.64906141070074 12.075130568628648 8.884074792505944 6.232783589758026 8.521107483425533 6.424712121654813 14.503980942907171 16.931088054433083 9.638778368867822
2003-05-14 6.710855627634317 6.16987469900513 21.06891849601545 10.757718344968492 7.9148108445064445 5.552778910561568 7.591443734119858 5.723767793602973 12.921578029967906 15.083884644415646 8.587175293263174
2003-05-15 5.978692676284296 5.501948161925034 18.77027248070345 9.58403748364724 7.051294835694049 4.94696361353601 6.763207491561893 5.099297390253847 11.51181730324878 13.438213494286646 7.650303461214553
2003-05-16 5.3264096414567135 4.901678564733609 16.72241169220359 8.570466187036434 6.281989530349422 4.407243541986133 6.025332884749631 4.542957508393529 10.255863278930114 11.97208717615618 6.815645546980647
2003-05-17 4.7452915218641305 4.366899150057149 14.8979751407992 7.635417339895881 5.596616419959332 3.926407622087734 5.367961343392278 4.0473150207938255 9.136935448621417 10.665917118701937 6.072049881103969
2003-05-18 4.227574134030973 5.198601901030196 13.272586955824647 6.802383520579759 4.986018394464944 3.4980315174144194 4.782309879855075 3.6057477639353603 8.140084078907845 9.502251888842656 5.409581455559727
2003-05-19 3.7663403768514483 4.631427769749733 11.82453070535037 6.060234758783476 4.442037396252971 3.116391794879012 4.260553741712767 3.2123560608274064 7.251990471453583 8.465544027216541 4.819389184433911
2003-05-20 3.3554278138171574 4.126133063229608 10.534459248007725 5.399055378229726 3.9574054222532222 2.7763894552807833 3.795721867059929 2.8618838968014866 6.460789014983953 7.541942322207823 4.293587646631587
2003-05-21 2.9893463381421466 3.6759666569077285 9.385136240351725 4.810011515633568 3.525647417847023 2.473481806768005 3.3816037457809465 2.5496486951269235 5.755908651624388 6.719106747143323 3.8251517306072764
2003-05-22 2.663204820728356 3.274913982565724 8.361205846101795 4.285233093518216 3.1409947651747103 2.203621770993066 3.0126664423748153 2.2714787541967647 5.173072546007197 5.98604358807809 3.4078227734903237
2003-05-23 2.372645760932065 2.9176166690876766 7.4489875703996 3.8177086699479386 2.7983082099796652 1.9632038110438663 2.683980671696139 2.0236575103969128 4.608683700084793 5.332958559350969 3.0360249405519846
2003-05-24 2.1137870670154864 2.5993009505150977 6.636293477912323 3.4011917602898785 2.493009197232471 1.7490157587072095 2.3911549399275374 1.8028738819676802 4.614086308059835 4.751125944421328 2.7047907277798635
2003-05-25 1.8831701884257241 2.3157138848748655 5.912265352675185 3.030117379391737 2.2210186981264846 1.5581958974395058 2.1302768708563833 1.6061780304137032 4.133194211714859 4.232772013608271 2.4096945922169555
2003-05-26 1.6777139069085787 2.0630665316148025 5.267229624003862 2.6995276891148627 1.9787027111266104 1.3881947276403914 1.8978609335299645 1.4309419484007433 3.682257425041837 3.7709711611039114 2.1467938233157935
2003-05-27 1.4946731690710733 1.8379833284538636 4.692568120175863 2.4050057578167836 1.7628237089235113 1.2367409033840022 1.6908018728904732 1.2748243475634617 3.2805184198325192 3.3595533735716616 1.9125758653036382
2003-05-28 1.331602410364178 1.637456991282861 4.180602923050897 2.142616546759108 1.570497382587355 1.1018108854965327 1.5063332211874076 1.1357393770983824 15.833059840213933 2.993021794039045 1.7039113867451618
2003-05-29 1.1863228804660324 1.4588083345438376 3.7244937851998 1.9088543349739693 1.3991541049898322 0.9816019055219332 1.3419903358480696 1.0118287551984564 14.105652715885878 2.6664792796754844 1.5180124702759923
2003-05-30 1.0568935335077432 1.2996504752575482 3.3181467389561616 1.7005958801449392 1.246504598616235 0.8745078793536047 1.1955774699637687 0.9014369409838401 12.566707923115525 2.375562972210664 1.3523953638899318
2003-05-31 0.9415850942128621 1.5986602792980025 2.9561326763375924 1.5150586896958684 1.110509349063242 0.7790979487197529 1.0651384354281916 0.8030890152068516 11.195663979947666 2.1163860068041354 1.2048472961084777
2003-06-01 0.8388569534542893 3.542405079173798 2.633614812001931 1.3497638445574314 0.9893513555633051 0.6940973638201957 0.9489304667649823 0.7154709742003716 9.974202688465343 1.8854855805519557 1.0733969116578967
2003-06-02 0.7473365845355366 18.3742234254702 2.3462840600879313 1.2025028789083918 0.8814118544617556 0.6183704516920011 0.852577204654854 0.6374121737817309 8.886004389625699 1.6797766867858308 1.882908345799211
2003-06-03 0.665801205182089 16.36957209657559 2.0903014615254487 1.770120924639547 0.7852486912936772 0.5509054427482664 0.7595599387426832 0.5678696885491912 7.916529920106963 1.4965108970195224 1.7659509707816285
2003-06-04 0.5931614402330162 14.58363079734506 1.8622468925999 2.9497114011853194 0.6995770524949161 0.4908009527609666 0.6766909757766111 0.5059143775992282 7.052826357942936 1.3332396398377422 1.7935299795776147
2003-06-05 0.5284467667538716 12.99253798318669 1.6590733694780808 3.171138345024753 0.6232522993081175 0.4372539396768024 0.6028631228965182 0.45071847049192004 6.28335396155776 1.187781486105332 1.5978535597519659
2003-06-06 0.47079254710643104 11.575035434610692 1.4780663381687962 2.825163086628229 0.555254674531621 0.38954897435987645 0.53708998340259 0.4015445076034258 5.597831989973831 1.0581930034020677 1.4235256881590044
2003-06-07 0.4194284767271447 10.31218423112367 1.3168074060009656 2.5169341724144934 0.4946756777816524 0.34704868191009786 0.4784927777393835 0.3577354871001858 4.98710134423267 0.9427427902759778 1.2682172108207013
2003-06-08 0.3736682922677683 9.187111712735097 1.1731420300439657 2.242333427847688 0.44070592723087765 0.30918522584600056 0.426288602327427 0.31870608689086544 4.443002194812849 0.8398883433929154 1.1298530874436792
2003-06-09 0.3329006025910445 8.184786048287794 1.0451507307627244 1.9976919765127383 0.39262434564683857 0.27545272137413324 0.3797799693713415 0.2839348442745956 5.268555492588128 0.7482554485097612 1.0065846672904784
2003-06-10 0.2965807201165081 7.2918153986725285 0.93112344629995 1.7797412211144392 0.34978852624745793 0.2454004763804833 0.33834548788830554 0.25295718879961415 4.6937493347980075 0.6666198199188711 0.8967649897888071
