2003-02-15 10.526216392204246 10.526216392204246 10.526216392204246 10.526216392204246 10.526216392204246 10.526216392204246 10.862990985569015 10.526216392204246 10.544039995394025 10.526216392204246 10.526216392204246
2003-02-16 11.231232754014648 17.25992651726346 9.37779269068259 9.37779269068259 25.212339779229964 9.37779269068259 20.80788829355027 9.420245610069186 9.393671715917005 45.32081807425232 9.47169234614553
2003-02-17 11.140738294929376 15.376846409426465 10.682959429349701 35.11502511379852 32.77653403589522 9.477426939319592 18.537721007931307 8.392484738577796 8.368810090341622 53.07144395602845 14.117195201207357
2003-02-18 13.135170355561547 18.108768340280104 67.77403391575957 31.406472689220823 201.08736216975586 26.498092636485552 17.22110419958114 15.193402763220028 8.454678234154443 59.06845685584325 27.610932234580748
2003-02-19 11.702106432324767 16.134932928781712 60.37979993875008 34.974379950866066 179.14847319125766 29.324185077379788 15.738699393284197 17.24775831764528 7.532262001097219 52.62401249539868 24.60833748883039
2003-02-20 13.651241529150008 15.27567040596714 54.4140186148032 31.23387522428419 159.7523476867688 27.058857138412414 15.245670616871717 24.37134533072331 11.405763986737291 62.647364172905434 23.18848543129305
2003-02-21 14.787032384655513 19.70437513373453 61.2730070116521 32.03321227562294 159.54712039345264 25.267823653311407 19.08126347034804 24.511326776411817 10.715353426824564 86.54525920926963 52.686350203534275
2003-02-22 40.00415994348387 28.712738113865896 99.16653435834009 50.676732349396495 172.6235999016876 27.584265105381775 33.35607309243225 52.78460097688835 9.679832971271344 79.81989626176643 48.323567891845194
2003-02-23 42.04758728094675 42.00304126540463 273.62074569518137 84.35463624128366 154.10726997061522 24.574786423227913 33.12411159759963 47.02573334785914 8.8961737247545 71.66234689138037 45.28163624396219
2003-02-24 43.306980506340736 50.473487633049366 288.2560932771231 114.37285204604316 137.2939692729283 22.80066868810722 47.45190025968026 44.141900563485024 10.222692255036254 69.88581377853771 40.76054666810312
2003-02-25 41.094722908924695 47.442684526629385 297.92437609109083 142.82136910951488 122.31502123365097 21.590329094939296 73.07880448992118 83.13178249213503 43.41689509083372 104.07713080676537 37.70493229671029
2003-02-26 43.16166075216409 42.26662682991062 267.3020445790596 141.51570306204138 108.97029562636801 24.93618100891763 90.55316351977955 78.64292941721395 39.46450909680592 98.10462666822129 95.15205177695361
2003-02-27 45.35601690294793 39.2848993169805 238.26155828680132 147.73799780163253 168.32427917001937 24.686928924434476 103.47045724624373 81.68991736642528 35.15888056638216 87.76355167637473 91.82340984384975
2003-02-28 43.71404783206193 37.17476334440225 234.60104279596163 227.53408079569402 151.96069070335886 32.63247430666206 92.18169772607332 84.59482841193622 31.32300162783915 78.42628561812262 84.24684248529431
2003-03-01 38.944789178309456 33.118949010698444 263.765881433771 224.6721265449671 149.4644667843993 59.80236858972976 82.14069194549337 75.36542419349594 27.905621998549655 111.89487370364948 75.05540397751977
2003-03-02 41.06941233930768 29.505629219786503 234.98868565850327 200.1601095407753 167.33450381443964 73.86730100917126 142.29972434206803 67.14295980608844 24.86108286741674 100.16958225686696 72.40295446926041
2003-03-03 50.655838321230014 26.286527249831934 209.35111883064374 178.3223850127066 301.6705676615946 74.90015750143759 127.04537262830402 62.22826759936309 23.658469390907822 89.24095242929606 74.46037663279465
2003-03-04 45.129221426708085 23.418633431236373 188.82492960118876 158.86718422354835 268.7590067814344 66.98885441750097 113.18455962021781 55.43908383636659 21.477578160797652 79.50465012488284 86.48145746907744
2003-03-05 40.20556551972577 20.93403877515504 184.48889264528464 141.53457077932435 243.3887222553518 59.68028453024143 100.83597907893086 49.3906087246938 19.13434685221357 70.8305908824543 141.00837597815644
2003-03-06 35.819086783631114 21.682574738812026 164.36091796881473 126.09296767984318 247.23677699007223 53.16908898624281 89.83464450384557 44.09583094752459 17.046765083089703 63.102882622301344 161.61985714968867
2003-03-07 31.91117850049453 28.954071498055193 146.42893113078648 113.30021417002 254.40736302303043 47.4189625865111 80.91511660042572 39.28491926648275 15.186941160964114 56.21827723916855 149.53040540293046
2003-03-08 28.429628020438134 26.22132727657085 130.453385122858 104.09459552283239 233.37871133141914 42.24549298386745 72.08717365749536 34.99888421675621 13.530026412775682 50.08479112843348 133.90717984836402
2003-03-09 25.327919160615 25.529076260654954 121.53124356961271 94.4715693053238 207.94942895548883 43.39911534721665 64.22237060582263 31.180461085050254 12.053883187546788 47.9810129206066 121.51297017295214
2003-03-10 22.59711846026017 43.59220983530781 110.91510174667783 96.3261353496604 185.26187969446056 40.74700297329664 57.2156276486612 27.824127829034072 10.738789080398819 42.74622290604347 164.3659908808239
2003-03-11 20.131743869911183 38.899874877087676 102.27023430498025 86.45442167342594 165.04957114006467 36.30145271697057 53.80170332338163 24.788479816259393 11.111478312492805 38.08255519233534 219.41979962391966
2003-03-12 17.99384898165981 43.244833961606744 91.11242064621905 102.10510109302248 147.04245135829632 32.34091769218122 57.950146494516844 22.08402489295317 11.820030422164582 33.92769960436028 197.72265651726033
2003-03-13 17.435787325347597 38.68206807512318 81.17193876037993 90.96580430790485 130.99993142731938 28.812482115446468 100.90463129796538 19.674629468511323 13.045722605342501 30.264506847326103 211.1723563846648
2003-03-14 22.630591676610585 34.461804863144586 72.31597619058861 81.07988749440835 116.70767098507118 26.16431937655648 107.39167339552183 17.52810217338288 13.100033680628444 26.962610355432343 252.56560505065
2003-03-15 22.89445461276545 30.701977777378026 64.42621048926269 76.5189949281779 103.97471447774437 28.895292797267263 96.09930813712714 15.615763757699703 34.684837515450546 24.020955003372112 225.01037378596328
2003-03-16 20.398142309887177 27.352352646239265 57.397228339523814 70.5475702480305 92.63384766272144 27.522379620361896 85.61475043354005 13.928432602345707 57.52123294152114 21.400238021010985 200.4614535741933
2003-03-17 18.172678836322707 24.368175910657072 51.13511715249012 63.69514999132632 82.52737613912599 29.906754504319494 77.98364765260033 12.833616639014323 63.99671794863399 19.065444620816837 182.5226742533793
2003-03-18 16.19001628045597 21.709576682222682 47.25196532892901 70.36090439478903 73.52353361383297 26.643889251636057 69.4755317296095 11.43345261280239 58.71698931485468 19.14289312966423 162.62734693883144
2003-03-19 14.423664750929447 19.34103403756159 51.28372083166531 63.29417668182101 65.50202184971194 23.737006780555728 61.89566216002757 10.446000305074225 52.31089051366403 24.803941354601662 145.2899060302395
2003-03-20 12.85002443748904 17.668503469038026 50.62161940839798 56.388700871582486 58.355667301508866 21.147268913285636 55.142766076816066 14.866116523224845 46.60370530340291 22.09779955764277 129.4385910410707
2003-03-21 12.467267088365986 18.641821128423075 45.671983956509806 51.27913334814572 51.988989195138366 18.84061182835923 49.12661961254802 13.244204154265933 42.94909392411512 21.067098719035883 115.69418487959972
2003-03-22 23.10551127890335 16.60797454711361 46.744462579516174 46.56761365447007 46.31692383136072 40.2308317918865 43.766842439387084 14.866736981555084 38.26329272228319 22.179804262999536 159.11938649434452
2003-03-23 20.58548460191854 14.796023234930896 41.64458179225002 81.2285858529955 41.263688069562996 40.76687918787875 39.1888687790505 34.84302962506744 34.117986742110865 21.64807819201799 141.75925745908876
2003-03-24 18.33958184414692 13.181758133574613 37.101104536206066 108.38265333011063 36.761766806916484 36.33583310791067 34.93350866265837 31.384931905313106 30.43188519285748 19.28654677072241 126.2931407548285
2003-03-25 16.33870995618033 11.743611424037612 33.05332647289671 152.05247457516325 36.52042585259977 32.37154713839892 33.43899922820689 27.960795603365284 30.671388321471778 30.29404906258534 112.51439720839413
2003-03-26 14.556135756027857 10.680370012004264 30.249367674938195 135.46335468907947 32.53600057802044 28.83976984981916 38.92153906684842 24.910236961222164 27.379861606534746 42.56043452248168 100.23893224529131
2003-03-27 15.15899924831389 12.155174859043777 28.475919487159263 124.2351694582306 30.022203542262282 29.127632740957154 43.269063850743954 22.192498177324932 24.634240654898605 41.34758638114034 89.30273624508635
2003-03-28 22.772860683087902 11.194591258223657 36.77577889392983 113.566696620886 28.9202382823514 25.94977067138131 120.03146811371033 23.78049690986182 21.946613421809804 36.836511705154884 79.55969324717225
2003-03-29 22.948754170553137 9.976972706871717 46.98661580863741 108.84321220323095 44.47716863260197 23.118617427169376 120.9742056457684 21.186014213736197 24.410841354040645 32.81760105888408 70.87962872954436
2003-03-30 23.270212699606834 8.888472195473165 52.102292883141104 96.9682782301354 119.9501551331666 20.71704043769726 109.97965571687268 18.874592905520586 21.88572707125577 29.237158715800874 63.14657037741423
2003-03-31 22.551451695149517 8.54739739541634 46.41786594176293 86.38891477550338 140.34119489663445 18.81571613093582 99.46961707144571 16.81535062494903 22.048713556124444 26.047347221972647 56.25719860419706
2003-04-01 20.091059407412484 8.344006212962755 41.353617266326715 76.96377343503099 130.21093239653445 16.762897381943226 112.10371550515598 14.980774316847446 22.744208248032436 43.87373314853162 50.11946612264564
