2003-02-08 6.285296870780671 6.285296870780671 6.729504247880309 6.285296870780671 6.285296870780671 6.285296870780671 11.608592838108581 6.285296870780671 6.285296870780671 6.285296870780671 6.285296870780671
2003-02-09 5.214175381499916 5.214175381499916 5.582682266309154 5.214175381499916 6.253500532028413 5.309479293421616 9.73936218743459 5.214175381499916 5.214175381499916 5.214175381499916 5.214175381499916
2003-02-10 4.325591211997127 4.325591211997127 8.974849927548455 4.426171256932123 5.449947616605471 6.09423670270147 8.144594438421441 4.39707093613955 4.376519653603761 4.330138441150046 4.325591211997127
2003-02-11 3.6038368715601328 3.5884368983243027 7.445612627305189 3.671876392902203 4.521183848144989 30.635429967694666 8.370489888806047 3.647735261721001 3.630686267272627 4.709191738098466 3.6021857977445304
2003-02-12 5.182512986379584 3.076117100659726 6.176753598061086 4.55071053279409 13.276391651121541 61.53121501871026 53.686740225696504 4.69439352454636 3.0271371611501863 9.617684580825252 20.24846258004463
2003-02-13 12.033262375068263 2.5982140232334436 5.27832889084722 7.788712786266539 223.5210597272385 57.1623171690848 102.26496993788263 6.1290121687558035 3.995496763987881 32.2478573931019 24.209835739491133
2003-02-14 12.796168058157505 11.761474976739546 10.556966941054597 6.5897011496405105 221.04885827111102 47.85303889715131 87.89746153838077 6.68315916655096 3.3580039518634957 29.558070287485997 21.499094399804495
2003-02-15 13.025100775896147 82.18693961786626 21.48791633839261 5.466703993828666 225.54311031154748 45.20659180283122 73.62309442965531 6.0909661407008215 3.1922115002790146 24.70019450450992 39.23300457280264
2003-02-16 12.04864612061062 104.40215657398117 41.463149009890216 4.535084653690956 197.1440902110379 43.0831396813059 65.87517320217206 5.633300416772276 29.660882433338408 20.500972582755615 60.823665932183324
2003-02-17 10.199508989271067 86.91306975461528 35.63902457912598 3.7678341770911796 168.01514404078677 36.93332702558083 54.89450858761604 7.388786835050915 24.64664242052718 17.147197645328266 61.3345013872709
2003-02-18 8.50422689449471 72.14388652949573 29.565528629995104 10.337327506768661 139.4313964840853 30.690298587627332 46.36125877121912 9.11692044831266 20.44643535345713 14.225062265471752 56.79102729844365
2003-02-19 7.07001240078892 59.84934121671082 24.527059690714687 17.19376582289679 115.66991502580915 25.587404971035923 38.53468561398827 17.105988788668014 16.962015009189507 12.071512644253133 47.11287032536697
2003-02-20 5.865162038481461 49.649995535101084 20.347231554709037 21.68918976290149 96.70917658506052 21.226875964544476 31.967719774112968 14.23032740486696 14.074738407371468 11.323859900452804 39.08403590994187
2003-02-21 4.868885797504878 41.18879183163465 17.117145086798693 18.255874457231414 112.87144341253752 17.609455266143826 44.22046829114815 11.80952109750955 11.77081287586899 9.395917706818574 35.432976839534305
2003-02-22 4.039144845919121 34.34902844118637 14.20009242968931 15.14476294749753 95.42050012175817 14.610078325321727 37.562490796405804 18.229103297623634 20.517817935627868 13.5838478862795 109.83386597163995
2003-02-23 3.6239858106365848 28.495369774660524 11.7801551595913 13.109955124237139 79.15922395616144 12.321025498127545 33.63313934947245 15.29688260663934 36.57687395244271 28.054557101491167 139.25093697220524
2003-02-24 4.854713684609396 23.640953085141152 10.666027648916545 22.268232942301744 65.74708066517898 34.45941807448689 29.39335399559016 37.80143230494269 30.343552518832183 37.99088212680141 116.40129786003706
2003-02-25 5.429331482371786 20.22784144081135 38.892741436214195 59.17410655637766 54.54265987075889 71.33767817127259 25.713203958330997 45.27333050553373 25.17249507599453 32.47952019530378 98.38730201544506
2003-02-26 4.5997998498915 17.067898554178633 58.1573929619409 73.36301473394367 45.27182952488378 76.18433653930188 24.56234067651177 58.42252262890205 38.669697677860654 27.447833726145767 87.88779073807996
2003-02-27 6.256816194319114 14.222305693386389 50.01689582795518 62.35082841693085 37.57310636490845 103.03028338146473 31.818632771681898 48.83582025314818 58.395156648373586 24.133984231100964 76.67230549775967
2003-02-28 13.471323158797908 22.332734639594108 52.3372699876724 103.30889785296083 31.2740405195385 171.30460949763787 32.93286539580102 40.8936716083951 48.47359116439922 24.307917947247404 66.65176710207814
2003-03-01 20.208761582849633 27.343118833074307 50.26375266244255 92.8779801678627 25.944412095318835 142.11139043122733 39.93026909672399 35.990400723395105 42.25438808441549 20.17414808484364 55.5504924549135
2003-03-02 22.856393584672613 24.359737417182227 48.3229611832188 77.05821061246107 21.525146083213052 117.89319242209443 43.315340874326516 32.40054930087897 47.81907029236266 21.623554102857167 46.08374371861955
2003-03-03 31.725951237830436 22.9894210649291 87.14550159523397 64.22739674740808 17.96280671706272 97.83752932854863 50.49781912034917 26.893258825941835 59.17376852553741 34.52940639163471 38.98006012400285
2003-03-04 28.52729720258085 23.596566163852714 84.25824881866674 53.32589413867572 15.249211684161367 81.44526811950813 45.415167871568684 22.310190112160363 58.0012840680157 32.24870185121494 32.337194892537156
2003-03-05 24.663802523416553 19.626525535340292 83.01467949270364 44.23825479220577 12.65048664931815 68.71921029410873 44.54977619149647 19.4987744435269 50.70807611292096 40.1327489679214 26.826386880661346
2003-03-06 22.890595808009532 23.30842369562604 83.64798044717396 36.707129717079724 10.494628560425916 57.00828805991067 70.9241393015214 16.268542440744405 42.08317431377859 39.03586606453614 22.254714283736785
2003-03-07 21.329275164635842 27.183631672466145 76.10566559422834 30.658262265923216 8.877156178589171 47.2931061578335 58.84078445292817 26.054094609748148 35.020589555413814 34.923105722940974 18.464287638505464
2003-03-08 21.923287911266964 22.551078486875088 63.35610354802367 25.472953160619223 10.015253952722958 39.23355649104239 48.8133139977487 23.200752476543684 29.052485452879743 29.698200747213992 15.3178970000392
2003-03-09 22.07256194673298 28.147290684166126 52.55914592093187 21.13192868925834 26.638755138915936 32.574414679135614 40.527425521615804 20.43092709895917 24.101447796995078 27.808150933942557 15.597748035011291
2003-03-10 18.311221778207393 39.32798550541917 45.68365154875016 17.530688621462147 24.838581791483307 27.188134633051394 34.66736372099923 23.305478173614063 19.99415116663306 23.069169044156407 28.78457391386647
2003-03-11 18.916658344463094 33.40060537370899 62.14832566762964 14.543161112354344 20.72995989830727 22.554814066388648 29.704814462432054 19.35375574651054 16.787732193807717 19.14648134608571 23.87919294096169
2003-03-12 15.901683902105349 85.31521031990066 62.29981356409834 12.094284316576859 17.23400686503356 22.59142501277274 24.64266484921012 21.599219140060487 16.2487028341832 15.883595274740829 20.159220215251167
2003-03-13 14.615069554176458 71.98428514185599 58.66178287641604 10.03321256526514 17.30579113639796 20.21174569577059 34.65890132470539 29.379079867279184 13.479647507685117 32.851611742808565 18.644829774152747
2003-03-14 12.49358558163282 66.17534635596981 48.74445791600793 8.409061475268965 19.705326131347704 16.774364118577928 29.41513276937379 25.198001870068328 11.188022330457347 29.510724542676392 15.467433662928553
2003-03-15 15.771851384897245 126.68297994741829 42.18467783622966 6.976014375660061 18.739715860828586 15.811537629684882 25.793024295422494 22.928017997106156 23.66985757677635 24.810527364731513 24.742641554393096
2003-03-16 27.57399072504885 567.7021754761047 46.56804105752729 8.09902137280783 15.54614954657943 16.14620238527914 21.45102708730476 19.539994101116942 21.103048437472175 49.49932196903379 28.56784628475968
2003-03-17 23.27546019924192 497.00373798050214 79.18022330591761 7.154395768652661 27.865658282508942 13.395087315060948 18.289933139027195 16.21004676331368 21.82380787729416 122.07908302651938 32.529114260975135
2003-03-18 36.69942461470637 423.3740665331154 132.340774061749 5.93516504523917 26.984263144795374 11.112336608300392 17.986997314095845 14.054000261052453 59.31038932196957 101.3439927481822 28.241141291959494
2003-03-19 53.77561759677868 355.77173530057047 110.91174025168205 5.108734422233155 45.10541652875903 9.218605447784931 16.18348146685164 15.18897966023724 58.419133807334745 84.11897165361061 23.99525629537029
2003-03-20 81.70977858754515 297.97456761168144 123.6921081848698 11.327847334460115 39.08997137330339 7.699665191834151 13.42554097065429 39.92076502035185 75.62650932003908 69.78914450521171 21.502550755844343
2003-03-21 71.21161832204801 269.4799392101462 144.19195327260306 9.745871146797992 34.95923180586289 7.389898686362303 11.144945337787 50.7260920728759 85.96086807298977 58.13895165996177 18.388876938766177
2003-03-22 59.321638429871506 261.55658592657716 127.97637832159998 8.085008942239417 38.26038226026441 10.706638226050423 9.41243053447034 44.58432049252073 71.48244255159857 48.76713872649972 22.996352668794678
2003-03-23 49.212222278489946 238.52990853507526 109.33784334618107 6.707185905856107 39.18301244971029 18.494278036552235 10.643881077957259 38.50588610850813 61.77990792280532 40.47070985123485 45.29309707046215
2003-03-24 40.87587437265838 219.3922736764936 90.81191679640293 5.564167349362984 42.50699682772473 15.502915684858948 10.477639980046122 34.30758199398272 58.57690366315322 33.57381255276259 46.19132026208045
2003-03-25 36.10825568919641 252.74275035634247 78.81502556421454 4.6159385957509995 35.3855511547537 14.688156283657092 10.447987601344272 35.04031294894894 50.03642466698729 27.858362511934217 39.64224931667972
