2003-01-11 0.057542780972916964 0.057542780972916964 0.057542780972916964 0.057542780972916964 0.057542780972916964 0.057542780972916964 0.057542780972916964 0.057542780972916964 0.057542780972916964 0.057542780972916964 0.057542780972916964
2003-01-12 0.05126478980700204 0.05126478980700204 0.05126478980700204 0.05126478980700204 0.05126478980700204 0.05126478980700204 0.05126478980700204 0.05126478980700204 0.05126478980700204 0.05126478980700204 0.05126478980700204
2003-01-13 0.04567173552479206 0.04567173552479206 0.04567173552479206 0.04567173552479206 0.04567173552479206 0.04567173552479206 0.04567173552479206 0.04567173552479206 0.04567173552479206 0.04567173552479206 0.04567173552479206
2003-01-14 0.040688890634281855 0.040688890634281855 0.040688890634281855 0.040688890634281855 0.040688890634281855 0.040688890634281855 0.040688890634281855 0.1494622929806981 0.040688890634281855 0.040688890634281855 0.040688890634281855
2003-01-15 0.03624968050863416 0.03624968050863416 0.03624968050863416 0.03624968050863416 0.03624968050863416 0.03624968050863416 0.03624968050863416 0.1331557652268198 0.03624968050863416 0.03624968050863416 0.03624968050863416
2003-01-16 0.032294793898139024 0.032294793898139024 0.032294793898139024 0.032294793898139024 0.032294793898139024 0.032294793898139024 0.032294793898139024 0.11862830055356971 0.032294793898139024 0.032294793898139024 0.032294793898139024
2003-01-17 0.028771390486458513 0.028771390486458513 0.028771390486458513 0.028771390486458513 0.028771390486458513 0.028771390486458513 0.028771390486458513 0.10568580089834216 0.028771390486458513 0.028771390486458513 0.028771390486458513
2003-01-18 0.02563239490350105 0.02563239490350105 0.7592223538249842 0.02563239490350105 0.02563239490350105 0.059811777536908736 0.02563239490350105 0.1320001478352135 0.2503414623412907 0.1436134128908891 0.02563239490350105
2003-01-19 1.2535197232224442 0.40005980944022 11.016679803991666 20.42447220491883 6.890465848541296 0.5088167162959473 1.3149302705216 7.240863444486192 10.912225168049126 1.6462540270580057 0.02283586776239606
2003-01-20 6.890311753385967 116.35738839434902 22.540832463445174 18.415325798671184 88.36100785042731 0.48199671625959656 5.140744978124136 6.464192796906961 9.867029347399486 1.714234021224401 0.11004838029486695
2003-01-21 8.759067521056297 123.49219425860775 20.173052557516655 20.46129762573819 78.74480898863813 15.415556655609768 4.583192999692035 5.758941076576425 73.97326173726226 1.824149671935948 6.001414712225058
2003-01-22 7.95870547024905 110.91994791198628 18.568537658956622 19.861881167398245 70.79263161181387 16.57821043567645 4.630615372425033 5.130633222967683 65.96314317425606 3.2130127052705935 10.991826769615951
2003-01-23 7.090400501501384 99.92166581437901 16.54292789573289 17.694924471890843 63.174483454394135 15.911122915267539 4.125409299494412 4.570874561590147 58.766479698452386 2.8624689004941954 10.028188848372656
2003-01-24 6.316828717889202 115.05106954285942 14.931907547010187 15.764385529597675 56.28206632869781 31.96112670145729 4.595915421559822 4.072186287700946 52.37683330270469 2.5501698741668655 10.05245696852709
2003-01-25 5.627654607479573 122.6877667423608 29.100448021481963 14.066822206945014 50.14598144721704 31.607279380528727 4.094495157749063 3.62790554374144 50.790603136827585 3.402014836671428 22.224119183364195
2003-01-26 5.704951033581775 111.93635936610958 36.596637310450326 14.425008718467884 99.85934936359077 30.551255248211227 4.307878365017314 3.232096398453479 45.249283228174384 3.030850657084991 37.587828936567
2003-01-27 5.1464749036175075 103.04712799693881 40.7095745155074 36.58924085018502 95.04072632691057 29.39073057416676 4.227944998041041 2.8794705382882118 41.27151780616021 35.384286716851406 35.896222787037985
2003-01-28 12.927989097666899 92.44103481070859 45.93744040394666 32.6569335358152 84.67166125577144 34.53456081001461 3.7666707791226224 13.870660440659838 52.72396482960714 51.12588228849715 164.48677851093433
2003-01-29 16.88548978112527 103.87362255078652 48.46749026170481 29.094020225452024 75.4338744755798 30.76679595718161 4.38084650584622 17.857794816135627 48.213819059600155 55.164199460917196 146.54106012642526
2003-01-30 20.429953366673917 101.32153929018912 71.9902212704765 25.919825324404307 71.1844265924399 27.67224194619784 30.52197768269034 15.909486510508428 46.18886606301999 51.970271843913544 130.55324262155867
2003-01-31 27.033100142946854 90.79277893317904 75.66895971049973 23.0919391559333 93.67189533747978 24.653164877936984 36.05949058761176 14.173741138482976 41.215213362450285 46.33651861388049 116.30971650061132
2003-02-01 25.68613277927239 82.69234979344962 105.46301471191482 21.980634019751893 83.53593630150843 21.963472987856495 106.17666084260925 14.037322115549147 41.63631291239224 48.565962135283485 104.24879466252463
2003-02-02 26.026630520418262 92.25712302628635 97.729933438557 20.718034511923562 75.65097317594243 19.567229930791317 94.7250026857261 18.876844787716994 72.36707764349752 47.30574637961479 92.87511753251863
2003-02-03 24.067675302218237 85.50536255299912 91.92546093324641 20.395978896505277 67.3973550285163 17.432420062899265 88.93657407368482 16.81735682391121 88.36657350388516 42.86588270741917 82.7423231568542
2003-02-04 25.078459724176557 76.18639234629168 82.56538489698163 18.27073477651718 60.04421720095451 15.530520688120887 80.4750370536982 14.982561636931187 83.14514237588102 39.8785273481299 73.71502963639513
2003-02-05 23.98229247388604 68.49662229486452 73.6397207630984 16.292744829368146 54.430533746555035 13.836120973098918 71.69620941973092 13.347944956800616 74.4572655263626 42.95535338894467 65.67262541074153
2003-02-06 23.292428119174502 61.02355299943778 65.60553283205691 15.69673648586062 69.83582041774973 16.978434213788095 63.87406106755959 14.150615814502531 66.33459366775257 61.198020250288664 58.50765779534029
2003-02-07 20.807873056802503 54.36580514356818 58.44788510299343 16.45164629455762 63.95271242959689 24.325778906533664 56.90531912750659 13.446769029845516 59.09740446696104 56.70903485258281 56.9075263956033
2003-02-08 18.537707433532255 49.16492083255372 52.07114591627068 14.656750595119645 57.11566983141546 31.679559556940603 50.69687586606255 12.109329523673795 54.10988319468396 56.97814732463737 55.95513864111485
2003-02-09 16.51521978979452 43.80096494719337 46.3901171489041 13.057680317294746 50.88427703853488 29.232991697986684 45.165781722795025 17.446399616776763 48.206425576867424 109.14035024564068 49.850361288734184
2003-02-10 14.713388140533903 41.90894259712111 41.328895902338836 11.801780204909083 45.33273718712863 26.043634831143518 40.242890225177426 66.02834951290995 43.83974261455764 107.59991724080295 44.41162297096608
2003-02-11 13.738410543615515 40.789186350759444 39.94559768781847 10.51419085632753 40.386877449805795 23.759309313772714 40.93455764535859 98.94290629668684 39.11579445047429 129.5997201941322 39.56625797536572
2003-02-12 12.46419971820176 131.46619441151336 36.38744981253455 9.367079156185074 36.27192746529452 57.9909567099679 36.46854493389179 88.14810838879802 34.84821113496854 123.79011909171619 35.249528511863296
2003-02-13 11.104339551591128 129.8699556930096 32.41753239438296 8.345118812964374 32.31461368331025 60.336511629544496 32.489779934047554 79.54264809628157 31.046226629627373 125.99868628908533 31.40375976627035
2003-02-14 10.253858009056376 146.2278673473978 28.880738055428704 7.4346556531987895 28.789047907661367 53.75372086782086 29.51432839237649 70.86598492312092 27.65904350742949 144.61368255936435 27.977569320557418
2003-02-15 11.217364002621773 130.2742195761923 25.729812512528348 6.6235251912496285 25.648125877416327 49.92536673475374 36.808429390297405 63.13441512776103 24.641406405756808 172.66603236848383 25.14025951013701
2003-02-16 10.658287319687947 116.06113522716281 22.922656985402767 5.995165822155568 22.969039009049364 44.47844522667844 32.79258256057515 65.58535295137061 21.952997380063884 299.6541223655047 22.883539638423983
2003-02-17 9.894317505293547 103.39871659979191 20.421765724666017 7.449322268474599 20.46308741007753 39.62578983732312 29.21486976772764 191.41269994880318 19.557897225237145 279.9669388413352 27.003452424067287
2003-02-18 8.814834782339542 92.11778407611084 18.193724906267274 6.636591659998304 18.246580412010168 36.92897949236007 26.02749002670551 170.52932902017014 17.42410556748427 250.6230169509192 24.852980586063335
2003-02-19 7.853125008205173 88.06283623383958 16.208766197191473 5.912531002713356 17.356861369368673 33.9652391549343 24.412671925404947 151.92999098029784 21.172327689431224 223.2797245380384 22.31219024564721
2003-02-20 6.996339003205831 80.58577912375829 14.440369027714349 5.267466291282344 17.011391580317376 30.259588024461028 21.749218124723914 135.35423421142065 28.409892343983234 238.497522251763 22.880907000800516
2003-02-21 6.233029449631334 75.86424148187639 12.86490625626417 4.692778966750886 25.239188396634518 26.95822818244709 19.55861205109734 120.58691375382189 53.15119071940419 293.52481873165704 54.77663434957163
2003-02-22 5.552997946807539 94.42579247394434 11.46132849270138 6.998429847324396 22.841350121192352 24.32724192932096 17.919432928010743 110.8945253073617 51.84684633498039 405.7732325233171 52.43633115116126
2003-02-23 4.947158752646773 89.0005045418082 11.420555448977918 11.494887946850751 20.34932954356495 21.673108650721954 19.95626751062314 98.79579044510996 47.438182662314205 453.6753442618622 59.22987915815608
2003-02-24 4.407417391169769 83.82234419567794 20.991636687532246 20.659936610150012 18.130250096100156 19.308544715044487 31.027096740741687 88.01704306521003 57.00380531015046 405.6113588666752 67.16910505315182
2003-02-25 3.926562504102586 110.82352093508433 19.680417248251032 35.613330242388024 16.152216570179394 17.201957735788557 27.665100023213203 78.41427084129865 75.00796084690964 369.8342812401192 67.23584198280321
