2008-04-26 85.04795867758182 63.19706625950065 62.83409255652935 65.03348173075601 70.29734751315475 86.60146072258998 57.40364905276241 94.97485298555415 69.15753110861965 87.42880532423145 78.28096474292252
2008-04-27 70.55433999384353 52.42721129133506 52.12609448093228 53.95067033189936 58.31748385532851 71.84309886788253 47.62109091306754 78.7895226716875 57.37191155251762 72.52944987764133 64.94055692102224
2008-04-28 77.52606375184345 64.77615292584096 53.365390663503355 86.54490586776961 48.56221840078878 68.072240781916 77.5301862296323 133.43840204530758 54.02724940269006 61.677502053412034 220.05003157461624
2008-04-29 64.31430389844 53.73719473207905 44.28270385201412 71.79618192222803 48.097215363678096 57.721196216897404 64.56375569848 112.36983734677221 44.84644799813181 72.4456664076359 186.8801879215073
2008-04-30 53.354293230286935 44.579462768951025 36.736177940098266 59.56089138840188 40.656300815940945 72.35539790907761 53.5987198592529 103.15749549365864 37.20385049536219 133.53778557369668 155.03262537684782
2008-05-01 47.78556893061091 36.98236409021085 30.529587300725332 55.660350724799606 33.76070732446422 60.2206063901265 44.46458636968292 85.57770372319851 33.81481756325776 112.81892326433213 128.83760234822145
2008-05-02 39.64209523136198 30.879135737598155 25.326826366909504 46.17488027081003 28.00730858259698 59.09385816966673 36.887064583235514 71.91402026093768 28.052197516374466 93.59432226800719 106.88148359360937
2008-05-03 32.88640795748074 25.616805804898508 35.84522219514899 38.306116262328366 23.745655828077357 94.64797500063285 30.600881390308654 68.23968023980586 23.27162593811382 84.26878157780358 93.35584040444128
2008-05-04 27.341242338664475 21.251266396257435 29.873157082490994 31.778102527562563 19.698992200652224 78.51835025505035 27.62369312227259 142.6226391297742 19.305745066402704 181.1540219738834 83.24681215078
2008-05-05 32.94653040544377 17.62968915345211 52.017240451610085 26.362573363915008 16.34194888239413 65.15242071377118 22.96562246142307 118.5191649292627 16.208314238737092 150.28229549930876 69.06013946973128
2008-05-06 27.331881258379987 14.625290269858429 62.807080077949976 21.86994247894503 14.17319004917519 55.728301672040836 19.05188978675292 98.32148341039155 13.44614181584674 124.6716362929972 60.80869345843508
2008-05-07 22.67406382186941 12.132892055883854 56.913271621159 18.142932308993004 11.757837402281874 46.23125122090801 15.805123725964762 82.45869980195424 11.15469055380027 103.42546901038594 50.78128535135687
2008-05-08 18.810017698309274 10.065240889140915 55.73271442588263 15.051213481224492 10.0394966585137 38.3526596957652 13.111661824054375 68.40633486963263 9.253741560601664 85.8000099948891 42.48561526641776
2008-05-09 15.60447075523595 8.349952648536734 46.234911966441466 16.001114436563476 9.895808337791498 31.861301888671907 10.877211641560597 91.78203073632648 7.676746607841669 71.17822897553258 35.24534381499115
2008-05-10 16.78902771242831 6.926978698346813 38.355696587996476 13.274252384089266 11.749007166151646 26.431594138807704 9.023549774464838 104.60125155031744 6.368498417107241 59.04824813418039 29.238937763927282
2008-05-11 17.87689235647152 6.748507630256704 31.819233522457317 11.02332199384885 12.282647699874971 21.92720093986668 42.68666063290512 86.77688470747478 6.195387417708737 49.70497112651563 47.40952807995314
2008-05-12 17.696413929464757 5.598447149112108 26.396694937709345 9.144760437627745 10.199180776497368 18.245814624821083 62.60055978404498 71.9886276220708 5.23282164405405 119.0517703051412 47.51775053767718
2008-05-13 15.658563830939281 4.644376534580743 21.94108390581864 7.587639346072421 10.363502855291266 15.136417481630955 91.05136535322654 60.34195278235495 11.560153896179965 119.89424768588901 39.41991764773168
2008-05-14 12.990078227882448 3.8528957799283114 29.594750577484362 6.294576548310486 36.66286075032555 12.556914497341866 88.46056478562214 50.05865771145151 15.169306810482594 99.46638049286577 34.72205266902376
2008-05-15 10.776347958112051 3.196296807646906 25.79280191913466 21.06243725553213 65.87028796609624 10.41700269465405 73.38537997828898 41.52781102246727 36.06882839269716 82.51561749830029 28.938977629529948
2008-05-16 8.939874978200177 2.6515934679045206 27.079320610607652 17.47303970997742 54.644870552047394 8.733901688126398 60.87926306607975 34.710446582166206 42.75944264854988 68.45355282244525 24.007283637324573
2008-05-17 7.416368229432533 2.19971684175691 22.46454380411604 14.495336555899442 45.33245519113222 7.354598434570477 52.10322071294757 28.953615176795132 52.930804771270786 56.78790313981285 19.91603418134718
2008-05-18 6.152492942984302 1.8248476783786913 18.636203455169728 12.025084665080906 37.60703379649653 6.101249771768763 43.30784946328236 24.019426697575263 43.910495372823235 47.11027857650336 16.52203165827417
2008-05-19 5.104003501774593 1.513862596344414 15.489538026810038 9.975805711355896 31.198155604144333 5.061493038495752 35.92745531986635 19.926107857597735 36.4274001164115 39.081885839165714 13.706396451280071
2008-05-20 4.234194494417853 1.2558746616305316 12.849857295625998 9.79423083073264 25.881459260184645 4.19892853711438 29.80480586678324 16.530360168534163 30.219551566763187 32.4216677739493 11.370593372854648
2008-05-21 3.572803263952424 1.0418522589398482 10.660023057638055 8.125127313513705 21.470818401444948 3.4833596975635834 24.782231597334683 13.713305641737533 25.069625995208966 26.898177025341198 9.432850867139091
2008-05-22 2.963936820303487 0.8643029138346435 8.843373819260936 6.7404674243184495 17.81182576273886 2.889735958914401 21.069658785904814 11.376325119744216 20.797373220169575 23.58484403572713 7.825332642191818
2008-05-23 2.458831574463254 0.7170109969559817 7.336312509301479 5.591777131016088 14.776387703079909 2.3972758018887688 20.273973077762353 9.98979840194944 17.253147094541237 27.711632447292246 6.491762864001195
2008-05-24 2.0398048535188016 0.5948201279052608 6.086080079178811 4.638843201014014 12.258239916566627 1.9887392315528671 16.818943238570725 253.59912364025084 14.31291738214305 22.98909894925113 5.385456057830005
2008-05-25 1.692187412774582 0.49345266120530207 5.048908519534376 5.467752400328781 15.184282701755661 1.6498242413333934 13.952709248319175 212.97282455319507 11.873752821180815 19.071365481758413 4.467682747878953
2008-05-26 1.403809896330753 0.40935993492391043 5.440867869843841 5.612290734440539 17.510662008112003 1.3686661298306069 11.574930279904965 176.67863293391187 9.850263387560549 20.030440131138892 3.7063136197492503
2008-05-27 1.1645768135134187 0.3395980394790058 14.8104249149226 4.805210708721887 14.52654737453863 1.1354221425622264 9.602365289795161 146.5695888707117 8.17161096963692 16.616912448144383 3.074694740682149
2008-05-28 0.9661131169671087 0.28172475755232623 12.286476608594578 3.986321075272273 12.050976629379374 0.9419268978187213 7.965958924067274 121.59163802091031 6.779029474828054 13.785107940790938 2.550714461400295
2008-05-29 0.8014710098514263 0.23371406719471818 10.192652021850101 3.306984163320415 9.99728524455822 0.7814065338135 6.608424035624538 100.87035482953745 5.623767552242049 11.43589108580046 2.116029333745769
2008-05-30 0.6648867180781082 1.129124423055097 8.455650757179225 2.7866983295894943 8.293577801603565 0.648241570020589 5.48223618159508 83.68033072872194 4.6653819103588114 9.487020739192682 1.755421945118467
2008-05-31 0.5515787126957935 5.960828780184386 7.014664051526201 2.311797537100286 6.880211084173488 0.5377701809737077 4.547969892484542 69.4197791085575 3.870321482406748 7.870271046707387 1.456268188848359
2008-06-01 0.45758031861233056 7.967378524566818 5.819245989316441 1.9178279169280619 5.7077060944231786 0.4461249955559689 3.7729184693624234 57.5894680328606 3.210752874040293 6.5290430000592155 1.2080953207571563
2008-06-02 0.3796008496378512 16.379055925104648 4.82754749699084 1.5909974208046533 4.735015897296479 0.37009770846638806 3.1299489910828178 47.7752431784827 2.6635859747103527 5.416383024630125 1.0022153303986052
2008-06-03 0.31491040847836926 13.58778621482303 4.485193533344631 1.319864400066712 3.928088653611262 0.3070267641952335 2.5965524477491866 39.63352916301965 2.209665621429984 4.4933392335196185 0.8314207920751774
2008-06-04 0.26124431876983073 11.272196338053496 3.720840269541916 1.0949370575866395 3.2586755367474862 0.25470418156028846 2.154055747592382 32.879301692877895 2.654110310918769 3.7275978038622024 0.6897325480145918
2008-06-05 0.21672384351901464 9.351222360638545 3.086745802275697 0.9083411599071477 2.703341800606974 0.21129825692689283 1.786968011279117 27.27610946188388 2.201804771913817 3.0923517378133267 0.5721903906245461
2008-06-06 0.1797904144705532 7.757615021564535 2.560711817129516 0.753544376879754 2.270869514625563 0.17528944011398118 1.482438268788729 22.627796488081593 1.8265797897242506 2.5653624059038447 0.47467941605139174
2008-06-07 0.14915106990846097 6.435585477693219 2.1243229700200863 0.6251275985174065 2.08037618257753 0.1454171381363766 1.2298055739658156 18.771635105129082 1.5152995264559739 2.128181019368448 0.39378597004584887
2008-06-08 0.12373319078429616 5.338852253633037 1.7623022047104486 0.518595223344944 1.7258446973102561 0.12063558449417727 1.020225787204913 15.572629208757457 1.2570667144109153 1.7655027768308122 0.32667814310332643
2008-06-09 0.10264695057894703 4.429021024570485 1.4619759351838757 0.4302177768413152 1.4317314071265648 0.10007722908582294 0.8463619607135126 12.918788326925648 1.0428411656512513 1.4646310753784926 0.2710066312649118
2008-06-10 0.2215416557136579 3.6742405116642294 1.2128303700376233 0.3569013503760489 1.1877400239706661 0.08302236710265129 0.7021274873922922 10.717207068801063 0.865123294022404 1.2150330291835352 0.22482249192406448
