2008-03-29 333.4891430581707 403.54014164264214 317.06503717033513 342.8206078520639 323.3939977030431 465.3028846426992 328.92750872860483 580.5723076962272 310.05241113802526 371.32591185820496 465.14625579945033
2008-03-30 340.0247732359455 491.9698610495625 356.3652607725234 327.1167489066635 406.4667922018596 605.3236331315527 390.949069979271 706.5149371543139 348.2796376362135 439.8370414715863 539.6381158754272
2008-03-31 525.0063159926824 510.1046588962624 434.85751383377266 462.85591021658644 419.63619618308803 587.5698307891064 399.43003576855244 858.3505855195419 346.7803137850508 684.9078608741468 603.6441383507707
2008-04-01 756.0299327990451 457.65601102220467 710.6022623399336 545.7300354967518 450.9777028997719 759.6056551215306 588.2319387026275 955.9996105236713 330.4505212014702 732.6377526214227 610.8827976156457
2008-04-02 733.5330265822446 456.64419808361544 730.1100787372247 502.4092030142981 491.8693865631533 854.2405860171103 524.0550801593776 852.5214914641427 598.0811448782359 1235.655505448614 762.6839933416968
2008-04-03 726.9995172759575 474.567390744187 1051.5143631475614 464.17110718896583 449.41375617163067 928.3737265642288 475.4193197360929 797.9824082288949 710.9659338346322 1119.1364649277268 971.6370321563533
2008-04-04 758.4767615745117 423.0072363979299 1124.5123144926742 416.5705162912916 652.836497384007 963.7367047426678 495.16898445348596 933.897808264303 961.3953510534252 1070.7692652440335 953.2308863016871
2008-04-05 697.9755486148077 377.04244234068904 1385.813907553235 496.6843146366627 915.8442928263833 1678.1864734130054 450.9535190236947 882.2619482720506 1019.6375685311469 1272.894915895674 1138.3137381690221
2008-04-06 734.6076915524496 350.3167539792321 1549.803286022297 460.0756856265284 1137.3606975878743 1565.8907128553963 452.8152093537753 836.2509637843744 1130.873610487125 1197.105192764897 1044.300368693639
2008-04-07 674.2450963701588 313.8755335238626 1440.0005031457629 473.4448608220582 1103.3865984844763 1519.5259232315577 462.84840337651997 811.9453244847546 1123.3213926912406 1209.4391032992492 980.4369951054714
2008-04-08 653.4492057593484 279.63131047202427 1408.2548519240413 604.6494809371673 1082.1194479618557 1385.664974696485 640.2600437398889 740.1291711763091 1101.6101225508926 1107.0599155678865 962.3166722246187
2008-04-09 755.5464736642662 259.85546481226305 1273.4230783570408 622.805724830223 1070.929761887869 1270.0260099720442 620.4217100704828 682.6869829524707 1017.4698665488663 1054.6883708103046 1103.3274234917656
2008-04-10 696.8386624942846 384.90189522326006 1254.6184962013745 633.8011226877906 1055.4832331150667 1145.8075611221086 598.041749821302 620.5049898228087 944.2484704379177 962.029852864688 1010.656788456024
2008-04-11 670.5238059819943 418.7277936319071 1156.53159609587 706.0062139412402 977.9318163976518 1034.7718339187745 557.1205372136579 560.68458442513 918.0266276575379 870.3655084120392 973.3901824091373
2008-04-12 614.0511726053693 406.58747428191145 1073.0182479485682 1061.6139623798422 909.2698506247547 935.4308738658893 522.5787954730735 507.17091747368966 829.5926991327494 791.2280681169628 881.0496650199283
2008-04-13 557.402706404203 396.0706822324731 1001.492332067787 1039.883038144309 824.3360096845787 850.1280562335486 590.0509972776786 501.38151142762007 834.7111356250036 716.8851860155753 802.2263558701474
2008-04-14 506.30568651005825 369.3739501006309 912.0060532875747 996.9920286150299 748.1975750845828 770.1863327876587 530.9503534600357 456.789459581764 756.500007974687 650.777809748931 728.0889056643011
2008-04-15 460.806519914595 348.0810989642237 855.9110563833156 1039.962051939251 679.9810514263202 698.6090619647769 500.7566253232645 436.66501232382404 741.2925290171779 591.0991213558233 669.9924282048694
2008-04-16 460.90156947011366 405.3612186109119 790.8375719060577 1071.860182544385 618.8328846737684 634.4936380110285 508.5770110164716 408.833824251863 677.4806310637705 537.6156241130969 609.5454473534573
2008-04-17 419.69197102438943 405.2885684775241 791.2985457734243 1003.0929826196614 566.2231432615139 615.7541893509008 458.92286601282206 393.43612961214643 623.1639590777316 489.66022489145183 555.340433128737
2008-04-18 382.6480418498295 395.7703578591771 720.4419630544852 945.158375616588 516.7688237335066 641.797253524624 422.091981580787 468.7344779559357 570.305037129457 446.63836551523997 506.70622255075006
2008-04-19 360.27143040125605 495.51114736857824 679.1071594001976 935.8873858509534 472.36887691373835 659.3657876550209 382.13968464986175 542.5254956893439 607.2493407358077 408.02011596163294 532.7052677482056
2008-04-20 334.37409963851815 495.1878552943137 703.5016546081027 933.9612493292827 432.47635139919305 598.2367767483806 433.890380935636 649.2239359844194 812.5934550993614 373.33313001065795 548.2500935221731
2008-04-21 335.393402236332 481.1118078291176 660.6014973974973 882.5181081909811 396.6113524292083 553.6796054785476 483.5670205677148 694.15513738558 816.1881934026865 342.1563692569404 723.7307880836062
2008-04-22 306.54985774861933 619.0508937030615 604.0536766928049 925.7641269430184 364.34353205064394 505.91465023897445 436.4114662429556 663.3303059303216 867.5340294516321 314.1145116590929 785.4735868058289
2008-04-23 280.6370399490359 832.0807812257727 561.4307060521489 1047.293335908538 335.2892410827307 536.1690059848145 419.2125456670025 631.7015098908505 917.8411486954992 288.87296994785555 748.1539810021224
2008-04-24 257.34123210789835 900.7972133426914 515.5134514666702 1013.9290643938056 309.106441271418 599.2825758521511 380.79752166343974 578.2734244824379 1105.550768878561 266.13345336151895 713.0795226630521
2008-04-25 236.42431619174047 1165.318939239149 474.17803894053515 995.7082446628284 285.49017233753517 549.0015161485813 346.3693880375915 540.534444877277 1107.1147469490302 245.63001343568786 659.6801881020942
2008-04-26 217.54936968834818 1091.2463501849554 436.9365169242423 1149.6105856016675 264.1706241230691 531.1527955175658 341.88337906893975 496.6898329012158 1052.9987322414963 247.99651549382477 602.821058851514
2008-04-27 200.5406897908179 1036.977792707293 405.9205354921973 1065.7524959798466 244.9008651906843 485.1530845457939 327.6821329654139 456.73111544500745 988.5260608164472 229.00246982835208 552.140411417219
2008-04-28 185.20004860264493 1023.3157717346814 387.514241322084 1033.9528650994591 237.23948432785664 443.8386599223357 298.7844297143885 420.7349739969722 917.4653530654836 211.85578801256625 506.1826173137717
2008-04-29 171.3506949517708 1001.8890640446137 377.10516774689074 955.4850868618707 220.38249138628714 406.9852140435859 272.54248310242724 388.2801600518694 842.8816718487886 196.36119422956165 464.84049320474196
2008-04-30 158.83501544209346 1526.6691253196175 359.78292231631565 886.5722273446336 205.11283150425186 378.2308862375149 337.8494063675265 358.9910749549603 775.7234751068355 182.34454249099485 436.676234665768
2008-05-01 147.51245057038315 1409.2957362072516 374.05301238164014 819.5659872640945 198.8394624627883 347.6365487557641 470.7714281426124 332.53279806168547 715.2004857625453 169.65051622774686 402.15360658805037
2008-05-02 137.25763808390252 1339.1900414981249 488.0035194926087 758.9972089804294 193.23244243282195 320.0824185837829 430.6808904337755 314.9000978127364 660.6080931820518 158.14057872200635 371.03147497323994
2008-05-03 127.95875878964745 1227.8223664714292 446.64993599966573 703.3551338050389 183.14219409817042 295.24510890370266 409.8744659432289 311.8966506966705 611.3180223042989 147.6911470174533 342.94905002879744
2008-05-04 119.51606273055837 1120.148280705803 450.08058657549736 653.0258918981323 170.99665687123337 272.836283180253 377.0544110503495 289.5423382754747 566.7700203496231 138.19196492948836 317.5846198158544
2008-05-05 111.84055605342893 1023.488407196901 412.9741492201778 607.4509850448028 171.6873363098229 252.59883759148443 343.2824419817866 270.14780273401846 526.4644501001721 129.5446534370279 294.6512947491619
2008-05-06 104.85283103975368 938.763564894265 385.00820892509427 566.1322582316644 168.10380644351378 234.30349978094836 313.66047353091886 251.70612805567362 489.955690855694 121.66141910679782 273.8932161559539
2008-05-07 98.48202368308444 860.4874446082613 354.7819073945512 528.6253325752028 223.96538496573817 257.29238025355585 286.3996899105551 234.96872889758288 456.8462589576391 114.46390331197128 255.08217827048415
2008-05-08 92.66488490015874 790.0778410170146 348.87738251684254 494.5337542672095 208.61440540909197 358.835034063948 261.9189423944191 219.75825095840923 426.78156938679354 107.88215688760388 238.01461856388295
2008-05-09 87.34495298088524 726.6952947554166 321.9450324236057 463.5037814317232 192.6562437029536 328.1953902677297 239.9203413536713 205.91645005597925 399.44526850323274 101.85372654075739 222.50893622931963
2008-05-10 86.75139791505605 669.5914084636888 297.64054473859744 435.2197393089539 178.24939609424027 300.6611900903701 220.1383462226324 199.74861716456132 374.5550756266735 96.32284082584833 210.50045848709166
2008-05-11 82.24816466595951 618.0989264254282 276.4710003650243 409.39988177308305 172.39790373193193 275.9002474509659 202.33624038886373 190.35246338174255 351.8590779522269 91.23968482555719 197.4210658824792
2008-05-12 78.08372587192922 571.6228961220423 279.5981563781652 385.79270395402625 159.83751442379815 253.61643347907082 186.3029905596973 179.1149664386554 331.13242935194256 86.5676135251601 185.49286593777538
2008-05-13 73.84210278077076 529.6327936764847 259.0333003764428 364.1736567585637 148.47317775727407 233.5457477795365 171.85044866162366 168.6230670303466 312.17440900726945 82.25027978467479 174.59795517541133
