2008-04-05 420.42145301811854 434.536756784405 415.6994072029228 448.44003115931156 415.2919283789537 426.17082937858106 425.0804110895858 434.1619635469481 423.88586398223356 415.6125172407707 438.4077158573856
2008-04-06 351.4089827441306 373.62437883183185 362.7473089184576 418.0535019633573 364.72760407180135 361.9091776876098 413.5605136468432 553.1916189555873 589.6324098783534 347.33794653294547 364.4987224794056
2008-04-07 346.07090941120396 347.5754779270606 330.35367908377856 404.1768142112436 333.6867112940916 304.2298871470438 358.0091327565743 582.8926576587024 534.7927848618344 606.3341139376629 316.6602068735503
2008-04-08 289.72326407911333 291.6721888915749 300.8193450400018 335.48712033102606 280.4977369493584 252.58332531188603 297.63660809405746 587.7020159302901 466.3136729386448 522.2850411230482 388.48326854871596
2008-04-09 249.39431513895303 241.96628704303902 274.6105842605396 279.11600141243275 267.63866615400036 211.7140994491066 261.31194609626704 487.54991659236157 408.9351405067215 438.856558287456 380.8359120993384
2008-04-10 207.12099435747615 200.7332400404407 243.29368440955093 231.5644245869752 267.1522476663401 176.44486389036047 219.83158718087543 406.747920336146 354.58952613497803 364.08155173661027 394.8406524886238
2008-04-11 172.07230443548107 166.52488179721576 206.39250988398365 192.10190810957636 227.6742937176813 146.77564015992687 192.33532678452977 337.8724296467265 298.37069095718374 302.31656231206864 335.473240506216
2008-04-12 145.08395535562698 138.16050653449392 188.99539074373857 167.44326676903063 189.1603540528033 129.66004572922313 166.54944972036984 288.2689059234974 288.0375443624757 250.79667818949792 285.18512837872794
2008-04-13 129.33545086026237 126.04782536560937 219.32477034435584 143.23036272044047 175.5423455264543 136.5155586772376 218.48868582778928 251.12196471779495 244.80579241797662 230.80860166369624 261.7613688974473
2008-04-14 127.22452789906801 210.31375437193282 197.19530615664922 130.72724483060077 194.01336756303954 114.73219599673307 201.8911713161029 303.2711027928627 245.67672585905626 205.85475735548502 267.561208130477
2008-04-15 107.47822048324812 209.83582495801542 238.80338849416552 119.03472654880827 169.26955031920232 95.54315367124653 1039.391007384961 261.76109863495157 249.19784772356974 170.77360545323955 226.4739617811292
2008-04-16 97.08108399810064 209.1703336543822 215.97081470981817 124.20730161648852 153.29617508535193 81.94624207703035 1047.2285502141578 218.33206687537077 221.71878363538966 150.1017463400393 229.1408029800254
2008-04-17 106.0008928179508 279.1877915252861 186.50062618579037 139.5716371807603 131.98311634122913 74.08310974330918 889.7759602416804 207.27091702654872 199.7677383712898 131.0831093869935 190.09131284624468
2008-04-18 145.8364616170751 326.6020044977826 159.7958552851807 119.50526189226565 122.5085769355238 63.88706942493109 838.0216449096628 184.67818429754334 252.99576767675947 118.50810637000286 157.696519998487
2008-04-19 177.88410249804826 395.8147051515987 132.56392368144296 135.03939843590422 133.82448869694878 57.56857482433585 933.4643732376979 414.1326807954399 477.79565207600405 153.135060545294 138.4076939568458
2008-04-20 203.8443390101947 380.68020834298494 110.34645609303821 116.81109576659557 133.2583465666082 63.85974372345235 910.6823638483944 351.64522719051024 573.8389614510091 137.2079472334555 117.4284788161563
2008-04-21 208.62101567093097 436.17181180777857 91.54154316411658 106.60857246318517 256.00501187362664 53.59213245030838 966.3296781990739 411.2164502090633 627.2682506377025 115.04714987927 241.66711705603595
2008-04-22 220.32344641660987 667.9424076569231 87.77993321230575 131.61865292997834 562.6011513392771 60.99170785603234 869.2494451401843 379.7404522920572 613.811307801251 95.692498981563 343.7252267955058
2008-04-23 299.0182579097648 1061.3862999810044 138.68717082479682 194.02172259502026 700.1706737786083 58.70562343105907 765.3440018154337 339.136505316053 609.8740697260632 82.33459610712062 414.1212203142349
2008-04-24 389.4101839675268 937.3115723384522 122.1586500861816 249.6728950841936 650.9342608661333 48.70118671287167 674.9842143298937 317.7186544202016 577.5007550120548 75.85870460583969 441.7386760755659
2008-04-25 328.7568698166519 831.0465619651125 101.3407383949496 327.70501159638525 719.2651740659264 43.750218169941505 577.459472226244 284.2076694085446 526.8831289181182 79.4287039560151 452.4166387531519
2008-04-26 291.1139111489421 828.7705297468265 84.07055293414184 276.8028479055243 730.7018625873534 58.43005613469147 589.3607010035726 412.24562146988364 458.91627845237036 74.86540610737833 437.84934089249055
2008-04-27 262.3328167371568 726.739604089056 69.74350081313996 250.30521959121506 779.2449543024616 57.10334723909897 1102.9366105778893 458.27072301199627 398.82596257428486 66.59189422079838 389.73641985587227
2008-04-28 221.1937394856715 633.1161882657224 57.85802205301182 307.9359703352539 974.9121136069475 72.20793178046904 1094.8914770291037 770.2784624319083 350.0558077482037 224.6247376966649 345.902599636694
2008-04-29 187.01598073924038 547.6016506722308 47.998031025940804 514.2492914937199 844.8674076566869 88.06080326482714 997.6342248426406 679.1233419063213 305.87180790340443 341.7854765816932 332.12618915751926
2008-04-30 173.60470485174932 470.83268312205405 39.82357170151285 506.6008006417805 742.6898523987558 142.66657173867065 980.2661166019619 610.6385192889754 268.600433886352 413.0570310824984 346.620332639841
2008-05-01 159.47359037381517 406.9168487301525 33.03695775050291 471.4713569231754 639.0936211134704 126.0869457532255 937.8344066519697 529.6517384522625 237.4746760010441 342.6650875692724 378.14544916316646
2008-05-02 155.1047207884379 385.7673715519299 27.406898245821104 408.6811349320692 550.3030036920105 131.7386837038564 838.7484296808932 454.7315666330189 212.31798270470742 296.82269156483665 333.5633147459618
2008-05-03 133.15875484886743 338.1190049943515 22.73629663873531 353.3907509776837 475.69636632566494 218.18944393304398 758.8117359044523 392.386397199072 190.98179029375723 248.20425417768536 309.6816432354798
2008-05-04 126.92642798197366 296.149959042221 18.86164498470358 302.9651923648227 413.79462550381663 181.00625164536885 661.5911810712449 340.54938690710327 172.69455051506537 207.84396423038413 269.18367831310707
2008-05-05 112.96380949349293 261.116025357704 17.937160006876912 266.9537145786481 368.6252942472497 150.16042102240257 581.0188277638651 297.42488881176405 289.8202528886504 174.4308787592107 235.41694819920065
2008-05-06 97.23702811978877 231.83835483977492 38.55002171926269 245.12074707192033 325.29254787050684 124.57053129983856 511.25528989988624 261.2462579995356 890.3095452029203 146.58943358212753 207.23669849585787
2008-05-07 83.81168805098456 207.9725948242828 74.83379948444879 212.34425612371422 290.80325277524577 103.34422935626633 453.0457340061809 246.41143356397302 1267.4420095804628 137.58342662004387 183.69322765236362
2008-05-08 72.6306198702986 187.33210814925974 88.93005961747544 185.02864073695866 259.635019183657 85.9325070356834 404.770136543416 218.53801184600152 1082.997547582052 115.96949190221233 166.80279734051607
2008-05-09 63.42200729775689 170.00378403119342 110.13302075662642 162.24500600441655 238.87434739973773 71.2881462670196 381.16884434040674 195.20763387588426 947.9733350889283 99.10417302168987 149.82558135013142
2008-05-10 55.6302261990833 155.42602193680267 128.60963151592108 143.22273249524594 268.3590770975081 59.13943364968629 346.10683669422417 175.6601589491086 806.7040093968316 83.99726602057433 135.58275379314782
2008-05-11 49.45266418638305 143.1328881039625 110.09859172877457 127.3225037549509 239.77308427784058 49.061068291850304 320.60153746682596 159.25359320461754 689.2280353598507 71.44011122448953 123.61053149433404
2008-05-12 43.958390028289614 132.73781284487063 91.33591910328579 114.0139303734771 215.8207683403747 41.809257122132585 295.73102770610757 152.73726677802878 591.4945239753412 61.55167034629192 113.52413725801915
2008-05-13 39.35974290365324 123.92006609843267 75.7707250152022 102.85698728812466 195.71577156020186 34.68424860222477 271.8604169328413 139.86440914949168 510.14287248594553 52.771207492828545 105.00433632936583
2008-05-14 35.50465719440566 116.51892027808518 62.94834935726884 93.715471706627 178.8056991709774 28.773462718717095 251.68978205239188 129.00280309516484 442.385128613793 45.46337777096533 97.78626726575433
2008-05-15 32.26697401997478 110.08485362623391 52.2208799795057 85.78979803836044 164.60661945773666 23.86997528244865 257.1585195584288 119.81222880963489 385.9084019195661 39.37754831248242 91.65017621185137
2008-05-16 29.542026397205213 104.56106121342835 43.32155384022081 79.10319326902197 160.05913075140154 19.80212550552968 239.37744932206277 112.01041060958462 338.793905915528 34.555537730361394 86.41373020608306
2008-05-17 27.24297676261063 99.79499979437689 36.11008656822855 73.44604710786948 148.57272351939648 16.42750651799286 223.6688636710132 105.36314275702921 301.7307385867463 71.27016605813476 81.92902611761428
2008-05-18 25.297778641641173 95.66008625638794 31.85106031855007 68.64444894725938 138.80303742619506 13.627980002618571 210.2893036411171 99.67609800345802 278.05938460294686 161.26480587932258 78.06318084162243
2008-05-19 23.646656099719305 92.05127406828234 35.37109798053008 64.55410432736299 130.48256760091834 11.305540420778753 199.53245384474425 94.78803209071397 252.2955618238391 136.66607053130798 74.71608617825248
2008-05-20 22.240012736244726 88.88138357075287 86.7700738557286 61.05528813463363 123.36733519290868 9.378884044539651 189.5845942228839 90.5651463139308 227.81269984215385 167.4969073795721 71.80128104449744
