2008-03-22 251.83290838617256 254.19680218490706 215.0983096911793 183.81369940274072 255.62146173429022 232.96592311832438 264.57199841181887 363.193588317857 135.26193201383882 417.8567106755191 187.63617970556425
2008-03-23 240.56855595955395 231.47709519811764 192.36649931583452 191.71026776436804 257.14750178321003 221.9098435336481 264.0483044658551 355.4866009166359 121.94622368859235 448.9863949593393 186.68996488636085
2008-03-24 247.50958693813433 244.86313830118385 187.32187140461585 333.75845573894003 272.1614847975202 202.92825209749745 307.4217431422173 333.11508794850016 192.62343412107734 406.9360751199227 220.47215856815728
2008-03-25 225.19449414265537 353.5839231669433 247.73104945885973 297.34498038632086 255.31151706037062 180.7885196681201 296.32313787817014 302.337187055272 185.23101236814574 362.53882768939997 197.4316658027672
2008-03-26 209.78680485009252 328.5246375797168 287.28141135162645 343.28156126818436 369.43961594125307 164.72801817444454 287.0107768049604 300.5868419565685 182.00782485934545 332.5638953218076 175.9050043662448
2008-03-27 198.61415346586097 317.3042354411855 279.56011542976523 401.5065156416905 335.28228831942795 222.50334089827652 263.9333941111152 402.85237884912254 174.81047082570677 579.1202803087778 159.74526238110002
2008-03-28 238.63811520746083 292.8813974917007 255.43063650169015 403.79092418436363 472.1103890779269 199.69961231426294 265.4110751780156 570.0348219408546 179.1337505988198 517.2870473542013 175.57975264020928
2008-03-29 226.0361566233297 265.9431271893224 346.50094017401784 359.7368167525524 421.8309535734381 177.91212862389955 239.35458051031276 540.1701249509632 160.65394614316142 462.5503351565854 168.6513502609303
2008-03-30 229.83009479952062 279.4745785314747 525.0135121056367 338.5184147145365 591.6284499105147 158.5529326319498 228.1346300447216 531.8270829012525 147.18921367030939 425.04689525427386 246.18404289363292
2008-03-31 259.13519679031737 251.85097711402776 534.2429854446908 397.4917208831739 607.8231642632578 151.80465550706228 489.4238523813952 610.1387070421283 139.55095259892406 441.2330873557151 238.83180827519143
2008-04-01 256.0670022660052 250.06626289859986 577.6621260353057 355.5693417485401 597.4475775816625 135.41350199493414 496.91171252844543 646.5083504864621 180.72354772890034 637.9152632260829 217.4652604718318
2008-04-02 282.76343325464205 280.58558131359536 654.4341093313034 360.9337141270368 543.2035369262784 148.1710188526293 448.61902716416137 669.923293744465 254.70555784295814 574.223664950406 227.4326881088786
2008-04-03 342.17538669698604 655.1874905873204 717.5984195142902 323.3878424442664 500.9806870931632 162.71212340753962 559.7791931904923 799.0816958190622 265.7864646510561 511.5751270301644 361.9931243658022
2008-04-04 421.625379568388 642.2665330792962 946.3721935954668 352.4137816128625 745.900329323767 230.10216624910532 825.3357077308207 839.5922628968102 295.9090246892447 455.7616249036547 754.9038775101021
2008-04-05 448.5035939836195 730.4504881414991 871.214749408289 343.882163391022 793.5688428030555 260.011552768704 923.8810638576424 817.1749184117364 298.3873099572759 406.0374474042241 954.61622921586
2008-04-06 469.1342791024642 1147.8602365872553 825.348930277847 456.6852176844822 839.9741480738049 442.68263361050066 1039.3727060601962 762.5027326179306 387.9240343480662 361.74361086844146 851.6377124187914
2008-04-07 417.9511278880775 1437.4545996932543 762.702101714045 427.82200125918774 783.4877134595879 447.36314048394934 997.2598828518401 706.7430060058796 345.6010249365212 451.14895996700994 774.2391107471333
2008-04-08 379.8255626156413 1425.3389868078507 727.4768634098745 381.146072514045 732.8168952815349 410.36348897003955 931.7560917438432 639.5448831258989 307.89551010393404 401.92803012495636 691.0286373090545
2008-04-09 338.952074112063 1453.2798642011344 676.7400520848566 370.5345066005171 661.7476238401007 368.497871971228 853.5812599005563 577.555748181978 277.47294139715063 365.74480331533755 622.4202227779883
2008-04-10 302.522147795217 1349.7358184507068 628.1925001791794 385.9051399625641 619.229651562057 331.2979328663238 769.4240042926857 522.1125139567539 247.20032086740198 344.1157623928396 607.8335817253738
2008-04-11 270.0514257393567 1355.456249970739 677.2158545695678 814.5232544068446 704.5235827491858 347.84101403428684 711.3738087767092 472.5070729559686 220.23044898464903 445.1534010688109 571.4011624553408
2008-04-12 245.1538662292537 1233.8613825228927 618.1986822177403 1051.1809151115358 734.8521872838924 311.2463240699133 657.3856410538332 500.0164130981066 196.20302469589515 417.15401613889134 560.6723907567244
2008-04-13 218.91267485027439 1262.0594275042824 627.0562684895124 1696.520307792956 923.4457372206853 302.58599139335206 593.9036990262614 497.9561331204657 185.04123398854762 459.74678915595325 511.0962006819412
2008-04-14 201.12072355707173 1243.1800569318336 623.1810778524167 1801.5091136988656 883.6049045121144 457.2318508508987 538.5150109973026 605.7743792390485 193.64407198045592 442.5969943732056 477.69033051975623
2008-04-15 182.2178279019676 1199.8925505481627 580.3464056627498 1680.3880868350686 999.4456770113752 435.5793858702223 487.54872307084435 848.8931152794095 216.06076033055467 424.9473755655996 505.1785678600939
2008-04-16 162.80371126209786 1118.1902009594496 549.3401297790952 1549.687092735958 970.0818238061638 397.79958344767346 483.487931170223 793.4400587615088 192.60876380557912 395.96747802902155 477.88654032865657
2008-04-17 145.49294933325135 1037.2033430743663 501.0399768969794 1405.3285704575474 916.6982865243152 369.0182417790468 451.9248975301496 762.8631232762492 171.59490077698578 364.6886618423875 545.0065115441148
2008-04-18 130.05822370741447 1016.3466317437602 467.1733124899257 1268.9396523068147 855.840573154717 334.65950095242 425.55352287438785 693.8096582114403 153.79179680445702 328.09378820241386 504.14091511082484
2008-04-19 116.29520762079272 1075.3704636000982 547.3683271416031 1146.9628997509856 869.8670116008789 299.9151428744465 397.78322883466836 630.181527758985 209.7544778033372 300.2813314025299 491.04771373797075
2008-04-20 104.02185682457812 1486.8162540753033 498.33664228705936 1037.8304152901878 887.5759771387669 268.91213609357646 367.1136327744841 573.1586848636726 228.38501095669002 371.7049598215495 465.12502878088685
2008-04-21 93.11210934632429 1416.4714771786653 462.0494244022871 984.1001511729353 847.8117131227151 241.24366969915746 336.60381427249825 541.3591824018274 203.4828373012565 334.08476462058337 426.2439209462434
2008-04-22 87.54664560483224 1338.64792054211 427.9168052067629 983.2616583380873 802.0956632018376 216.5472780076868 306.2673577299003 493.38163378599035 181.28259891524863 300.4871559901932 444.13056627535235
2008-04-23 85.57349851873363 1237.7772607261961 391.17560100621336 899.7140156453548 752.2397668411444 194.50000351187765 279.06246788387773 450.73250364681655 161.50443499474426 270.475547107266 403.02451490189515
2008-04-24 105.42379705845809 1130.1821162740264 458.5487136390803 845.4352212140662 690.2255067083278 214.73592306656224 254.6524571595996 419.6444979775892 143.8840941107974 243.66091965902112 572.8883692893507
2008-04-25 105.57992578066202 1033.5600725822678 1816.5432347316066 1267.7650250762438 634.4176127947754 228.4669770348711 232.7372323785908 433.16533088773605 128.18615500409337 219.69663583369578 725.7084752686767
2008-04-26 94.41089589535545 946.736518439113 1636.4947200813626 1745.9650032739385 584.154569124221 252.94945499837465 213.04930613084827 810.5515005161507 114.20088117648562 198.27381628015098 687.5620681882015
2008-04-27 85.58055372114308 871.0161404570423 1549.4486370884863 1721.080101686472 538.8465966130801 226.88209838544947 195.35024320348285 733.0923187804544 101.74141865062825 180.3445704411369 699.5847391158821
2008-04-28 79.59148936418124 800.4982190394301 1396.302147037593 1658.429195908415 497.9678386276549 228.921835664254 179.42749460367128 702.8326625709674 117.98384825069172 182.97485948224218 638.8722659687421
2008-04-29 73.10881713806377 736.9901509968435 1259.4205912000739 1570.1317687614755 461.0493987683012 428.8810207577715 175.21374440652667 648.2837775786493 105.11165916780557 276.5599544704062 592.2354165758258
2008-04-30 71.6756887520546 686.2087243403633 1137.0418171830152 1458.9053653396027 427.6731379109524 715.6458965730811 290.6558777239375 681.6256742326113 93.64384241420221 290.14967820586844 563.8312892567225
2008-05-01 92.64109703114472 760.9329007408223 1027.5955805365286 1351.7041675862843 397.4661476792375 670.5200473923815 264.03423748871637 629.5785906045226 83.4271791685487 317.70556961564057 515.6957431365552
2008-05-02 158.9041529408457 701.3054865408675 929.6826169789904 1239.24928330129 370.0958265566764 650.9738172120256 335.12131438461097 656.1509914653049 74.32516697932445 332.10445023436574 475.48410375235835
2008-05-03 157.85786271370637 646.0699887348752 842.0559976007631 1134.7439042637468 363.86388954325344 593.1868889353025 303.2383456746217 606.7248607151139 66.21619598744682 297.9603022709676 436.4986396303514
2008-05-04 254.27260892235026 596.2672039809426 763.6045179780104 1037.9218928067978 351.28087549512867 535.9898886959271 274.70332233058684 577.0792075138161 58.99192412534586 281.93393645461 477.36852552807954
2008-05-05 265.66566300742466 551.3209735675365 693.3378993016939 997.9514838470379 359.8494517341211 484.8233696115229 249.15462031677365 529.5129481366846 52.555829583902785 254.3220406027987 438.14162478787495
2008-05-06 247.06740269991005 510.97504513013126 630.3736038356492 914.9324601688992 384.73868898297155 439.0352504615933 226.26996767400445 579.3636094118368 46.821921207101106 229.63483882782188 402.1813369054644
