2008-02-22 20.992538361660035 20.91132225607604 81.89949639000169 28.506435754842734 21.216145943991243 22.904072144371796 20.917855061244026 23.408030132217018 21.07921220486148 24.960328278313618 21.107490914705718
2008-02-23 18.702225516914822 18.62987019255769 72.96415635019184 25.39634707273933 18.901437225380153 20.405208513614685 18.63569026030771 20.854184038982577 18.857211715208447 22.237124467511666 23.547750769290495
2008-02-24 16.66178873939096 16.59732747367056 65.6770583005343 22.713126792567902 16.83926619510127 18.17897410816566 16.602512564568542 18.578965828192306 16.799865744780192 19.811025683233318 20.978660975449092
2008-02-25 14.843966229848546 14.78653777084854 58.51160705117432 20.23509554445774 15.002080667639671 16.195624730071206 14.791157161682992 18.18239399415323 14.966978856954471 17.6496173862379 18.689862171328357
2008-02-26 13.319437760413233 14.04690065813983 52.12791571822245 18.027420682004692 13.384280377760454 14.433401424013999 13.177422955155677 16.200178220392193 13.334062278094299 15.724021505066789 16.650774250656053
2008-02-27 14.157457838900147 12.662688483593545 52.659143333069984 20.521952914321176 16.375404658248044 25.311426106273473 12.583134027345091 18.729198681134967 12.159325848136609 14.008510602875132 18.69583266286
2008-02-28 18.724336323171787 27.084797483609425 46.91396329380044 19.67708069286302 17.30426241534814 22.54991707238295 32.108417023773136 51.685007568641495 11.262840427689955 12.480164139156807 23.66191353471094
2008-02-29 18.33721256070919 35.67233450330497 41.825297186041986 20.605657861210865 65.96083505006342 20.806273089435027 43.24961549764861 46.046106989976444 10.485511863463605 13.12539443638838 21.08036843682152
2008-03-01 27.630964429134018 57.08278293531329 39.597176376197346 18.35755417499116 62.56508978950663 18.963225483792325 38.84569254381826 44.6901759748765 9.341529078205047 14.103951633783371 24.63991533336914
2008-03-02 24.901288908082563 50.854978144953826 35.27707367553114 16.761582428423736 55.74014709874596 16.894313275316797 34.63824558937371 39.81781351625432 8.32235628124358 12.565192431250951 28.539375618981097
2008-03-03 22.620233695045474 45.30663484039434 31.428299717273 14.988544022382472 49.65882559922672 15.05112204084105 30.869912087879765 35.47363902078204 7.414376542867108 11.194313830188165 25.425693155475916
2008-03-04 20.986713951519043 52.59176734967663 27.999431931448907 17.663405549117105 44.75379275325776 13.4090253327591 27.770019322741835 33.575713453678816 7.093141114339442 9.972999841775307 30.46250012260184
2008-03-05 19.427442229677265 47.74761789230136 25.2275707148987 19.278041047669713 51.43610294592153 11.946083480466418 26.2897563157809 64.55822036376809 6.319270326353546 8.884932775051427 28.600037955516818
2008-03-06 21.21866074219709 50.490362037387015 25.07219347418163 42.446562249546695 52.1383228050771 10.642750459545013 23.552620037684097 57.584946205516765 5.629829833330657 7.915585922132131 28.01832100781928
2008-03-07 21.284503892186013 68.20506058051953 24.164248748005843 41.113053605046 51.92368682895203 12.747725859459946 28.066189234543387 64.2956614333454 5.044858000778843 7.0519853513572315 24.961486270310736
2008-03-08 19.36974428969638 118.63525559996977 22.65874202735204 47.18360930261234 55.84613370464726 15.558896803999096 38.51634333542527 65.45960139925138 4.923015707870411 16.840444523954446 23.48436742255917
2008-03-09 19.018800787559144 105.91219910988492 28.530150687789764 45.7636817411234 51.42428622180133 26.556922552325783 48.83181824554195 59.11373215464908 19.167528895488694 15.00313043930451 20.92219283309471
2008-03-10 22.38857743420758 104.75907079119965 93.96180587357073 40.770805400549285 48.72762185884389 53.778043108688394 49.766039807466235 78.63211060510724 50.11102989296897 13.366269676468693 18.63955477568907
2008-03-11 28.39652666002074 123.74206310323716 88.87725244121802 36.32265826889858 46.87555390895597 47.94117408721773 47.24904176620977 87.79308562335228 45.88305224830506 16.33805420002313 16.605955456368033
2008-03-12 26.839381927277923 114.17439728381147 79.20109273520079 32.35980969121134 60.77127829899995 44.04009759683886 42.46739086381316 98.46483075842407 45.74150252187545 16.554846293841873 14.79422442957385
2008-03-13 49.16305746765801 107.35778335135531 75.42707207290645 28.829312973165507 54.14105393632889 43.043256519196575 37.83414408333591 171.69591828983388 52.288578397493495 14.764269803547036 25.775657381235533
2008-03-14 44.570236202357286 96.24839498393159 68.1256935644178 46.203080010838086 49.4577049971796 49.446858991691116 33.706390465780856 206.17374761837843 78.83047936172515 13.153469042258173 23.99487343820693
2008-03-15 47.173743466693395 88.64889657615367 61.79016716961877 61.01265085970922 44.070042542760646 62.740100138412 34.15720627887308 295.5914456501078 70.22997301374942 11.718408708846443 82.16058586771716
2008-03-16 43.15315322350875 92.89454873117484 55.04878072509063 55.75137124616104 40.670223241859496 68.26429732534504 33.70196980795969 277.0571581179225 62.56779293297997 11.303812952107497 73.53441522206205
2008-03-17 38.56418520735752 91.24689150063539 49.04350814448151 49.77117975952076 36.34526915529148 60.816574981900885 51.70580471837633 254.3110927391438 55.74156652086204 10.070552469130732 65.51171626053451
2008-03-18 35.62369333475928 102.96550349006436 44.72920031214729 58.25548659521831 32.54796036400046 54.660917721315876 54.80329983326399 227.00680339220992 49.74769602922063 18.553806608271543 58.36430403968382
2008-03-19 34.98490323335838 91.731835071973 39.849187221534486 51.93714295455629 28.996936166370578 50.95266129278714 51.721774620928905 203.6786545206186 45.75999891023398 19.69279101318378 51.996683654107336
2008-03-20 35.15657624641611 81.7512058939696 40.532094376596866 46.707339207437805 38.8544416313795 49.20261438566365 80.9532209897273 242.74596750508837 51.45000268341306 17.544282270251024 46.32378677590116
2008-03-21 41.31891529248159 76.69678324431712 75.14640355041313 50.0909299936457 41.10829329505951 43.83454608534117 145.3502732415927 216.26207128401973 46.06631207521365 15.63017858525892 42.52603521361829
2008-03-22 37.45299815449577 68.32906587784959 126.37700329647865 44.644888751078135 38.99112087540438 39.05214091769407 153.74565388373753 193.92513787910525 84.68326809372125 18.83801903955273 39.71123392755286
2008-03-23 37.63330027000829 60.94894885011017 118.17769451202801 42.64776609906138 34.73713960675278 38.0347204995266 137.29080959641766 211.2496340562375 78.7068294938789 20.099647486921842 35.84508098318749
2008-03-24 59.04755410258421 93.95326434366955 130.78070322418154 46.15857506841451 30.94727314751806 33.88508373785433 122.44196341951199 254.00400085026902 95.13163523468145 20.651565503485493 39.503210382297276
2008-03-25 58.40632746400986 104.19751413462669 152.43927867866708 45.71580345691481 27.570885977062783 30.611726008305798 109.0841422117085 537.6656853552021 107.24425451218265 18.3988803487994 202.7329076199763
2008-03-26 61.31602033119344 92.92578986744049 160.60734149459208 40.728150698521105 24.6277297135911 30.398647823836527 97.26380257070798 501.9107048941507 100.93871134438912 17.57666585866174 224.78986560514733
2008-03-27 58.29306862652998 98.25568733322115 143.1795719728989 36.28465724953902 26.126371487845958 27.082116379455574 86.88048094496537 448.0409443496221 91.94257401893847 17.488262831438348 296.05267240171963
2008-03-28 70.80741217640983 187.01490449670456 134.48727445900536 32.32595463177588 23.275950868180274 24.128190860728637 111.39983779399164 412.49173385935757 81.91152133599554 15.583665599407414 269.1124067890812
2008-03-29 75.11064085658907 188.75940162783368 130.81853707742994 28.799151544111893 20.739042727041703 23.17657324896919 118.04418539446857 377.1540954951443 73.09628646801997 13.983572336354662 243.20087793517015
2008-03-30 80.46388684003695 275.19785919290734 116.54997562823253 25.746221339157263 18.47638658097918 20.836650839220972 105.73823537445358 336.0061002180032 65.12138791517802 12.457946669481077 216.6673504030482
2008-03-31 77.85423625021608 245.17434624098775 105.67082547767774 23.74853980454156 17.453061353995796 36.779972493456654 95.65727797606185 334.16620875717757 58.73402223531856 34.22022861366702 193.0286647369394
2008-04-01 73.18358324579049 260.9462218274363 97.5868681345029 22.785886178871365 15.54890998789955 40.475910063624426 94.5649277427152 304.4001024062165 54.079310524355 131.5987303550897 259.64666512729764
2008-04-02 65.19938731497203 499.1689231675735 86.97673206565239 20.299916788448176 13.852503976699229 71.112482329823 84.24777290701878 282.8358110188723 49.24751781121936 117.66805712874147 231.32016163362474
2008-04-03 58.08605058244407 564.8963809944598 77.88496106164364 18.085169845184033 12.341178035875297 63.354019351416824 84.56501231692435 262.7323475137899 50.48946783292567 106.10491043876992 206.43690800486547
2008-04-04 51.74878800573433 644.390536839831 69.38761197222854 16.112054632424773 20.48161348998938 56.4420146292155 112.97211586365582 245.8085767966732 53.20017242348538 113.58079049671618 183.91437671838983
2008-04-05 47.137118754217084 845.729670994134 61.83480927382584 14.354208818634342 57.70306774703997 50.28411848242636 245.49363214128493 747.0595075533596 50.6306552977335 111.69100148695311 163.84908246599295
2008-04-06 51.953993062379666 1327.122359693732 55.0885523185038 12.78814623644009 131.82051089882592 50.34977851946838 223.19671424175394 685.234464201397 80.52040049156213 104.5610618681234 145.97293753742383
2008-04-07 53.50086258636766 1292.816114012056 49.07832064476205 11.392943089435681 539.1574573175686 48.167900008977874 208.60526889457233 820.1031337882044 71.73552158207944 108.15826471833331 130.04710293527074
