2008-03-01 102.44304542573514 88.44683940021356 90.02285786576623 77.53287850876775 146.46557215978737 114.12666123556757 82.09535696707904 124.11347900767919 101.64597383656013 100.90094460227675 80.91733203938801
2008-03-02 85.35446478749603 73.37399363200059 82.7296989773685 72.99531728951193 127.60429725635964 94.6776078826611 75.22576259411518 105.59716956545176 84.32377106495255 83.70570748390584 67.4990429159589
2008-03-03 70.80861224946649 60.86981714686229 68.75433251168324 60.55567369379182 105.85835466588024 78.54293318997487 62.40601318230593 87.64200971852944 69.95356626763954 69.44083123304223 55.99605795602672
2008-03-04 58.74430895800103 51.3705793247193 91.73358164476733 50.82546751219987 99.10338638111907 67.65941441859806 52.60327681707069 99.48568025390516 111.274011234655 57.606932517272085 48.76984575898355
2008-03-05 50.88824454548874 42.774293914456685 122.99700417405728 47.57120524861782 103.25693970871762 60.24387595421214 50.5117253903882 116.1372027569907 95.39591876115902 50.1509855144105 49.12738662014817
2008-03-06 43.60878788027428 35.484826711458226 104.20328356418419 39.5698974614064 91.43421282610073 56.620493706381595 43.14235945660765 97.98947073585407 80.06320707875263 41.69626428947957 41.6616475159022
2008-03-07 48.92888054237519 42.67025441128341 94.16739626925346 39.58004991307834 92.62724452747294 54.784403962471 69.45432718740904 97.06180462247268 70.07375127298548 63.75683137755272 99.63034780146269
2008-03-08 49.102278085973 38.272685303872315 123.83726743239677 33.204437478287765 81.74574400843831 85.82815281559712 62.96604631830227 83.11710394531656 59.81975350191348 59.06650032152817 89.73846826974284
2008-03-09 42.12668192343959 32.76091947233463 148.99504968269198 41.90583541530461 67.8148788695305 81.89656480330991 70.62775212217592 71.04269397142333 52.071745199744406 77.39131163931678 76.96940144983958
2008-03-10 56.504948514572554 60.808346081698616 129.72011770047152 40.24957958721167 58.20216769643291 86.50732716763855 61.44962518953809 59.080118279790625 51.13703903023199 94.88319014126682 80.4606256981183
2008-03-11 49.82301176751901 68.44839148659243 112.92257496654825 34.45169886306581 49.56472049339703 82.52964989802106 68.65981123917248 63.3852156484409 94.24120820381103 78.71348073509982 109.90256776863359
2008-03-12 61.67369998847246 56.79249825103354 93.67864756606032 31.068222894296557 43.772186177520595 69.28358681665186 58.439223731537645 53.2903303062792 79.05805894343632 65.49775356596214 91.17486778088733
2008-03-13 51.403684369839425 47.41015309672789 80.54570518707017 35.41144245201322 40.913506783673604 57.839540102044865 48.68895651295923 44.21094428225698 66.15162563938993 56.20424706799245 75.88025509702862
2008-03-14 43.53311665865553 39.330656640774706 75.37342923010635 32.069751613127245 39.712236884102715 48.01786092696212 40.46375369631636 41.92612387584476 54.98953034468422 46.6260874263456 62.948969030887866
2008-03-15 40.005052911894815 38.22017670803725 66.23287868642251 34.17022383834549 41.68577928097087 42.98053964551295 34.22122833378442 73.37164496432214 45.618379093011015 44.74439322488399 65.58917062205997
2008-03-16 45.54739872030761 32.95276089242157 55.29894914882683 28.347036517314216 44.02022875616243 53.26314280943475 31.93922590929769 113.41346385006932 37.84423140240278 52.247145682093354 56.56936762444424
2008-03-17 40.722863595728995 57.38842262162801 48.33466685672501 24.266892236642867 60.554500857145925 54.083395137051006 39.21590251023541 94.09045533671929 32.65355998434259 43.37250884831516 47.432729390156716
2008-03-18 54.6977054419879 329.7054998547253 224.19587645490503 28.229184390517897 50.260626943613005 61.63564469211962 36.964895222042635 80.93794817246392 31.031044113200505 36.461032287557444 47.22664028108094
2008-03-19 61.74565553507185 274.62862214068815 186.6105767967968 29.595633690867555 42.013602672650016 52.25524763706198 33.84343130961499 78.44828408110503 25.806718898883943 36.96270032814296 153.87743698531483
2008-03-20 85.97416286833504 228.73562463068325 155.08397460190048 26.8438841292519 35.485280843213395 59.73443726240382 28.36213557601784 71.7501441118992 58.44270530007524 31.202308833416527 140.44852027268547
2008-03-21 87.0698235654733 190.6503526116876 131.59323245056095 22.301965953489827 52.30054795059344 71.9923252201465 23.528745280859983 59.52867862360083 86.14242426541311 31.81564101041693 118.77131599447095
2008-03-22 84.15057997808945 191.48714212497012 118.02825598925308 18.501331635470528 91.07899839813824 130.01594459966907 20.747015076861608 49.79365616959474 102.48218876812479 33.28076962525654 99.0361021196311
2008-03-23 77.01834205483509 167.4822954593826 118.30878377681346 15.348390047743974 75.95107201898172 108.94653178498336 62.99368308259227 46.42733818059189 116.61963025580809 150.46625630441667 82.21462543666563
2008-03-24 65.98572956902122 145.88112069418654 103.62158448912717 12.732763332886433 65.67920252391274 100.57275246697209 63.37847421118308 69.54350649747641 96.76133188932504 124.91283836728023 69.96851571294602
2008-03-25 71.26958554237561 122.19800878521553 134.98107917071334 11.536731120118858 67.60122925300195 85.87605900023772 52.937710182221146 109.23391777193618 80.27158415293141 103.62556614876256 59.30670651701065
2008-03-26 67.62642101425853 103.51700394821165 147.12747087444433 37.909721385941644 112.64518173745715 166.32783720132144 43.950778372751444 96.58910040806326 76.42312696686017 89.1640154521688 49.223010875060524
2008-03-27 127.7565204864681 86.29992386720276 148.63731825916514 31.564596920613088 104.92167114254298 300.5690790455283 36.460818208004696 83.00775048922128 84.54509091697774 77.20055248882285 41.32745436632688
2008-03-28 196.84638959259914 71.62202083055308 125.3350309331379 26.252062699558167 90.79489712286687 465.2604257876486 30.247274647162374 71.69486781947509 110.34455811333345 64.08392331787435 79.793463197821
2008-03-29 199.4148393422251 60.83428407145243 104.13090694172111 21.89159500611314 104.43528703643732 507.4256844619003 25.092624591184332 78.90183839588641 184.04841327306374 53.53096430543922 89.47836991622816
2008-03-30 181.69705908191514 248.2920279307605 86.53675419025569 18.543269862992176 201.30446096828436 570.6599369584475 20.83574001553142 82.75023961542125 157.394204529725 64.7218483446349 75.58294936728896
2008-03-31 178.50144620380684 213.3202870595643 72.0608164783439 18.238396810851743 178.16169040135892 484.49109332891396 17.284975535417637 94.92957122628705 136.0445911107164 93.70305933855292 74.63266241624373
2008-04-01 149.67929328090008 241.5630751301998 64.6089242838791 36.56235242499395 149.73338896997677 413.59201451536444 18.190228072960192 82.96367278428615 333.84442018191675 90.54099196168363 169.79137874407408
2008-04-02 124.95908457044739 204.05762280166854 150.60787170186796 37.14108175206193 127.21639570106669 648.4121819707478 18.168663036022593 81.36859904578905 290.3075044542936 79.98137460515007 279.0213713393593
2008-04-03 134.13190704389936 199.07454724773402 129.49276252377047 36.46514959809048 111.68869667011914 541.4123269722714 38.576612001897345 72.63472766524079 286.3073012167831 69.6881546226196 314.2646144287043
2008-04-04 204.45676638147708 320.02099948295586 108.66060650404447 40.148456062174674 104.00453822825334 481.36507114155273 61.82924089025117 65.9927808149913 286.49379293215395 58.92743950156147 333.2446815420898
2008-04-05 197.2709920300071 417.51138089573584 92.49809007308666 111.38321821382101 94.37518952096435 446.83118429396865 51.64168665312087 65.15813180085428 339.03752542559147 48.94784232504683 314.491265676138
2008-04-06 167.3549411546465 383.03682907250294 76.91099914560913 94.13392436494291 155.00492005485765 400.4125421286722 43.479473253093815 55.03720729088897 283.65741480534797 40.606297471037664 371.6365231583245
2008-04-07 146.79464311346612 339.7573089998106 76.78201524540027 89.45038286865949 143.01279820838812 395.35844820252805 38.36431684605974 45.75167265284317 243.6658907736049 33.68629373603003 592.8818509054777
2008-04-08 129.85434301623513 282.2300108717233 64.92949093633977 85.2530351299654 250.7077311196108 335.7064601299522 32.16700549573117 41.38138035146307 277.6810817212223 29.717180569532736 540.2936017652513
2008-04-09 113.5945853174123 243.63316209272827 56.431067072736624 119.20856120305584 352.10029624694715 281.8641524302785 28.275339301819074 82.78025183410281 244.78373797313157 25.39816466099169 586.9622549306561
2008-04-10 101.68780084285125 205.7268767985869 47.37292675777386 98.97539638624376 370.0354278398637 233.85935921770673 23.76670140472612 200.5282048342789 222.64410413961738 21.069885421995792 509.4295753742602
2008-04-11 95.96501691807515 183.70322209062326 83.78575058934234 82.1742043253282 344.79167598424397 249.0963559556578 25.197393927308674 171.19810830538304 187.63406175602415 18.15178301729025 439.0876328108999
2008-04-12 81.92232814918702 201.16539314914309 292.79280761265676 68.17032226102044 289.88889028313963 459.6635364668171 27.57358159550509 142.02303885354138 164.25855144437918 26.629100143055155 365.2630736405193
2008-04-13 76.43733575911797 223.44900050131008 273.57697129772225 56.573898167082596 240.60518468605753 381.7092894488273 106.36945751942008 117.82010102282761 219.7123161532971 24.042398504158925 332.7697990702295
2008-04-14 97.42126621359014 189.03753535288587 231.234162744149 57.10657325233354 199.60196891940126 316.65953428320455 90.29623324810845 97.74155188353284 242.9745521841324 27.108307271662394 280.444192647979
2008-04-15 80.81902547622333 165.31459624837328 334.90695471686206 55.02861921194543 166.6864163372831 262.6953637865261 90.88242996023564 81.0847290204784 260.82899185518926 26.39068084159224 248.47451721242786
