2005-03-22 3.1777998401370366 1.9545801115104993 3.604478587976831 2.4265773440330443 4.723535396197269 1.3186985065026424 4.252659461786514 3.2166934253730943 1.3977029396532266 2.2314063785600733 1.8756436064504554
2005-03-23 1.420013525738761 0.9379001923287292 3.2854943862287342 0.8293233547473725 1.3321546853568094 1.9968484660043893 1.3347700029429612 0.37133606569221167 9.481306786203085 0.7484154669237915 2.2278347794446285
2005-03-24 8.174992449643266 3.4439681492478083 6.329701284918022 1.319583904751915 4.257782357919677 0.6043082758139666 8.202112982228552 5.604985407816658 2.9166294177245096 12.035565508368975 1.448338002710721
2005-03-25 11.769180934514438 1.9994092046378404 10.325310999471181 6.672157810132006 3.859198832223113 4.995013612229182 15.94722372558573 8.261131309834235 5.038969588430131 6.33808615983437 3.965915939631306
2005-03-26 10.9555698076036 6.7022956745439854 15.048138780381338 24.98258406198977 10.289016073993977 8.22718358199549 2.3610454800701683 14.886379132822658 12.766162896178127 4.688057581703021 11.98567956572825
2005-03-27 18.772018246331122 10.761698134803229 10.694170997447443 21.504752170725368 14.252939891093021 8.142689198047565 6.106396812498238 23.69212656214593 12.13475249652413 8.142974559149074 18.99993393513713
2005-03-28 25.036527276700035 14.430216448137656 8.273407348174114 10.560781047390332 14.601827735572837 15.194764754622048 15.906397180521445 15.583079681716331 8.875667135677057 11.948446071877918 13.470977496206498
2005-03-29 13.594204577099983 19.30838669343677 12.654740144684194 12.708946094491706 4.8711073927090816 10.324839282243431 24.019249526913843 16.021486904771912 11.855892422667619 19.20009478815133 8.466984937001833
2005-03-30 12.018682821064898 16.227680228278864 5.689834417831529 12.066497626187893 6.4495931805977325 7.458782523825757 14.515491155933471 21.72935698250109 10.464430123686551 7.08678832730943 5.880443885316536
2005-03-31 8.725140957794455 13.722930728340648 11.194834508085759 7.213993645332842 4.91723209059254 11.921019887071628 22.16234710900659 17.977361152933817 8.491559043151124 5.688122799623854 6.829123076223411
2005-04-01 7.916133465585166 17.217707652153113 2.3032040750667018 6.403000328894819 7.646949364006673 9.987693261199478 11.496746733900233 7.7657305252002 14.998578237884178 3.446132578093847 1.5172472231413172
2005-04-02 3.4895474943523226 11.079512547353517 2.736424164272152 4.194591600868728 4.676804515284101 16.28248421046615 10.357225089263462 2.192486798004681 14.477523559723359 5.592110847999103 0.45476017265761354
2005-04-03 4.363903250764865 0.9608615072994042 18.39514859506742 15.470489425223718 9.36282947939901 6.89158800473027 2.71283145474423 0.6448522624374916 5.940118955649753 17.784048944395593 1.3128840447894874
2005-04-04 1.8266196818464056 0.5388031466630092 12.910570030089378 5.797635810919468 6.411715235663269 10.840017492283856 2.618119000299508 0.5981790461488496 6.0395134222197235 4.287698453156987 1.4090708143565809
2005-04-05 3.4656298721421046 0.6544109173737783 5.080657709025309 1.422841946998585 2.894506590139527 15.188146508623358 8.643625111775183 1.0307000936824378 0.563484061258827 7.900801461689726 3.2411014374103844
2005-04-06 3.6780051932728677 8.571871779502414 17.813827099014535 0.1851243813812207 2.1732312581237205 16.755831761116973 3.7026701937034527 3.1416850139362373 8.260565545764234 6.841387012389644 2.691685426837076
2005-04-07 1.3313074768916562 1.6937770165949029 2.5915050798081327 0.5160817709569859 10.102192980701803 1.2634216959338955 0.9865890383910182 2.0517592448607216 6.158561236174133 7.142187122068682 1.1182804381799538
2005-04-08 3.0152240010406492 2.724028717678369 0.24703453561083596 0.9760570174638951 11.243260996574195 2.6758294753823937 0.7739813125369039 0.2827236230161808 0.08904695468685025 21.79164478787189 0.22135371186815223
2005-04-09 0.4669070963495441 1.0684361356193435 1.7859458786036746 1.8085000530964597 17.751518343950472 0.7109051886040386 1.539305289089417 2.910497980005066 0.5358142282862085 11.918438513979027 1.677851728050658
2005-04-10 0.5315799973371131 1.0282297050419145 4.226859336844541 5.546917557563981 8.727271467733017 0.5295266849571845 0.7651653826455387 0.4761021336098662 2.130626540999608 19.723525007445872 1.5963693036207594
2005-04-11 0.4207840350613078 1.5950064689564827 1.0148940103475028 4.5233454049977535 2.444839984698115 2.5814750066325356 7.199399721132496 0.7015432134858244 2.4145814311720115 17.047982324051297 3.2187059390488217
2005-04-12 1.016356473689846 2.191592632954275 5.122674593106538 3.4814896832506332 23.596398302250858 1.6094291846708366 3.365533336201338 2.5266849445067514 0.0 13.063178889646831 0.8517244003804079
2005-04-13 0.4833040301866709 1.5112219013076909 7.028254238812288 2.1252323614454247 26.315353492939934 1.693600936283064 1.4144625562631346 2.1998676379251227 1.1414004237940067 5.714784773439744 9.717863014805573
2005-04-14 1.3156860191333228 0.8378544595082111 5.638042152476986 0.34970448202658044 8.651819304225768 1.480140088265517 0.0 1.4876869250870903 0.050110543576153105 1.7803466151013516 2.0680320150861733
2005-04-15 1.614088404422327 3.1377245863272947 8.487308466457373 0.7934726887542487 7.261819961335278 0.6558577169832022 1.4679660311525273 5.56896129456146 1.1134731406480125 2.583705871106408 0.23466584006230443
2005-04-16 3.227484808094217 3.7447352063082064 10.195475500478196 0.6046242277967462 12.466431725270029 0.08928568619607763 0.8471419711113719 0.8728292283807286 6.973889174706488 2.0897360292131806 0.10669398713173699
2005-04-17 2.827021993749824 0.8951532918438301 3.216758405544981 0.3948907297670803 3.4334618655635722 0.7478061307364219 0.4587399028610603 0.4596931428217309 0.7494235503703418 1.612705746326347 0.632209214745575
2005-04-18 1.1159728899015176 1.1351264764546678 9.920166798987982 0.026439767103944113 3.6298227325541315 0.8119659269387436 0.6421008527238241 2.404728914543609 0.07471692622029422 0.5706786263089616 0.5964866706378769
2005-04-19 1.6674014268368786 0.3245924634345851 14.544619626025103 0.0 1.490802145607069 0.7895492002648088 0.35207030882543344 1.091607018048043 0.41782952876621116 1.0586669891689289 2.0558252601674836
2005-04-20 2.0008564078124067 0.972045135260613 13.842685003530963 0.035535428642305654 1.3107566802153392 0.6324087781669201 3.0544422356072394 0.4980356814938018 0.16709319358054497 1.7672678246322753 4.061147919470161
2005-04-21 2.1107179033220858 0.2835964860416331 0.7044844610613081 0.568273738115574 0.3861144135855962 0.5359025955714365 12.377296263088489 0.4458983090698828 0.48790519968442836 1.2777423836272013 5.742927531057
2005-04-22 4.418471202764481 1.01064938303103 0.050784413575828025 0.4808290744185619 0.0719894865731318 1.7524320105933961 8.489550555777775 0.07588386527904711 0.33908234695699757 3.3689651642685057 20.037291434528086
2005-04-23 4.137872743548034 2.7375514549791315 1.3075237261136001 0.528261434797141 1.9235804516535067 6.969431692515034 12.367888890883194 0.8954261330446598 0.049786173388423303 1.1272154788120283 5.136850045066972
2005-04-24 15.814395757475772 3.9122873991999514 1.1869418471639623 1.749708137698278 2.281782449789436 7.903684619781899 2.055366510711231 0.7018552620587054 0.6417507903012762 0.7758820261428144 4.473749823194446
2005-04-25 0.7816279516869582 3.8082927957686867 0.0267534533207675 1.5926683478302732 5.4140065888337165 3.0933215002978844 0.5348102535239483 8.730851365402781 1.6853084682738664 1.5485196111200143 6.503299011663018
2005-04-26 7.857638676164471 2.28530836443288 0.0 0.9201453936092557 0.6657201667483118 5.021414151436391 0.6922712279155689 12.685962146058333 0.6698342733808891 0.5910135279545721 4.370653055064273
2005-04-27 12.752339217868968 0.8624563447123439 0.18092606556815985 0.3637477637386811 2.3207711133612845 8.474468619949398 10.243486572294119 1.8595506406988112 0.2293775870503868 0.43573798335120967 2.3613430249944507
2005-04-28 2.673901411902372 0.32892890236501127 0.334802389209071 0.067509809837491 0.6559179877066781 7.877677930744909 5.694178810019381 1.0058467967369553 1.0954922587852982 0.16006666770397593 3.0676302433208034
2005-04-29 3.4045408195700144 0.49543946751056156 3.303624398326733 0.5271009936514195 0.12633062101186648 5.107570634969074 0.0 0.9384459996405643 3.0378648458906765 0.2303199632181383 1.0651304060389788
2005-04-30 1.9367069434237831 0.06999802644418496 0.914809871500923 0.8173002110606058 1.4275372199511747 6.990526713552511 0.02826728807639871 0.5977138651846544 5.3723900284513615 0.4374381978160599 0.4107481407667888
2005-05-01 1.195133349734124 0.0985854701913181 0.14944929591221376 0.8314138266584945 5.451015221595094 10.44458323858764 0.1909753672855759 0.08442903621724003 7.96578991999678 0.7231128705536554 0.14099562956613085
2005-05-02 4.858017840435367 0.061220190439329684 0.0824302849353393 0.5907549964460741 0.963171692232044 6.884014026079875 0.32318407564700735 0.19153094316580405 0.11330163387977449 0.9815370593422048 0.872326829707628
2005-05-03 0.7256679627164198 0.16436495152937947 0.016074049972894952 0.3875345466672661 0.28031874167057524 0.20142104902579727 0.026942475431972947 0.5825653377681478 0.2889013552906874 1.2666356124695173 1.5844764621064173
2005-05-04 1.5339108412824254 0.3946170201012968 1.542968540522223 2.9647271116394425 0.44361369870564177 1.2318120187496944 0.027826284356334642 28.898533857478224 7.0254698142332845 0.6510514627993398 7.952085421402522
2005-05-05 0.8812586800804656 2.0414354117879006 1.7066135753013003 3.296028359636725 1.0209995700609293 3.07019056290605 0.3731284209623754 14.160929167397768 8.264220102545764 2.306464203765754 2.6688030458054364
2005-05-06 3.806167225456777 0.14211345164617278 3.090210848190362 0.8119878484248046 0.2434946704759051 7.892524128746393 1.1633276243373813 0.42153938108114175 2.4477535624815734 1.4299091250757774 3.15187839499651
