2005-03-15 1.0307662845350847 1.0633070418851651 1.421716991087443 2.0809834498361495 0.5809166811618514 2.9367757586971623 2.6629090432719087 1.6484252998369313 0.8806964434021385 5.504230688077198 1.0801937040500649
2005-03-16 1.0504361869603336 0.3398601913620234 1.0823549915120638 0.8027401279363486 0.1602554783376954 8.441281818290632 0.9603950029558377 0.4242918953075072 0.7633433569020143 0.5557833939060546 5.903029932102664
2005-03-17 2.0234063439071486 1.5754307125203246 19.876063981500366 0.1754143144945264 0.22322304865974876 1.9934245343043404 3.308968145732095 3.6219803712238994 3.6557458463022736 6.178072781454542 2.157903286463843
2005-03-18 7.91273136953231 17.821842124504382 3.946732762562511 8.138899356097188 33.8722413726849 1.0932017941769612 11.293640350238716 8.25702361865024 5.640159179241847 2.9505170883057286 1.7644872228003763
2005-03-19 13.380470440681938 7.54669675496206 14.74281913541953 6.286633348703311 2.9956915086285747 2.2516626007458447 14.407205676495872 10.845808368509005 17.291071565170476 12.467716611846106 11.02722849000375
2005-03-20 10.031170822264206 7.542057569785176 9.86122312459944 12.138071011201212 10.011876396055355 10.195169116785365 50.980428694295775 5.219005519069546 13.726379590487502 12.158266901973182 26.50175920067058
2005-03-21 14.000501454687695 16.541566652026617 27.21562321956182 21.434451365952008 18.0486288351815 15.347774733159305 7.104586327973384 5.5937726007252495 14.626714786022596 9.976146949234607 12.299629000962534
2005-03-22 12.494705917609974 4.337737995386097 6.497153702475459 10.088757126958948 22.25438529231715 6.816334156691843 1.395722515107079 7.044352230853405 5.5103641246270785 9.576548411496848 11.49827932469577
2005-03-23 16.607077598118806 15.51767325779278 21.649257234710042 14.129015026939953 24.49015905976069 0.9384928006943489 1.1696833093199621 7.742141963100883 18.58816715195278 5.279883223047102 2.8640192019346715
2005-03-24 12.713440459810524 24.704469832309254 6.8307388113224174 2.554787041026646 5.3855616558905455 5.280642796321055 12.776739899811918 15.279189626701658 14.272050138643527 3.4152555567704326 12.646638829315659
2005-03-25 11.516671801838436 19.74115307727953 8.083385635072544 1.4690136647997585 13.095801062059161 4.699968836521292 23.77895594778711 9.620389953344134 7.997853397404261 8.318802132748944 19.215546737366545
2005-03-26 13.283403702357976 12.923492886555216 17.344760350847118 6.677834526754147 4.6480412996514024 16.95685963510882 19.9001947325888 20.5890356575135 1.961383203024688 13.196741767765136 6.053537079765775
2005-03-27 13.473859818047835 21.859284347431384 31.86087788418685 7.403475876930581 11.90037416335642 7.888751554043106 3.0295458468980345 15.68319488868378 3.1098133700788884 5.416022953623059 3.415698901034758
2005-03-28 11.858505010710584 7.587819529608937 53.46324976003982 1.0492330997721733 12.387944737809448 10.14704945057638 9.271685559356733 28.079177166864977 4.985720211716768 10.33822198678204 15.81881944714596
2005-03-29 9.344973841302536 4.794562341982761 5.966017201239676 9.081758592815966 15.328309369440454 11.421814587832289 9.268384827684853 9.321347397648319 6.00634313008281 39.79049466090133 11.238361169965485
2005-03-30 6.482954061489732 11.497609139572582 0.5751174945400477 17.708493406063088 10.162843305015372 5.069310190259971 12.778230232889236 20.093935911088177 9.216491581096577 7.121138362071257 21.822790059997182
2005-03-31 2.3469414173154552 1.1138067033387526 0.2041274155964789 4.655537161751299 1.3580149712414755 20.59475299446962 1.9502465734986325 11.573141955020375 13.282115143447289 9.419317607714717 4.670827181469962
2005-04-01 13.879345939258965 1.5099257976834326 0.03310416503246594 4.386273367096405 7.145646221153086 2.000228545461845 0.39238654065965706 9.997178114250161 7.250655181012571 2.144711171049327 4.273901667581638
2005-04-02 15.653457776348256 2.0150542259918125 5.083814572815276 10.270766861917778 9.692128347110021 0.8684931288908192 2.603384469302651 2.163981171086207 11.822128761623837 3.2810779752670602 1.0886930364098195
2005-04-03 9.393464760745019 1.593747646525742 2.6689238463953338 12.244402409439667 3.951005330865839 1.8194981330143807 0.4901089643465003 1.2278588045119063 0.3225162320935486 4.322630283992227 2.7531281809773187
2005-04-04 7.303464813675319 1.2679561538969233 8.19565510381851 12.99914139912924 1.8983452351574008 1.7984707993213602 1.689625389995848 5.468269864151862 0.5781323060499641 7.223010950786126 0.3010033293293563
2005-04-05 4.096963662614761 1.2706121358559557 6.487693100433836 4.782009338366488 2.4664914258567436 4.045068141568496 1.3936911380961325 19.306025845029446 1.1981166141277921 4.057374997054849 3.1640848091200904
2005-04-06 4.6032641010804625 5.108704835447341 7.915824323295578 1.0595892119638 7.332164484708896 0.16142273428497894 4.158984353564039 7.445208319675655 0.7007820361241957 5.3746338041718325 3.403773459596631
2005-04-07 3.8697966714752647 0.5366610820866973 2.769471229125133 6.454124443836822 0.9994208651405526 1.6809505613392395 1.2882237856878187 13.636793123091845 1.4642312803186939 1.0072127523548944 2.39460715342841
2005-04-08 5.1071818193212355 8.944370656714202 6.346883446619978 3.942210987885469 0.04162527843906531 5.027450407885997 0.37451540231618213 9.553307371198592 3.668659225992529 1.387785896654963 3.651846706865542
2005-04-09 3.2725911350811767 17.547018743600525 1.7826935552700043 18.92472642767538 0.03568960029625126 1.4087920195420693 0.5165724013226267 0.3378321030836763 1.4011883081453655 3.3727555809931564 0.3137811480392875
2005-04-10 11.902211577872706 0.869327388813914 1.2769133011688742 11.707809343338749 2.3765701575927594 7.673957154559689 1.8813166756592148 0.2523797081583946 1.9781753202737136 7.465674271042578 0.7476434381061854
2005-04-11 2.994336245588782 6.9845760567953095 6.349816034942638 5.999294798377767 2.068863277035298 2.588322854841268 1.0001232294133184 1.8999536631252956 4.705497095501765 5.959649073696577 3.752631824175067
2005-04-12 1.4059461633013561 12.762092172591476 7.9028819819095375 2.6585721084724474 2.2391513660517113 3.139345113212125 0.2239237905624721 0.23835228971260516 0.5315083852827558 1.9951067393719817 5.173180284110407
2005-04-13 1.8459186341206544 16.934287855906838 2.437542849013712 0.7202298562005547 1.5254071069250692 0.4183324239287094 1.4074047038778044 0.1316442152347645 1.0001025218676194 0.8939210706688169 1.8120288732848437
2005-04-14 3.5144617258709245 2.1465325566559335 6.88404243369956 0.3689696978107785 2.7042127316811233 1.3171253590735246 0.45615961759828405 1.7554876130549832 0.44097997672710704 0.5517897913246748 0.7210327563203206
2005-04-15 2.9527636276515397 0.18201256167222535 3.2911134748391255 2.4831334751821794 5.235525098556696 2.453988847226057 0.05598283606417664 0.1553088079811048 0.8706931148409158 1.1197449189140205 0.3319526205815896
2005-04-16 1.4079107744755903 1.5878770923682402 1.449276258754984 2.8871607672125146 4.894071162107052 1.9025729302134387 0.34521779105524253 1.304439678078618 0.18119989740381665 3.0249827982964317 1.0393275084752522
2005-04-17 2.4021296629748106 3.681891856246905 0.711915757976995 17.239921109463708 2.3618165009125036 0.13063790816762522 1.3810247007382115 0.23768954142995247 0.043924035015028104 4.955306596223364 2.7702172924496704
2005-04-18 5.679404861719792 12.238047271759122 1.6093232961286008 2.521466263298232 0.9573997035006615 1.5760178508889224 3.858000756983971 0.6813905572923233 1.0872089529307323 19.194282532717835 1.5814907576612445
2005-04-19 1.1032857284049753 8.399577963014217 0.08068899432481158 1.449403042816997 0.6498699263084565 0.12707878770617798 0.5482944789448345 2.5737845900748506 2.637787379485066 3.606149991591893 0.4773246261125105
2005-04-20 4.11863660173948 11.964823382508154 0.6584378181373742 0.3564192363224595 1.102123020331635 0.011022376265069335 0.06591661212318485 1.062031105489249 1.586883864031496 3.653598846677209 3.1706269139341297
2005-04-21 9.358476075646205 4.725923212859208 0.9955260449609002 2.4119860350440394 2.227692423267313 1.6117847602751239 4.054748823168019 0.928054717586508 2.9398526212880767 2.1241797199702703 1.8259901547159179
2005-04-22 5.2558415792693385 3.6253130119016026 0.505701671258262 1.0694745859211348 2.133924808893249 0.4020572623744511 1.285882713474874 2.819162190217369 13.491988347643233 12.90325881907247 1.7122165098543507
2005-04-23 5.522102196993396 2.5344191306162296 1.6834015794120216 3.7334965800001707 0.8499568011158725 0.38648462488479207 1.0872484810164704 8.419705218214997 4.004405520437271 19.536059470217335 0.849837523337947
2005-04-24 5.2834752781466525 6.443144135192421 1.3987418320618747 7.160486057199016 0.0629611761402707 1.331365166407131 3.45225422309487 2.6787756228248822 0.3748446354935103 15.161571470974724 3.110435341273076
2005-04-25 6.20955096214521 4.908659208988276 6.743023107903364 6.383773773396626 0.022208571184462646 0.9640947982267472 0.5590251294594151 0.6168795022195617 1.2510336049219175 12.703486082838914 0.7433249530829393
2005-04-26 12.114033665064053 5.6980841043594 0.7787863672110376 14.561172860669537 1.526611362959922 0.8431447018752831 0.2949874005027613 4.750437385443613 1.7103500655379051 2.880959841570892 2.002400383947258
2005-04-27 11.0685919402422 2.363632628574385 0.23535191797803864 2.41678540597044 0.41769875379244303 1.394679305009814 0.4993212628917715 2.813589733094605 4.210469411026897 0.355759867908237 0.15449525063087072
2005-04-28 4.346158403912423 4.295824691149619 0.0 1.0420406022777042 0.1809040111392654 1.9672679571612908 1.9002815291150639 0.6784411403998141 1.2197231188904398 2.7244863696810104 0.6215413728942478
2005-04-29 8.47318124678394 2.4891491775962926 0.02981397590904955 1.8684246982190464 0.17988694322158102 0.22334949490220476 10.608114473047483 1.0154918233124308 0.638346908987875 0.8765959821675051 0.24357069761158517
