2005-02-15 11.437624939181266 6.44804282735099 5.507141541351151 12.502276986245016 8.663129467588583 19.94523958099019 6.861617242708666 3.5093186334066626 8.41246014169723 8.904737798911404 21.517733647871548
2005-02-16 20.675138795496814 5.547736369223836 18.2551510815087 31.948379122870847 79.97114508527463 44.04954388023552 17.961394199481802 25.227866500392224 17.389711546658148 14.285401786360865 26.01051135924644
2005-02-17 8.204873140603983 0.9117295345107777 0.9323633385731733 9.483796625902926 5.254059469016685 10.633832749246517 6.8659978771725365 8.701282701253112 12.685752446480052 3.6259850752117773 6.268965863148816
2005-02-18 8.50361113047117 6.142029792018201 0.3307124368491092 13.159430222144277 1.9747968372607172 8.027989757056286 4.070477088457216 16.4572187947345 13.26547106331994 4.36252019223681 7.634985855489537
2005-02-19 2.0422887846389033 3.455241911988143 1.745422407854703 0.45323286574353383 0.9810898262571064 0.8045357864518753 0.36922317905805363 0.10276215477022217 3.1739681245529 0.18751911073943162 0.36513932384643955
2005-02-20 0.8009277020319482 1.019791315055488 2.4505399514513293 0.8138859848937041 2.180271578844985 0.636004038958337 1.7588769935904642 1.3569147670826598 0.26257817838043773 0.743149998741292 1.2703158463014335
2005-02-21 0.32067846502118125 1.1785729866604842 1.561695033855587 0.25331013848419104 0.514504947605424 0.2877825436179682 1.422618818815051 0.13337984044298584 6.419697549155277 0.7635049596373726 0.4357798914016872
2005-02-22 0.3299533067780104 2.3015712300016293 8.617496721283464 0.5146132491165353 1.42458808977182 15.769901407840601 2.9241178336334026 0.3856234094538392 0.19673548855881312 0.10704683592337545 0.6751961723145344
2005-02-23 6.337659397400904 11.621165975241993 4.295936211443115 5.423690360822837 11.943376160113672 8.222284967150092 5.141979733999435 1.1039207186920903 0.4576730032002544 0.007211368451677524 0.7549765421346143
2005-02-24 18.333818981573096 22.348079283360345 15.686672848499274 20.265722654751222 9.602803717561645 1.3059334944540373 17.865487707391786 9.34307047721656 4.96408030987633 3.145210160694842 7.658332682698681
2005-02-25 20.470072488972576 7.185155138395198 20.318516696213244 18.827895127866288 2.7872175288670245 2.2403540318082804 14.646464458948673 16.14906523573573 14.759292250488516 0.8762101855747814 6.210538857382651
2005-02-26 8.529369493842564 8.768603041243413 8.60377522543287 16.043744312898532 11.04641854337212 8.187274786743986 1.9796530445322356 16.186524459546554 17.185177430400348 0.6700597877044017 23.375608644558255
2005-02-27 5.12923840659003 4.9505859648923 4.777174512361919 10.48871606818259 11.374990904157665 4.539068250406082 0.06282637642452374 13.636387281586707 7.239756428684617 5.475087537054586 14.309408175061076
2005-02-28 6.3089285646224464 3.676622251147122 3.5586815929308404 16.12207090090813 3.0009544873536784 7.4665765969769815 4.059628035449716 3.244373390799149 2.040388526037927 12.793572584261707 8.760969841778728
2005-03-01 3.522681806924557 0.8085761546094937 3.5635828067561497 15.140315137518865 1.5443065978934998 0.8302291466546007 8.476109636281416 1.4638329538737376 4.32747837090803 7.2330353519169135 2.831528941672416
2005-03-02 10.048436209337554 0.09809900092265386 5.771371979010635 0.21403170598912233 0.0 0.0 0.8462253807620483 15.728473611837769 5.589901773969326 9.731916775268079 16.3149392087801
2005-03-03 12.283601808778727 0.6348240154332596 4.556749943496698 3.2548711289189387 9.73098717996449 2.6148576530705494 0.17405049562831124 6.4361271111986795 1.3420414518349149 9.815827710941594 2.7116116945797546
2005-03-04 22.58607381816752 3.4738366047024147 5.9924376922131035 5.683882254548691 14.718551414122604 3.1829634377967793 0.4011596848033258 1.5450641764771444 0.30618955011616544 3.3907967515927986 0.33101494504417284
2005-03-05 21.284446605163446 5.743871564681618 1.9322029132553997 7.63490848820893 14.212118329769948 3.8427524154029378 0.017584240256543843 1.1792087192485199 0.27673780556951344 1.7056656744305927 1.3443969440302368
2005-03-06 4.1454571842714625 2.3143567491667913 1.262631236331123 2.3352899157411504 8.871570525672851 9.468923250496902 0.3292130107290541 0.29119761751376233 0.25625257161591053 1.6131858114251267 1.7802781216267258
2005-03-07 0.3002932119252262 21.642888726455908 9.729395337760796 2.1330115488461487 11.84484964443392 9.44433956303241 0.527479876512357 1.180332166820674 0.26876391804786703 0.05113984337939406 2.7550017551403867
2005-03-08 0.33779685532932957 16.86214966772834 7.448778008963332 4.025690170290073 10.826011649875777 3.927209173775972 0.8874949223369688 6.419937397327933 0.35740926334167633 0.05146934200166108 1.048725028676235
2005-03-09 0.403154416810628 18.199517478665932 16.496824307897448 2.0515381428914097 2.940303491511121 2.431753309248756 1.7675309980729605 5.327924851012149 13.763846367378317 0.007211368451677524 0.5494473613502087
2005-03-10 3.433596791591146 15.066322296311606 7.522973246266553 2.5955659802516857 8.947954425462239 5.642104084422428 0.4907166356065256 3.1719990670558396 14.98096071395205 0.6769873150416904 2.9918005613623047
2005-03-11 2.144257667623692 19.098024010044604 11.173444694094975 0.7255327353784476 7.050764448416119 8.412471419200894 1.2557081882317611 8.514993972461191 7.171484124860001 2.9540392450354287 16.825189451571134
2005-03-12 0.6928782827729145 14.9619539606063 13.613419643658924 2.527472386397815 6.868442057869572 23.731877572929967 1.2464815270375134 3.5968511252838553 9.565131767899803 3.0080047935644028 3.2925091939082587
2005-03-13 3.687555038787706 34.18094071165579 10.667409898254144 3.2577477658411045 6.350509361158115 18.286424289468297 3.6896856705812717 0.5103809866789972 13.05927615115218 2.776833630680457 2.772204338130861
2005-03-14 13.398541408979547 9.920975402217042 0.3904784239568227 11.830728535370184 1.2183057552956282 5.80379357869616 2.2031445752367897 5.057863718342473 34.95719817527596 2.10602433837356 5.494040686556921
2005-03-15 17.609882064066852 15.231231942798694 7.689566379843693 10.1079692358285 10.221912356542143 1.8737081286309716 2.491194622217358 10.64425553063519 22.090307624202485 3.5270461279215697 5.309411544366784
2005-03-16 7.857952429347919 13.882953416906254 11.59140528724507 16.05392487274318 2.9701417217002453 4.038667650033689 5.27512654924238 0.2575641078184031 22.150087969549585 8.003385027602278 2.912734016384337
2005-03-17 6.693339354833758 9.285526614316995 29.634549141651622 11.36531648715081 1.9509046175934013 15.149580135272274 15.219069616269309 0.9144152116586818 15.137451792171895 17.005684670719322 5.097278918596746
2005-03-18 11.987038317551661 1.8378363262331066 10.492243303477245 14.95257396250944 3.546928522578034 25.027480551041705 20.591225837946467 0.0673703741364868 6.621913963067363 3.0054954261989937 1.8810681693807536
2005-03-19 10.297022542415492 5.90199494464606 12.038514648495214 12.012721923957558 2.1458241298059226 12.43721390301707 15.021884917489714 0.7166615789797797 4.372957478096231 12.37535986596228 6.9674975406743815
2005-03-20 8.417893522650221 5.346654724891987 14.25139656896091 2.4020228572173483 5.495905322656263 22.164154292754418 9.27559075890682 2.1525100815802527 2.4001688915890997 7.995464870818801 9.270617680319297
2005-03-21 18.71030431464738 3.912448356992902 3.9259424767997055 3.856391332528995 1.773433881654987 35.86705348339051 7.0196426746371765 1.7197025214126107 9.502898764734557 5.2206493540365635 10.189537051997807
2005-03-22 23.399808052341584 1.7346405747354885 9.742614733578641 0.020943115059132086 1.4621218680983192 2.3373570090347666 6.166393435569845 0.6681376270011491 17.795505414439383 4.889467282299978 7.336873467270555
2005-03-23 22.241731199539085 6.177655504663173 10.882942117403175 1.2020403461390528 1.3392335818152903 0.5305180152664155 17.8963930318386 0.03133474060999985 14.138299145053399 8.015453288298845 3.030412951456235
2005-03-24 19.695261602118492 9.511945710170956 5.505126336844374 4.636096587367499 8.298181102414624 5.765339027967343 11.540125151490802 3.8055123852472876 7.7338975679023765 18.18549919212964 3.4056964480168057
2005-03-25 20.033212157416283 1.1355601480626611 11.826455162196503 12.097038696514304 2.305138970893912 9.95019577996182 5.804664337496362 13.61788075303615 18.680068207880304 1.4456289860096687 11.983652407492766
2005-03-26 15.193453164105083 0.9164661581988722 6.504921576483842 11.679592069280195 0.054907120794397225 15.32410375345457 1.4630885575447636 6.87676505590883 23.757272803537603 2.1758266864964617 5.063689275021745
2005-03-27 21.991087990058247 0.40012511392638184 25.418494064092506 8.38407113879729 6.688226131873694 20.86470840570387 7.721269601918751 9.281677424691583 1.8755017479061138 2.2912141094928264 1.6862197000423342
2005-03-28 19.867176700345404 1.3079181642531368 17.062697569717532 4.351398190412944 2.4029046562346137 15.009379343376374 4.096950514531006 2.46996960459044 10.395531192929564 1.0017282715724751 5.27276620097146
2005-03-29 12.76274964077438 3.2448504471647275 11.07295878714912 6.078628522526825 4.113154611950899 24.024250478408625 2.525987658863375 1.408736617104628 18.661993428240738 1.8557776867099836 0.6995154832363926
2005-03-30 12.473695412207691 5.0037840851781645 3.8087894725752895 10.275846960604733 3.0049354547260654 30.40587731986919 2.0023664559083216 3.9220329629467137 22.348712424496654 6.761010644077523 0.4911770356621976
2005-03-31 10.28036172541489 4.746485273377806 8.430897849814697 14.03846207611274 1.9601770175007023 63.02951645070179 3.1214438828292663 1.5282524540079288 5.275895548993544 33.636630374769 1.4306277464967965
2005-04-01 7.399182930274629 4.713186049047305 0.5311783698375412 3.42205908353355 3.5986947057053023 11.33142331918004 10.571893900182257 0.7300736315780633 5.030850325304277 5.115473163446071 1.1372865526112372
