2005-03-01 0.1507426935140821 0.0 0.198019269294529 0.0 1.3608018300309295 0.493423572018062 0.06849789145557156 0.039008702901829534 0.2595245220068029 0.03246737271798196 0.13336590772498486
2005-03-02 0.2861930001449053 0.060781234884718274 1.0556389914618562 0.0 0.5693228569366252 2.829002640536663 0.29425603527710287 0.37888894925445815 0.6270125231604329 1.217402792684645 0.3875944874506216
2005-03-03 3.707777522802978 0.5038101329028539 0.7691013670374494 0.6556833164008098 3.87151935497446 7.461403144239622 2.639059580673228 2.209548919015176 6.467898182031036 0.2346943384420496 3.8012303941115433
2005-03-04 4.484043657781265 2.857007885716378 1.30886409288061 3.8945707383067294 3.5139069877717812 6.362400299944484 5.768594458729447 12.753249274269564 9.986241947140805 1.6796340416843865 15.796496344021206
2005-03-05 0.7111191053361325 0.7189985555034464 3.9176232635827013 0.1844916436580104 0.18844679196200828 0.1319590522108637 0.06020030672588996 0.18844220707552445 0.34158873007889545 1.1239893580092908 0.041868541321921054
2005-03-06 2.034804185028654 0.40411770821243953 2.867724474190303 0.5695733772890247 0.04563800079498985 0.007570460562197759 3.5307294710456265 3.949107205195566 0.44620429325415295 0.9172934622770903 1.4089208630048855
2005-03-07 0.9616812303605026 0.3591476467078123 9.968379844995933 4.075699745691133 0.39822147933282176 8.65369271678773 0.6334374104137839 4.922720644561185 1.4635754341498066 0.267898734085529 3.5284806159549653
2005-03-08 0.4172587728253973 0.06486820780217656 0.08176877334107016 15.05886030710944 0.25016284475275663 9.060393983592023 0.15637778873526315 5.231168936687276 11.485819641909295 1.3039854368323942 0.5350210948516567
2005-03-09 3.7387465984573693 0.2232059085301506 0.7609398392396712 9.691823339388653 6.475725471502274 1.1929122915943775 0.3763230246896883 4.99320173057965 4.984137090836702 6.804106412791288 2.198583663553732
2005-03-10 5.050596965653524 0.4369937941930178 4.511389957838977 10.43635742518569 1.3144877496776441 14.951073047530166 5.165242295823002 23.854048651640394 0.8294758482547658 1.4486117507632934 6.255575515578013
2005-03-11 9.686808507105333 9.849218492431055 10.720891982110153 3.385427266766677 6.1640007424123215 38.30094759357803 9.04534428030217 14.911576202190247 14.194692339051631 0.6579124330349315 21.58352661841331
2005-03-12 15.654169541079252 3.8153750590578874 30.18882454448878 4.855459788918518 14.566078986160345 16.71874799496005 17.034970301573985 11.035753862597462 14.974325255591284 3.268364254593433 9.870108705548791
2005-03-13 7.776210497965324 9.784659629487605 4.001067099307081 16.631260910230896 9.081863007918527 2.040595851096823 12.38432516355083 29.334764971593135 22.019126596698918 2.294952696782776 13.037208910824447
2005-03-14 7.994257795789812 3.9087843198531473 1.286200579075783 11.495610986790304 11.505051626311039 3.197281077800957 17.864867238420732 19.33801495707626 9.054150890619985 0.07851655289701119 10.041088051997829
2005-03-15 10.722608751648405 0.8787789971223949 1.2710606029947162 4.059383143497467 0.6048725167043164 10.687423532464923 23.21578882401677 12.51454205305819 13.793643857189334 12.918857405270403 4.4794724691456125
2005-03-16 13.334073724241522 4.050811333035779 1.8926262250711998 6.413795482619214 0.0 0.0 2.225280380018047 4.842228823063232 11.139250766363915 14.471457862117699 6.38651167508398
2005-03-17 14.284756226376416 4.284211753270038 2.410631322188178 2.636848211976745 2.399812122417614 1.8627478201254566 8.076145825686357 4.186054915548942 6.911878820424565 10.067006736233854 3.0711008430491806
2005-03-18 12.309993822488213 34.97954515676945 3.861668684726601 1.599455855524559 4.594119902863694 1.4690605103368777 3.3132800643126767 8.048878042351882 19.25517198246227 33.11517360496022 4.451062701594706
2005-03-19 10.309584362158663 5.137448999994662 2.3704749773197347 5.88557913249386 2.3535979203585575 3.1496382255897366 29.59358381106414 5.971683977453817 23.10459884045277 4.127225538898218 1.183796393420606
2005-03-20 7.692563018836631 5.0787885333907745 2.5827611680400553 12.366349111651923 2.9809075123324087 7.492241155403809 4.2439587938927055 4.263240688113982 21.55120078122816 9.513134974174996 2.6182990538497233
2005-03-21 2.317895227003772 6.151541090822344 8.51290943609545 1.8687531758481082 2.0210041714926996 1.602220038507334 11.11894663907999 7.67404563607091 9.462475733397785 3.25983416060328 4.316055848307142
2005-03-22 2.6208478397570376 14.47688760605474 4.971165059556768 1.737242461489539 9.479710621456672 1.3122213353984151 3.9153654841695307 0.8005671155652664 11.412772724333031 1.668957099050179 2.165069017519777
2005-03-23 2.7731166940583054 11.111891717126895 16.053489073240428 0.5979376137448335 8.930281136355173 0.21462491017530588 2.571057603490663 0.7266771022987192 2.5864114432692626 2.3218828259827324 7.472597036774351
2005-03-24 0.5508431567039858 1.2460283769576577 13.900367457505299 0.10952924569525088 1.5908149993684648 20.134077379311123 2.518439748024493 3.2066657730612236 8.955772661169519 4.023445788723096 11.54098124954825
2005-03-25 0.8685873763465386 0.2974430407651184 2.7018768031997307 0.579878472494312 2.2497654821685993 13.953653415421483 7.491162992582346 8.863932642397588 2.3966899595929405 3.0288573921734363 17.078147068151118
2005-03-26 1.0414063966694596 0.8549234278749226 6.6997920052796625 0.7082388464991441 4.840024707079481 0.6526067348776499 12.001530164046219 8.356543264076592 4.108655181202636 4.725095197163902 6.87300900045511
2005-03-27 4.617772831916549 0.4313329637772795 3.226749951617019 1.3097290194429574 14.72266581230021 0.4785539238808483 11.944415768720562 2.923704214803883 4.8857618204655076 8.665916358857842 6.709977379386352
2005-03-28 13.30914722705919 0.3665885172997987 3.4470816007262286 2.429740203979426 35.804047372849 2.069320714567365 3.9659132450345984 4.670555473310323 4.105313572862229 43.85324836431239 8.743222529512197
2005-03-29 8.668977174406335 0.24500547097814362 0.45184298167335923 4.85615231950622 1.4698350269373748 5.533492447809801 5.065106625761364 3.87852471869847 3.1494090382020525 3.1253077888877465 27.64548626108573
2005-03-30 8.416394648042742 3.430365474634365 0.35292960674015966 18.34727512301075 0.5572220813320363 4.445079080617415 7.1820490453555 7.589565653809117 41.63560366421721 1.5665831925705218 1.6098587691231083
2005-03-31 4.204814095692058 7.625420919599767 1.5380818937415863 15.106396960121273 0.022859890765179813 12.646979996968478 7.203452413894127 18.79963057200421 42.10116570044902 1.1667780420883844 0.6912773813912334
2005-04-01 16.92733744230599 10.796291303070973 6.201535803813288 12.7627689625315 1.578291218965908 3.044944726572383 5.429616138848361 11.74412318942516 17.68831704481939 0.05099371915982408 1.4325284058898857
2005-04-02 0.9775015887354743 16.554717855060325 3.280762954539624 4.195427453980416 0.36178346991367993 2.6647014052759372 17.3409623069327 13.713921741268475 14.140271015806618 0.9836088489458679 1.1351592430600783
2005-04-03 3.128081384525731 10.414534272776631 13.42202994302129 4.787909952921254 1.2775307315169488 2.248672501425643 1.191856125225255 7.175222764013692 27.090976785540928 0.7073778447595038 3.825831696697506
2005-04-04 3.8564474370467665 3.4332280560257917 12.561299267118747 7.369379628491264 0.02608233160844223 7.982653196146162 1.5702365360531045 2.3496486482557124 17.362311121962804 4.073711694811199 2.988038362416482
2005-04-05 1.6892479341502664 3.2632695470134228 17.242503588929964 4.351364001436878 0.5601504763093166 3.068791259814232 1.6217732188439191 0.8190980287995898 11.470341834356828 0.23897317476029767 0.4171897411720438
2005-04-06 2.2632351531243247 1.6763703363916012 0.9660276630996772 0.6365303060108842 1.7012094768424588 15.894688682817979 0.041989555242695716 0.5762192315523488 10.946041851479318 0.9616220595818801 1.7015897827112452
2005-04-07 3.5495789515220313 2.748624161984142 3.2710154466503836 1.07499449211387 1.4044264731162648 23.662899274680708 0.025543825802602196 0.7223615349980216 1.408933066348728 0.7598921144048071 2.853543752732771
2005-04-08 12.6192440942866 2.2886631848878203 1.0461718005422174 2.6769331669110406 0.6683572896659504 4.3278480393578125 0.2681777198588899 6.319577918848775 1.8524153742811373 4.989542947474009 1.1791826258187428
2005-04-09 7.2182276040468825 0.06133842009516156 0.9969175788597904 7.063449544956835 1.1164782536717501 6.976598653665578 3.314740668006119 12.6014751523321 2.565864439734958 0.589473282872566 0.1839614742143305
2005-04-10 0.9067084605690836 0.7166522935720441 1.3990318591247735 6.045000881974962 3.2903984466748715 0.49640166694640125 6.6446720496689355 2.166027158548763 0.7377798472144041 0.4431767626399288 1.218484408928021
2005-04-11 0.32818690341504436 1.1572373182342712 0.9933680578171838 7.21650936350675 8.368820079793087 4.1035268121228246 1.7257915983991987 10.570122444730245 0.7553100894867733 2.9910669653559068 0.8021618525802932
2005-04-12 0.5583511516879172 2.8800257125647253 0.8499933900114376 3.3077219546636387 25.982613587195203 24.181992218684783 2.5594161972245684 0.14999702060248465 2.0660068823348823 0.6228944959670104 2.8461675514338873
2005-04-13 3.2977408431301063 7.587821626808483 4.101554986642572 1.4944185647181858 16.05636481203704 1.7556890864207981 20.47957599830258 2.093532093472792 1.394006696782915 0.45515169683789686 0.21558114903649792
2005-04-14 1.6925000320671344 3.5409603792869477 1.3166791214266462 1.5283224618858386 9.444102248451092 0.4756672478296722 8.947349286837046 5.934643166020065 2.604609458748519 2.780199904636093 0.5883211266965069
2005-04-15 0.4781757711368404 4.8112219938462175 2.5503128578902525 7.18519243039027 0.7504038383848406 3.674591236268419 4.571550030385289 1.6228739577979594 0.7976572121252639 1.563270876468129 0.33357426234835386
