2005-04-19 0.30144491833221143 0.13649540415785544 0.5140014668651323 0.3454698486988709 0.14615767818472147 0.13763505579363933 0.33777421542056485 0.15432862612981008 0.9790007311186109 0.06079613663930457 0.0
2005-04-20 1.1445010189385663 1.5642797914905788 3.9455218415960003 0.37999168406311373 0.028219825179743176 1.4766910257322161 1.6083162544340097 2.899919625744422 0.7787352223175374 2.682056481366073 2.0659604052247955
2005-04-21 1.9862537202202017 1.240560814630458 4.277171970611555 15.582154917105857 0.916385038347288 0.4375907493117791 2.1640740416481865 2.3838692681406455 0.33553816927815727 3.659735384865959 0.12293732597828519
2005-04-22 1.1622150400928226 1.3677350871865286 0.9620624278394838 8.827550564582651 0.32460161257781617 0.9498882786628549 0.8257611851685149 0.22369572616037647 0.43149128504792833 2.6315712439020773 0.2358860299821197
2005-04-23 4.3584334149836055 0.3614427652854716 7.0616491866053375 8.134044756510647 7.531529614062329 22.77558997935652 5.26890936376755 0.15246636937074584 0.708148700342811 0.802501466300411 0.9106375339263011
2005-04-24 1.8786612415778505 5.48924641840049 12.46833555206115 8.74064992489416 20.405384725351098 2.0173321924176935 2.730051389159791 0.5133605076659016 1.2650610498381096 2.4328364988869167 2.0265240721297335
2005-04-25 1.106436314450745 43.03295984427104 15.446677950429562 4.385322340071441 12.65455639350361 5.8703107496586195 1.6030421879958987 0.061489618585731494 8.466618399047267 3.478320745879336 7.1068369416900605
2005-04-26 16.70746367726042 4.5406780395136925 5.720113342771427 11.002843454233643 11.139939401022929 5.378062197405386 1.4262868026834445 0.07314954843090042 30.78035177165542 19.775093399329148 1.8783662026512353
2005-04-27 6.873482672958377 4.139530357584928 4.102124810990425 1.2734420051875228 1.189522222529475 6.323272560483095 0.7111937032389767 2.239197197667691 1.0207931171447757 10.967755051070558 1.2371669850104052
2005-04-28 13.775163688264414 10.671003526165876 4.247277987078025 0.0917801448913016 1.2079337828908185 6.852276137876469 9.672152183881751 15.682158574964738 13.922008737570932 6.136856981071254 0.05042540225837194
2005-04-29 7.3416218232449335 14.66407429455574 3.7522349963605026 0.4771709192659666 1.3048906476915072 9.465926196818687 3.572420482339136 9.7029164420108 1.511522571460716 9.616445570277108 11.910633681769589
2005-04-30 3.6017394713350566 25.805124246729925 1.117286354949383 0.09476477514237777 2.4344309671573687 0.9610871072182823 1.5354455478075149 22.972572189048144 0.9163062597959601 22.2846418993604 11.705544193710638
2005-05-01 3.918000230112657 4.865061079113639 3.9107000074835674 1.0260746861399763 1.4178103791116734 7.856589478276673 0.9179561464316326 5.167530898999937 0.17480009369393223 0.978060087020761 0.04529064676767704
2005-05-02 2.2048634568579626 1.6175918267292058 0.5874498915439141 0.43875737612711696 2.470095667417901 3.6074813254273543 0.24311709896003153 19.04502680390818 0.9959559103647162 0.07778370467213103 0.8127199987984908
2005-05-03 4.521125196064639 0.665537667566872 0.5353359445974726 0.13842951985209448 1.8889311473433485 4.333118567709934 0.8176125804132048 9.088332023134745 0.300802640300879 0.9059689579678664 0.8279479046183473
2005-05-04 9.436388196233993 0.0 0.0 4.538494568581451 9.57624253227598 2.4362178789438644 0.2792006166099805 2.141029539551539 0.40081263547729734 0.05920495127073447 0.5217342296752094
2005-05-05 15.790547239601777 0.6349363061391498 0.8127349165340266 1.6972052716273869 3.631098664543854 3.8629520009104765 0.20356283320266008 0.10881960074900185 7.672828705566085 4.117428575724195 0.0
2005-05-06 2.5468548011986423 0.5015086582816717 3.6453551340161603 1.5841459437037146 1.043342159410185 0.24698958459046105 0.3260559030919102 1.0948133970133198 0.9593518756127972 4.096544740667639 0.008519272735292079
2005-05-07 2.7489943154394196 0.4193165978030413 0.008356960793652295 1.5559270448287743 0.6204211218968735 0.7813900274990362 0.041430818447635624 1.1575369192698615 0.477950410239089 4.426023349158915 0.22302360744936306
2005-05-08 2.7734304046369225 0.12174942020182525 0.047026972480455176 3.899966139632927 1.2118939999607474 4.910364748494217 1.2309670490375542 0.9782555787589333 1.315308670925893 1.838612553489079 0.9226777514383966
2005-05-09 3.1512683955082323 0.022144956603562492 1.5008234902701243 0.5326108633306634 1.8969065872274076 0.8622562758415997 2.0897860722956154 0.06011203375564237 0.05835412429445469 1.8855190046958357 0.18169888927153144
2005-05-10 7.534004205403436 0.17553356912051832 7.0596477839405 1.7071887202836238 0.2754928020901889 0.9609168283293066 1.264866849150983 0.0 1.9721272683408797 1.1275642159222654 0.05081039823406426
2005-05-11 2.3399504863118086 0.15276677336004107 1.262402197252063 1.0769069967178084 0.21702361660992525 0.1299982332053013 0.35043935593926234 0.29948188458588343 0.9482928132716378 0.12030682127128106 0.3386072143669903
2005-05-12 0.8313407519633262 0.05627637135577532 0.06639794770420328 1.0908567079409972 1.068758253993871 0.09530105464064659 0.42739523988051276 0.022634416243523477 1.1225454413797835 0.40376113014821685 0.03867321400074934
2005-05-13 0.1024447980190115 0.7125708346932402 0.15816428665817497 0.3659851638626338 0.15011087637837145 0.5477601581624254 0.025161773040472114 0.007946959413879268 0.1762729935009682 0.10022761996610047 0.08509734686406963
2005-05-14 1.7032190884767284 0.19123165407008655 0.010467482493940333 0.9868870155278235 0.1389701931400697 2.495069297570347 0.016531258445972995 0.012303957427320954 0.0699561802968379 0.0 0.05946669395746053
2005-05-15 7.189253228936107 0.08967731287463201 0.03170754745892987 0.054288285614564 0.6073473272500212 0.8857458228510918 0.0 0.4742274811408088 0.2705087042737148 0.005588409599403425 0.35773221093324853
2005-05-16 2.711507170333687 0.06975839051247015 0.07380617617831323 0.04498510823329681 0.44977346631851994 0.05130035194018481 0.0 0.8092206727875053 0.12659525939754296 0.569343869889609 0.4162417482326836
2005-05-17 0.14059747718263124 0.47790197268205264 0.8242148423575624 0.012916347163403896 0.001973498316834329 0.010492771052126407 0.8370317184413925 0.27079747242464464 0.0 0.428332338922958 0.05150155206124181
2005-05-18 0.07807016434260022 0.09058100144441289 0.9350205829663587 0.13812956016426575 0.05634124272465847 0.015371843946663313 2.7541426511288503 0.012055984296034043 0.007741515411484731 0.12654739750614202 0.1958625542956962
2005-05-19 0.01023462691609535 0.1602754871206891 0.493143635419856 0.1599151054068041 0.1191171177833156 0.08210460371851819 1.064832150244114 0.07519632190569915 0.05200619384482236 0.6803654781951991 0.9124948939114417
2005-05-20 0.015982633397726428 1.4109110709695045 2.6414767047028826 0.19893678722529812 0.17824716631455714 0.5033272813810749 0.48965524039720837 4.555471237368572 0.13498646949635462 1.6131147068570104 0.03490562393912246
2005-05-21 0.11852611796334354 0.17276472637568902 2.9320564032485414 0.5345673491889792 0.0068525712113712365 0.0 0.5602959006851986 2.7818552443734976 0.06974308060164482 14.945112295380595 0.12789120508427387
2005-05-22 0.4070207485946843 0.0 0.7804003698633548 0.09612604972401338 0.003477887899115388 0.2669814349528317 0.9742728282822518 0.15665340718079473 0.0 0.5579894378266352 0.004976019863320481
2005-05-23 0.12858039781195196 0.4067144112373048 0.24666064157146736 0.15327566721909286 0.050908806177632784 0.11727714719932979 0.055384079808956085 0.1438182673337105 0.0 0.2178879282186401 0.0
2005-05-24 0.015982633397726428 0.1115315653734727 0.00924590499376579 0.02024317168022656 0.021507278309293474 0.0554840822625534 0.0 0.09111668423637648 0.13590483458560787 0.14094729513688034 0.03070430536792228
2005-05-25 0.0 0.005653774572259635 0.056025050536283205 0.0 0.36421311208272694 0.248476675261607 0.0030678865193423614 0.2814635337628437 0.034462095874129114 0.18212116578579207 0.010330459110486623
2005-05-26 0.018291029149248454 0.047742511714721894 0.020715482386771178 0.0 0.25720239283052104 0.040786735916491124 0.08383283857832688 0.3852686670269725 0.3856249692204511 0.07594058806802176 0.0068525712113712365
2005-05-27 0.10576380503500352 0.5466644941444164 0.009920457730713596 0.04948561571973285 0.10334496011810239 0.0 0.0 0.16788250526276124 0.0 0.03761351829014096 0.251062562157717
2005-05-28 0.2792565681125935 2.789493007284086 0.02695871950814409 0.01922838835809731 0.08959476909991573 0.011652185551436087 0.08852488688306115 0.23675218364811526 0.014651706434738516 0.0 0.0
2005-05-29 0.991530265739131 0.47824386767214955 0.4493039119676939 0.0 0.09520739129135142 0.2418148911070976 0.05572160145573626 0.015371843946663313 0.21929909136589923 0.018088122883636017 0.0
2005-05-30 0.6558558776285871 0.018986755229232412 0.3849022742462398 0.025050531181265073 0.19049695775788195 0.0831874496896505 0.13195434433025724 0.3272741773603187 0.22119298798400125 0.008519272735292079 0.0
2005-05-31 0.43945979598636714 0.0 0.14124094613669885 0.0 0.1247679181026127 0.01250634578363087 0.0 1.4434344356095377 0.14002218733571037 0.02794990239623504 0.0
2005-06-01 0.1989101268728194 0.229528935944335 0.24957143564672662 0.3257165893704839 1.6228209917721959 0.1658166508527445 0.00899793186247888 0.139257751707622 0.008829271500196911 0.0064804094456015395 0.0
2005-06-02 0.03841283977980721 0.25696986279413814 0.011039795815353142 0.03379714163638293 0.017110203881181653 0.10985382910266248 0.5148625666017089 0.09757791119417353 0.03063894039506607 0.0 0.038676214530919836
2005-06-03 0.15601755816990343 0.09362436422112108 0.0627139051219757 0.0 0.09414813491630095 0.5452892603690757 1.3293745880460195 0.07186093677691313 0.2409800149484649 0.0 0.048707768019265296
