2005-04-12 0.308476714387618 0.2519155840807523 0.5949414316430006 0.15355806565791352 0.32365545626603415 0.38634895323842444 0.6486723891868402 1.0454256390003356 0.2977113970310784 0.1216186186602082 0.7456115186225152
2005-04-13 1.1625079760894756 0.4299315648528744 17.9402413319338 1.9430192154988426 1.223920568315948 0.8281899067584013 1.0909078178052969 0.6722520816082382 2.4914805705126586 3.6065557406025386 0.16411935476047987
2005-04-14 0.9744849959827943 0.4921035343145597 0.7642942564924126 0.9701593320213788 0.0608995450428363 4.555146694526136 7.733325384465222 0.21807666344192012 0.3755454904804598 22.10343059099917 1.7547345865981898
2005-04-15 3.845460328469752 1.6224957062529097 1.4635394040823653 0.0199467403278292 0.7947467440521148 2.0861003037127896 3.055165903790855 5.342906569803441 0.34544581319131307 3.6782804836096616 7.709028485467822
2005-04-16 0.7086156573379547 0.07071998754854124 0.8107229906053596 0.04491822024646967 0.8399604605882525 0.41190775390899675 0.015521708372271958 4.550360750497912 0.07526741156779104 12.110401191892823 0.09738168285065518
2005-04-17 4.205297121831256 0.019341212722772474 1.050347094478773 1.9760590165466079 0.9829152255818254 1.2608380146972398 3.234695336424646 0.9465132652824482 0.4733786968990774 11.853954553756667 1.3492050828361655
2005-04-18 1.2832550535309952 0.015521708372271958 0.6335836571223041 1.7515816925492727 1.3397788847516148 3.2686831997434624 2.6087302495043154 0.7521213183979907 0.10567017218749787 1.2298963734062696 0.5451150966424179
2005-04-19 0.5981188748417331 0.6399335587101661 0.5507651441356857 0.32907828209694895 3.939416603730626 1.7168217608565532 0.4908708061494173 0.14457323405676986 0.18396638854120048 1.4683186538048543 3.121626293884592
2005-04-20 0.6490843702451775 1.9254277986461346 0.4131836894635914 0.06913273277290607 4.748685445038671 4.443621125092808 0.23655361745527484 0.10259076228077017 0.35320659637610596 0.2293168585222407 0.7587169022798426
2005-04-21 0.40015311730649405 1.8590349880530774 0.0110930628663065 0.30468188497984167 2.508851675653297 8.27161379893175 0.26857682378783 0.20533562450310935 0.6018219164936098 0.13528064338079457 0.40908911047924945
2005-04-22 3.1303811761286093 0.29223995456659196 2.588014598281876 0.3551367858700575 1.3262627031494991 4.2040409601983875 0.0868057397772973 0.27749366041769385 0.08848460595304508 0.4380277174094679 0.8013321853474783
2005-04-23 2.2098736045207916 2.5798313159839914 0.1775990491448913 0.4748694613798226 0.5626801280908378 1.4094432508021235 0.005368106879597758 0.16710421315347487 0.4588189804529689 0.9873264020594525 0.16545068154842843
2005-04-24 2.0228108810543732 1.4337631872210395 0.057878672033744936 1.8797745939053552 1.6711740714037373 1.4702165297847547 0.1563363330194366 0.3108798929828805 1.8196841047693368 0.985270539521974 1.8945005071674397
2005-04-25 2.417159463418289 0.39478867345564306 0.025834337060272015 4.923097953256027 5.121906484395107 3.6863862649993666 0.8058781218964267 0.9431035794955335 4.9971061552012035 21.631085560173837 5.602439900812165
2005-04-26 5.258281280850843 0.7449991498633881 1.6598110246542557 5.541177374420615 0.9037616872956069 9.894018531033527 1.9765895250069836 1.6971520843618255 2.526490456420965 10.065747828827917 6.490110947645999
2005-04-27 2.0234199759654024 1.849454504540466 0.8306969389915112 37.8658299512773 8.069550516717355 2.2567625240845626 0.6781537598644383 11.290124847850695 2.3140760780727287 8.952052728822729 8.122035556971825
2005-04-28 2.527093024448555 1.704619877472117 1.2462536727558478 15.923209290320665 0.48257839412760656 16.000322983244416 3.403969798114993 7.307423999388455 2.008163242286919 12.309158719770068 7.424579642566016
2005-04-29 1.8887985780327619 2.1256980248275106 0.406315705445356 20.368715272140825 0.9465328760593146 2.1979960738164115 0.021155667492538385 11.689169466696619 1.338808134324747 7.869048396766143 6.2668024063162555
2005-04-30 1.6305563092875022 8.35578742633337 1.564466693814862 2.7773834324064324 0.5290296497387112 0.9913758289442149 0.20534079908753264 4.093315457034932 0.06534458398371495 4.244699167453169 13.406694729669375
2005-05-01 1.4887556380186342 0.6972995628358323 2.8220404202937597 5.849718991076183 1.0490049629178486 2.4523509566633046 2.60948529216299 12.053031184975726 0.2274953198136785 5.562909393822773 1.4006057807992667
2005-05-02 2.3698287942162595 2.5053361089594315 9.749751176983521 0.3824554639069111 12.995431347391577 1.002821838345433 28.79138136604635 12.973942067576267 0.1548057365922846 5.02725679563048 0.0
2005-05-03 0.09574339053577753 0.48939591348019146 16.426120308614912 0.29951652344963864 4.023111287849406 0.0405600453439478 4.3659488365903005 1.4737625608247396 0.2414863744811693 2.63111894985979 0.003826479817224195
2005-05-04 0.48508678230343893 0.6831572940043047 0.7851152141809029 0.3495692068942576 3.02430647742922 0.8055317843630405 5.054369108488357 5.387113028037954 0.2758620641569599 0.6823271928607086 0.1314887826592728
2005-05-05 0.6683073840914193 0.9340611168716064 0.6392689826478398 0.5381185058117126 0.12898477792028273 0.9704535652831032 9.509541230112593 0.42247243636307663 0.875647077321323 2.230576044117565 0.11754735315303329
2005-05-06 0.5027242085300014 1.3769250226557403 1.1096114920318882 3.2227679816235786 0.5098521433535246 0.6937907961969147 0.1048215037366067 0.3509738313715507 0.21394739541815977 1.9127593079030731 0.06778871626871817
2005-05-07 0.40518151290110005 0.3314959217095892 0.7341796707429322 0.17462790291206215 0.739837418436287 0.8316011004942394 0.36512912777566797 0.028357530930029247 0.3756259219076876 0.16660369585603363 0.6771600423103274
2005-05-08 5.331015856507571 0.1645371880352023 1.3478637871500476 0.02010938107356327 0.41097946434797 2.7679534125479344 1.793035189838104 0.4724846466122201 0.006671553819352298 0.479569865185157 0.1043118718231471
2005-05-09 4.4469298834897915 0.04454219024066255 0.5134264125567731 0.01836678237440006 0.4720060893467574 2.850846326919518 0.24977300667955166 1.037739462828973 0.10084992011659083 0.6603073727850848 0.908969078029489
2005-05-10 1.8383272100301065 0.15575017831155247 3.8601298117045575 0.10414608964556495 0.6504354743399482 0.0766213331505546 0.010914794376741317 0.8970046885403621 0.23793757929856746 0.5542257391302703 2.649067851881862
2005-05-11 1.3774899412962034 0.18193714525242305 2.697691837548129 0.0734213499391203 0.9760459557902013 0.14519262199770516 0.05107358541675595 4.842837526825999 0.07281959696568072 0.8958192312084862 1.0328764343562036
2005-05-12 0.4715111779576741 0.0 1.1717713798185123 0.08165521868583041 0.6869795864678061 0.0668566215841687 0.005546687497143561 2.7792725699589305 1.8829076535739098 0.6007958259801149 0.4402144930155888
2005-05-13 0.07634464776083592 0.0 0.5405082229732667 0.11519808067757031 0.0021713038768768943 0.04559545232588118 0.007539410756474652 0.0 0.0 0.05279731498544856 0.16407037504492822
2005-05-14 0.090804541882203 0.0 0.6268625345802299 0.0863096180775893 2.8878287877927917 0.11893069179239564 0.4095351574877124 0.05776684253570456 0.0 0.037783213084090696 0.05483598810495008
2005-05-15 0.07365417451738368 0.011964442712031894 0.16458314858734202 0.1722496288647638 11.284607720729436 0.6382482894122277 0.6605710980128965 1.8553544467999201 0.01836678237440006 0.2600839895458825 0.8247483160396214
2005-05-16 0.0599349255808312 0.05207669414584594 0.012146324752005291 0.0770950244858829 1.3793521148567787 0.0923829400759012 0.6104719069949158 9.989616954176325 0.3079522001925339 0.02853611154757505 13.08737079574978
2005-05-17 0.42265964048003035 0.0 0.6934764447181228 0.48878901549181225 0.212358423485621 0.022910362206369647 0.0 2.366526765078488 0.007201863437490862 0.3651100324160581 0.1268326068492241
2005-05-18 0.725030119182976 0.0 0.3512543722121066 0.5245797559142277 0.10037712205762038 0.0 0.008391761499271665 0.04353587274922498 0.07243619915708721 0.15989733334316975 0.23460206044519832
2005-05-19 0.473755355143639 0.005997783694101089 0.43010646310535666 0.022914206682091032 0.03443085461959299 0.107521472579616 0.03044977252141815 0.021848578413629204 0.18007122751358726 0.016195478497523168 0.1793012163224851
2005-05-20 0.04474231366803192 0.03044977252141815 2.4581617617462936 0.005016377879004998 0.0 0.04653000664870237 0.08091436981695527 0.024185985450955346 2.024733471306617 0.027216685293226964 0.0558436826329108
2005-05-21 0.07833222812177587 0.14740209616760375 0.1621737341296427 0.3066558272650539 0.2834349445366498 0.0 0.11519169883950726 0.003375383620266667 1.2661352378002826 0.0021713038768768943 0.5574750362211685
2005-05-22 0.1467863919245667 0.5500744417047334 0.9099532208717713 1.0499295203507386 0.14637736397429288 0.023508913903276543 0.07900032712948406 0.566680089096845 0.03179731277192056 0.021563585377120924 1.6346370451290269
2005-05-23 0.12885195664477123 0.3815456101775167 0.600493054825241 0.04197362776514171 0.0021713038768768943 0.0 1.1215603759889645 0.025421511260482192 0.10952793818555753 0.0 0.07109586487956378
2005-05-24 0.36947234277223395 0.008921758989429604 1.3027650436711062 0.05766662002628232 0.24028230414180066 0.0 0.6805846788660166 0.030406443651753757 0.005997783694101089 0.0 0.43065620944443994
2005-05-25 0.10977470007899957 0.010914794376741317 0.4604287718881672 0.0 0.0 0.0 0.20164145978626186 0.12501483895271573 0.1415534253684281 0.012146324752005291 1.9566331239484351
2005-05-26 0.005920135937062986 0.012146324752005291 0.8331132543288653 0.043859898649795837 0.0 0.07156834145944291 1.2278940099885534 0.5447912351871183 0.0 0.0 5.466153036568455
2005-05-27 0.1824725147811395 0.003375383620266667 0.40508896522514215 0.05755146484833011 0.0 0.0 0.056354269641412005 0.8268654819589063 0.0 0.0 0.1386821756235581
