2005-02-22 0.743011231683785 0.22781762072477454 22.81828114888496 1.376575137951233 1.7734606659741896 2.6712349273558234 5.108751296075698 8.271231643271985 2.082963480816226 1.8710252341337772 2.777188059982643
2005-02-23 4.904919009506356 3.2120625461910395 3.9982537296557252 1.5934429777251728 4.552321102982848 11.79344283869722 18.154016614272592 20.30310134402834 12.340860934487115 8.134991969010883 7.743848736895889
2005-02-24 6.959082505549822 0.5995349288109124 5.55013374948815 0.4935292378006819 1.9578210898164983 9.58869328628762 15.23705559453493 16.544030839486155 5.4673914099251135 6.116693110804885 0.05660320579522119
2005-02-25 1.955153905445899 6.671588320057566 0.16851476564933965 0.7623510779158016 1.2663059159487864 0.3626651305137776 11.471418975417055 5.927557792791067 1.8977353388800309 2.7909730683185248 1.4448900338664386
2005-02-26 6.212722169740589 10.05316586841333 1.2179960125919074 4.325771686861376 12.72125994913916 0.3433517070999955 6.818884759794708 5.1900670385194285 7.6581870401532806 3.828240768324399 0.3390593857231599
2005-02-27 4.161546091236639 7.648335352018615 1.1406504516016225 5.504733805253022 9.24437350447435 1.7731506101071366 9.117005381603246 5.697121148362848 3.100247129513964 0.6086503296132135 6.202598526113381
2005-02-28 0.5460727854626437 0.5726106007518565 0.5064433436975286 1.6724014696315366 0.9010294187182397 0.24132132391130628 9.364784151743608 1.3254108522029067 1.9159345467508224 0.7543728661451704 0.028084952244512257
2005-03-01 0.9286888764668062 1.5811404859005438 1.0172704569415374 0.2754807803087185 0.30699017722943667 0.11862517793224672 0.18328395607436931 0.0479403080701293 0.3768855865765047 1.8204036688728529 0.015063364825591424
2005-03-02 2.618792115622659 5.886335643030911 2.6827222662271275 0.9362218027581518 1.3173990640607178 0.022014932049439988 4.698890367339615 1.4591310133666915 1.1441031781016644 3.468230106098862 0.8703925613164281
2005-03-03 5.3899870205986975 3.689598082237163 3.7207480542060365 4.916643843328513 1.5303403484093208 0.2571386362334054 6.269829460557297 0.35436107094309977 4.09960579431531 13.843015672766503 0.24704022752117152
2005-03-04 0.8149158429821939 0.31520879676912816 3.91236293964067 7.5619265450815085 0.01436588206976405 0.08239029437596289 1.0002282522262476 2.897623316588662 2.6152058298035517 1.0932076900720247 4.194289933140034
2005-03-05 0.6143998093650224 0.012797710090114732 0.004629693689864259 0.15139830066184087 0.41274191769059665 0.0 0.1316814018354708 0.3429869764638426 2.6213213711245116 0.3285817119858605 3.2285162979283553
2005-03-06 0.189015324433626 1.5666723464864565 0.0 0.5769506230595135 0.8844697439187376 0.02756039546317577 2.4783763692833842 0.13279661643971508 1.5280434097413336 0.36504805688052067 2.144815866095288
2005-03-07 0.05101943870789741 6.833772653675482 0.5882947914112631 1.8743321810299074 1.1919122283239532 0.10835941133203 31.48126352269405 0.35568955874551605 2.374792948300895 0.6519609362848557 7.185076717805835
2005-03-08 1.6662531276916273 0.17021875011376678 0.4514609854067886 0.03668651695765754 11.010358571906368 7.149977866704301 5.867809755183138 7.771435983376977 5.096640601533577 3.529721192814193 15.527392424628333
2005-03-09 16.805434283634717 0.7035837559748793 1.0893106596467979 0.7254712660688719 21.39551533066672 0.5977225001312327 6.185530594975219 3.6852255600243016 6.1793395413157395 18.196677166737423 82.70951787396348
2005-03-10 6.757939326598425 0.7139294163570052 6.228475618452203 0.15695732748534943 10.90123884873498 0.8101491697962627 2.4907221075179042 24.999706655546476 3.7059108626723902 16.791037049284284 18.522615521845065
2005-03-11 9.288282307117392 3.4151725486243123 23.05900875874511 4.6998396469926895 21.839258188424665 0.6705303891668284 33.44489592555008 14.040069408480896 27.725825553449166 3.297979590716366 7.07964561553376
2005-03-12 11.730663127327688 4.34189155245546 20.580963813781207 19.660933758817674 18.86182353995381 0.038518623380239425 6.666627757956303 1.5810204422680463 18.505310362128945 3.2062824470948383 9.623774496613105
2005-03-13 15.190742546677587 12.857569566679077 8.644309181490732 9.487383930596714 2.444246892130816 0.9267422167172041 10.26487186739524 1.6471821588081177 10.561394039295005 8.466201258998446 12.21600691037531
2005-03-14 13.08713922698944 11.748585767823366 15.359012265311353 27.26405493034633 0.33972352753383894 6.935384984959599 36.43365277283147 6.679665127804253 4.734722225880292 23.96481012053229 3.170787150398116
2005-03-15 4.607232314687373 1.1251311216556252 9.441783514948062 1.6632774241798127 2.5146286413057846 18.043709900885883 22.185929027439368 14.247724172897783 0.27911641980268886 12.328799850645446 9.845258204474929
2005-03-16 7.142570914171302 1.0249944297975433 3.2072943599862236 1.3032136648714379 6.092257146512319 8.544437527302001 8.678902221140298 12.652429205365511 0.8632147567373943 19.633845174113603 8.858047797704844
2005-03-17 12.552931906783302 0.9777717258615836 4.227645421470616 1.824934641972447 5.599604984574475 1.5168955115203935 8.342940963510824 18.30327676784062 2.1643435372971433 8.904119253926329 6.206597434645055
2005-03-18 19.794134990272667 0.8293432944343698 10.34825394947871 5.684502533960293 7.638853726417346 2.700844278833272 12.02910431694879 21.812123057761163 3.580744471139267 30.56130123397174 5.968624320462874
2005-03-19 19.849614929176873 1.204373793012993 28.800234352848662 21.296044531738417 11.560338658879271 2.721874954591082 3.9871278748131154 12.41695139760856 18.79145004665014 27.58217683712082 1.7422485823276186
2005-03-20 5.99204518407157 14.686210050538996 18.111843175459292 28.88320140418733 2.9305489190919713 11.30589872815815 0.7947546350880644 9.738176778993354 4.512588927606421 9.490435585736963 5.694818158251991
2005-03-21 6.472661900654172 26.28119065456338 2.318742232501701 9.4466191321908 7.795586868680646 12.149829199699212 0.520544267980853 6.947573523870843 0.7149940465210856 3.636334172481196 5.209546564247459
2005-03-22 7.596636977522952 6.8811547121519645 1.9264978294500739 4.708235113046173 12.098971533841464 6.189494378575017 2.828224911852489 2.2822829398650164 4.121149998447506 4.040906404478403 2.5480210906233682
2005-03-23 3.4454473458558583 1.5537235044453894 3.649821942622759 2.833676729765749 0.12667289763708628 9.02038228878983 3.0546998781309105 2.2002619355821444 1.6356584828711018 3.6277027946992266 4.192425780675665
2005-03-24 8.940310600666944 8.440442428973007 2.164907673409643 5.623161306554811 1.8097731142196425 6.542601660913935 2.2801496191527617 9.492912436970105 8.241728052840728 1.7038083497029537 6.762939337660153
2005-03-25 12.1336799000896 7.746486562598239 7.1832488036180955 7.418743301727024 2.362763638505011 13.625034637506042 1.2414163260874802 45.99494886889811 11.034163531657837 2.4915177456681574 14.929336720280723
2005-03-26 8.362135984009486 0.41179002459517144 8.933156822177098 11.812439644767085 3.199358022147625 6.521640046693266 0.6004894362370425 5.873896478730957 6.270954111248663 0.22672649507728246 13.134308288341025
2005-03-27 5.867863754921528 4.9490172739106235 3.835864112298702 12.338747129116005 9.012226883427708 10.674000540777758 1.582707118329766 9.108658326430739 3.7660137813966745 2.504355440309642 11.255925338337658
2005-03-28 1.874161640344175 3.5183072685975425 0.6818554557480723 12.087736800042194 1.408187977312706 1.8810390631165075 0.9343466580502636 9.906459085722908 2.7326999899298228 2.850491951574135 11.677146348825515
2005-03-29 8.860792512005172 1.9444265681523876 3.0823742457206436 1.7208303475661963 1.6455966155165513 2.0696946454756717 0.08182923686504451 12.949516429528089 0.12790891382608713 3.566082239576186 17.980187563100394
2005-03-30 20.17591706839429 4.457279642794866 4.559241502233993 1.1690080969880188 0.30793277540082153 4.63763311250185 1.5373257189548153 6.510870293723983 1.302096726455221 2.486859692671552 7.260833418504808
2005-03-31 6.580238171230926 7.607606609871728 2.868137917783175 1.916533012774598 1.9531856883531196 7.07827203383998 5.157833441674873 0.8321517511161403 10.205670705465732 4.496464729057559 1.236267607778712
2005-04-01 5.007503078137166 12.83808034274353 6.119215222148526 0.6744908508913319 26.75397457315332 14.764157649338213 12.476261250144628 0.22920230624185145 5.8618431455054125 4.188785011477249 11.086512624874256
2005-04-02 7.064357411691495 17.8104535690295 13.13731745742776 1.3220184371733792 1.2463767590476116 5.909577845844185 8.13173999440373 2.886653964891629 4.451955539455414 2.9941783623622347 4.413461430288556
2005-04-03 6.3800223281637525 13.572483049289696 7.603055305911496 0.4624300956938843 0.2769513628393275 6.521836496457929 0.9687184489898177 10.988127944617835 8.117208228829071 2.929482078856674 2.6140952108422044
2005-04-04 7.878735096142793 25.51372260332021 0.6657222553511037 0.9415084633916777 0.038137946230834746 6.954354370612019 0.5198806199444899 4.565513074964766 0.4555371202071423 2.232572619577615 10.644958688137407
2005-04-05 2.9322868403704567 6.384694205538182 1.9273203019369372 0.6942832552045957 1.9671323899059079 8.550140913808393 0.2610650135568616 8.259957821914679 1.4666172456079571 1.2765619071132317 18.348308302896136
2005-04-06 4.374333291492323 6.328951576739937 3.3394446118844323 2.0882717045935033 18.177263867672217 13.16049178524712 0.35955535556415064 2.954322574391145 4.528269232590757 0.6384848827779662 10.127658916812175
2005-04-07 6.8977430780073785 0.6622024653856948 1.0472422831647492 33.073047910960646 0.05569831091760706 6.690664541510411 0.1652878840277982 1.6697616676630833 0.4885573744032519 3.3412387164209525 0.9053991390340776
2005-04-08 20.553894195761917 1.7345865192119498 0.034160654796748284 25.452317708447712 0.2239631277292767 7.978887112852636 1.2359789713768174 8.09158987307333 0.365108382643157 3.8082020545226647 5.404497222420261
