2005-02-08 0.8711528260871644 0.7243466790964895 2.2095070622847626 0.9581041617158226 1.018409563758036 1.1770058412085012 3.645169213394787 1.3415923659508942 0.9309147322628782 1.2880099967905927 2.7341608460885287
2005-02-09 1.1240318752070722 5.478189640752106 2.145753003284442 19.724025384700536 1.0219050024331704 1.8006615194417275 1.1623476798157633 1.4901800057035834 2.055373548320217 5.250412486424379 0.2364213993450187
2005-02-10 2.276594168191629 0.7212801301555805 3.5880080137729515 13.557196159634074 0.17747821231134991 6.5124612967865385 2.312250493944841 3.2653522758840077 2.5131659678005276 4.823132848452909 0.36159373102943293
2005-02-11 6.887253537755708 2.5568993974026157 5.01055358111646 2.997967665393413 1.5324157680026849 1.766654689830374 3.893177608365164 1.3418794734732562 2.4608386517277796 1.1663719873076777 3.0352888663550903
2005-02-12 11.325819828601272 8.67166645053268 0.020850040499318025 20.2837994680476 6.633285958505635 1.1923065799967387 5.991574411648535 9.810823893236684 7.884547789350401 1.4046096632353844 0.9148485645353522
2005-02-13 0.6193175671607698 0.21870717093545583 2.150535845524167 3.5278354296693673 2.1986918399839883 0.07718483020058411 0.22696335561918424 1.1873123567992254 0.017810491733705542 0.05206258984905923 0.21372104092467006
2005-02-14 2.9899971202149254 1.7578679702299294 18.023704430849715 7.083404533687728 0.5445062402207328 2.7308504524369237 3.918087245365376 0.7892946158228793 0.15256722909031212 3.8244251273353504 1.151190893776489
2005-02-15 1.3419485686804236 0.9076134384871409 8.477994214846202 17.9805097221913 1.4898462819315657 2.103463805679943 17.580575925942274 2.026591264705587 0.3824029934364461 10.522842199870835 0.8502932811518478
2005-02-16 4.37964763476201 8.670653297352791 5.814748714334517 2.1579303368500047 4.127075983244637 1.802742335260856 5.201203125587824 17.005867758595137 1.310914467640354 4.665227647324637 0.6396375814182862
2005-02-17 4.229400216965063 12.449339173725646 3.2855813793113735 2.7519215744973673 10.581600267781246 0.6842605342573594 0.3817363327746374 10.101487618893238 4.4305278746026655 1.9526691655257244 1.6006564419071967
2005-02-18 13.125276417228566 6.152821531997175 9.731611006656 0.9460746824079056 8.802263614018836 0.835455482738983 0.29310095502150957 10.61662696201204 12.967139714088788 0.22693991900161567 0.4119036133891558
2005-02-19 3.521369341545199 4.801613286899972 0.7748142109692562 1.418989971006709 2.636125419009707 5.132568741094666 0.3986175852940548 7.479480788290255 11.707079454465774 7.397405361435365 9.108450359565605
2005-02-20 6.939782574672835 1.9455499502015225 1.4074573066901754 1.5774770659757475 4.2042262045364724 3.408325107977928 4.080867866791968 2.7413457189615777 5.426535222353041 5.22315542440748 4.908169583174711
2005-02-21 11.061428247011317 7.9645003024921195 0.45819361691405547 2.0006290716469746 9.872316032130561 5.5889972361088995 6.679586146072513 3.381083614824303 6.00280783383492 8.327454953082839 1.0347206360555559
2005-02-22 12.951380860920633 16.373766444708004 2.073620947393432 1.909674001369822 10.204964788899977 18.5472401616613 5.479977125117417 4.259593915764029 4.3562088594836945 2.9087763197270426 8.502081322070435
2005-02-23 10.773703182251046 8.228994744217294 5.044761933495797 0.0 8.194806623078158 13.967908712843098 2.1246516654017378 0.0 2.5507925566806042 11.129012012892197 10.652892384460745
2005-02-24 10.885847685893513 10.130691559786374 16.39668197913846 2.2833200267613565 2.7878741232183804 11.848745825683071 6.784411628031231 5.42984366065604 17.469619087399913 10.219963745665085 6.337473326240035
2005-02-25 2.0097228074480946 0.47908243498522485 11.200418731273132 0.7173780359601261 0.5162641469619429 5.2085650025398085 2.56189087611879 2.2315340480105847 21.63925924417348 6.612916478266285 7.908022632471205
2005-02-26 0.6994113008844751 5.346074648758956 22.880373727941254 0.09893691860253118 0.0 8.213225325230988 0.8147340371442096 6.844495637913217 20.535583813120287 12.373116398852261 11.284228356452791
2005-02-27 3.8134369323991395 11.227977402320668 9.5597609926759 1.2245837557644568 2.4167602580020806 6.551951918320629 10.17052424405422 3.173087293371701 13.488630465040337 14.053611204445074 17.986173986054855
2005-02-28 19.276811511478876 25.094902156591264 12.440510344645915 6.176151042354256 3.937481169922651 10.188396456238687 2.1823761219267723 1.1853915345843729 13.29504744469114 3.8280537404047834 20.494993142016764
2005-03-01 7.411621578218832 5.748570456663691 10.834163171016932 1.6314595217953018 3.91310498539344 12.198560361064423 1.601771245359867 0.6506665939907986 15.798439221021162 0.7884891130699654 3.386982886451337
2005-03-02 3.5105684126323515 21.855333638989137 0.813395435547798 3.3358895257207295 0.558306971565108 12.989066222314243 1.485213373957625 5.26666104892008 29.33565588170191 1.1792569270662079 1.579771335482115
2005-03-03 6.6072693870396115 8.560691424914198 0.1187823027268217 8.087367274255547 0.0 15.042618476364725 0.0038170587633044777 3.861812191590209 16.44342491400352 2.6038151713355884 1.1292781742505242
2005-03-04 11.03146247808434 12.65130242290282 0.1992467030929156 4.195683267412871 3.0894338269330976 9.153049197143403 0.009296256102666916 11.312667702499276 10.0457952217697 3.624970349298567 2.302651984893361
2005-03-05 18.133830887861137 18.895181061244124 2.941527788271822 9.760016098379236 6.6587184755995 7.560694420285014 1.3725337946421114 14.079976206287593 7.657302401110303 1.0172687533617757 2.3925012381282764
2005-03-06 22.705622744270315 22.771949312729376 4.693901883728553 3.58373216667766 6.952921763189133 3.5039867122306934 3.783885492098687 46.2119406229897 5.349254675259541 1.0617488556091947 7.4580714521236215
2005-03-07 5.6736706942348825 13.200185036839098 3.8683517762482915 5.863154503595977 8.605202388668257 0.10111491595282776 5.295563152686472 68.96401043316351 0.43749434621925176 1.475846068835363 1.2353357776870753
2005-03-08 3.3379633820915195 14.570952036647235 8.02959883859362 13.558642757492574 0.9654394874713277 5.772359537583539 4.302563128040676 63.214770318651745 0.8789473116129122 9.046460342331166 0.8680310863357643
2005-03-09 7.088788193927824 47.88578244241522 1.9071416603841291 12.314541534348905 7.18267012733599 7.671518614461981 3.2344073853680055 13.918130638046994 0.043611050446006994 7.299681663283747 7.050744486917891
2005-03-10 8.922566794593575 4.692078718424474 7.473896695474056 13.519307880947443 0.6792197002252902 11.761252637208983 3.224282736721597 7.571249767858131 0.6573549649107142 3.3277779647279058 13.737935588213254
2005-03-11 7.42359290859107 8.205373389503611 2.9723610511166463 3.5949295184218837 3.2559423714146187 16.25607577527598 0.7288287090697274 4.708507060104249 0.36833548136166505 10.109637639051975 0.056287873074318096
2005-03-12 9.058080421117221 11.511174282771652 0.9050539063835388 1.842270208573151 8.429705710296908 8.52611558075254 4.309666205578302 5.146182884818664 2.9153595216608723 13.921571971467742 1.545545025299539
2005-03-13 4.751059954638962 11.03392479238806 0.07456046919353856 1.5097734369621343 8.58495731736382 5.0630318438190205 8.977548414052785 14.63481248110583 1.9101166781724228 12.334498243098867 3.3806928805021945
2005-03-14 4.585199743881207 2.711833739799226 3.015310130665831 6.01504673429243 4.370483190301912 14.661077220222737 0.6036100513780693 7.46617379784643 0.7273222701729849 17.286510793438758 1.5265705290125813
2005-03-15 12.26989690877003 23.509119669123702 6.52922504870466 12.467177366573718 12.488106749356662 10.562701414319184 6.4912635589940235 3.9788884670073843 0.9461285250209948 4.794380746457242 1.2577137634319393
2005-03-16 0.6604218079958789 14.464380727042768 3.029314066248996 15.290153362411761 16.49092041514475 19.62653896546945 12.039575147138859 2.4848741119113917 0.17818983362887852 0.693967733954819 5.95262856716888
2005-03-17 3.360983829922376 28.936338577166733 1.3445002419712875 1.619377339838892 8.175337381668069 14.693998984082086 21.13455981650041 17.332988937810786 0.48420952507025095 0.9499074127823767 1.381070096948696
2005-03-18 3.4421336424737214 24.262390755025326 0.07598048687356516 6.709120663004582 1.892676088521372 3.4474286433548174 5.986360749973423 5.137059370601139 9.47681848625906 0.5680559923095334 1.5477574547003854
2005-03-19 1.356103301013044 20.239377677995023 1.9702457903234092 35.60400609807005 2.7665554838865893 5.4325807670970665 12.29314803685995 10.469797178529326 6.478515763628192 1.1801091522462785 4.443808547164084
2005-03-20 4.0482710885532605 6.3930654829824025 6.591126308369675 11.825871722835707 0.0073451595107672 10.056359996472638 23.08970509469301 12.021786172478404 0.8629812853004639 6.098760352174239 12.916211140655104
2005-03-21 5.619610700239988 1.53805751182097 4.331920043235014 6.858074377665242 0.37796257373204956 2.2087402780830647 4.019196476534356 7.265408525152218 1.3367562128801886 13.299543823569628 1.8882249296002984
2005-03-22 0.951558156803005 2.8430519386208837 2.9381234196678205 4.663204193131186 1.1141729938219331 1.957330800526888 8.048383944762284 0.9343106235913463 2.9544242270565957 6.829429483261947 2.1607932796923324
2005-03-23 1.6970845442896965 1.2023953903141416 8.49417648483348 2.142573734800958 0.4870492871643233 21.81931338622994 13.361124682470336 1.5474827711488546 4.701606351154869 1.9591995768098116 2.1669708866126305
2005-03-24 2.5966389762463913 5.927257254817174 3.9736126264269815 1.0325507048447409 0.17818301809557455 8.00141509528106 7.290173845479074 10.867058957409522 2.424960443659912 1.3056233328778624 13.746041872480465
2005-03-25 2.2806043330546864 1.413875878878344 1.758022550027127 5.218390554659172 0.29163633548233436 3.84346162059142 4.926391295296347 10.183575585449937 0.22692555852049834 1.1083720276094025 2.0341862184031285
