2005-01-25 14.04956928338673 9.26284535362469 12.12715542740284 8.623444760666006 25.612714313312367 18.970253265383622 3.397224594906782 8.346335580214134 9.398174547184796 28.083119824325014 5.504863813576893
2005-01-26 4.201751188586987 4.238408733964352 7.146276254251912 7.28263751228737 5.531133003108275 10.225518269097835 4.9448392437646795 6.355729101178113 10.584894485547661 11.294222471293441 8.335812489772273
2005-01-27 3.2722101458409565 2.7728502378504967 2.0998571697708472 2.3565351656876143 7.611224565141252 1.2794846413798973 2.436066531696433 1.778430062661279 3.668294960381523 5.03109824942814 4.716457331777539
2005-01-28 5.4368483093603075 9.297650779305766 0.27298161405616306 2.870914072188497 1.2651219626626646 1.8421794203309974 3.9473144339717745 5.028510104596394 2.0205686314124653 6.033729425801695 7.5213169178110455
2005-01-29 1.9390355461730675 1.3325963183800207 1.206452242081959 1.7649196357341188 1.6166661106054636 2.9174797240930768 8.38411842606999 1.4602658182594017 6.4103155486141485 1.0125387175804688 5.768044825043672
2005-01-30 1.4050634291513915 3.996309079698589 0.8738370459913947 4.184442606031663 1.6170439474762048 2.292750181125254 3.8462717037527954 0.5158559055678738 4.234650489402716 0.023958449289986798 0.03235011547803878
2005-01-31 0.36570652533660325 0.11668974305676044 0.8085768165679522 0.006738047342775417 0.0 0.7741019216919884 0.10159156126597196 0.3338734145677877 0.015624370804938663 0.0 0.15557204780699888
2005-02-01 0.09661810934621179 0.0773774862443722 1.0157236004520986 0.12072281583206515 0.004182508339171782 0.019905437176161667 0.1790821109735649 0.6933584205201567 0.4604626366884933 0.05888072218582126 0.33167314224044586
2005-02-02 0.02449179018833643 0.003972693359772124 0.3627645253482138 0.03318408395689636 0.13678128733388858 0.006318050021656577 0.09737182895094262 0.09837019118575493 0.3036044410353146 0.023084951798474918 0.06796419663767356
2005-02-03 0.018777333048521576 0.0 0.14911062213518378 0.9180864132167378 0.09885462849466878 1.0870153956347117 0.6425900628754284 1.3820983584396036 0.4667187492157391 0.18625701153139596 0.0
2005-02-04 0.38320837541152136 0.004182508339171782 0.2782597029635572 0.35823035040568424 0.01702879072420412 0.05908231704451545 0.22254654841004418 1.448831502161884 0.02226352827494916 0.06655582043518991 0.2503082917444136
2005-02-05 0.25468685292013615 0.1123989579747972 0.7462879693193119 0.39631989698488734 1.1101815623679023 1.0478346677115704 0.2884312835410132 0.41222211624256616 0.09252384312115501 0.004182508339171782 0.8828391375495577
2005-02-06 0.08021007589960022 3.2171356414498553 0.7829390270656766 2.0300609987898914 5.867210667162188 4.434996417852432 0.0 0.41054452379733886 1.2269600179884965 0.06152478952659811 1.656314025960642
2005-02-07 0.9499738425915205 0.8941038178570523 6.36585626204397 4.45754716999579 10.708191950128128 7.545591568742686 0.4698280944860497 10.916312046658614 1.3205381469639805 0.015624370804938663 1.6768002642741606
2005-02-08 2.112328128936141 2.544371361808559 4.822010027361641 1.4604813906894236 1.805474485149606 2.6669453094162776 0.5531242174135849 3.699291617889008 3.7469409569619825 0.25156267883558436 0.8172262150338914
2005-02-09 1.817328588093754 1.4501215243360894 0.4788336035053851 0.17092804361159694 0.7344559282918561 5.26680786243247 2.23170179101355 1.737617173302832 0.6356238288618344 1.3949151311407266 6.038648945628143
2005-02-10 0.18099160729978475 0.0 1.6460664589908558 0.02037733058451833 0.4523456940595506 2.8760086543671157 3.824273514223213 0.5113724295271129 1.4615782995932622 0.8138694652295916 0.36116248746851676
2005-02-11 0.06168136389546335 0.0 0.9723079730623617 0.02900157561772457 0.646616801272178 0.3281839674456555 3.2206491445550256 1.8093799767638206 0.09992303409101515 0.024819067278552792 0.0
2005-02-12 1.5953407294120001 0.0025555390036036347 0.8964854595774596 0.03328264140037938 0.23808644875800739 0.47238351364397446 12.3706894835368 0.0 4.116289576305992 0.17607966142613599 0.0033485398603142103
2005-02-13 0.020252980811273524 0.6156185526870217 5.560762066710048 0.4673544366787894 0.2536424635726833 0.36106820751351343 3.1502222165164584 0.9514740163394326 16.67252199240174 1.5919548270427262 0.03373381258276095
2005-02-14 0.02133607854905012 0.33102453068429927 2.0136914979200107 0.0025555390036036347 0.01540182138863597 1.676342440940683 0.6962030940343081 0.3858124607944864 5.469689672384951 1.0807140452669413 0.0
2005-02-15 0.0 0.006318050021656577 2.913950752009895 0.018142899029268612 0.040751810506374136 0.10014558082381082 0.13006306519848138 0.3968696432900049 10.939111247187133 0.33312699343357943 0.0
2005-02-16 0.0 0.018179909808542297 1.3486291142184366 0.7143454825057344 0.2416462495665134 0.19628191204510384 0.011972784893520456 0.34901163246730593 15.79678450884632 0.7478290889408615 0.026736537709893125
2005-02-17 0.0 0.06682140643686083 0.0035811187054684696 0.08182583986247059 0.11361176426978775 0.13134457731808552 0.15265876508130366 0.28762385965395043 3.2300914233987355 1.031543872591071 0.0
2005-02-18 0.0 0.11291357890381248 0.0 0.43035078480642286 0.019503833093006448 1.472741633031317 0.33329124444536773 0.3272291328676057 0.25548161373904793 1.6043389805697998 0.022030949429794895
2005-02-19 0.010585510621574291 4.2967444013583815 0.34563879521243773 3.9185764100578173 0.006318050021656577 1.68757985328794 0.06017392104660168 0.7416795113214916 0.18966727779919862 2.6071098293896755 0.6769787725355207
2005-02-20 0.0 8.248257215610662 0.8431243379068992 2.637395469013483 0.09885462849466878 7.177902171339314 0.10411933734734172 10.370440184004089 0.9864478054949478 0.14750420480467816 0.006738047342775417
2005-02-21 0.08084019258054911 12.392939490315285 0.6848412315735249 7.724402623260273 0.7461398087058959 10.043334067189711 2.649253206206409 0.07285543077679055 4.896246703874067 0.224968070553309 0.0038880504005262863
2005-02-22 0.058830153264444844 9.252901309093488 0.0 2.898255010654096 4.060734215652234 81.3747935910605 1.2789180472316546 0.026054461959817286 4.314286490392737 6.488206363372759 7.335848737838933
2005-02-23 0.23116770916452853 5.3414753298486515 0.0 1.0670244278956846 2.2909415074659623 15.557567871103405 1.082753599088962 0.11305925074189074 0.9431923172825878 3.9787645863073804 2.8431300527858516
2005-02-24 0.4002887098874701 5.691057962780029 0.10678694988130015 1.3395061373794044 2.1856368302272573 8.500724911713728 0.7805864076654246 0.46017868110169946 3.826312473547127 0.7174182019781701 5.432225715035428
2005-02-25 1.4976729888123148 4.490036258268242 0.4696537377342185 0.6038765490003085 4.4865234826104565 1.393674228971515 3.912032589767538 0.3679297609455082 7.800455174179877 0.5481957091959533 6.627527725385372
2005-02-26 0.17690242908388198 9.497940165788236 11.382658341814459 5.748013531476399 0.2807984699569618 2.5355732040589 9.610787254393891 0.25702198670528736 9.972404334446093 0.10966356082499275 3.9080428672966674
2005-02-27 0.2942273788651707 8.619365518653964 16.6896060408448 14.676011315524669 0.8205211527414905 3.4666702745148257 41.02181628623207 1.7262589585390355 9.250521092830308 1.9309255939593732 0.39059490521540996
2005-02-28 0.1989565120438622 0.4753551570488911 16.92179303848454 7.155871032228174 7.398397991420694 0.2708032007394133 4.404664279932211 5.181259503798412 14.537915944088917 1.8644862407880172 0.1817277230143612
2005-03-01 1.2624648969514953 2.1573250892030513 12.0763593496943 6.8210108917442565 0.12099831235957534 0.8594585084381612 11.387773160004564 11.856238056971314 7.683567076623623 6.147363876823944 0.10873528687692625
2005-03-02 2.5404622489735775 0.628876942115866 25.5596499294279 9.682882011174147 6.584608575852127 2.117692274573572 10.426533010649923 34.943162361459386 4.08952066934355 33.43653138250218 0.8099896747015289
2005-03-03 3.6385785697736646 10.88732654273744 8.806864147842026 2.148601983094692 4.424760339388513 1.2032451176464733 3.8861511067562358 7.17516556079423 30.739352291091606 8.544401089710451 3.2088266399866052
2005-03-04 8.832592048217084 4.46777236256469 0.03195854082373513 6.541565047894945 6.444787608947874 0.9082303849877597 0.7179772796455648 2.395839321946105 2.6865119336135592 5.805772748443532 3.5173235561329133
2005-03-05 12.891424831152946 10.714769597015255 3.280125241563563 1.7111711109683312 5.943189471485196 0.355701225650575 1.6864319512738968 1.4817665088004686 0.2556679534708374 15.784971399240986 1.859135868432995
2005-03-06 7.41034944657134 14.497473417614763 6.649555784078679 10.101880947668466 9.403959926672295 2.130810343118276 0.6560859092354483 1.2115670621871273 1.6371431649775918 22.15562426745165 3.357315079554203
2005-03-07 7.405687304641846 7.295896090875214 4.129245678160677 16.519728907246417 13.594890263562785 1.5909958974680318 3.001144787413459 0.5554579576981423 2.727676833921844 38.03589301635695 0.40872798956048473
2005-03-08 6.702868667578931 8.279011393171935 9.4374532043179 6.487915205480858 35.55368093043738 13.891878618007423 2.598493998675646 1.3943755820165975 10.534724544934097 14.117018105729787 6.069805886977939
2005-03-09 9.17978856868032 6.176866362212535 2.7511289201654074 4.485974963951137 6.511240789534728 2.485359457637239 1.2562733164330204 1.6429770015374963 21.246244253179043 5.578235956779807 20.438120024393356
2005-03-10 2.442026384975785 8.00956287228232 1.4296075676024051 11.380782640208347 0.9529335460889345 6.439028358773965 0.4300351671669188 0.0 2.636502740114272 12.082958638886383 13.195048055571302
2005-03-11 3.1761509608242067 11.090434436241964 3.55051038220088 6.507988096984632 1.458417076424122 5.127867871140479 0.46298254574916425 0.08725425678190317 4.654563331934254 9.97127845118977 2.7893889480331575
