2005-03-29 7.640046965749667 12.808784931855474 18.51142562754035 14.121208015991012 3.050802680547016 5.2259437591091675 13.558396658787633 29.40054341428608 6.413071869363548 2.8336113438727413 15.320151669233125
2005-03-30 14.886750968484103 11.609275669013378 7.193690503593928 10.216461918035616 9.69551827508829 7.889316297558388 7.223685450313802 15.917972206699982 16.337007929169708 14.32716562307127 5.612828301792506
2005-03-31 9.680447643528376 13.323698829077028 9.350694881097724 3.6102098084072334 12.22977108524751 14.03629173531065 10.570111833450163 11.715993182260297 8.169276229823739 4.9515794590983 14.562860151918207
2005-04-01 7.572346830582737 14.16444188649279 3.5038610069293794 3.6938856449727506 5.08700219365916 6.746171198988725 6.177932388859862 11.464694140298963 10.04073964114718 14.243256897064567 7.682995698286132
2005-04-02 0.7987368217987579 2.1060572549279084 5.9803964765347395 1.2347667922720593 0.7242952925551724 0.24580658902043623 4.0652753744100005 2.984701379970436 0.5577427528344676 3.1569764290226976 0.7752539350660401
2005-04-03 2.981423312844865 2.3832923924342047 3.33136819255921 0.19755908327872423 1.3601595261998345 0.09351355321347546 3.6408260187072665 0.5501000001411274 3.5555845278514915 6.2398667481100905 0.6988847880636173
2005-04-04 4.2478715395900295 0.8150606122915446 7.596533252698827 1.2457836807355327 0.3834899301437455 4.825012465081265 0.8366969382821765 1.0182729969617568 4.422355130472731 0.859684994061598 0.48627836125575424
2005-04-05 0.30299138935194675 0.36063708578834597 1.5050879174753986 0.01539560691319863 0.4108000971944783 4.290589840800038 1.4219743983920843 0.5299180492852584 0.7567083785958939 5.063831482965873 0.510516700269338
2005-04-06 4.235501799378712 0.47505065823286075 0.0 0.14777662097611818 3.392633124083851 1.124033599810103 6.681499794912049 0.47548590548984687 0.21057974326292206 8.615521747683617 0.8120996920845323
2005-04-07 5.383279334754009 6.356830221676351 0.06701125000291028 0.9119980626384816 2.8697083869818125 0.16076536743519662 1.6460759339949216 0.5092422630293598 0.8115769475289344 3.485792813287478 0.9565960231197951
2005-04-08 0.6887291364502884 11.039456499922302 0.3022580583465694 12.40304136818619 1.0879731762305775 0.8907770104642976 5.179926715977439 0.48134172570849454 0.7487833171009396 1.0040327220730194 0.06774474889462385
2005-04-09 5.373037855923474 8.896942910021522 0.26603410149612394 2.8268111151212363 0.09208846849115619 8.448679813645755 0.5103274452723534 5.895895166922338 5.695584933609823 0.8552202634798638 0.5254590837639538
2005-04-10 6.15434856432449 0.4637219028093333 1.058181019799259 0.9794790600636794 0.40794544458074333 5.289126247973716 0.41486241699712917 7.3191576054312915 11.09685595248096 0.4881481608322932 1.1325452484455665
2005-04-11 5.833438505561187 0.19809083188460358 22.841985800264652 1.1649393343832157 4.928165333326769 2.397168180329776 1.28856275715876 48.648307117305265 1.706341155528003 0.3840190174773917 0.09923008282869396
2005-04-12 6.272026524576589 0.2829263994555055 3.7027998932374735 1.1507832139116319 7.387386417834418 6.060918332168836 2.1592728694615846 3.0975365215495883 8.31247475046645 0.5873746554169567 0.7258945355774283
2005-04-13 6.465924686632434 0.36459334304206154 5.64315554431154 2.878273245724256 0.02925949830110218 3.822336686623103 0.5186871930375082 0.10617163910949011 0.30426863882305133 1.0622843530512924 0.0
2005-04-14 3.4739870128458623 5.176045005770872 8.94805359126055 6.347187254901375 1.136230231805054 1.763506052705786 3.337128907754601 5.394619415508683 0.3295530561063278 0.2717485272150578 2.4744075721246492
2005-04-15 0.8048822594294348 2.789715199493455 1.9515909916448728 20.027750288161666 0.6308142621514049 8.403710993260368 0.7247013231433537 8.60449547686515 0.7025121745749594 0.8861585152865141 5.113021352648635
2005-04-16 0.740634014144878 0.1681928935610278 0.2613100944887623 2.2099900380323643 1.1250043834310588 5.869677320290972 4.8073443952769885 1.569066701797087 3.5484392894401218 1.4760082407015411 25.17469972444718
2005-04-17 1.722725426399442 2.0686139161691934 2.4582705249033134 4.592446268905009 10.936059187475589 0.47490497460174574 0.9551255611334443 2.9438311470579053 2.0155841295503008 0.05646293239124707 8.52688706578645
2005-04-18 9.881071052050173 1.3997636667057511 4.470249477517859 0.4390949963319304 2.894180354562626 0.06609481690884418 1.164909975739933 5.2086773347105995 2.44863685478951 1.0222932602689303 0.3350940470105437
2005-04-19 9.031558601766593 0.14318353624592284 0.48729675448613996 2.4247619133510407 0.807945603112476 0.0364696683271874 0.03807480975553451 1.0830698858827863 4.1217795185318336 0.06581342692897253 0.928904559210773
2005-04-20 0.9928710734428973 0.9866937495626418 1.0116533420265816 5.62552513546961 2.0142947710515724 0.20023631899754588 1.5904031314051092 2.465222797251138 1.285383388447792 0.7481727389236357 1.4600296149940302
2005-04-21 0.37112857138505967 1.5505279102065468 4.572269392824291 3.6066553202072473 0.7979463436694718 0.500180549029935 0.0071373671496207484 8.29930216584702 3.0899225910554455 0.3480447407626205 0.6759514922630139
2005-04-22 0.7308502427791674 1.1590109759664813 2.4779808126343275 7.087631122550406 1.208093760598873 1.3585651819117985 0.32641833898583106 2.5819513453626417 2.169318747258393 1.0723068344154276 2.111966207180975
2005-04-23 1.2527240302750997 2.1358573479440937 2.992559100583231 4.567985067338643 4.012846906943594 1.3574376247129283 0.936611124305341 1.8251100808023264 0.10821550352391078 0.6462163929378244 2.143266581676474
2005-04-24 0.6595855363988865 6.763002348922143 0.6486387988122335 2.991352053854226 3.5270305890395743 0.039711607392469955 1.0549530239103726 1.1332454375462184 5.804265783969715 0.07909743298977905 11.09330247822432
2005-04-25 1.9273832185516502 11.113161059254573 1.2040929408113605 6.2623351251863255 2.9180373009378338 0.2462616826276693 4.032829280940823 1.3991602764817617 0.8618069826988956 2.8368306475025653 2.2396803537352965
2005-04-26 1.9052040738580214 7.30616733353019 0.20472821004680553 0.5170959976605061 1.9175313717665998 0.33765613240240777 2.1404531697789246 7.386362416174666 2.454873537745825 1.2377058652747783 7.513543866898317
2005-04-27 1.5951634786763393 0.5048530503776885 0.1342356299571037 0.023219614136480136 2.401446042344218 0.6728818816798032 14.137059592153983 3.299061755577871 4.73369536091008 0.9120096747017898 28.963786410841617
2005-04-28 0.7150878166932 5.010850474332566 0.4896523498258301 0.5288748960100472 14.431207144364466 0.8915072856562996 12.318399890131776 1.6406817580296043 7.349962881267128 0.28054872290961436 7.889905069202452
2005-04-29 0.48452359988756344 0.30159353598924754 3.3722265849403925 0.4415061612912623 19.43793678838175 0.9379311422600233 6.285860848313417 13.128890277829244 7.851354931378181 0.5147837766425463 26.97842368218047
2005-04-30 1.3106484601752337 0.11656797704937483 2.8974314431428776 0.05630544062422094 1.0226137251341225 1.211301424171825 4.234489371317034 31.843291093443746 1.7143749975273195 0.3888756244054976 8.071449468622355
2005-05-01 0.8830400239905833 1.9927838561372329 1.2518545683711446 0.05090149262036445 1.3479822048050871 2.3437453405410413 3.7517765993003866 0.9365126750214391 1.2404908317881744 0.5779617532712595 0.37900309369912993
2005-05-02 0.4307778413505307 0.3644083856552425 4.454756514976075 0.19119656933651852 0.3451446882338653 0.9146653285208262 0.41805130210565716 0.8937674182677815 0.0 0.6796710537521229 2.497283876903234
2005-05-03 1.7107190234622418 0.032808684074393205 0.3905093913986888 1.623321499674692 0.5083991956549436 16.546715826639172 4.021643472078523 0.4990656316172034 0.36573454830758056 8.52292696628801 14.769113771653949
2005-05-04 1.41041802196581 0.25015442042236136 0.09319162002810265 2.6537180547522166 1.0598288485764835 1.8698620181203078 1.5360037536061202 0.9694977148894641 0.39483200258868756 21.428275600510304 12.005420414136232
2005-05-05 4.773069987286387 0.0 0.23838803790924767 0.44220576100579906 0.0 3.0640883191329333 1.2720994803036403 1.6428139101800914 0.21430567902092457 1.562520166362654 2.5422921593037717
2005-05-06 8.35330262713974 0.36792522707523057 0.51936254946329 1.3165150439359627 1.2024036102117281 0.6387504437883125 0.5201785818112533 1.1443741300613226 0.16450509465584104 0.718862524100244 1.3543924751385252
2005-05-07 1.1220119656488214 0.0 0.28003350028496676 0.289845663578569 2.7363314906640492 0.07822550602270592 1.85131164079323 0.7612428691653288 0.35520406643847147 1.2344179398174897 0.398437112950418
2005-05-08 0.46517989492165 0.2835552267097673 1.7502699644213346 0.699079291851312 0.44785074728670765 0.628873497670247 0.6232103334951213 0.2730722908907579 0.09376350704730468 0.7898097915052154 1.5213950403566088
2005-05-09 0.35252794926355213 0.0483010790928802 3.0451598439061915 4.9023075663827 4.590862933310943 2.4590877116681296 0.40196736511247144 1.4919124400608585 0.05410329092533646 0.8013640700236415 2.364883105075327
2005-05-10 0.43879760336266704 0.09497924667841305 3.0393349409935384 29.14010863318868 1.360612768980935 7.272176484468338 3.8023417426829753 0.029147699435996592 0.009496606975454005 2.4395627809778078 0.7318112820318097
2005-05-11 0.6180474071130577 0.03971625723726298 0.5975453784992865 0.3377912513671417 0.6022738461013822 0.22927632300618733 10.498688874365286 0.11584375266152598 0.08010790653242052 1.4681593607833907 0.3798396612050885
2005-05-12 2.3164695947831504 0.2229336503014907 0.8250946872297769 0.7472469074996859 0.1004008877573709 0.6988043897795462 5.710326070376519 0.5086454608635586 1.907908204674654 0.5340407713705788 0.7484313172195968
2005-05-13 1.8077345583453528 0.3719140367077898 2.262578537442363 0.6237325364294729 0.6840550892280131 1.0956618741397914 3.696647469274466 1.6823363903458874 3.1070637212982133 0.002793990642279051 0.16179071890230767
