2005-01-11 0.7600514924990048 1.3882977562320347 2.6944253636713595 0.8341812645681594 0.7397581125370285 1.328352124250069 0.4578517546978761 2.473364567840199 0.49491087461522343 0.17935251293554855 2.066164952554294
2005-01-12 0.03813100847892574 0.15479481801263467 0.059183345137572216 0.007515742830379356 0.3332073154565605 0.3600442154922119 0.14252949964879685 2.7123578258677363 0.17690026724906432 0.13274798688880635 1.5321797334078193
2005-01-13 0.47923482368323544 0.517039578296315 0.004573633408563836 0.06858840278168815 3.1021202213397223 0.09705018674260812 0.41583023464757246 2.6319180089477747 0.23102596729473338 0.025261599592232155 4.023978191572143
2005-01-14 1.467423905290393 0.5807116009119604 0.9002454329422092 0.050051162961521234 9.48191969922796 1.1163658719797205 0.007273766696577736 0.16885677991812587 14.057379253751886 0.25113479566058583 7.898035536770381
2005-01-15 4.769911792991173 3.472592856171388 1.1212793966844 3.499345844991173 6.483082192677935 10.30269366933813 0.4974994683898652 0.8366538497323066 13.388117591287179 3.972685006510166 0.8935323525798982
2005-01-16 6.031610615281513 3.23312363811351 6.142758000006621 5.994116844608869 5.773059636873071 18.486874443742575 4.91960483407021 0.4687717935519203 8.066930521432049 5.812643652460144 2.748913070658835
2005-01-17 4.325671453470297 1.670442533307228 6.894923563167836 0.42008872771061434 8.313510465764594 9.534830217097081 10.153630430059629 0.7813289191222705 0.7260797647867732 2.1219426855753185 4.470921992834434
2005-01-18 5.358018953636619 2.318203674484645 13.052377965763206 0.6202802868441493 6.50266839084958 4.96087269181867 14.809933662315728 0.7681462579507318 10.261743044045605 12.03656477437828 3.7742808223259776
2005-01-19 4.264157385015294 0.7100666044373765 14.91038928246624 23.78589283118404 0.8717552612310335 6.137549694574354 6.366671955585751 0.9451701471591796 9.486764963683218 10.415440616120076 1.6706194678591706
2005-01-20 3.339041484685056 0.7954056064688084 4.996941193712223 3.013064187533583 1.6286965494456518 4.512899147333595 4.704993477805669 0.18193198018510534 8.507846929372533 0.1965049594641128 0.1715027167534163
2005-01-21 2.5873187213604423 0.9233762927810849 1.615096806931775 12.184866931900125 0.27993795149704614 6.619102731699888 14.648726423997314 0.00294210942181552 2.0417530080557804 1.6528375950006327 0.6979759142822344
2005-01-22 1.4595295641515074 0.9694418718887421 0.5459193227811623 5.364577212519767 0.015944018973146446 3.340569217013009 0.44653318595984137 0.0 5.3125216912985085 3.4889991883228606 3.716678946012779
2005-01-23 2.83385221103223 0.0968493823947757 10.995113977381088 18.19675432705116 0.0 1.380865988814365 0.6810300383090129 0.0 12.883979562609936 3.321614314011124 14.11943244941403
2005-01-24 1.8936814584278627 0.560182498150865 4.630936893038335 3.283434704800814 0.7061010749559968 1.50875591408432 3.874843493023688 0.03488698194466751 10.416469269685688 1.0454895122582955 1.5293076197227766
2005-01-25 0.2721125193701078 0.15838461152120192 0.597588387147468 4.643380815938659 0.15700417463319274 0.2888885213531621 9.796462931294219 0.0 4.920820937758955 9.044695358021954 0.09209533073902396
2005-01-26 0.2616845817993593 2.5655715077463377 0.11956195812209036 0.17247514889185084 1.8491332930785687 0.0 2.5018395094162265 0.0 0.204318473387001 1.0591287791446757 0.3858481072019083
2005-01-27 0.3090729221626721 0.10697521051518853 0.02430147864878966 1.6967677906253118 0.11451673703187433 0.1505727780344075 1.8480870027840468 0.03409270138694083 0.2014214445737737 0.017638945775974465 0.025396241807795587
2005-01-28 0.41686654966955655 0.46290276892469995 0.7691547305510515 3.195655961805731 0.02184289856221753 0.1505727780344075 0.2570003724322716 0.12215584596360946 0.38917271212469984 0.11216207600813624 0.0
2005-01-29 3.551264535262828 0.007273766696577736 1.8127194419413692 0.9701471282393307 0.03516628841725408 0.49262725376519056 0.07522707965737574 0.026114809549796315 0.4675584511141857 0.08365577781754856 1.1444758088069362
2005-01-30 3.116771535463038 0.02211065906623582 2.999134113031862 5.237568405258029 0.01314643898307229 1.1541257644085228 0.6288968149570587 0.0 0.6634594642861984 0.7378369502626592 2.872420979921466
2005-01-31 4.3880593130751695 0.0 4.098000175938257 3.5441366667936256 0.0 0.8662211343471369 0.18039291383565925 0.5244886534482188 0.20200596978130791 23.848625826043897 0.02092994231746994
2005-02-01 1.945065159295257 0.05183855732402336 6.958500628513042 1.4531705197002627 0.023388522404042073 1.3280342217319268 0.14241438370018 3.706406970562987 2.4691914493064377 3.5116925505594994 0.0
2005-02-02 3.1237700031701583 0.007757296031821124 7.67332594804932 1.4275830500452908 0.007977891837144507 3.8350788780003238 3.4268187831700754 6.217797540999291 1.9756882929686328 1.911177768339865 0.13073363098314897
2005-02-03 1.472706009457927 0.5091406132976598 4.347860277161153 2.954865988288174 0.1070700312176608 0.6318033731302451 0.2756707344703193 1.642556577175112 2.8384543485617684 0.7911552959611197 1.0549310156397138
2005-02-04 2.8712661408068905 0.1178287441623092 2.682842452946393 15.230050323977267 3.7514047470636482 3.7065973972027595 0.008126976654141896 0.5515948765809038 3.157666540430024 0.11251810102374894 1.7757886666362994
2005-02-05 6.24825721927998 0.6044208372212863 2.187150487752535 25.69357848435426 2.351740424739444 3.1502528238426386 1.323225801781415 4.218665392637471 0.036186156236448205 0.04737225783369771 2.914695348515038
2005-02-06 18.07616119527996 0.8573491969182099 2.231217790074038 0.5860781004934089 2.709803151012318 0.08237791269169523 3.2042998429473735 17.864972993261063 0.5496599394374612 0.264715060517563 0.6150721143760189
2005-02-07 4.0519129715067175 0.2269392547989758 6.799326837699307 0.7037254587340231 2.7090174395391013 0.31749484663787203 2.5508869641727916 2.480298352400337 1.6362908737268282 1.3868833323549308 0.0
2005-02-08 0.10580045894463547 0.7121609905028983 3.1813886106898197 1.5260713856107635 0.5064585960669494 0.8872865283426495 0.3540601105846591 19.01310187308466 6.34671276491917 0.7000266931632774 0.5401476769706849
2005-02-09 1.8511529949013834 0.1902388876756308 10.472281329238005 2.698418778338705 2.5214843536991545 0.7899626962637843 0.45939467737682355 14.906078700446095 3.752303024575508 4.5650388683873775 0.0743214424029272
2005-02-10 5.617755194211565 1.7998263006646438 6.641090846113122 0.8819914861362234 1.4003080821650713 0.6736464963814129 6.300344953527387 17.023409126544024 3.0221191958811064 0.5343660334839329 0.19116664499117797
2005-02-11 5.205034091614843 0.385412341516581 6.125765551774867 5.04407792390381 7.766236147712016 0.4712506510703146 27.161080969194977 7.386129520511025 1.0354690824093145 1.30963902978846 5.305118650168266
2005-02-12 2.070589487258739 0.031043462246672683 4.701959833237603 0.16876133833347295 7.492154805614151 0.3647501276904231 16.512573317029293 10.14546615432995 1.2732144351844976 0.23903852943788967 5.245886838039311
2005-02-13 0.9546496675913507 0.007515742830379356 6.075313603301412 0.7696204810950854 4.847314658119508 0.0715406165273677 3.0674873047724285 12.703273775138829 0.4944716888326336 1.513288860537869 0.34672044487641895
2005-02-14 0.09219508282337321 0.003855065666563107 3.1236764738748475 0.29301336990798804 20.149113613845813 10.360898717766798 8.304805302584066 12.228306671055808 25.559389685850274 3.5190569132072693 1.342350869833642
2005-02-15 0.0 0.12738332397874125 0.7096088950791488 0.04136646808351856 12.768102288366045 12.225650895591734 9.631362657975647 20.14521407032732 8.489863408793616 37.21126723945598 3.4984134050970352
2005-02-16 0.7026182165757026 0.36475993045165084 0.38142265123598407 1.3131501379066695 0.8224707077928809 6.244261977607036 16.923196012493072 9.59408930491545 1.172485304897986 10.825719002060348 1.5052461107072506
2005-02-17 6.651485280189437 3.3119318369955817 2.3289218412425567 0.4670648389212346 0.0 9.604979716769833 11.987375721844154 0.10070900027124953 1.5524734582635615 3.21479253125512 0.13166678044918767
2005-02-18 8.517868022531035 2.963654288165472 3.7356570189380927 0.2887934001145154 0.007977891837144507 20.00926442895212 2.45050974174599 1.3680702557507498 7.286875762600333 3.556686270894434 4.525900908285321
2005-02-19 7.786525623671647 8.680641290372778 0.6145408615277412 0.3789780247296969 0.14848387753292486 1.0668492972125247 1.5550879439527423 1.5183815428974747 9.055888382995903 0.930266694963382 0.7925873973054457
2005-02-20 24.877507758926175 35.91145158391258 12.103046020444548 1.1968647021163448 0.01632358681164515 0.48524119900276075 5.809575611348222 1.1101359338832557 4.004838792332123 0.5893581770911567 5.531140419123643
2005-02-21 24.027513619578034 24.92779843416819 3.7391944279505127 2.080350173704701 0.5101702069030415 2.431996059891878 8.959776871770929 6.638215149863581 17.650220968531805 1.7385916952697884 4.17263138209341
2005-02-22 22.401231392298143 31.653058520254586 0.012551525245708343 6.924297133609601 0.5827554427442896 2.7042856255925862 8.914667275642564 3.046784752403247 14.90163787410877 1.3030666645855389 2.555993173482332
2005-02-23 4.142316074901708 19.00434561352221 1.1115592920918007 2.2433672407023324 1.040143010055474 3.595369475138726 7.816797036621723 4.364584877644784 4.295145773905524 1.7677973448189577 0.20439331960760593
2005-02-24 11.013460510760083 1.8387407032129608 0.8574061868382619 0.41191824066807 2.330624703769554 7.196854521517614 5.52831016202948 1.488581554905879 0.571954874116482 2.9849648041275616 0.4926512013415348
2005-02-25 25.10261514056005 5.005155713437625 5.998069451352044 4.735562643099776 7.361133815463054 7.333194489153598 7.5361045640889675 1.3249290306843209 0.779022467056445 3.622106481137674 0.4626694588127821
