2009-03-22 18.60096910285593 18.60096910285593 24.33667669676211 19.487215786655874 18.60307455671793 18.60096910285593 19.068546362326266 18.60096910285593 18.60096910285593 18.85846457125068 18.60096910285593
2009-03-23 17.385731281306363 16.572382150266574 23.834302237077317 17.36193818482007 18.816033864881273 16.745779017516085 24.94930158583762 16.572382150266574 16.572382150266574 16.8017845329864 16.572382150266574
2009-03-24 15.80429341014232 14.788928256928575 21.23472954184318 15.468508704349581 16.763960681769515 15.153956746318105 22.22808103238105 14.778771508773575 14.765094245265903 14.969468533969337 14.765094245265903
2009-03-25 14.701389651775044 13.271692062198746 50.763913447088385 31.118276710473477 85.58151225856241 42.979030329754515 22.85623613100453 19.09080295181672 13.628008075062512 13.337038794469793 13.154962002643062
2009-03-26 37.29906958445719 13.066131777692107 85.08623710813679 35.23574917992121 78.6316387923317 41.31709207497271 24.521721571456254 26.874117950516357 47.10534574174624 17.331129864789077 17.126857015783663
2009-03-27 45.78780171663175 17.077853598604968 117.08735576387856 66.66981728333312 200.6402609646089 36.97369016871667 21.847087055888252 25.478128490382232 42.56072238692969 21.356406005526825 15.396826285441291
2009-03-28 40.79299060341138 15.21533462718568 138.82463980563716 62.1299025097749 179.01894726250435 32.940509923827875 20.261133007603693 23.56298852709187 39.79403673799554 20.189534134077324 13.717709548729259
2009-03-29 41.839202275291925 13.555999427081707 123.67937096078214 60.88056071650606 173.66494207019616 29.347335377673044 18.1311405730584 22.201793717648926 35.45313363115546 21.78320796349416 12.221767164430059
2009-03-30 38.175417278773004 31.873368102139846 132.7401362357387 55.680292994900476 161.09354143495344 26.14616188666573 16.153668312822205 21.363564152987728 31.853623587308007 19.66205063351618 10.889015118062606
2009-03-31 36.77208319984085 28.396582836137227 122.78621634171462 49.82486080523464 148.97810395707643 23.386800035441205 51.01193421070691 21.741295954487207 43.955554941442074 19.149586325543194 9.701649661618418
2009-04-01 32.91433110806084 25.29910144501463 109.63246964334961 79.5147529427969 136.26065830641284 22.819870009741276 45.470572792892845 45.70081897727239 74.57731057469107 20.23607366664682 12.205834676390756
2009-04-02 60.949756268525384 22.91932115377586 97.67203151221509 70.84019631037876 140.56743706473654 20.366468931425768 82.84427726328661 64.99965236431026 94.76290303394427 27.51332922170509 21.279735144747026
2009-04-03 54.349298253776404 30.21406442489141 88.83653148648175 63.52496621806657 150.2044359493422 20.49011395960749 76.32868061630295 79.28698519908129 84.87832961977945 26.886850499608272 20.134660805741703
2009-04-04 51.0384236941753 27.142699549916518 79.14492359203109 84.9374912416352 143.38787246605716 18.33574395845952 68.00169528509826 123.12737362326453 98.83046073283033 34.9512481892019 17.938515068716416
2009-04-05 50.61785481366479 75.4650026153263 80.85089786150746 78.52756696658786 127.7850190496375 16.87363135598533 65.22404666231377 113.39146260091447 118.43107007581945 33.759692268204894 15.981955702750593
2009-04-06 47.40870199971669 116.65126473810278 75.18346530051677 69.96064887266414 113.84404979231225 29.32821980271499 58.10855968683239 186.29095505056992 106.75319255513129 31.017215642716362 15.127992981000016
2009-04-07 48.47426741083177 154.62847940547584 84.35347487681801 62.32837745749089 120.50733875876065 26.302921124624028 58.433801225550624 214.21562781937868 105.89159616036332 27.667172407087296 14.416769933581175
2009-04-08 50.527198224220925 213.48562740492608 129.1057831863142 55.5985367561434 108.13355548692681 23.433749123253307 60.078959415185466 323.3713129262931 94.33919769108147 26.1334778216176 14.077095940045256
2009-04-09 131.20006304177141 583.0224237932816 115.08595066979049 50.896922693183924 141.69657404444547 20.877593227089623 53.52476410215515 334.35866514900925 84.04716646533348 47.302305586961964 12.54176290008585
2009-04-10 121.08657344387487 521.9476189120965 104.11010363094017 46.09266772002959 152.24264144726922 43.585285909081875 81.68061007231098 317.2336131081981 80.15091168920992 91.34414528457691 11.173922822022355
2009-04-11 109.3758192243228 486.56198966931595 113.59314714173482 42.06984147576574 135.63324298803605 240.559181466633 80.12283128833188 287.84047196893346 88.63135083383338 111.26239335809781 10.718023289065997
2009-04-12 97.47812541141676 433.5253393393119 141.73504578309456 45.661825213112365 120.83593811219566 274.2297904460818 71.38178348548672 287.40865272995705 80.29911159527185 108.34336189315937 18.475612160297683
2009-04-13 92.65806786971696 392.11240081742045 152.66186339373309 81.18945338610887 156.60966757877426 244.54639973329537 63.59438248815513 272.5863553773188 73.81032012497728 96.52340531199432 16.46034227283104
2009-04-14 83.60247030755338 350.905349701134 212.89542060282997 72.39521660299188 140.75917613347977 221.7264284900586 61.94058232416259 244.4646788947874 75.15191859170983 88.51406421892726 14.664928553483072
2009-04-15 88.89001662677798 312.6215449446799 241.82185167334904 64.49722437844976 128.54673631597393 199.4317980990523 106.48359029173434 256.75891797392586 67.9313964859557 82.78575801656356 13.065384757269813
2009-04-16 79.1954823406398 278.51454068167 400.6263846107188 66.418648802721 118.36796923540938 180.8198131399966 152.0089253301635 230.1360252365696 66.83701541035505 77.47432909963385 13.38855672331129
2009-04-17 70.55554937304946 282.38342435440927 357.4338158162226 62.5016195577192 108.25217786345976 164.85191204699373 187.21591286813086 205.02828555444017 105.82153807556178 86.97061694495939 33.990894254355815
2009-04-18 62.858233129996684 252.0599780448712 335.51643777966626 56.06828454894266 105.49061261241155 146.86674176151016 180.59280310044923 182.99958938361289 121.06532031289024 101.94249577412451 30.632316508140587
2009-04-19 61.452477532332644 225.9460031788196 353.5599667970286 49.95153673932355 157.31316334758228 161.524806737267 188.52048185649983 163.03958672006064 108.8916401415022 90.82081271553722 27.381119456367482
2009-04-20 60.11603748657961 203.87063006715468 486.1399682701156 44.8881051166706 142.58327219336846 237.8422008764669 167.95301910528337 171.3242989877846 110.97422359808348 80.91250910486455 29.647222008805294
2009-04-21 73.44234044948088 181.6284363301594 526.5079627526482 42.31242421106352 127.99066118412102 216.0423108036389 149.62948276556494 169.30450799401515 106.1875278579801 72.08520397991037 34.27861018418278
2009-04-22 75.05440657674875 161.94599060700386 476.2831277804383 37.69642797149149 132.50106540068904 192.47216123948346 133.30505787228853 150.83351262769366 107.94766760427125 65.83201430197849 71.25948859173691
2009-04-23 117.35734143966202 144.2778093387161 536.3065873488298 34.32854961091983 242.8844545197404 175.1779188205927 125.5879965832517 134.3777169515859 119.34516052341972 61.59892853640165 83.91100346630567
2009-04-24 125.12728845985339 128.53723998072928 534.6431443063977 30.58358542875636 694.2240449143108 156.83159315091345 148.65682914691783 119.71726036356407 110.85609584738215 54.88700173238075 78.47922482379894
2009-04-25 122.36471372855833 180.7464201708943 496.44541221442813 27.24719258500933 716.3371011774935 140.23913067125 178.29647912627902 106.6562693275672 126.83891180127004 48.89907501633932 70.16713321768724
2009-04-26 109.21242112369941 277.9482509085589 470.7922045427554 24.745007756224556 653.4400525880646 192.23916748499929 159.22992889514373 95.1680985461272 115.29802047185872 43.56442997889777 63.411411511024355
2009-04-27 97.54635176364884 251.41505227590267 859.1976039185773 33.230663997135515 1511.7088942906655 174.61513108673662 141.96592252152777 84.7854351749176 102.7191568148169 38.81179299703397 56.49344340296053
2009-04-28 86.90420960022679 223.98651878251601 882.9167830920397 37.88296010734027 1395.570890358199 158.95840349832673 126.47754824876523 77.95238697098198 91.51323538501737 34.57766648451119 50.33022616575676
2009-04-29 78.42487281704683 201.2440120974469 850.526695282695 47.803071398323496 1338.0576369039334 141.61611968344704 112.67896737751079 72.01169708401692 81.52930586654004 30.805480516488096 44.839415743938986
2009-04-30 71.70524820902476 182.94568519231225 799.0905665861867 43.33928830613036 1221.831776787545 126.16589340312139 100.38582150713101 95.04711015151615 72.6346279965017 27.44483701296598 39.947651917566525
2009-05-01 63.91837066326165 164.490014099613 785.9844035454342 38.968303196656244 1112.9880228277677 112.40129897423506 89.43814413681524 84.83369237687747 64.71036324304731 24.45083638278547 35.61842389964472
2009-05-02 56.94505333025757 146.5442015489702 720.8419133104106 34.71707020674382 1000.4098767580767 100.13843201419374 84.14758262055776 78.32121845372146 57.83050076926974 21.783477631621437 31.732673545270877
2009-05-03 50.73252663666908 142.13678093576095 692.8916113099992 30.929644965085597 898.9796621282408 107.91561046849264 94.81900491818622 71.35076724282361 51.52137062506567 21.425801071527005 28.27084980495704
2009-05-04 45.28673946574338 211.06381418160143 651.6918582187581 27.55542565322632 808.4003801075321 96.14212363500806 195.14205553100297 67.35972498659868 45.90056764800011 19.088463311049082 25.186708453270054
2009-05-05 40.34613591686567 188.03671927827887 635.3572365288713 24.549331170350126 727.4941840421596 85.65313248379806 284.7655114542877 92.87841356312076 61.811117223426415 19.13193863760055 22.43904405327211
2009-05-06 35.94455191544989 167.52190331353182 587.9260510981086 21.871198816065963 656.2432808011166 76.30849707971872 289.6500982567719 94.79269056189425 104.77684770037598 18.149282853029423 19.99114672855309
