2009-04-05 31.877360141583864 38.182423848313206 31.83703410390764 36.18204832789997 31.83703410390764 31.83703410390764 31.83703410390764 31.842611671191992 32.045137408309905 31.839247276402805 62.57577095134544
2009-04-06 28.404643141289448 34.01721258537307 30.126067548859975 32.23508059843762 28.364112995981305 28.364112995981305 28.364112995981305 28.456209872664324 28.549511963114057 28.36608470852027 55.81366340893138
2009-04-07 25.306185220345817 30.306416143553562 27.304123768403706 67.42579556603052 25.270076965844755 25.270076965844755 25.270076965844755 25.352125955226384 63.1831363360666 25.693280129515138 49.72484624227061
2009-04-08 23.500509296920637 27.056266194543017 24.32571927516543 65.43241269536873 25.079580644262386 22.513589586128205 22.79036918917913 22.586686925593007 82.2174146152847 23.341706513833483 44.30031218691374
2009-04-09 25.088483946370456 24.104889042314056 21.672248292018505 71.68633508938551 22.551379903196242 20.07377592639621 29.035685780121394 20.725967555283884 75.564057149626 31.50827729580328 44.92009682598353
2009-04-10 38.71722072350179 38.397587498706336 22.59823323446245 69.70628423842206 66.74029848796657 17.97130775819116 30.317151010584713 34.277757126292876 89.78415283189536 33.291935028377836 42.51038647459135
2009-04-11 35.620448947484824 39.84435210343174 26.859409338539777 66.61782626425911 70.80569815812595 16.685080448162587 33.467548762687215 30.538478760877343 82.08629511212492 30.047639999281127 39.59731554203158
2009-04-12 39.18312295705929 35.83685769478586 25.19038670222019 61.91071134001697 98.92459277227556 15.936887783008594 33.777460950581684 33.90078483152419 73.37224498850634 26.76985975541242 35.888126330906175
2009-04-13 37.57075465938198 31.92745366480029 25.181441755368144 55.48236639136579 88.27827867584588 17.76130388636031 30.1803433409656 57.832625279436904 65.36768208967703 23.87503485056226 33.205625627348255
2009-04-14 35.849009557152776 28.44455826589708 31.698868946523586 52.02892407440932 79.30096149022238 22.040716097657004 26.888059917943007 59.04991204490636 58.23641490393992 26.918790334874547 29.701371827211357
2009-04-15 38.14170543366461 25.792331066409538 30.552710769335544 48.66082188481618 70.64954364626308 47.28417524172014 23.95495682150361 52.99922605863023 51.883166094336566 38.75801719816635 26.461332795199738
2009-04-16 39.124861608315655 22.97876171229389 29.014193890576816 52.7797332897499 64.26510549003564 86.89641828360826 82.9522110734065 47.21734958544211 46.223053193885136 34.75262099209498 23.574774494906755
2009-04-17 35.00490721307098 20.472145027179348 28.798565656250513 135.99317305972917 57.254095775470844 106.5645948201807 84.51856953562718 42.066271892899074 41.18045451220941 34.73262992893701 24.289202389819607
2009-04-18 32.65778165890968 18.238992398134155 41.460985532877885 126.94847924792836 51.00798517048814 104.63980527583581 101.46519525577457 38.141328855972446 36.687998773200874 31.358589388155977 23.371406108352964
2009-04-19 46.33084160276705 16.24946885398994 36.93791277039689 114.14335310109719 45.44332250963015 107.17698902812721 303.09844068815295 34.88865288321613 78.2577593337382 56.18700147333299 21.118745796623443
2009-04-20 41.295484519211165 36.523032437603845 33.104733427241605 136.27155331530187 40.48576124797486 96.77804899018656 291.7114708105381 45.139463411102774 70.7690871926807 84.31651215146327 63.295208070333935
2009-04-21 64.12297273729573 38.84632651476547 40.51887704634704 192.53695381717284 36.06906613560395 86.21979312632749 273.0287383517586 40.739739772030745 65.87654979675473 107.37564094010365 63.4943312293226
2009-04-22 66.68665790562646 42.91042212007179 36.24927443014755 234.53524960474573 32.13422826515329 100.61280145581898 263.41006717891764 55.08234627851923 61.68115729797325 214.632154342153 56.56736178180623
2009-04-23 73.08531969285198 38.22917396058216 32.29476602228518 230.39982883292478 29.95049795108347 114.69300333085236 244.0559089777847 125.13291005186115 100.46328785017427 194.31388866756583 50.396123998941334
2009-04-24 65.35747724107165 34.05864666179852 49.79347230907125 205.26323675175806 37.6906715986653 102.18017423187385 319.4951312678981 111.4810737471253 106.06934326178218 202.66375754084336 77.53714093957761
2009-04-25 58.22720822533337 30.93865092817168 45.71034324396673 182.86907003385446 33.88688614247205 91.29665989390547 331.45963372465917 99.3186612285988 94.49773375081203 187.77811585369776 86.43489579235627
2009-04-26 51.87485189741493 46.65930434293523 46.65026376313647 163.86499655347288 30.219197080382383 82.49071016733508 297.3306541194968 88.48317470454809 86.91395567005519 167.2915894374423 77.00504459257881
2009-04-27 46.21553723142881 90.79222926722325 41.58281290056909 165.19233616775676 26.922542114444852 76.20107795143099 271.58157007887 78.82984509357149 94.82257909731867 150.9880249575263 68.60399369017004
2009-04-28 42.82666809668681 88.81501103797876 52.113933557633764 149.48124678076795 23.985548113546663 67.8877325225504 258.06440121836465 70.2296977997728 94.87687412485143 134.5153277439102 61.11949989258885
2009-04-29 38.15450547869644 91.86413190594376 52.874583131176266 133.17293291214227 21.51572049574277 60.48137565093075 229.98231983884196 65.1418464060125 84.52596730812887 126.55599100240997 54.45156587682241
2009-04-30 35.075918144132885 87.17391213200885 50.27516418195215 118.64386913153044 33.96512499650964 53.88305394789202 204.89122784847933 66.54668183623131 75.30434983349771 112.74884406614085 48.51110414950882
2009-05-01 37.00212850720765 77.6633928420332 44.79034559234421 105.69993719283858 30.259752589214774 52.32245825369603 182.53759851675835 59.286619812739424 67.08881500540274 100.44806691867782 43.218746770717836
2009-05-02 52.08852523574639 69.19047597012049 39.903920314005774 94.16819739333779 26.963162757839704 47.95130785062862 162.62277137171944 52.81863243476672 59.76959813059117 89.48931289824861 38.50378493838797
2009-05-03 46.83810824167927 73.51023822793256 35.5506030768166 83.89457796760568 24.021698758263337 43.54590038895693 150.59579286763477 47.05630355035404 55.36960136139058 79.72616576860403 34.30322426545577
2009-05-04 41.728255193911956 83.35749232854465 33.20134610435167 74.74181657154607 21.401145232571622 38.79523143807006 134.1658434243853 41.922645114714534 57.07810220004946 71.02818348677496 31.71722821843643
2009-05-05 37.186286143331294 74.29972560941276 30.47984974722511 66.58762635313622 19.06649063249873 34.562859736199854 121.81667413304513 37.34906857181698 61.14755038795951 63.27915539827007 28.257075740835052
2009-05-06 33.12944580267853 66.19376144878959 27.154690214097823 59.32306210720175 16.986543209112728 30.79223857942962 128.96055369320706 33.2744684595522 54.47650540323975 56.375549574506955 25.174423701089246
2009-05-07 36.853909667634845 58.972161920944174 24.219262315227418 52.85106468479591 15.13351426796414 27.432990576415474 134.8193118390844 29.644405994746336 48.53327352984169 50.395384382121755 22.42808650255231
2009-05-08 32.833319310695735 52.5384418906737 22.27991453237787 47.08516420937683 13.482646891627788 24.440234568624557 151.73129847711812 26.410381730091306 43.23844960423043 70.46283545646328 19.9813719448045
2009-05-09 29.25137442238836 69.40045214561879 23.933434053394137 41.96277583802216 12.01188516908711 24.46943008309357 190.41487528565295 23.52918756513246 38.52129166298163 76.17075001874768 17.80159098850875
2009-05-10 26.060218389772857 88.59745857626625 22.36135387139136 37.3847896167283 53.46153079911948 21.79999030767668 170.26373966882156 20.962329453684074 34.36612075489771 76.9117240599667 15.859621005545023
2009-05-11 23.21721581298522 78.99142342762454 19.921902154984362 33.30626180256879 165.61787865338098 20.31961320981471 151.68794807181283 18.675513094601907 34.58126707426311 68.56120057095589 14.129516679110946
2009-05-12 20.684382864330114 70.37355293350541 17.748592150546795 29.672701003709047 147.54895085117334 18.102912419485396 135.13879355227039 18.137793243479067 35.0949497672821 67.69931840017563 12.588163355116448
2009-05-13 18.917476412073395 62.69589771600877 15.81238761228531 26.43556090453343 131.45136079282972 16.128051085693848 120.39516756331709 16.15912636707749 31.266235377438694 66.64767874626543 11.214968213381917
2009-05-14 16.853739813130595 56.14699257113383 14.087420181687463 23.551591650334 117.11003315529953 14.36864436551086 107.26008477961487 14.396329293861395 27.855233345998563 67.66234881048211 9.991585132450904
2009-05-15 15.015154380699242 50.02146289436867 12.5506437670801 20.982261996757668 117.26654537336884 12.801186031958425 95.55805122309339 22.024008518092586 24.816370866760543 60.280479006933426 8.901669572000973
2009-05-16 13.377155977334082 47.033068549590844 11.181526630817524 18.69324450348599 104.47278914077006 11.404734413437602 85.13271952953261 19.621335143970423 22.117333599603946 53.70397566305245 7.9306601978943565
2009-05-17 11.917860440471806 41.92769088279815 9.961777070148894 16.653956893941103 93.07484325395949 10.160632597564069 75.84480002856311 17.48079165586674 19.70447348047091 47.844972405154905 7.065584332212187
2009-05-18 10.617771193847691 37.353490666525175 8.875099026651375 14.858877966214578 82.92042315052142 9.052259161120675 67.57019972751316 15.573779482745916 17.55485476983774 42.62518918966831 6.294884628936203
2009-05-19 9.45951875887837 33.27833696564644 7.906974358984323 104.07598398815938 73.8738587052261 8.064806095688592 60.198364334500205 13.874820190550693 15.639757624360303 38.027433684736856 5.608264659532629
2009-05-20 8.427628685683622 29.647783293711072 7.044468869962055 92.72131627342007 65.81428157374084 7.185080961873751 53.63080116892574 12.361215071363702 13.93359556874258 33.87874747307322 9.885264573649119
