2009-01-11 0.012956623161232857 0.012956623161232857 0.012956623161232857 0.012956623161232857 0.012956623161232857 0.012956623161232857 0.012956623161232857 0.012956623161232857 0.012956623161232857 0.012956623161232857 0.012956623161232857
2009-01-12 0.010748594205977005 0.010748594205977005 0.010748594205977005 0.010748594205977005 0.010748594205977005 0.010748594205977005 0.010748594205977005 0.010748594205977005 0.010748594205977005 0.010748594205977005 0.010748594205977005
2009-01-13 0.008916850939586753 0.008916850939586753 0.008916850939586753 0.008916850939586753 0.008916850939586753 0.008916850939586753 0.008916850939586753 0.008916850939586753 0.008916850939586753 0.008916850939586753 0.008916850939586753
2009-01-14 0.007988171449123836 0.0073972678806827384 0.0073972678806827384 0.0073972678806827384 0.5303549212378766 0.0073972678806827384 0.0073972678806827384 0.014396785909242177 18.98895763125116 0.0073972678806827384 2.649429452228461
2009-01-15 2.2290485152561614 0.15742664630297676 1.9509457556586285 0.006136647620581005 4.062344367834506 0.15060943772699706 0.006136647620581005 1.1611115760505613 21.666755405196742 3.671395559448661 3.4242418523003333
2009-01-16 3.504292308995757 0.13085428688363912 8.618463835162906 0.005090858493837242 4.614775297827767 0.15001738122416636 0.005090858493837242 5.792255080943558 18.364989683243603 3.0704793401976365 2.840692799981272
2009-01-17 2.907101297329928 0.10855449078572132 9.116573629325783 0.08627267117037425 3.8283390973864173 0.4478425552788751 0.6408899410427347 13.077955076739563 15.235283083127973 2.5472174368559406 16.679908592865825
2009-01-18 2.4116817912830917 1.4014806354085327 10.72884495322876 0.18232670713504823 3.1780469678490206 0.37152256680033646 0.5316713946133649 19.093497230653053 12.638931718803745 2.1142602219615068 60.383320295388856
2009-01-19 2.3498112710483197 1.6166058747657712 11.513956595733447 0.15125513516551867 4.077293172400524 0.3082200427210643 0.4410655461223245 16.639282555966467 10.751648256263781 1.7556109843927625 50.197927474514714
2009-01-20 2.255707475124162 1.3411087379160567 11.260457088248199 1.0010995197861001 67.32401615152584 1.8128845070371034 0.48193100977810577 14.054928514128314 8.91938452564819 4.728102355871378 42.2498229795232
2009-01-21 13.55541019477682 1.138300490548251 10.06494551562141 33.40324967901113 81.16207413485795 5.003224739112973 2.2448668274430776 15.700062736757241 8.143323509821654 21.834320153447713 38.73149269812834
2009-01-22 32.4774036794451 11.185380430069596 92.78963242961895 53.6292110681389 92.23814970865568 72.80653092208658 2.146323957826908 260.3174389611528 21.21695440241302 41.938727309778926 44.64167238069458
2009-01-23 28.329797280726325 12.882874140876549 98.36079889445577 63.964976952158906 97.18848938206224 60.4610978477695 2.7951749465445905 215.95491979318612 17.6457394570435 35.2744768057036 44.38920317653315
2009-01-24 23.501917981107212 10.778339712287353 81.5984458083735 78.27053220620473 104.49337332686375 50.90346619187146 2.896137228122808 179.15252842450215 14.638652963080517 29.33834630072111 36.82452796834168
2009-01-25 20.940266737779123 20.293932024541427 67.6926827880553 64.95319727445747 203.38596488649443 46.79572295558737 2.8053623119560256 159.12905410151754 12.870308787389257 66.21607170445391 30.549002078236903
2009-01-26 17.372992750293665 20.186875253505935 56.15669830042364 53.88406771245949 169.16837753556618 39.497208954390295 65.66500168672599 134.6451532472355 11.22507516592454 62.21624585254522 25.342932536119605
2009-01-27 14.417747182202302 19.64538903533763 46.85715592241497 44.75260690402905 140.88630132859515 32.76621276638068 73.90838532180783 111.85268413220277 10.529262998437583 102.11522529098661 152.64548289429595
2009-01-28 14.303160716709106 36.35876289623603 66.07301071577103 41.483880471393064 117.32017380278675 27.50779348135574 61.31313940360738 94.942925463155 11.616203393449736 84.75218909167604 126.65805636435263
2009-01-29 22.994107884708885 30.807467882461754 54.81304589719905 36.25114738492932 100.99593682386042 24.061276425977525 50.86433761416475 78.77308698948104 11.839959952991308 70.44587811012099 106.13455350709502
2009-01-30 33.35982591074067 25.55735137122871 45.47550322102856 49.92180382977803 83.78451141527063 21.419922829176535 42.19618936647588 65.91695316839103 13.211801526156268 59.18387968841099 88.0474204163132
2009-01-31 29.699435795255063 22.932478266111513 37.72570400908825 61.44466554072803 69.50627711498191 17.78326840817613 35.006432805619 57.50561232918647 12.966601703835504 55.77303600890787 74.50143737148568
2009-02-01 24.638146797474754 31.58814507175416 31.296602394126477 51.04277954297883 57.697762235750886 14.75783202690674 29.045041148411578 47.749363860672915 10.756872233059497 49.21668291051882 63.50673549461929
2009-02-02 22.97943637103379 26.274521434879045 35.876244628197654 42.34422175561795 48.690987086425494 12.242846443214848 24.42015556239645 46.89321298242029 8.923718247946395 41.05682205768412 52.688618721534525
2009-02-03 27.08587799201423 21.797075856357985 38.59493067139629 35.128046163301114 42.592642537892544 14.009395604665789 27.779538078869717 39.230164207408386 7.75200282364214 51.52897479222469 48.47303002860724
2009-02-04 22.46998369620066 18.08854447246574 34.92529962825202 29.141629627124 35.96384560001747 17.178944025658733 146.29761133010328 36.10335531912696 6.653113053873571 91.29787746754674 59.41396113430652
2009-02-05 19.919562920620642 16.373890991755392 28.973434550030394 24.175400287753266 31.568989084402027 27.067127267822233 123.48756841353003 49.760167141480146 7.5551027465443426 79.70714295900027 56.34580787491045
2009-02-06 23.08146988140572 17.709049028596787 24.035868512516398 24.129528064408152 26.189096408142365 25.39455700848838 102.4431864366154 42.95887633305136 6.267584738735547 67.72233011214752 49.25531437205512
2009-02-07 20.443549211990593 19.506564199531976 29.087329178532432 21.8536881785487 26.62059239773519 29.287128743957464 88.90968595441863 40.08424697018045 5.216851284035146 76.06735790628903 40.976629375241174
2009-02-08 21.40280093064704 27.898748458252932 56.618267301639456 19.000393162919806 25.44747253361752 28.013197091285463 234.19400163935387 36.10900594662705 5.035403768046143 63.650994218056894 40.31796595671459
2009-02-09 23.230166454701315 28.189098391132312 69.87402993367205 15.766306404738854 22.14278399934811 23.23927184879217 197.8632897255443 31.47675727911278 12.772575066019764 57.64391104789201 34.46755620145359
2009-02-10 21.935269189778506 24.78940560965995 62.827091861651795 13.079459634583374 58.51014266824399 19.27890466419049 168.49806467548896 26.538649568033236 11.691851589972545 49.18542251271677 28.599707667684797
2009-02-11 38.861964769174904 22.13389018848788 58.10817046810021 10.996084632118718 67.74501340319179 15.993451407139004 184.54984727941823 22.016012303116085 10.308647673603895 41.35111207528978 25.52595684078983
2009-02-12 55.865638492998954 19.65409426131826 48.20554989648724 9.122164785598542 84.20126044697227 13.26789526521378 153.44708043534035 18.264109350718773 30.98231051007846 34.97627524184234 27.182530704188792
2009-02-13 77.38317896060173 16.459247386790686 39.99050429747092 7.686441856780122 80.00295920661065 16.354502481421193 127.29708804817231 15.151594475072315 31.313881211042233 37.78966788586416 26.1959679069293
2009-02-14 67.63479441845907 13.779982853713912 33.17544219286227 6.376541430726 68.02055052130977 15.253960620540521 105.60349913188765 12.616908423453324 50.429677324636664 42.80080118228558 23.955508304537805
2009-02-15 58.52082935251035 13.110846112941283 27.521782583811003 5.289870316510735 197.47066500980938 13.212763519257871 87.60686673899721 14.014026689194585 48.21039416277681 87.00560746026349 24.04062682780647
2009-02-16 50.068515791569254 12.482767767464937 22.943073114813494 6.028439959154994 164.11494739864767 10.964950765566025 72.83118678604491 23.0898712312787 43.849575427982614 72.40650417795463 26.25732637019012
2009-02-17 57.27933510747713 10.685057403699313 19.24661073502453 5.740885131041279 140.52289579596678 9.0963366594419 60.54076515631912 20.1140522412584 61.98084318281 60.8085210917247 23.321972038455087
2009-02-18 48.318028533888565 11.807694587889207 16.029021201857773 4.869278437370762 125.40679226239129 10.191592045083725 70.04816312671358 16.83990293728197 68.41925056946194 77.41702145994184 19.36055720357212
2009-02-19 43.19713746573728 10.12156506561522 13.357753782343437 12.344684743193497 104.03534189880781 43.296044767440094 66.54150281363498 14.243172876688273 83.35633570719835 64.44195608821227 16.0794641080898
2009-02-20 35.90559253689132 8.661638467550217 11.081365344539538 10.24094050028916 86.30596499851191 39.45551231879113 66.12357575712228 17.97805940634916 75.81909630612314 53.45995071971678 13.339249938988662
2009-02-21 31.28369683149326 7.326334502339254 9.192912214138852 8.49571005758501 72.51144716438456 37.45394832239145 56.35648324919186 16.336659903073365 76.10725222163475 45.030529691984626 11.102256832881936
2009-02-22 43.921808437810625 6.077802494312079 7.626283616622071 7.047896565800286 60.665460237125245 36.90739602843455 48.598278973426815 13.552615196032004 68.91833239905858 41.13024981046339 32.80904881752114
2009-02-23 37.51886453370136 8.791300437685402 6.326635177882867 5.84681511792801 64.59959078042151 31.723682741717706 40.31821218830643 11.243019059065238 57.27684225531947 34.24504413521757 27.26756435860167
2009-02-24 31.127715454750952 7.324234164278328 5.248468937974713 4.850418377181607 68.31324385068856 26.967750809437792 33.44730308533015 10.931145437423687 47.56423340006431 28.409106163029236 28.619664853383707
2009-02-25 26.391164100779278 6.878905430187493 4.354040563171 4.236583176930165 152.4588885255098 22.371987394682805 27.747313756298155 25.82422650979302 42.12304773686726 30.2799096103999 24.273491684183472
