2009-03-08 58.70709737270651 61.81583188255337 58.57233705457786 58.57233705457786 58.57233705457786 59.84322697834908 58.57233705457786 58.57233705457786 68.31715629781556 58.57233705457786 58.847750536298854
2009-03-09 52.303270484379176 55.07283807424039 52.18321268970218 52.18321268970218 52.18321268970218 83.49030316727819 52.18321268970218 52.23835588806732 60.86485966201196 52.18321268970218 52.42857820752597
2009-03-10 49.43593716500717 52.37232868418908 46.491116712618954 51.6966349011444 82.87998599571984 75.49065287467751 50.06177146894094 46.54024371735661 54.82749872147675 46.90116727663659 46.70971253792401
2009-03-11 44.05369573303093 46.7563342849624 43.415633762322635 48.7759197172932 73.83880035970415 67.2556529542556 44.75980589860285 41.46533754546164 48.866947586102505 41.78531688266923 41.617023214694704
2009-03-12 55.35610491444286 62.68607390195678 87.68683388413316 76.87158057945071 75.6228703544669 60.46824887250287 43.854701167807036 41.07566819656859 43.53659660042397 37.673911834304775 44.51710576618034
2009-03-13 51.907497960420855 61.854461563864476 120.41854213809248 70.38283326919404 71.11500015253776 54.93913336682551 39.56828779779632 37.96216556782216 38.78776317698045 42.2780315378461 49.364438005259174
2009-03-14 47.52900907417512 88.11225461078423 107.28176019412489 64.4867020525602 64.60138295423465 48.946238855215846 36.00279829390398 39.72663778779771 34.55700385687279 37.799855162687905 45.78120433706102
2009-03-15 46.27818592160679 89.04250679332921 95.5781891180372 57.452126676975965 57.554295745272896 54.712989155162894 33.26904030864863 35.393417162426644 30.806122435346705 33.67684899158123 41.28922203845903
2009-03-16 64.09161971775406 81.70412185850037 85.15146457263158 82.40593946222366 56.07829028525339 50.64924953299209 29.956108460221568 31.532928385809495 27.48054001390383 30.00364000280281 38.91471692109522
2009-03-17 63.59433348844317 73.1583570993602 75.86228174786133 106.45763946832513 50.456784581592345 45.571322132566344 29.090779460578467 45.05597793942404 58.713583823968726 26.732397831859895 34.875015635069936
2009-03-18 64.78626451088887 65.17980415503703 68.86378797672157 94.84389911938419 47.33926289744894 62.44258141683758 40.44190899286503 82.33493735240954 52.31136014059902 23.8167835420285 37.25183070405108
2009-03-19 61.13090059746125 61.56668276585401 61.671638322383686 84.53147472110973 43.40670399035979 56.39603305090783 36.13674396967607 80.46290691369089 46.60502248282356 21.219240717205373 39.19972432234819
2009-03-20 57.98717327961918 54.85055247367618 55.7419199228904 75.95349610435241 47.57402322830049 57.31938577509473 32.195052597773966 72.97150908718145 44.291887490806474 18.905068072293485 69.02180983433377
2009-03-21 62.60882145045042 48.86713623293799 49.66125435083496 108.63679206827207 45.263920088553796 62.507150336632925 58.75060752492151 76.43643007507806 46.23895209673113 16.843350256812588 70.29211067955274
2009-03-22 76.41656133833105 67.03607675133529 48.30901647408551 105.58260305678621 40.32639403705558 111.75246181186147 68.98711206586033 72.26730603030565 43.44627404543971 15.006544805139335 62.62397695194864
2009-03-23 69.8969218661264 60.69246177671764 43.05372550433761 94.39316138359966 35.927535375210894 103.42804553431257 66.75562367316458 64.38365292623075 58.429173487877165 25.628597714439383 55.792423411717046
2009-03-24 87.7124218950884 54.07161662873223 38.35728909405335 102.45292682480428 44.8495537310663 92.14469341735264 66.16240665857914 57.360094092244424 89.13586821251235 24.37515512719192 50.90657764943486
2009-03-25 133.26202587026813 48.95610184142202 34.45323370762274 91.27735099169044 39.95716839449865 95.62445310497264 69.15482009114788 51.39715249575837 89.39335706107897 45.486275675707205 45.47602597551191
2009-03-26 119.55019829003916 43.61566568438194 50.063130057725125 82.65759849847 35.59852741188767 97.85194231382506 66.99560788541822 47.28859534016146 206.4816960294781 46.33521847222624 40.51527055641149
2009-03-27 116.98743214033516 40.03170248274867 48.31913952138333 73.8279740891724 31.71539918022847 88.97516190441085 66.54645375726977 42.13006571250106 543.074667153258 127.81092498923256 85.0632843050972
2009-03-28 112.10469731329286 41.17205223212281 73.11310864606361 67.60743697504365 28.25590522258499 79.26855443457906 59.47924028245026 37.53431828604573 550.9349686211953 115.88575176172361 91.54247411540734
2009-03-29 99.87460844557887 61.60147384884493 65.13705208368896 60.2320562494757 31.595456165033276 70.62093084625974 53.85626085627115 33.441845850830454 879.1529202981394 107.4045440931271 84.8961021419081
2009-03-30 88.97884007476095 109.23671556718246 61.594985734314285 53.788946714901975 32.6057127280789 62.91675518268211 49.213967412876045 30.8620925045884 806.7118272308493 99.46987463899676 83.62056461316949
2009-03-31 123.38428286407341 277.50111869910313 57.132608073679314 48.873411987711776 44.897290039463776 72.68386467869115 67.23816616821557 72.72776501553658 729.7952733696758 99.79609688741967 74.58790392378856
2009-04-01 125.43664660237896 321.61259139296084 52.23144650075399 88.77305295461886 40.71705426938756 72.83012477476949 76.58802314880968 101.72450212265116 665.8137836915527 118.78431302942087 66.73215203605587
2009-04-02 143.98132551135006 297.0527736948347 94.82074425268954 79.08840392307845 36.27537629545205 69.98576805832089 135.27320587211423 156.41386932060811 666.737138691564 106.3646013541221 77.8348321436116
2009-04-03 129.19502479335077 264.64452327298517 86.05070201455038 70.46034564306053 37.11411981242792 72.89728946807324 138.56129709766248 172.7079717397323 624.1894148768795 95.34814852901803 151.71231384969164
2009-04-04 143.15981044750666 289.44311643666657 77.65084616741612 63.67367086376467 33.06549333249793 64.94467330971064 134.92001714161063 224.71309246840784 567.894599906931 89.0904458799547 423.02281914466107
2009-04-05 200.81715589070498 315.7202033402377 86.90986455551763 56.72734737451587 29.458561247298416 81.15595830322789 120.20062594563159 229.57397077948096 533.0134317000254 103.57786170826877 404.7641021301939
2009-04-06 266.06357027765205 446.805253295617 91.15496556605714 50.53886118291717 43.15087813284957 91.996071989084 107.08712369808882 204.86296054381998 626.4290930210313 95.78109215998728 360.6043598604744
2009-04-07 242.4820097241877 446.54882868619876 83.67433446500287 45.02553170070915 38.443587071761364 81.96127296726318 95.40430628853896 185.72727162758173 743.7939990538457 85.33177728399004 321.26248701208993
2009-04-08 216.09291652606652 441.1326137506271 85.13637702397519 40.11524972014678 49.03330937297353 124.99702342480157 84.9960845875144 166.39157895638297 676.6715917905203 76.0630571404468 286.26027503804545
2009-04-09 211.20327406946532 458.05093525846996 83.9391705440332 35.739120725526554 50.096489288092 150.47490553848962 75.72339897793263 166.4389751866989 656.7951335512143 193.35093053539885 255.89855534960614
2009-04-10 192.30097278511403 408.07747339587723 82.40531125916532 31.84041917295727 46.64591802744567 142.1843267642175 67.46236141379248 148.28075197354468 696.8289489067587 208.12756001944618 229.69535857828947
2009-04-11 171.32115902776977 363.55616682670683 104.18473491135315 28.660916485535047 54.81391024045725 126.67230333025996 60.55725088846425 132.10360073448794 639.0594271978497 220.86373877337994 262.0474798140177
2009-04-12 152.6302567651012 352.2822013582955 102.34260612591558 33.85476255383076 54.11021274746565 250.14012868544913 97.37020047364479 165.31796333917092 603.2742631704145 199.876062334311 234.39943047051028
2009-04-13 140.84046678643608 313.8482046961326 99.46200893593765 30.161607644523603 48.53635135522222 226.29860609061484 86.74742986940822 201.95514531472898 557.2956080134818 211.88536844961618 208.8265952213734
2009-04-14 125.94163976998823 304.76494204039665 88.61100698716278 26.871368310030878 62.83465374030989 262.09116055481576 77.28360479509772 179.92201080521093 502.8184928914938 269.65507418337114 186.90737022831397
2009-04-15 112.20166413893305 328.8963219684732 78.94385124534612 29.34925069339876 55.979731179392324 247.01308292658484 68.85228315257531 160.29270749895292 606.3613442855532 240.23577863736168 168.6751893414715
2009-04-16 101.02878312897299 293.0137186701932 70.33138290694865 82.63377604623916 49.872677776969574 220.13195205493687 61.34081782907319 142.80497466546967 718.9380009774144 214.28069345582733 157.80505363269558
2009-04-17 191.6592222061744 261.0459420340825 64.2030875218865 95.34844301585369 45.04595908960412 196.11566958074727 54.64885164687474 132.10530374801178 917.46190270422 190.90734682332788 140.58871567070938
2009-04-18 185.70077462535778 436.7245246449627 62.49873287505211 84.94619029536632 46.17257251760713 187.01416179017906 48.68697651590737 135.08535323888327 1000.3256028891801 170.0794952043411 125.25069121189672
2009-04-19 208.8617920652814 410.81733817119857 55.6804149101276 75.67882595139537 85.07446611523673 180.3672444610205 43.80493833665911 140.754528373115 947.514362560866 151.52397816585164 131.24905772135972
2009-04-20 205.57336654328367 416.8664336611238 49.605973745088825 67.4225325065979 103.76366639594951 194.6191690021079 39.104978985941074 129.68103900681652 940.6165089697944 134.99288139161592 125.26402095834639
2009-04-21 232.7710784740722 606.106165939188 44.194251758476135 60.0670011207766 92.44327071856641 173.3863215263891 39.65986976551528 131.5316072601523 989.9034084441657 120.26533832673466 143.1298398134261
2009-04-22 220.80094000216687 597.8532746948841 40.58946220197834 53.51395778148393 83.30780900922369 154.4699950713785 35.497641557103755 124.40986533994223 934.9589117705813 112.46656057890056 138.49087056899356
