2009-01-25 106.1223830881657 113.01798991645641 110.36497155087163 115.13441311503193 163.9016855178515 218.0786141332094 95.07609288802574 96.57350312184332 121.7158425187005 208.3108370874983 98.01244453090041
2009-01-26 94.5482086800858 100.69149596420976 98.32792530310752 102.87092919253483 146.02371514973586 194.2898714059389 84.70708290057493 86.04112375841322 108.44040169812263 191.06205192687133 87.32307481522126
2009-01-27 84.2366823649294 89.70972913152329 87.60402705931318 91.65138340091053 130.09614509436534 173.096401832578 75.4692360229053 76.65773131310027 96.61321931685657 176.40542530364021 77.79981986632919
2009-01-28 75.05005066258714 79.92598101126775 78.05001373435032 81.65579831093656 116.26152115969198 154.21506083062542 79.04997588953347 72.40648812232499 86.0762915680756 162.6001841716458 69.31545811373859
2009-01-29 66.86996160479403 72.75372662155529 69.9500589437959 72.77594742374175 103.58083532780803 138.76128689026237 77.42535683864602 64.88365456397017 76.68885297786517 146.38930960116463 64.02999651880862
2009-01-30 60.69639145170981 67.98677147038507 62.92717944715584 64.83949314100214 92.87903909536823 128.09200636390923 73.06141052106115 60.40705420921043 68.32549568337488 130.44664985420664 58.39003309979903
2009-01-31 54.174768700236385 95.72819401545648 114.15199507166612 57.76881870363488 82.74921425161676 114.16074727914479 73.77080913721045 53.83485680675047 60.87449390006872 116.6186306089887 52.02300302022968
2009-02-01 49.08665989645284 115.52398463291587 104.49193413175047 85.10099023906821 75.24566111236103 123.30375665033642 66.38506394293444 92.95389442668771 64.15323790816294 135.74945755461093 46.350529313202244
2009-02-02 54.705898899466575 108.58892064223798 106.67135904141446 107.08527221032166 67.43495675433154 126.87049958496652 98.95245623643582 83.57166669821147 86.05613858689865 123.94757843637647 49.14024037656497
2009-02-03 53.64991912043679 106.87361153037581 121.46024203975433 142.72063511445006 65.31558066791276 133.7897521709634 91.38595868900114 74.45701165862128 76.67397085205137 111.75512002830371 44.623914845132894
2009-02-04 49.69073100632587 95.21659738078213 112.33053763693037 134.93398409570992 65.3874034783504 126.65642604821 81.48511955322182 66.33669010856774 68.31177621216402 101.52270963023498 40.534597294789954
2009-02-05 44.272357791875685 84.88403604277774 113.18970786522685 135.76506676866168 58.85899134974749 114.08483722111448 72.91268065807559 59.10222141827948 60.86182309619021 91.00758492674103 42.75630033797983
2009-02-06 39.44505377104641 80.50118089036144 113.85965576798424 120.95579091765215 52.44026690973726 101.64090220475408 64.96068069966935 52.656960266005605 54.22458714529385 81.08140771749552 39.2391881285512
2009-02-07 35.14433483207994 74.73537331618714 101.5410412492892 107.76214607066517 46.72175355930012 90.55453647532094 57.87689759894247 48.04192208794116 48.31140216990936 72.23810919100893 35.634132497258854
2009-02-08 33.939643398345886 66.58435753378876 91.68653479460737 96.00786704506552 46.56562075464277 80.67762971431395 51.56516312749544 42.85712680125142 45.68102603990993 64.35954812580965 31.749112210508848
2009-02-09 32.89179719153355 59.47387078177674 81.68604999076719 85.53591935335885 41.49269227318842 71.8782305666051 45.94197140250505 38.59725192322667 51.05002433266069 57.34047259689715 28.287877041957998
2009-02-10 29.78924071109167 52.98775544690286 72.88962764397237 79.0018417999076 60.51983078676324 64.03878367855803 40.93220363590564 35.24247135966488 47.79358916306196 51.08711373871072 25.204193600165688
2009-02-11 26.649572861042195 47.20921219178472 64.93976462074683 70.38512837726874 136.4958058081853 57.05455907749903 45.719817550165715 35.19591826170433 51.494336477806044 45.53147039827484 22.456872557153748
2009-02-12 27.03903493183766 42.06104598772445 57.85717241860686 62.708440009100116 122.02682866699432 50.8322529078543 43.64361807483192 31.358417824772697 85.46089316809027 55.30885326570893 20.009218336257394
2009-02-13 32.88356156390168 37.49367897394446 51.54723261589085 55.86922069361705 108.71730755240206 45.28874082872233 38.88439527080371 28.114036039743073 124.94220642068422 98.48018179461071 17.82853883969129
2009-02-14 29.431427331032847 60.00045171126501 48.29205310173654 50.34296357155344 96.85900047014968 40.34996741732468 34.6444216269604 25.08096228744291 113.36379395016027 91.05217147520045 16.03638918763872
2009-02-15 26.250316593179257 65.69924174216762 51.26310870753885 57.92942085204799 86.2937818500325 36.63941658558284 30.866893308994115 22.959415509015646 101.04536445069773 82.30423879130366 14.440752455308843
2009-02-16 33.085736070725744 70.13378909453253 47.24339608036357 52.48777849065739 80.25218327270532 32.644169763371146 27.501436175822974 29.004498501095355 90.4822546768087 73.3269013305543 12.867408345282104
2009-02-17 39.101617736351976 74.8960128524515 43.76649847448076 48.011543149484375 96.3628986961155 29.08474922327345 24.50309446238952 31.51916593178869 121.52552547935684 65.32894262692444 11.465657826930615
2009-02-18 66.13969169662357 66.72680348404535 39.06491700861902 42.77546388778916 91.21567364029497 26.04916954448348 22.32275615850313 30.826244593566177 128.02456528648716 58.30686851276337 10.216781500622167
2009-02-19 87.26114689220277 59.44880837743728 35.34207820162573 38.35551040391549 81.26591140834526 23.209156443699648 20.587998044296548 27.738082618923208 134.2746082135362 61.59081108924402 12.095263256747772
2009-02-20 98.9663674895505 52.964796502946356 39.085916408357974 34.172804376983585 89.75425238858844 22.94395540333302 19.353815404564767 24.713751573386336 124.53374792111077 54.873103973148126 12.317860411764848
2009-02-21 100.95608550876314 47.1881448165494 34.82346833105713 30.446383120225814 109.86978644726901 20.93059659030612 18.50727701539205 22.019325102679247 110.9488318936403 48.88825349556979 10.998299986121738
2009-02-22 89.94347035602297 42.04168091628395 31.026006485138897 27.126466881618235 98.6079982629144 19.077398167068946 25.603741498108892 19.61881169609173 98.87269889604308 43.55630555912248 20.763713922641685
2009-02-23 80.13229477477877 37.83599505131712 30.079375324233208 24.168706902014364 87.85151158031954 108.87411518004313 72.08317102042182 17.480146520989127 88.14677826571608 38.80602911905546 35.262571292150135
2009-02-24 74.01528992402243 33.70976238069716 31.154686071825736 21.53359288802868 78.26852194351237 99.89808905649801 101.6987102269819 15.574763018369037 78.53157465504168 34.573964488197696 81.94072729786356
2009-02-25 65.94180174555201 33.13644357439122 63.6894872727733 19.18592513035553 69.87189805194635 90.47821202214011 97.11536469849989 13.877211237859393 76.68680873786326 30.804024002180604 87.4634432209014
2009-02-26 58.749094756630825 38.830787396129004 58.0144396156537 17.094344214624414 62.76012062966311 122.68070541868694 86.52158203127925 29.659222113740768 88.94613318076756 63.892680463530326 87.4930457395036
2009-02-27 52.84265768706878 44.450981344592364 51.686572580330356 23.201920613755494 56.07864238801834 160.14645501674303 77.08354921625526 26.543839792667175 85.1671190598167 58.486050301918524 84.20377165060349
2009-02-28 53.31323575882188 45.13359453531026 46.04903980036463 27.665273792276093 61.0421409690592 410.71541353696375 68.67517372995027 26.630698850915596 75.99589660107993 52.10668578655131 105.56977800528786
2009-03-01 53.03223059252963 40.21095714198623 41.0265261551508 29.022187168910783 54.383860767289214 422.781570195321 61.184119869490274 51.278957879095785 98.32034626153221 46.42327519919249 151.15118975901774
2009-03-02 47.25678152438972 35.82534407754653 52.373971523977445 26.088158066418572 49.52757909888691 475.0024738518161 56.94673490509919 45.685811746613766 93.00860064976494 41.35989027139167 217.61460064558207
2009-03-03 53.102660355293885 31.918166463134185 50.91097040853907 36.84602444681003 54.286350228239236 426.0770925926205 50.73518647674196 40.70284446977043 83.28002506680839 36.84888657271931 239.4086887738258
2009-03-04 47.95375682957494 28.623034777291746 45.357892198065315 45.06555556045717 75.93999833884764 400.2318197803717 45.2012865185576 37.00339860795182 74.19544150053201 32.841539001689355 409.1316157703252
2009-03-05 42.86788092347081 31.298635997151482 40.41062361271683 49.499636212621816 88.19461532874438 373.5841110314907 40.27110381358992 40.65157413037112 66.10195932059327 29.259820594273762 452.05953073998734
2009-03-06 38.19223850323227 30.342020782634933 36.00307111494058 46.126299578720364 84.25259613868994 353.2029256076996 35.87877310474321 40.31524596658702 87.74329342849552 26.06883499957422 403.5883467964122
2009-03-07 34.151051134686334 27.30240581561942 33.5355577250857 121.98258562159518 75.06179202156854 368.1143181028972 31.965615089077787 48.58710735338363 78.1716497624723 23.277323580263324 359.65454780705846
2009-03-08 30.426354593442436 27.180043923407336 29.87801230380541 135.94285089384593 89.10072668362967 345.17000038624326 43.11409392970542 46.6777013412336 71.63694039397433 52.040431201797496 349.85885615569845
2009-03-09 27.119226230818732 24.215858979672344 27.916451127462043 176.50238041692083 87.04531820531122 334.05399814132716 38.95563612221058 54.653061671942275 63.82245105779824 94.71521662884047 322.00897884962774
2009-03-10 24.181366701942725 21.575037142591228 31.328363486095512 394.34015038285946 116.40373396603869 307.7484296476154 39.44713355498503 48.81241734042339 56.860499254900915 112.90729411064247 290.533104684229
2009-03-11 21.544275674285213 19.22230001080769 27.91152594784006 432.3553659088458 255.82271901881282 274.173808559406 45.11593834848362 44.218030957639726 50.6580729756539 122.19426840493529 259.77216508100236
