2009-02-01 39.272651722499994 40.58710259130485 39.45305702699928 53.23638638468519 39.26971854919084 39.23989116465537 40.22768640400065 39.646073243470205 39.2989475585585 39.547532297508994 39.23987543529096
2009-02-02 42.843452408973654 51.98227413637125 34.20671401554425 128.23839148890394 36.119699265070786 40.04820979059612 45.12368982212796 34.57199837144995 35.587191831354204 61.79865401878134 44.172373303254
2009-02-03 47.81876414692827 51.65938396942011 38.01324794905817 116.08356170091642 222.1556920515533 69.91346298870698 68.88680658826236 65.50208662827382 68.0063620435619 64.61553356772373 100.76051592430913
2009-02-04 40.11160075337358 45.84804292827135 31.660622121688636 104.35948762022167 187.50387530555136 58.224957175228795 65.43380574783598 62.36836822902696 61.139829544794935 58.60612356416188 83.68253872196448
2009-02-05 34.051542558947574 45.18074438423005 26.270683411183207 89.09499911570786 161.59759521831006 48.30243416237309 91.48522687251871 52.268947615337254 70.3922882113834 63.51841308594539 73.62842329075863
2009-02-06 29.49942907566293 37.50720177739108 23.562136922745793 76.38691738698104 143.42295198383292 40.793235015726324 107.39069844232016 48.469807255170586 86.12345435487414 64.47890646819896 73.3563454245769
2009-02-07 25.51960092574666 31.11533665907237 20.055219378216588 63.68995097404452 119.0531259223942 33.98207589715449 91.4705222553055 45.341420545136344 92.61423868135564 55.21177175703182 61.123473064686166
2009-02-08 24.29219126699529 25.919978786490947 16.83050238730574 52.83911384660878 98.84005318772797 29.147054678829505 75.88238950074148 37.615375248504726 79.25771762985063 51.11716548016328 50.706993645306646
2009-02-09 21.513268156006802 21.503190530324442 13.962298521508234 43.87417218155749 84.91044469545476 31.99362737844686 62.96103389709488 32.35465863879968 65.75085450306688 43.2641207693134 42.065659486072086
2009-02-10 17.84944287747277 25.021487253255536 11.582885377845423 36.40435271369918 72.46745264646344 29.809965172086425 52.231402858003015 29.59329105783151 55.562103760321236 35.891178739102784 34.89736945808265
2009-02-11 16.816288745755863 20.8865941025415 9.608964703743991 42.29152538856344 63.535796771369576 41.590865926133446 45.93759372959933 25.31374756516716 48.926143702137416 29.774711432386752 30.15880210872121
2009-02-12 17.322653192306547 18.215650705938224 7.973469226978819 35.08433015347101 101.0465055278296 41.08501247182587 38.11683504872054 21.302747786822962 55.785237182482255 27.70990681198448 26.164404943820763
2009-02-13 15.499099873461503 38.26753304246831 6.672323326840224 36.185129397882 88.15525818775151 40.60710008867656 31.85330515351041 17.733757241959964 78.27275490936721 23.017592582120198 21.7240381038556
2009-02-14 15.923563442246454 31.746094544603256 35.70747918794053 46.43585372126156 97.42377495878526 70.40605528975958 31.76093162926864 16.432137149038635 121.01148918317188 23.60823343566827 24.900340951365717
2009-02-15 13.63346433168481 26.336020085654688 40.07427148417325 43.63336882795299 82.54643358304445 65.81062324291177 32.29334868583369 13.633208597078406 109.60293803385579 19.58498892123705 28.478154020789542
2009-02-16 11.31009012689333 21.847914330927473 33.244934026209656 71.86739601905515 69.00523688464777 69.07753884574788 33.28364127129609 11.386405763918411 101.41341946406557 16.24737370079833 34.72295918496191
2009-02-17 12.880431725379047 18.289703936456092 27.615529694960387 60.409329711580504 62.13380676835173 57.89903229415504 37.81312023784867 9.591871614524104 85.02048482276405 15.00658961982094 28.80557635975333
2009-02-18 13.036219079292994 15.614817390500589 22.909373740465693 52.565262002306 54.43219334149105 48.7437469160147 39.71645959715336 8.747277896142519 70.89991591087102 17.854528869905987 23.896616212852866
2009-02-19 10.815662487448655 14.593957189187483 19.00522680454417 43.60724730896793 49.878835727431515 43.18139169665343 78.61096420061541 24.044649894747476 64.21966217394827 23.25698432721605 19.824226368275333
2009-02-20 12.410149131576656 13.855872541513131 15.768270640192897 36.17583068038513 66.859599986327 35.82254810750848 143.16584818061466 22.18596274285382 74.22654165344109 22.384422272348342 16.447024807139936
2009-02-21 12.625349530089219 22.962887386458874 13.081089223724407 30.489046863608383 123.66461746991789 29.717776627709377 150.54547778673404 18.50202430652128 64.90408155601938 27.505459018285347 13.710530749633138
2009-02-22 23.00421408098574 280.1744627822884 10.851849132316016 25.799893816486353 156.9514384947344 24.654164893999916 125.03592302676472 16.41084033068635 58.766280271458115 39.08926844542328 12.750878986898616
2009-02-23 19.220013327369877 293.7745824769502 9.002509468169668 21.49214159687946 157.31225211769836 20.452675869504993 120.54357149537772 13.700096719755539 48.82206309128595 33.55902341177805 23.48976039582706
2009-02-24 21.211326013409817 278.1329996586835 7.468328737002124 18.58954214260779 132.4086951550977 16.967192035161673 152.55734478663996 22.689059986902272 45.977879157831055 29.975303612047334 27.082840651075788
2009-02-25 21.707324879292436 233.80612682886184 6.195598496301716 15.627157800579937 111.5155829160911 14.07569392850435 186.08026792964165 18.8224582617603 38.420764149011546 33.48461713674008 37.73061053090015
2009-02-26 47.4821494003529 195.28560031356778 5.93730837312674 13.460611712281606 97.52633933800409 12.762283301811426 201.56056441137028 15.614791235081237 31.87321246438362 30.268727883539515 36.479623255447514
2009-02-27 50.73984420320771 165.87142688612178 6.24952945518745 11.166694533773283 182.99826691029966 36.55755688484537 188.43826489477456 14.65794085503764 32.677101617861055 26.492925583831866 33.2091309525309
2009-02-28 74.55486357779557 141.06837941110865 23.786876865131465 9.273457967958953 166.3260346879873 42.598655102696156 177.7662893091082 12.401443414033597 38.049516014421144 24.326272234796686 37.98570050699586
2009-03-01 67.93556184867904 117.92337894856082 28.920352453665235 7.8823547842072905 138.1656774809603 36.675372565273456 152.71789951398506 10.28802652824724 124.86193459174932 24.32502461416894 59.12648504463991
2009-03-02 60.986886768539826 108.86363396472798 33.91284163897597 42.751868801464575 149.46390920074376 30.425265292737812 128.421788322319 9.425798010550357 214.26288668759221 20.456512878810173 49.58574373264272
2009-03-03 60.78157727319875 91.75792437825707 30.076876601339645 35.82590816103425 173.8442599975747 25.240282603427257 107.45834136660025 8.878411697915775 177.74884653878505 16.970375152819923 51.00743866616204
2009-03-04 61.7363719854773 78.59516856818767 24.951265270558608 30.11725517061116 144.22421813217625 22.982961475234617 112.75782449358505 8.921888041492826 147.45741987475154 14.078334588773922 124.06754676476996
2009-03-05 57.96943438059275 68.87029367590304 20.699145288711968 35.86176570327391 120.46820512768959 19.12602443504114 93.80630871114995 7.571980655601599 122.330971561353 11.722269330651542 102.93040000638955
2009-03-06 64.0329873986647 59.93247840062449 17.533158636699255 52.80810309726281 99.93837400905655 18.651532081101962 77.83188819251477 9.98677284475774 102.9561126134116 10.193703691916477 87.95078852429907
2009-03-07 78.01780789850356 49.76517640939946 28.042241524560577 43.915864582508696 87.74707344694528 15.492806008648486 79.98332795273485 30.911901110593526 92.58317971429331 8.588094566302397 77.70415843528086
2009-03-08 85.26226141071663 51.491506143689215 36.706528228254314 36.76016348107084 162.09266247314116 17.983398777661645 67.94212663187838 61.735925700735436 76.80543120425445 17.696917902765403 122.80894539612619
2009-03-09 100.74697552757927 57.754496798504775 33.1769509405801 30.495608101046944 141.2573328613305 23.792674299910136 56.705186724792505 105.74143462545072 83.8299293328297 22.306985219231084 135.5000114439237
2009-03-10 83.58094613124845 74.26283283408459 30.47430553399024 29.495373212410957 124.86946612281068 26.22459781686058 84.75721959693992 127.91725490991712 87.15702888731064 47.16461402707309 115.0216231401689
2009-03-11 69.3384352624229 63.84688967254385 40.39598431020252 29.350540224435328 136.37639044108587 32.39808705009505 232.2396564352317 115.15615414836921 72.30398876803854 39.3353870416788 108.74544580859674
2009-03-12 57.764355147285286 65.70518484475957 45.785012428630814 108.89727075325895 141.16405088069118 31.49407116409921 234.2199491796441 146.6278919313845 61.48351506392475 38.18470135248899 102.75000662254817
2009-03-13 67.30715248958808 55.27942966839552 58.957263446358176 90.54082244261267 117.1484251020439 39.031361836391504 194.49380912588222 121.64620737663624 52.144999623540514 31.805230292664394 85.48782238051626
2009-03-14 118.13109386497699 47.0322351426539 58.772152237425104 75.37299941628042 111.63835290676644 45.90582988840599 167.19927766558467 107.62432499438442 43.258604787511416 27.23469961997785 83.7607193842298
2009-03-15 120.74875844496718 39.68064435657031 54.81598918402873 89.45831427739003 136.72528059684262 71.79794195825481 185.52572698235403 100.03151230969084 36.81181549076821 27.778036593715566 76.6081090058457
2009-03-16 104.28059884453373 32.918387656095945 65.66859023972793 245.69951070512346 124.39280351483252 62.821749939294314 162.8500901811423 85.9036743197714 76.30645229220639 27.073623082686627 63.95849616071131
2009-03-17 99.50885267568728 27.30853451218194 82.82984259247702 310.0316736249192 127.52416079360462 57.649122233394344 137.22780946756257 71.26734706137886 91.01050685810905 40.26173893577182 55.99426967797069
2009-03-18 87.46880635712886 22.65469575831233 76.81407881229332 257.21754302191346 118.07796545708571 48.32219904772344 125.46850967226281 62.034058347915206 87.808918249396 33.73617592370715 63.203170065543596
