2009-04-12 1259.1273361076142 455.5960825443745 504.87626123176165 838.6739625436618 883.8932409289976 792.9372159945755 952.6998478262485 418.9854081861364 1031.1729584880588 899.3693921277749 403.91284877368287
2009-04-13 1158.23948919665 560.5413435863358 713.2121537343237 764.1905895564332 813.7734004612066 731.1155446916141 855.0437601511659 444.0540968382025 943.532671937179 1003.8364966055716 501.71607049947033
2009-04-14 1031.8745069472584 499.3859951881715 645.9241467046552 682.6164370756699 736.4230371163526 653.328574493291 764.6840038948108 401.3858640625855 840.5924786748034 903.8757802643951 456.0748281861353
2009-04-15 919.3311004395721 444.90276167770725 597.8152387841452 608.5909933801402 656.0810111952967 582.1333665459292 683.494844764864 382.24902997904155 753.2641131997865 805.2621927029761 406.31689851443093
2009-04-16 819.038110055517 396.5807055908213 541.6405327301558 542.1933429015011 584.5021388974857 519.4891167247176 609.0752531462721 340.54557784609466 671.1242822104188 717.4074622733385 361.9876110726432
2009-04-17 735.4454828844508 353.3136379232984 489.031211566964 483.0397498484171 522.1215520697407 466.12196559828686 542.8086856122959 324.59073713340007 609.4977069759647 663.5984664083301 323.4868395411456
2009-04-18 671.917756214822 322.8877461593832 478.6347549492688 430.339878586622 493.9714185497103 533.8053419582418 483.5885056270225 309.72220302282824 554.3212915201915 595.1281883593225 298.7436942802773
2009-04-19 607.3018353221349 296.9738811447498 445.34634555034177 499.0393921035382 509.17113715985045 640.8476990492616 449.9637608150434 297.52040822418235 495.170190373262 533.2637116503721 307.9110743279278
2009-04-20 542.1012198579687 264.5740135091264 450.4680055726377 481.0771469799041 463.72475962637276 571.1985859801089 418.24673787821774 266.0583415931208 441.4282107324041 480.67033417188435 287.87909958371694
2009-04-21 484.6854969945684 235.70900282537286 423.64962526559447 428.59136690785556 440.8333555193383 512.5979827538188 384.5949004163339 237.57301806887742 393.26818042932985 439.6059982464006 281.3885702764148
2009-04-22 432.6582442509293 210.61235799006795 379.62873044480665 381.83184286464893 397.6404500611582 534.0774255101142 392.083265777925 211.65384074271918 350.3624613102982 398.8447199338228 370.5334112929941
2009-04-23 385.45606848747053 188.67268458760802 338.21108322147194 340.1738332522285 408.1406777631748 1008.9299989234281 405.84406531400424 188.88397760356105 312.42089100776514 458.5085158718849 363.105135893689
2009-04-24 356.1743742367947 223.37580686898335 301.69959345916755 303.755024436982 363.6123312248937 1794.690412416555 382.46122210974846 321.8393451245445 283.2909664358158 408.5630503503638 326.8490088242025
2009-04-25 317.3156089723741 202.21632611817182 299.7093112738371 279.79685198638776 392.0916498320286 1598.8877034110424 341.13672721682747 338.4132790266274 252.38387438878243 363.98861336702214 291.86666279022086
2009-04-26 282.69637600798404 180.1545724543029 282.89289079443995 249.27096350294988 361.81459012041677 1445.6807422082848 303.91857971663705 302.53000058152145 224.84877690083349 326.5363212370144 274.23758375556923
2009-04-27 251.85413718073428 180.0451996052621 253.05598632974758 222.07548002668725 322.3404527150534 1288.9446156707274 270.7609712608863 272.9528713553566 200.31778528867758 305.1800697291206 477.51388003808637
2009-04-28 226.3435289402721 266.61158239313863 370.28123348840376 198.4083423995259 287.8206837410952 1149.4516289676774 241.847357754273 329.0793407098915 179.29072555224786 323.727166660181 448.65873776871223
2009-04-29 248.10119275099163 352.7008472828021 413.8440473730932 195.46324525327694 256.41935996835406 1110.258944950207 215.4617827780462 309.23701379687503 163.1629897108401 290.42610155747167 411.5099389974406
2009-04-30 286.40427651110394 347.61099415026877 371.91870241545286 195.94422575655685 228.4439530112864 1356.4555099498082 192.33776753361724 375.40286657633476 181.02055402536965 263.8317621880647 389.7739791097115
2009-05-01 408.9513787332179 309.68645536831133 331.3421615026932 198.21282088682491 209.88962876606945 1503.6419390664591 196.42620861269603 754.4322793800785 176.08718560301892 235.04764500640164 364.66183723147265
2009-05-02 397.9862999003717 275.89952495377753 300.34555188389197 206.62274944594571 199.96218383364078 1397.5106027384911 181.8869470624794 721.9756370558135 157.06721296845248 209.7015927319465 445.95353995051033
2009-05-03 361.9406226182309 245.79878473714356 301.46804719740965 208.9264215632208 208.39476203473652 1293.5704316891304 166.15387938942862 667.0129416571459 139.9312303157646 244.82391453218247 606.4355949802595
2009-05-04 330.2524473691547 223.31255962676877 284.8570671924091 202.02139041364748 212.52459685256846 1161.5197692008846 148.02652276336795 793.9780816737417 124.66479831739667 231.97825476422705 565.5561272962282
2009-05-05 294.22171980195526 210.00011597558438 257.563514984821 181.59531491729751 210.75008182926427 1053.9007045030291 133.40379358782883 718.0951809956069 111.0639467962581 278.5281983008905 616.4360592521936
2009-05-06 262.1219841657928 261.99020265932757 230.99249146424992 161.7832644252964 187.75733945287067 947.4988300064382 118.84949984763993 684.7128249177437 120.84470095998437 368.82192545915586 633.4883687475404
2009-05-07 233.52436438703728 329.78863938289334 227.97603381633422 144.13272759038625 167.4107076931304 852.4661938828039 105.88309176321299 614.758915663806 107.66061387663282 338.62481441593883 662.5567149396364
2009-05-08 208.04677531628897 293.8084945128063 209.36776781596268 128.57131788660988 163.6781674816488 767.5690741735432 97.5628176743708 552.0189450073261 95.9149213262342 301.6806315230102 690.1721020352086
2009-05-09 185.34881777871013 261.75735493297844 187.94110242032795 115.35052661124641 145.82088193315775 691.7081633239144 93.36115146707336 496.00317078785514 85.45069279627063 273.384036094575 649.8252540299547
2009-05-10 181.09523269394438 234.23499993445117 167.43669364517635 102.76584270779645 129.91184320536797 623.903908594563 93.9466436099342 445.9813447143183 76.12811908942538 258.4676133298744 615.057689928122
2009-05-11 161.33771132344083 232.35065472430327 149.1693363932236 91.5541581920669 115.73849523799036 563.2834517080339 83.69714502075698 401.3027955087976 67.82264436628346 230.26866605145722 560.3500702734765
2009-05-12 143.73575526350348 216.49335544553543 132.89496563632193 81.56567723148422 103.11147210477134 509.06899325571055 74.56587426875241 361.3877495748637 60.423301984564006 205.14625447088304 535.869888153976
2009-05-13 128.09619079820112 193.20951410758 118.39614414927112 72.66694690634542 91.86206794027161 460.567426425919 67.41085199611706 325.7195985189649 53.83123190042218 184.2879332796818 498.61175085662364
2009-05-14 114.12091650794203 172.13029277812515 105.47915738250876 65.2919434547748 81.83998290087303 417.1611015724537 60.05642595925312 293.83801022402963 47.95835982316575 164.41117005583823 454.9048884455206
2009-05-15 126.53342523370647 153.3508363744634 93.97142528791058 58.16868791406076 74.80705777682827 378.29959825109717 53.50437208849919 265.33279144464046 42.72622047588191 278.2464948503365 415.6682357530638
2009-05-16 113.90781603377071 136.62023773864817 83.71919651771003 51.96460239202089 66.64568606811642 343.49239481169553 47.667150695437506 239.83841993373886 38.06490923983454 274.34472504868006 380.4224073479668
2009-05-17 101.4804966185534 121.71496400129155 74.58549418926852 47.56622667091718 59.374725615569886 312.30233762483596 42.46677277986915 217.0291730559897 33.91214817579845 244.41353320233443 348.740087270451
2009-05-18 94.97626080875658 108.43587001170408 66.44828576953894 42.37685497234883 52.89703154530148 284.33982270538013 37.83375803759838 196.614787812166 30.21245394365998 218.38725325799584 320.24035466046826
2009-05-19 84.6143890210558 96.60553760663164 61.635458259331756 37.75364578645668 47.12605760991021 259.2576120127567 33.7062065509002 178.33659429870417 26.91639650305276 194.56108399851018 294.5836282865553
2009-05-20 75.38300626426101 86.06590516818088 68.4512197558884 33.63483018545307 41.98469986485118 236.74621518719167 30.02897175874488 161.96407095176596 23.979938690701204 173.33437588344194 271.4671624575061
2009-05-21 67.15877486048525 76.67615580001029 86.47730092709537 29.965378307178078 37.40426650119275 216.5297750352226 26.752923657028212 147.29177556025274 21.363847850719576 154.42352449430416 250.62103416518673
2009-05-22 59.83181342712735 68.31083590620351 77.04266353623103 26.69626411450067 33.323560070937646 198.3624018078517 23.834292384598186 134.13661105252274 19.033171656796707 137.57586701473426 231.80456786930742
2009-05-23 53.30422877790397 60.858179035596045 68.63735307820994 23.783810370408865 29.688059842735218 182.02490731044756 21.234083424884854 122.33538953415521 16.956771122849503 122.56630646213681 214.80315018148028
2009-05-24 47.488807995358385 54.21861259683213 61.14906877958747 21.18910507715452 29.00542709987388 167.3218952251168 18.917556609779293 111.74266203872669 15.119334909612302 109.194304219978 199.42539191454952
2009-05-25 43.83339410160212 48.30342749272033 54.477762022064844 18.877481582632846 25.84103285324563 154.0791687851084 16.853761964854613 102.41661841771901 13.506808420815553 97.2812006886596 185.50059960357217
2009-05-26 39.7501132347048 43.03359289918369 48.53429961674635 16.818055407819784 23.02187430851324 142.14142118045677 15.015126194465696 93.85574518988577 12.033329572406036 86.66782825681423 172.8765227389461
2009-05-27 35.413452529219185 38.338700353343306 43.239272916885824 14.983311606927197 20.510285913129806 131.37017785116842 13.37708428185227 86.1460641027616 10.720605493504124 77.21238470049025 161.4173466352694
