2009-02-22 339.58761910485686 42.55073070651899 739.0870965618689 315.37136272422464 334.7787806371673 138.4642955341569 161.09229367672438 209.17278370729923 264.80111898774425 339.4915154994502 439.59905271324214
2009-02-23 349.56614308633556 47.893332312493094 682.4462867719138 329.6184612873317 329.70678808984155 161.80664341911168 206.2965796758404 211.08355917821166 272.0458875929195 324.39448937179696 453.85407749165665
2009-02-24 342.6430302270138 42.67411794929465 640.0944827429145 304.7147504195675 312.7349638605386 188.4259257146883 186.96180481180605 196.96419348460165 242.82482046792697 290.5763538380799 411.51272605459053
2009-02-25 305.5978848383296 38.02113167368479 570.3517930805407 271.47165537668644 284.4206176489619 168.4696368704336 166.56570707748267 180.33287433104564 216.33399611697448 261.6698095342425 369.92906490284656
2009-02-26 272.25839197850695 33.874605579970854 518.7217315001302 241.85537789616592 253.39159178578373 150.1177748337269 148.39480303110858 166.8756167496194 192.73330794042977 233.12292599972338 329.62227873489786
2009-02-27 245.6670799832171 30.18042538180625 494.806063240487 215.4937563146369 225.74782700259553 138.60118469174975 132.20632249220338 148.67085574421512 173.21059018666028 207.6904986353794 293.66765309804595
2009-02-28 237.73190072036533 35.481050223513904 626.4465827575763 246.7003897495243 201.11998824304675 147.8165752562729 148.70276464739027 132.45221335081587 186.20147758735482 464.9857417926891 263.3493679998272
2009-03-01 228.93271492970604 118.81271321804937 591.2020396344197 767.2789599029179 186.57824037446272 137.03662763312008 306.97557374643975 118.00958843311365 586.735210012471 433.8783705459382 245.8049641515396
2009-03-02 233.20898451609688 107.60411038689979 595.9756803230637 683.5692957381046 226.9136298990258 126.68287427261039 273.5605878770051 145.1661354567663 529.773308349163 388.3967492286838 279.8104670876111
2009-03-03 251.6454081706504 110.6588981193868 530.9553829901331 608.992422680671 218.17021658106225 113.1369899560565 260.56278323188025 136.64234615157096 471.97577466073517 362.5383533344253 251.3863779701362
2009-03-04 276.9923118414194 123.98944354874011 478.2123357107522 542.5698509110289 196.68671915410076 104.04846076844454 232.2211517517242 160.44572194927468 510.06942426560613 342.6903548126247 270.2591315787738
2009-03-05 249.1250526356627 125.48654139318879 427.8038326046295 486.68868649328937 175.22928156551842 93.86728540300467 212.37086124574967 168.42316211564156 513.8883194392731 319.80863804450433 243.60804764341748
2009-03-06 222.56035168500472 125.26238991380373 381.1311844220968 455.09520331300024 167.46495038572152 86.97679550190084 190.4341375887775 154.3989967925743 457.82374339484977 348.7882700981705 220.38011721203705
2009-03-07 208.39063376531098 114.76509513826838 339.55146038334817 412.16851390799854 151.5757005616396 97.64918578756279 169.78064446638302 145.18251737110583 443.59235835861637 314.1054237547553 214.72908434379144
2009-03-08 199.0489048498942 115.5486037573088 302.5081611692027 384.63607762677617 135.06241476937024 86.99676135998207 153.80176548104143 130.75852819057843 413.99034662993984 281.3761278540111 283.3374517655189
2009-03-09 230.15949942265132 115.67218585087512 273.706271650793 342.87587291424336 131.22368226414739 79.56815099274353 140.67208068943884 126.07098075802702 408.4217045279498 250.67882430973097 252.67027615499305
2009-03-10 208.09795927759197 118.27071527442567 248.8956044255568 305.47069805185936 117.89786299047789 75.12063544857344 125.32573578327928 112.31763457094549 371.32821139294805 223.33060266139046 236.8642565093291
2009-03-11 208.7928027143258 121.90501347098368 242.00432672007534 309.8014388603118 105.03618208633529 84.84605160166592 111.65366443595153 100.82394572957078 330.8169546159555 198.96836512692553 214.8002990760919
2009-03-12 203.1622239447779 143.5127587649626 225.93221390192605 276.6921925049765 93.57769561561042 76.24928448254366 106.27731155111563 104.46580196336699 294.72549644298465 178.12294793878368 191.36640673959081
2009-03-13 194.50071061555872 133.54425000416217 216.1841478058229 248.7019366759765 83.36931414394867 67.9314548780907 94.74097219707846 107.6948743811406 262.5716320578046 226.02622803471363 170.48915153289877
2009-03-14 192.63375114054543 148.94272818356927 195.35609209552211 222.48788000787144 75.70838653205038 60.52108143527386 84.66441503090401 245.67898271450017 276.0205377616086 266.1499715927907 151.88960192046807
2009-03-15 206.23371551253246 256.0666379987483 202.6062705597696 238.59236193167163 75.75376681342723 54.83843957728376 79.81771242328433 228.6152755153003 246.69994148926472 256.7502052793971 139.03478795490486
2009-03-16 228.55872827639723 228.1779180889291 180.54237032463527 250.4636966199005 69.28055122766256 49.60031090934779 109.97132778374086 213.58554370610534 232.86995046033016 228.73940717088564 129.74752070223684
2009-03-17 226.24473987774215 207.37184537792814 176.23949301026707 708.0820722879732 61.72306144519182 46.22884493768456 105.04775046950618 190.33990232668032 229.21480993311255 203.83584362391244 115.5928509878456
2009-03-18 208.76746983940188 253.39536252617674 180.9470947468153 634.2696903807604 61.419578613505934 42.966207987084445 102.44156552562306 169.57449957460798 209.86610048612187 186.74033074502725 102.98244735207
2009-03-19 187.34656766503198 226.91724462192266 163.25006484106098 569.3055552439491 83.95864953140496 53.75638427695303 106.72875097013149 152.36675580923205 187.33537311502698 203.62730837984543 92.9393788581869
2009-03-20 181.6501382875629 260.34788813039637 170.46309593088205 507.19446311443625 96.89621004186141 66.81595582992851 100.83759025308676 135.7442211550748 174.75688584111805 185.52182842523266 82.80044720694595
2009-03-21 177.72110737725174 722.4969546273277 187.36737847141364 451.8597463813833 87.61872737548838 121.84051805239694 90.89504437663064 120.93520196686917 157.8821211826142 169.65947232721135 73.7676616229693
2009-03-22 169.92393312930076 654.199961028743 168.95659966569684 437.78748319091 83.51528058626867 135.0144626317126 86.82397542006723 107.74184206248677 171.81758289702634 309.07394405887317 65.72034083227364
2009-03-23 248.49002153792782 588.8664557763573 178.9427960614359 445.36137136874464 82.02611639660363 133.64963780528035 81.69405318788482 95.98787160392784 163.88817534621515 322.1575178690028 58.550970023598275
2009-03-24 221.38022188988168 531.8348698688942 261.0423831319744 397.05046576061443 73.07774218284094 123.80850688519314 94.5004145483471 85.51625200003525 224.7760843860221 495.2167948325722 52.1637643709736
2009-03-25 208.00024661569515 551.9925797210833 262.05773026018323 362.38285638173573 65.10562530161204 110.47426673048538 113.0577404381061 76.1870777533265 222.88661272410428 726.1849816585259 49.54717532122018
2009-03-26 217.89780918121087 544.3551001332897 237.86701497405932 435.6702365358568 58.89513285710389 101.32831306865212 100.7237333408664 72.8679347252894 288.0127187576066 680.8439307303078 53.66166213050448
2009-03-27 194.125957238892 605.7557189263097 258.1869477993937 448.6419976877184 55.00160442851699 120.8026800720594 89.7353616609845 70.05105612994863 295.3894956879599 641.7221817451308 55.813139553153924
2009-03-28 172.9472632095086 539.6676902452424 343.611998590769 428.4726324991823 49.001555628641235 107.62364957172868 85.811146700404 69.01065468772853 274.33761783421505 604.2877032949491 74.51525990663534
2009-03-29 154.0791724108897 480.7899307729027 670.0094390490185 405.5471524002551 45.92959946648662 97.33221730054368 143.18852261142536 61.78232807631161 244.40770937783506 585.5319868439221 73.26502826264957
2009-03-30 141.54449248192756 428.33581294731357 702.4674721289575 401.48186984922654 41.86659676053385 89.44702899428104 131.92028512159115 55.317009082540764 217.7431734062046 594.5250796075763 75.92297938250888
2009-03-31 149.53683570462454 382.94946278794447 709.8445661808491 410.5496533346229 47.56529866130133 109.33740542162644 135.4410127876154 49.28249253413095 195.78555649897876 590.2645250391136 73.17370526980645
2009-04-01 171.6670839303767 411.2723107373438 687.86515965181 411.31414823407385 42.376485802061644 107.64644137851988 137.75020308036295 43.90633162216401 189.61585242726744 610.0688892333685 65.19098242319545
2009-04-02 246.07043298022617 436.5440604176316 638.544878388017 465.4255597729778 37.7537617207558 96.76113268902441 122.72208418827354 48.83424008568485 222.35390297043588 575.3273701249012 58.079167515540995
2009-04-03 442.64389874141165 568.5728695129566 587.4199760284208 438.73830890382203 33.63536589022439 107.08323156872392 145.44607385380363 46.76911821775687 200.81680539051658 564.2447734021183 67.56338811050063
2009-04-04 683.5640106894286 641.5154026481301 530.2222111960133 421.225341890676 29.966275922483717 108.62004677535877 213.44588004256877 45.36042805975896 178.90800607015072 515.9643745716794 98.80895894865778
2009-04-05 703.9115713604739 731.3521331546266 479.0725833367514 391.1346872893275 26.697472429481046 111.64143812028668 204.74562623783146 59.51280971205855 159.6648261445281 633.7757602122197 106.67147659960976
2009-04-06 676.7305467838702 772.4968428481345 436.11115574957086 696.0811130264016 23.785284088473404 99.90772394987228 294.98952245664276 88.42288378449544 142.24572906772187 586.8506007682116 120.3805124984086
2009-04-07 635.181340576448 886.3345167673536 394.8800360880716 1158.4988049670303 21.190804161602827 89.00818825583814 270.283340665605 92.46998157298424 127.85865655767603 561.2844266589161 135.4615747218982
2009-04-08 572.0459831736209 890.5354129567435 357.9513523517891 1081.8395434382055 18.879370673923976 79.44024080081951 355.1370500388684 92.86823023282348 113.90962364036851 547.8375526778426 120.78720295652197
