2009-03-15 16.24677563266151 25.07058464567444 17.09038669750168 41.55593226374287 15.160945525719725 18.222649111768774 21.85143508059843 17.03490970840477 17.023040149873825 15.077623039718993 43.9635020581542
2009-03-16 78.3889106362128 34.513724915012624 24.005345933522232 63.20944926721998 38.32936078385493 21.303652439146656 38.76466830267802 27.759715612301935 31.03253059841082 21.089434215507225 39.81061047295734
2009-03-17 126.00680159143444 101.13151292978021 45.04308544649239 69.51605154052248 37.81877719085943 19.81376939727836 89.9968214420626 31.039434287362738 38.898191207533664 40.65185937023457 48.12272425068151
2009-03-18 153.7069736565938 91.84785602582325 43.490185615796136 57.677391842101486 74.6929476589727 28.97755987898453 101.78087555951915 25.76780402824047 38.50999655751663 35.429311571752386 42.019938532787364
2009-03-19 130.38820012968358 83.05128540214103 55.578396182943195 50.15706458672533 63.88353584147723 25.512588048339783 84.68704879544524 45.10581451099467 37.26233030070526 29.474170786924756 35.10879985515732
2009-03-20 109.36678020223978 72.6722081088836 48.60741699451024 41.811926568972574 55.73464105766037 21.164809117988025 70.91957267589427 38.00050183990584 37.657861655060024 24.45127077794947 29.125663217236244
2009-03-21 103.39642898300755 83.55565475702942 43.323540595623335 101.55608917246312 53.17859976120326 17.683277045027687 72.22577972399296 39.092083775479814 34.51193139742439 20.284358361723204 24.744882720057838
2009-03-22 90.21075742824361 81.55071074868054 48.050486980330426 90.73106148629309 79.49249103191963 20.1309889864845 61.60615262181744 85.52367327105924 32.2531537791909 17.05735975100915 42.33491711725565
2009-03-23 82.25814932747345 77.91069716276178 41.00311508621307 79.91338422063919 118.61743871527128 23.16269687491678 59.12106771827552 101.11337603081311 29.501534253448447 18.193853063154545 46.38690964079367
2009-03-24 68.23996160703521 85.51348142879141 35.59503144575424 67.52383281801426 101.92188229310656 20.19332046859151 51.23048742697021 134.6796268025363 24.71492661124835 20.29341986775524 38.948985975536914
2009-03-25 68.89395908474486 71.60315098042605 35.532829493588714 57.93030987975657 88.16219685047884 19.235723251775628 43.0220240839432 113.00557111943151 20.50308275667829 16.83507596479153 53.853335581958916
2009-03-26 70.54913087979116 71.41663530245924 39.59113858203245 50.58429861789327 83.22668469115469 30.13865397626039 35.82686521752054 107.39034123703384 20.26281290093183 28.23577302152538 57.894188744418834
2009-03-27 63.381742371779644 60.91453270662617 100.82671935162412 109.64186992045565 87.31261613501073 30.13926779504875 31.055805649792628 106.26570493746759 31.995487530220224 23.42391705487124 62.84657589942805
2009-03-28 69.40630147168812 51.475258199591984 86.47337301887875 91.34770669482383 72.44116040834064 28.2568744132964 25.852464550254446 97.64208372342708 36.74013346332162 19.980885574976377 53.87165473209636
2009-03-29 62.17608043575595 49.22778225789171 71.87145566742576 88.36037507471603 60.1067291960762 34.485148332145414 46.54311972703759 95.30668890283617 30.479668556397833 18.40733676024025 62.54005612983389
2009-03-30 51.580218817235895 43.9471410303714 61.47452298263914 73.32937809667017 49.86352022503879 44.47941802998962 38.72991681283695 101.83052676133538 30.725150431162845 32.788810698221866 77.41411140718608
2009-03-31 45.8873860037299 56.13049886058972 95.28805624805405 61.50766541978715 41.433700544164786 45.45952445966326 39.985104508433416 249.00157375243327 26.80748109183762 27.983740606372617 64.23227595523907
2009-04-01 43.759289460724304 46.63699434289008 81.44776872127989 51.02571308862177 36.165696569162066 54.50850106051913 46.50137758689421 307.5968491286043 22.753958693692226 23.525663057901138 53.4710281276146
2009-04-02 42.22198351841356 39.64882722277035 67.56768363937032 42.55101133279007 32.14860209162917 46.798963631048665 65.75793511621548 258.177091090741 19.277771560232587 60.43787927390964 64.79463912872149
2009-04-03 38.75729026343049 52.77120551310517 56.94235442148024 35.30876722621135 46.78490379835681 40.69234148091785 67.69523128507423 223.74197034158314 16.30388289376312 50.179439210749024 58.43710353492038
2009-04-04 35.77297594761729 254.43616219128668 59.03395901304314 32.0457276031161 97.14182145833487 36.91503106917122 115.59545475889433 197.38997103923217 30.471935700137173 42.235689542078305 51.351102420057444
2009-04-05 32.07067413116931 211.0759126156933 81.81579159821759 54.16183744135455 80.82572193917672 34.26136140776983 156.61314634915627 172.30893211495692 104.60982511362266 41.16795518596819 71.7697360743053
2009-04-06 34.80956274380421 175.10512477945747 68.36662834839142 60.13674115066361 67.20028459007428 28.422642694809202 159.3849453253018 144.1073273748412 164.2309251309745 36.13678522694625 76.51257808977583
2009-04-07 30.446490184599217 145.61546798613088 62.10270241222773 54.021939288376345 77.15704767662922 24.11644213791623 132.22303976762583 164.4351572741155 221.3214813349779 32.49178348176104 63.54843337049067
2009-04-08 40.67731280653687 124.12080994477712 51.97840104172752 44.83422143772685 72.3598465104303 20.00659021683244 109.6899848960569 160.7616008920556 224.9340762591101 27.444459026132463 52.738426480016614
2009-04-09 33.74520685050702 115.85578048049811 44.391140961002606 37.225718668488334 66.84519172569293 16.603330581008358 91.1798021891787 138.35848689236934 192.76993160565513 23.85604452722788 43.7509016144352
2009-04-10 28.006020844032832 96.11264780652078 37.69024029524 35.379696393533614 57.89966817561532 20.26177302377476 82.38819203665157 114.82992535860411 171.69900982277667 20.204361991351437 36.295003848878544
2009-04-11 23.43729603186495 79.73341790315314 32.10721162197318 42.350888636933455 56.116452899802695 20.02008747406684 84.88922299667101 146.95055224797215 177.76571843552074 24.788660489624306 30.109717875059257
2009-04-12 21.553715771216584 67.96528033091676 36.63207932119116 37.333554864524544 53.77911230279322 18.66844043328762 202.05575948185628 136.48660811031345 162.50355036697866 24.10198441767896 24.97850983266072
2009-04-13 18.13146473261108 62.675029694950545 33.85137205481803 36.99188716905951 67.4687649459152 15.502817627741562 185.08471025983818 125.27941524169505 142.62520884269765 33.411090078010695 20.72174691404701
2009-04-14 23.432616934778668 98.99435153896373 28.096985355444048 55.13954434036379 58.01238960620077 14.411293348196262 159.42632886893855 104.27322805054344 130.16114396395673 33.620729726252094 17.688791394392922
2009-04-15 19.587171957165992 82.19547201418908 25.208990137627058 68.19945744397785 73.42112296332236 30.1570341604671 144.2415691693147 87.65255622400161 108.87238995131057 30.176907121507533 16.15232951156306
2009-04-16 16.332088311078923 137.2233268274165 23.194766728975843 123.67836407374466 85.30590460581942 64.5821918882855 119.83822331485709 108.28139723852051 111.57504246550002 50.78121273207523 18.818213026283377
2009-04-17 16.67270696415698 154.33919104624687 21.617759498822842 110.94357078659257 95.1899696534518 65.32586921300071 101.77237472246183 130.9118238219042 149.44868826165364 42.19448911848892 28.927505094561432
2009-04-18 22.77966811352767 136.43160010872896 28.459331214963502 149.7234316533465 92.80118773133863 73.84980463335486 98.79206969098054 115.6252503263531 123.98008990691802 35.00383051424309 48.66918468220195
2009-04-19 105.95857502309221 134.9744630849034 35.949057466386456 207.698815144182 124.19516058081699 64.30148309977 237.70267685799777 133.7370344444256 102.85300014583822 29.3627179105961 40.377504016399584
2009-04-20 112.12160485833601 150.3871367117882 61.06854267854951 172.31883900978872 127.28490097545013 53.34341671771829 367.7811011981084 198.62736277539835 85.41995130301403 24.358811367375544 34.32987636622666
2009-04-21 95.66585313100812 155.35694700360088 80.90019616665415 143.23263358239276 191.04916811718132 44.44138539301152 384.9366496749867 370.5933705826518 73.02102853968579 20.20765560729199 34.205923612253194
2009-04-22 79.81456433839311 137.62766626558235 68.47146289789107 157.43457422749873 207.39760267561596 41.056139432055865 336.93134064009183 470.28022810043103 60.577003309629404 16.76392739301879 37.92402384399957
2009-04-23 67.24622303949346 117.72055730855331 69.93389513033571 146.69539445269834 187.5112168652809 34.05947497582311 518.2283188292892 411.4288863266435 50.25365163105733 13.907069038577614 47.01937201724765
2009-04-24 84.2236942318695 108.84597720908307 58.3245397899607 165.58242896685488 210.49430169723206 28.25516114462007 434.75518981559503 382.472318470356 41.68957466164784 11.764489841707418 65.49456487435738
2009-04-25 71.14680168548584 101.5814766144965 48.63924686914334 456.2812600380232 258.94005740923893 23.44110925169069 360.66551100446486 437.4629697920972 34.58496206860722 9.75962067817174 86.18887287326326
2009-04-26 59.022189974949185 99.15484815690307 49.141310673419596 416.5931824487129 235.69572662775354 19.46032321679684 299.2050532670495 365.47187395329485 28.691096299127615 8.097811922892555 94.56179949236052
2009-04-27 48.963804933409236 82.2571755710348 87.99146137777929 362.69067614208745 224.4911351827671 36.754086432834335 249.5019646115498 546.432808908246 25.259860841273177 7.623181497242178 80.94168114682724
2009-04-28 46.359478163775385 70.8915669189772 94.54579651220317 539.3551408584952 242.05688482423525 93.24355613469918 210.0069329001458 752.1151323476181 20.95515092547642 6.324061712407209 67.15980236013198
2009-04-29 52.53856969948995 72.21028719789402 98.23299613124398 448.5877033105165 201.10133781427243 77.41458983326326 174.3143544850482 644.5889001011291 17.384036795325702 5.246334034786483 55.71462976083238
