2009-02-08 24.33483707730575 24.33483707730575 24.33483707730575 24.33483707730575 24.33483707730575 24.33483707730575 24.33483707730575 24.33483707730575 24.33483707730575 24.33483707730575 24.33483707730575
2009-02-09 21.682508829831086 21.682508829831086 21.682508829831086 21.682508829831086 21.682508829831086 21.682508829831086 21.682508829831086 21.682508829831086 21.682508829831086 21.682508829831086 21.682508829831086
2009-02-10 19.31947952712086 19.31947952712086 19.31947952712086 19.31947952712086 19.31947952712086 19.31947952712086 19.31947952712086 19.31947952712086 19.31947952712086 19.31947952712086 19.558372127036183
2009-02-11 17.31259517509491 17.214188332840124 17.214188332840124 17.21589039180993 17.223325282951993 17.214188332840124 17.214188332840124 17.214188332840124 17.214188332840124 17.214188332840124 17.4270174438779
2009-02-12 17.14318920606864 15.338517681186671 15.338517681186671 20.85413923338449 15.346657778329046 15.338517681186671 16.64365574468225 33.08037797012931 15.338517681186671 15.366505763726925 15.528126863393174
2009-02-13 16.13649186717601 13.667417613256825 13.667417613256825 28.098010912561186 13.674669615366506 81.671170313415 14.830163441021197 35.321931655071054 15.58338430080076 13.725969525487905 13.89444879344018
2009-02-14 17.23048039633127 16.56238591332554 12.290683830621333 44.61291266448595 12.185031898134275 97.8727320688947 13.896459466323861 36.58253564518742 13.885503364683293 17.364065481857075 12.380832886154048
2009-02-15 16.822293598878286 31.718691804073345 12.13970343325588 41.15154689012311 12.940222796075906 87.45437937491752 19.982050543236507 32.60841261781811 12.37279963913745 49.76911647746473 11.045441986970573
2009-02-16 22.830854282064738 28.260302363189414 10.82134879753347 75.97758154097913 16.53099059923665 77.91515497472493 29.609998403835014 29.111370135410002 11.028046530634699 67.66149110648111 26.026690478421035
2009-02-17 26.106861474659315 25.65590084520513 9.642825998589414 67.69043022857876 15.766738376636079 74.91305512902647 27.212839229192685 32.01207368976893 11.513776023806122 64.67607532500398 23.535337934113493
2009-02-18 26.99748996951512 35.22558498576347 8.592822961354805 60.307359160970044 14.048608648960336 66.74198642638741 38.298929925071405 33.03726362990029 17.149658305546932 98.57598092648136 20.969644036462572
2009-02-19 24.155590429106574 31.942181527043278 11.033565915033604 53.72973365882379 12.51787212490058 59.67830257917443 39.459137171650845 29.434840506629154 17.26797098781337 87.82319973471532 18.68381367983025
2009-02-20 21.523593297244275 49.15106052714038 10.059448320610564 52.26762064025799 11.401500131245578 62.441823957166996 35.15602404965231 26.99210352137655 24.376771105545476 90.22895675025067 23.30441715725198
2009-02-21 19.674108189070946 43.790492324366426 8.96382511952977 66.4575916272302 29.944047563425844 57.86548224712969 31.32233226624501 24.049105932604533 21.719109635829756 86.95620008105806 21.056015441613933
2009-02-22 35.64015420475091 39.01471666630041 14.467721992761405 173.66034151051792 44.0918515936386 53.28508075428777 27.90684885295146 21.427140835566597 19.598401202566922 77.84167728955464 18.760600353865033
2009-02-23 33.20743217175681 34.759933396108785 13.049275244135673 154.71554797302718 46.45878011158757 47.47338246949265 24.863948199923865 19.861492519175385 17.46196283846017 69.3508228446514 17.31286635806247
2009-02-24 30.68874552209757 37.4530880441589 12.373514174758297 139.50228373351868 43.928842546356776 42.29569847776079 30.097116069341308 19.175518454842855 15.558563198902142 74.58465143355289 16.877187881260006
2009-02-25 28.027039788350894 39.68270753558375 12.86093150567287 124.29161679452771 45.57593011244866 37.68285838613176 67.05886856157386 17.0851196405403 14.052117217544092 77.43488289347961 15.037539878672586
2009-02-26 24.970881930354057 39.12194530811942 32.8963998745699 110.73287018747895 40.731986392983785 33.998955832506375 59.74428815109161 15.22273929667565 13.855694828203355 69.36601491896795 13.775561689945473
2009-02-27 22.248109395690655 43.169942831222066 29.308943172790805 98.85727559749446 36.28965715792346 30.291243978037443 53.22769242311904 13.568890781583944 25.228061191221506 67.79210661437065 12.396722761363362
2009-02-28 25.988612497644752 66.79234920199295 34.583595464844656 88.07335865212512 32.33194758721747 26.987968974380912 47.75850025498355 14.018936013457964 25.014969767369465 86.72118553585653 248.2839124327908
2009-03-01 26.524418597137934 62.22981998260296 30.81197649371729 218.83353666979733 31.305985247334124 24.04504258989033 45.67586421958039 16.73069041922541 22.287300125471926 77.26128865490824 222.39102420965006
2009-03-02 36.20989659192317 58.00771310410262 27.45180426616877 194.95997120978512 27.90762437201365 23.261759114580546 40.694022787722155 31.09229277042527 19.85718101713774 68.95525544058835 249.92273396838866
2009-03-03 32.27174615562943 53.38263184298055 26.69713942220046 173.69100178697758 24.86428012687159 32.41930594478942 36.25566608505795 29.352038109374313 17.69215046155123 61.64750403265671 318.2470784378896
2009-03-04 28.752231204009185 49.46089227224614 23.786188414197724 161.06013097347537 22.152929214320718 51.87915793789086 32.647487291444676 30.843865904042847 15.763288089150508 59.28718585187405 367.01598775093544
2009-03-05 25.616661519230853 44.44734233571272 21.192420363557744 143.4895998236888 21.39609664141298 102.70063226634994 29.091440587445426 27.86211764840007 14.044828748205466 66.69947870284928 356.7134233704909
2009-03-06 23.26469369720899 39.5993786507426 18.88159847529612 127.8359988885059 23.427188300069687 91.80903443748491 26.057352281980922 25.74868375881155 13.035996549305445 59.811932177189455 325.3395258677899
2009-03-07 20.756155647766832 36.03851714958862 16.822853999687975 113.89018966356582 35.379911972080905 81.79381321566365 27.041173848263476 22.940731476132264 14.886029059234996 68.30170864723432 300.6384085866577
2009-03-08 18.49285937451436 115.3736330184182 14.988685978181627 102.57953108605142 32.59734114627055 77.2290199122991 27.216975412252772 21.216231514822276 14.133665262697665 62.227635171303845 271.0383711230491
2009-03-09 16.47645740080757 109.00301392252028 14.767840876674581 103.00400341759808 29.138494105748137 123.8685780050108 24.314113640139507 19.746466609610383 36.41639629524448 55.43972614267682 249.05850261926687
2009-03-10 14.68001419680003 122.12946388923876 17.90720625790613 93.5470822975931 26.353074905569407 142.82938475411174 23.0859580805061 51.85285343842385 55.48483442392013 83.70443614597093 221.90094092208233
2009-03-11 13.079532906847035 108.80610990272558 16.690782369006595 83.35047760905987 23.479047729064035 163.02954663134037 62.22943578360043 46.25861381263268 76.61045210696486 83.61241345245445 199.22548198214687
2009-03-12 11.653634737126128 96.93631947471681 14.876944867487527 86.4782909864203 36.822493113184464 355.823388583175 56.74450294433896 41.21283538516517 98.13923861559466 74.53727398028556 203.69424879001102
2009-03-13 10.537391937253823 86.3615078347447 13.254916185766223 85.19705808284478 36.749244704883644 318.9441186214341 50.81877217444531 36.71752728904955 91.09823197642856 72.34892299918074 185.11445757993533
2009-03-14 9.388784332418822 78.23255739088044 11.809823201933812 130.6481675211285 32.92659520766554 303.9509718873603 45.803681509503164 34.354431440068545 291.17048917451126 72.60242965913508 171.5840838431993
2009-03-15 8.365462407907119 69.69829157763502 10.522362833325959 125.21106236723914 29.41589366623119 304.68954567544733 40.807447624183816 30.60732541365632 290.1676343097205 64.68241799845669 152.86504683044984
2009-03-16 7.453758141059766 62.09509702829076 11.841195386287684 113.25254572185086 26.20756036540201 419.9396175097438 65.8380792145391 27.304893240304015 351.9811899479267 57.626461686246785 141.47521645156291
2009-03-17 6.641494685536227 59.16772036983765 13.980052999831779 101.82814965641523 23.34923304746017 874.5652864420296 66.63445251710205 25.14524348272718 328.27725542844377 58.63256293338949 345.1491711292335
2009-03-18 5.917823682693464 54.487612210225535 17.53518006250855 91.77240437984987 20.828023123427013 806.9357870861083 59.36547291228288 22.402789766901737 325.07684671685 54.107490295542924 417.9175050505737
2009-03-19 5.273080322484656 67.62639251906734 22.729971726285285 110.72144682647654 21.51533820916855 718.8989571259723 56.73583986379365 20.14715373791406 301.0261811071866 50.819932698922635 441.3828791647028
2009-03-20 5.783291197983936 65.68768146659913 37.5908472176846 122.13217262576202 22.58488703101277 641.8392410771191 51.90954791072314 18.031729801830767 380.4144942656588 52.70416649541764 440.75330276856505
2009-03-21 8.172268857595501 61.75602252268345 35.645928775513475 156.31852222712976 22.30127539221525 602.248676487509 63.9079363650776 16.065294311160358 373.50500792193907 49.14151838939177 445.97250857271865
2009-03-22 16.502435546722378 59.455928458392385 31.9750868916215 140.06187920617236 50.41016180233186 576.3490732188187 94.8986963861077 14.313375760522035 336.3647982874763 43.80911782758617 399.56167770194236
2009-03-23 14.7069352777657 53.63907751200874 28.487366544552998 127.18696604761645 47.259133945985624 610.791633970623 91.46061890283553 22.61980065941948 301.0074069184393 39.06715365129971 359.95651966204065
2009-03-24 13.785030577128182 47.78777101626101 25.94203641449253 224.43529163509314 51.116489852380866 586.3254910158417 117.71073085581871 51.124673989676424 274.8788213685325 34.81023970240328 386.9752898395326
2009-03-25 12.281824537019565 42.574822407501685 29.135936102190247 268.7694937114666 98.33931443217989 558.4940219235807 145.70552931807774 45.90810163123569 273.5445839508965 36.8442668358443 344.9645761612704
