2009-02-15 9.863280977935716 9.311321808199017 14.969051851262936 11.61184549509665 30.87259934966343 7.433602209524204 13.07014880472684 27.675586663919745 9.869035790016229 32.77829576114453 7.315583769563835
2009-02-16 15.441604437559324 7.724514201904007 26.878806982666962 24.792499536271425 35.44624883971408 7.051295190557506 17.09451511416803 62.37832809825723 25.938195654520026 62.77672872290289 6.078127291502841
2009-02-17 13.151050465207526 6.408125600693934 28.59604739804446 22.975747240332893 32.01395322163819 5.881137629876715 14.7725356923641 58.6706391641303 22.328563904758905 53.83322494303895 6.444357224689568
2009-02-18 11.188363742811203 7.347917358918379 24.06953324803637 36.25247853870964 26.558279773410696 116.63260600799637 12.486976074701795 49.01800763751796 18.59877355065569 44.65912779864836 8.482031763802226
2009-02-19 9.292272542920692 6.095707265042284 20.588073135735304 30.855653509995648 22.228289867359567 96.93890260876384 12.693346073804513 47.83953316626988 15.429226203256265 37.159210275826496 7.036549285924085
2009-02-20 8.109844723711204 5.061262187025724 17.079515304343282 26.510845776327766 23.58347677126651 85.31847034215595 13.78503152566641 44.108016329476726 12.823572443669658 30.8449582169335 5.8374016075420085
2009-02-21 29.201320032440826 4.260771350722464 14.169738816220189 31.173628428186195 27.794967789816365 82.55195909350745 30.20201155622995 39.26468784978852 13.491084521954722 26.02946965545251 15.052980422703794
2009-02-22 36.239478974440786 8.26500348055084 12.70564030610536 39.04579561235475 72.00611592659185 81.90822080353716 57.23240894381133 41.431161696588305 17.445787590785837 22.481900487382067 16.507955434363463
2009-02-23 50.10717356019937 19.889932777197625 10.540383096024554 33.00228681567191 66.7454389367976 72.93108818624435 86.30283403046288 47.148766435714315 16.814388875350883 18.902997219282412 14.733282087385545
2009-02-24 43.819817831345915 17.593026369768978 28.612097038166688 38.21377914970905 55.37676365647623 91.17442503416959 75.89611743456639 45.40656298785534 20.542322315904997 15.89869961357986 36.371859863656326
2009-02-25 55.8329160155663 15.016573416592866 75.91138618743994 32.79212769941282 48.54168716506294 81.52160195851606 63.33860114538876 37.692997646739094 17.349301297129905 15.317608020132717 30.18233827316791
2009-02-26 46.35344552951687 12.458248083084067 65.2409952748772 32.1392839533199 45.02211501638427 67.84985438552036 53.5389448661012 48.37630731906811 18.00360235208746 12.707227086331788 25.160882939263306
2009-02-27 40.14815766837299 11.170221566819633 54.947126050356616 31.05903614187251 37.4381359787137 56.2870851844519 65.95128125776183 40.31045372145079 16.316716521655195 20.87215773890617 20.8735872203493
2009-02-28 34.34797621677293 9.266625824845665 60.108947038489156 25.76752129495435 33.09779338044017 48.828740407589265 112.30107820694877 33.44086679318602 19.29617643704457 41.403176392794684 17.93197632994916
2009-03-01 31.492070418766527 7.687435174318445 154.12955605182358 107.06890532531109 50.57293942263848 53.58887981385852 108.93949716448856 27.741974317806694 21.927349868458126 61.26503047188531 20.696597950991766
2009-03-02 26.895155342338278 79.25353808709481 129.91292339946315 92.81041457062437 41.954450382986956 48.73738950387089 138.17299645655814 24.761981461913873 58.169420279278754 50.92004300137068 20.38325531084432
2009-03-03 35.729356469638596 77.06481499573088 108.43513892271207 80.72788097205925 35.25820484033921 43.939699802928445 120.37201376810332 68.37797456492676 85.39627651931433 51.32059332719986 33.56252936823508
2009-03-04 49.738849384429685 66.76481505770576 89.97075365942631 67.04161811012351 29.337502762690296 54.86188297624806 119.8143987428922 58.47214367791822 76.6218317153441 52.39377909821621 31.662718882599172
2009-03-05 54.37909762342404 57.95525537367785 74.74993836239003 59.85672483225796 24.36142291628375 51.2977963508439 128.51468814787086 51.639716350940226 64.8235660386835 44.210666951955474 26.902983111639674
2009-03-06 65.1815116599688 48.86206400049366 64.3287983915071 62.28348943185784 63.81025993881503 52.013876181561315 113.79327566069121 57.78322412755527 62.50996944977882 39.207943670695684 39.91804113171907
2009-03-07 64.5055121660846 41.21271290885321 60.87044635537369 54.166531630064675 71.94361626021329 74.43258078401507 111.53600606162729 52.74740431629966 82.45738225809531 32.54611777336183 43.385801652404474
2009-03-08 55.992224523239805 46.97700719419632 87.98041570318838 44.96958830069491 59.68320040757983 61.748003043356796 92.83434305428972 44.45855859856134 97.97313852420582 26.999705749161016 36.1200373179102
2009-03-09 51.174161754701544 92.0833945318085 73.10819110132746 37.30600559595525 53.30415702436256 51.22509309338966 77.19178698424814 42.176267905112184 82.74022486645947 22.398496669176968 29.964568616859268
2009-03-10 43.3550948463372 76.86459460373855 61.22568453590003 30.94842772896698 46.47760168752638 42.49546597618688 66.98144484489954 34.98871450553868 71.466669506375 18.909663673626998 25.22642335502911
2009-03-11 41.04823549413453 63.76556034366758 64.32074078911451 25.97167971011821 46.458756839439545 52.11637998856882 63.16155764017003 30.857999317766197 59.29968587583432 15.705114755712478 20.971181053834233
2009-03-12 41.183056707579844 53.194793175264046 163.1005579137147 21.61459942724432 38.66125895814599 143.22644981127638 64.17923800807272 27.44436199598685 49.19401081303766 21.98119536508175 17.588608709548943
2009-03-13 44.43310620250716 50.7791846095436 141.3302089840061 17.93110405626463 33.88222778672401 150.33759506592756 53.24931241974252 48.09835274905515 41.78962657598511 111.0652726912486 14.591210632306375
2009-03-14 67.40907391841662 54.083576418403375 131.60836773849937 14.889265597522803 28.212660907807372 124.80748583463242 45.209900796424535 58.86366158278071 43.54795870154346 142.86062864178243 14.37936504605228
2009-03-15 57.115756082797425 54.132289930698015 116.7970243607121 12.376268469549395 27.12927521151006 104.59085233690382 44.61640599292317 54.39224101268958 86.66512276038092 132.1804345593912 28.17315775339482
2009-03-16 56.5636200389587 68.99513610674738 96.89282488548365 20.82347170488797 23.711725697418984 123.01128107900679 40.07979223547636 47.79472006491102 126.70010378777317 110.98293056479325 30.15980772701871
2009-03-17 68.74428601696833 158.6857627925476 80.38063953833921 24.22280464802994 19.670844341352915 133.41756735805748 54.01150949608912 59.69248813571963 312.1859168153877 117.09959544363224 31.545143423391607
2009-03-18 59.06810896381204 190.4374093584059 66.68241141930449 79.66673826455447 21.526816905865758 113.8372884825277 49.810036254411095 58.12180007672777 324.95206155033037 207.20298399063006 61.97816376566033
2009-03-19 49.230829795143805 158.15867437360458 55.318594355952285 88.56286667626526 82.26644145012104 106.06692477382713 43.1035019808436 48.433239380130985 464.54614289899877 202.8127167226621 82.70186748494491
2009-03-20 40.84105906308147 132.3631203425706 48.22153340291726 73.69426981787595 90.73174228115988 88.01351397817214 36.83095748309906 41.13184099642322 409.6741073051574 180.98479203149046 106.49264245945378
2009-03-21 33.881047959883304 120.138656431434 47.16048667696636 66.69209851902428 87.21888493409055 73.48743010763536 32.0185993490171 36.14132545717462 373.7522761141654 191.65981786767352 94.84319758808185
2009-03-22 28.107141126944864 119.32284819523898 46.12565509566341 67.93507756803625 72.35530349237816 131.62798585791674 47.232542667002654 31.581221810117192 359.88654463581076 216.59069632529398 144.24497228271102
2009-03-23 23.317206222942445 111.23609203117722 71.67228360256827 134.58868765749406 60.02472913326476 110.719589105865 40.51694456321653 26.288462789341825 372.4174762993464 180.98445256212605 151.31915337955908
2009-03-24 24.4296327222255 94.33640189974321 62.34747520537521 140.92876573687874 49.91823755692418 111.99071613160794 34.03117841226218 21.808461606776792 317.02714633406055 156.8154971539852 162.06184614942663
2009-03-25 31.736265958613284 78.262060919284 51.722405002970056 154.67851080465707 41.45137143010803 99.11568896934749 28.717656587301278 20.04673837860789 271.89583727600944 138.4061746523477 153.8559321049252
2009-03-26 65.50922480133089 139.63554467501254 42.94124403563199 128.68539813872636 34.38735271916474 100.19365586847834 65.14219884728433 18.24702097228876 226.03002765605058 125.91097666960478 131.35540534340157
2009-03-27 74.48744510522465 284.51580459842006 35.821191752392174 107.35420018561395 28.527168632837824 83.62527405986853 88.19749083521165 15.558643158011863 217.82887350399227 129.6729548115269 110.5873934230858
2009-03-28 62.551186300847554 277.3335142286019 29.724814861528657 90.6663124735817 23.66634108465548 69.40549086479324 74.05002367356713 18.811943308629562 184.96429534419988 112.17354763969364 92.16084251260865
2009-03-29 52.639707109537845 361.69042810543016 24.659200839198984 75.44776587824694 20.941046425750105 63.23241880930739 62.198777630727754 24.74140596886731 153.44323348087602 133.27900165539242 79.8336577937275
2009-03-30 45.64114378453717 581.1275773289201 21.024781764946177 62.86513317335278 52.28259985507486 52.45653916536539 52.78119413346129 24.462369855927438 127.29389668017882 166.36163374661578 70.6369942913371
2009-03-31 62.56388923275193 502.3783343756019 17.441801355444444 57.99146025618097 44.160742035363405 46.50786683496748 59.87618296243013 67.96701836674195 105.60085162728001 160.2151459430422 61.83261760208553
2009-04-01 53.30962323030093 422.3442775250922 15.710555359537851 51.02596521227168 39.86933442704259 38.582135304414265 70.74733632232798 133.58490446329174 87.6277014949896 231.73987444926735 51.30722651618256
