2009-01-18 2.073948409726636 0.5681163978257439 73.0297679400692 1.3515741729201043 3.7203469896918344 2.665667281084626 2.086212682419188 16.26957267080047 4.140646899249672 8.726150294949049 0.6178893804338578
2009-01-19 1.7205123262798885 0.4712997009183008 60.58425336754559 1.1212429458159188 3.0863365857028437 2.2113922377993678 1.9165526067577452 13.496960769182184 4.289456964015142 7.239065867311214 0.5125905207338983
2009-01-20 3.10960539824242 1.688178388714115 52.63215207722908 0.9535718277633559 7.814475136785781 1.8536869399741194 11.425372910899853 12.254833133380137 4.03540676253821 6.005405918988835 0.6580180490962848
2009-01-21 26.756692970177482 60.84022309158815 50.754132656591366 5.585564441518983 27.71588123752908 3.4188830861063018 33.693013556039276 14.676353591046901 4.029993321895219 16.187375058437787 4.605746045660213
2009-01-22 41.44102511389352 82.78977823810926 103.69330179974966 8.124078199740065 24.698545931187113 6.9481067098720235 29.564706412572146 47.5409888854986 19.99566040282649 94.06095428765157 12.70624821153472
2009-01-23 44.92522567354433 70.045606930246 102.52493758353249 9.794928724931616 32.93869129836921 8.461218974828197 24.526437416209298 39.47559909623383 59.79040470529923 113.3038304399011 23.11958594259183
2009-01-24 57.348437123283034 58.18658716623913 87.17441414343656 77.15363431782276 27.347202783591136 13.492742047874927 20.351168528329357 32.74828559560228 63.58876321557361 97.93143213716974 19.483615694066163
2009-01-25 52.65128442896802 63.40724613709429 72.3396652374054 130.10027940649474 22.856846262888865 134.5666027157272 25.175814358274025 27.17538818293617 83.30466810053852 97.81258814694391 63.588598475370425
2009-01-26 45.007666477742525 53.31029755733424 60.187922023399544 383.9188323356008 26.83231924766913 146.29737765287933 44.94137306780395 27.257550842261143 73.24073578232768 107.43309373256518 55.55054304406992
2009-01-27 41.02307516424272 48.53538334832575 59.77036475309381 318.49253348140337 25.742994885263393 129.18452759658547 40.99379954314519 49.70340297895888 60.759268701269015 90.23123938343454 46.08378568652359
2009-01-28 35.508449485408335 42.63244386530195 49.91890645999554 267.8170503258625 21.64054426179612 108.67831369886194 34.26299041179544 43.04048180897929 51.07763137432266 78.61843474031714 38.23032479658472
2009-01-29 32.45572608285205 35.367150323313965 42.40508368501476 472.18994128635626 18.753676122208493 90.15768060625057 28.423994088842456 36.38315969657411 42.373134242129076 73.37335044177854 34.513297281523634
2009-01-30 26.924718340127427 29.339986371504736 35.17853618476824 452.0235404722849 16.51412868280138 75.63425991988282 23.64843201693958 46.480146660888614 35.152031470357436 62.4641359294066 32.479744380128366
2009-01-31 22.336288390054694 24.36660354826669 35.58770356068793 401.486655039268 13.699840277244622 62.916317953958924 19.61833698054838 38.6408993135804 30.11556279496527 53.10994992446073 32.263675184915144
2009-02-01 25.087268359351008 25.905649916451015 30.336079250881617 349.74807923190764 14.519181577116468 70.08852139717665 16.27503868360772 35.0182130545982 68.37516393529748 47.90247470794572 29.938736190745328
2009-02-02 20.811971137986966 24.927799954379438 31.465793049246162 291.9069279850963 43.63733307985375 67.21336500570284 13.501495280438858 29.050513948223745 207.02742466154197 45.05748336747223 27.294361662780034
2009-02-03 23.032232973749444 22.674758879646006 81.7540201663092 243.91185841925017 36.20108340990685 79.53808971878024 11.200610846554909 24.09981227026479 185.10353146641657 38.11841875981368 46.136057412986986
2009-02-04 19.84396451480235 25.40877305968441 69.24067986255164 221.13687239511026 30.05676328938737 66.75740057215694 9.291836254442574 20.077777200070383 186.03705710662854 31.622391871900152 40.819228656283784
2009-02-05 16.47848255909331 24.670377281299135 58.06098112445145 192.1626966226132 44.43393095309653 61.820727757500485 10.452318168662886 17.023054127879377 216.25309899713778 26.23339845235791 33.901992414660015
2009-02-06 13.773887282828893 20.53876755434343 51.23993544552802 192.1816886459093 41.70671892236811 51.28542427931625 18.906839852513947 14.122036170501286 180.3963155958376 21.762781169368587 28.12512739195085
2009-02-07 12.388986553574611 17.05700157690837 42.50777893907708 169.95119943703807 35.04391295754027 46.650466827435515 15.684792767579308 11.715401014576633 151.68687950996926 18.054269033474203 23.332127322475127
2009-02-08 11.110848414775479 14.15019839682574 49.97004634833776 159.40627844427317 31.992984731113438 45.37573380964105 13.187238368393539 9.758378779480498 125.83685529859048 14.988897776212623 19.355935985840066
2009-02-09 12.017454304532198 11.738763918542478 52.754315767234914 155.47988274913976 27.446889310160437 54.07091083739029 10.973614611739265 24.599878891625366 104.3934542450516 19.171252327578866 17.035558399489226
2009-02-10 12.590921748042918 9.738278889869848 47.65929296126001 157.4020168161831 22.770015639748465 46.49404171722519 9.103918211806977 34.61131856271133 87.3118210997321 46.85769458163045 14.480657782664576
2009-02-11 16.667331050501886 8.078710535023905 56.2250205413084 188.61277596684698 18.889617694439767 38.675754712345174 9.3682563257771 33.12809495919521 81.1412119993262 171.2890721311755 27.538321354806456
2009-02-12 16.821198860279765 6.704435450948292 56.45165615123065 156.69826419129961 15.688466454854607 36.297005242499694 14.45155146505174 28.385740399105146 83.40718086662632 149.7564982876306 33.82997415172691
2009-02-13 14.083091614508573 5.68172946590922 59.04602082220335 173.72359124107828 13.014884936088261 31.19180637871963 15.398982114194052 23.670179629559296 107.01663500226977 127.75803126545888 39.80159102431418
2009-02-14 15.06019482387576 5.371269876962408 55.54044135954026 187.3891742552211 10.871739931785141 25.978601437198378 21.848349779734832 19.636378430086463 100.07191943743422 110.95429835531456 70.78324545887997
2009-02-15 16.690655977616718 4.455914133514683 47.35953037535095 155.62512064582975 10.279332259699343 21.551405899267742 22.366522967671425 16.290005563288982 83.2096765762056 94.45021245529158 79.37474584826647
2009-02-16 14.918249316266397 3.696550577437333 39.28866089212879 133.57778429337355 9.040480677119897 27.44246850810943 25.536770294514344 13.832734916325714 69.0293324286786 87.89840282346772 65.84793912260776
2009-02-17 12.847507626658913 3.066595486833401 32.70672574856044 110.99820858846002 7.499829006119636 22.76580512333835 23.57537350670934 11.758177539186825 57.265561621121726 81.94547791793103 54.62633033160599
2009-02-18 11.232483465607485 2.5799613224690376 27.1329433937096 92.41904310152051 6.348638536872689 18.93368949392429 19.982913526275375 18.232480714495402 48.9462598412572 68.10169749023885 46.34064944247433
2009-02-19 18.612443309849073 2.140292032247694 23.011467777389765 82.46838262464748 6.169057767507526 16.71647164724717 19.08953762835032 22.660980528805453 40.62611496904779 61.18013029679056 40.310676213662504
2009-02-20 26.45824012655934 1.808515784542748 19.08992228112539 68.41436757464966 5.280184877892691 34.14558357762567 16.011222997955514 22.832123620912018 34.04463567709539 50.75399552141405 33.90598504594106
2009-02-21 47.237367612684785 2.2176849932881804 16.143462712248752 57.49052519408869 4.410248361171058 28.41308531613003 13.282638274689756 22.958426902850164 29.246576661358294 42.11777264979622 33.16782612264344
2009-02-22 57.22133441560749 17.434996349691726 16.150408235818265 60.1686124003135 3.7068619176754316 32.93191470556461 11.01905079698065 35.738173984176704 36.06241408554615 35.41639643082751 42.80467891585673
2009-02-23 66.09606435376398 30.75370941594839 14.221113091851812 50.11783665501967 3.1533754504930864 32.62550460950699 9.159831737129887 34.63787897311361 31.336104521240507 57.02885199098277 35.5296744285214
2009-02-24 54.8589654701023 46.25600775003704 13.941370852666646 41.57690486751512 4.965031302722844 27.863065488578055 8.5174190097841 44.856311472674854 66.02394710741659 47.31016564529227 29.474813604918115
2009-02-25 45.67419964440944 45.90903457799297 12.757518929762316 34.501657071853664 7.240618866604037 23.343667900047972 7.067131666823324 40.80325952340303 55.33195870503396 43.44373208996694 24.463837027806104
2009-02-26 38.892718781705796 46.8878807574256 17.31171835131421 29.83167622853585 6.253218109052341 19.397847092213663 5.862772230579544 33.91858579291834 48.622400234443006 135.2610443623185 20.29478310887241
2009-02-27 33.5534122929009 78.32724951736837 14.81634756320584 54.09327131732382 9.484850897501511 16.65822302277611 5.0265127586169 28.745152972941472 40.395967314679154 118.36713388654535 16.942139130278907
2009-02-28 35.62801809209061 83.58851416530749 12.76583114108842 66.08421995594533 8.091148154207824 14.342674052098408 126.72544047387306 27.520432849948914 35.64547626482409 100.78358686894342 14.41340182948088
2009-03-01 30.171455786586826 74.2138381001119 23.029602756932317 101.1472319875409 6.712278891687275 11.978651141718538 106.82113179437457 26.162186195386944 48.182129808609695 92.96068961821771 11.957113009617824
2009-03-02 26.990299933581674 84.67761604338753 19.151323478154254 180.46521313732936 5.568392403785273 15.569374126250446 106.44780206389586 21.954157886603017 41.12761058905414 96.32613074562437 10.076853659163005
2009-03-03 22.814203766913188 70.659417959953 20.69627065467225 247.39988565827542 4.619443629038559 22.38707979825476 88.5147759638941 18.49531453282337 51.818954029111666 83.32729417948583 14.036168028481512
2009-03-04 29.019045205352498 58.617851339772045 59.079619174850116 227.14488995015202 3.8322118655574626 39.63109063781509 73.8249197221912 16.312800964366232 44.65477915659415 71.73545922750404 11.840205137002515
