2009-01-04 0.09468201660185656 0.09468201660185656 0.09468201660185656 0.09468201660185656 0.09468201660185656 0.09468201660185656 0.09468201660185656 0.09468201660185656 0.09468201660185656 0.09468201660185656 0.09468201660185656
2009-01-05 0.09144140529889323 0.09144140529889323 0.09144140529889323 0.09144140529889323 0.09144140529889323 0.09144140529889323 0.09144140529889323 0.09144140529889323 0.09144140529889323 0.09144140529889323 0.09144140529889323
2009-01-06 0.08835659048223167 0.08835659048223167 0.08835659048223167 0.0892707835371439 0.1167052538457736 0.08835659048223167 0.6762795588340736 0.08835659048223167 0.08877538133128068 0.08835659048223167 0.4071936690582363
2009-01-07 0.08541609107611794 0.08541609107611794 0.08541609107611794 0.08623054449687202 0.11067187892768944 0.08541609107611794 0.6091959099460373 0.08541609107611794 0.0857891913067046 0.08541609107611794 0.3694676356750911
2009-01-08 0.08260952472011109 0.08260952472011109 0.08260952472011109 0.08333512022864592 0.10510987374270049 0.08260952472011109 0.5492442939391012 0.08260952472011109 0.0829419192372786 0.08260952472011109 0.3356706816891197
2009-01-09 6.057979254061028 0.07992749219048959 0.07992749219048959 0.27042743999963326 0.09997302429242472 0.6064691247573198 1.6202079077019889 0.07992749219048959 43.148613053154186 0.07992749219048959 0.3053793525452905
2009-01-10 5.434443663886657 0.3136215089797985 0.07736147431168564 0.30445751124328047 1.0714788994298357 20.280974546001186 1.466932536940806 0.07736147431168564 38.44719823256357 0.07736147431168564 0.2782162477041326
2009-01-11 4.847521395663192 0.28538750203202373 0.07490373999840991 0.2772233081955189 0.9605616797171445 31.85136138310422 1.3128708184596023 0.07490373999840991 34.25854212317909 0.07490373999840991 0.5708705895028721
2009-01-12 4.324466215823047 0.6000599792312188 0.07254726421734059 0.25279350817885193 0.8615787874235752 28.38215264550109 1.1754505475183574 0.07254726421734059 30.53903757991933 0.07254726421734059 25.18752072708817
2009-01-13 3.8991076689126505 0.5402460563978915 0.07028565478929724 1.7789844007693358 0.7732328273860509 25.291276800033845 1.2273283523238179 0.07028565478929724 27.21284282328326 0.07028565478929724 22.44518331898956
2009-01-14 3.5493616292224237 0.4868002064402742 0.06811308707045859 1.5903906095520797 97.2238989253412 22.53746176859767 1.0989209431376035 0.06811308707045859 24.249382475532606 0.06811308707045859 20.223324722095057
2009-01-15 3.1674641093871045 0.4390320636044339 0.06602424565599394 1.4926034714424206 86.62198930888873 20.51939117863921 0.9843696432752045 0.06602424565599394 21.609086146843147 0.06602424565599394 18.022276455146663
2009-01-16 2.8270830713302484 0.39632645920944387 0.1661972307713213 2.9044261938416285 77.17661259457685 18.285892654591606 0.8821670098918886 0.06453111827974861 19.256700504928467 1.9443064456819916 16.061216348382725
2009-01-17 2.523693170823092 0.35813522097351286 0.22116857216525007 2.592598059525451 68.76159371742082 16.29592681252623 0.7909699447970995 0.06253917705431056 17.767710875981365 4.696186315068176 17.433107562259483
2009-01-18 2.253262668528266 0.3239698669486553 0.20194645509739595 2.3146499455468006 61.26452335779947 14.522927965850847 0.7420070745221087 0.14934496788292909 16.459626064998556 4.188734025904886 15.536040838082075
2009-01-19 2.0121995803082857 0.29339509646362666 0.2799753200440073 2.0668894267142246 54.58525608422539 12.943228665703979 0.6658239088257831 0.137821997730585 49.56599135004794 3.73650853159246 13.850230734463691
2009-01-20 1.8784889910753615 0.29331208733377384 6.8117036622102285 1.8460268165725082 48.63457235057354 12.324304805004052 0.9702966150200077 0.12742311688470392 46.42345219108851 3.333488336891149 12.343790483056619
2009-01-21 1.6780517407998519 0.26581966923079936 36.95716605348465 1.649131231147212 43.33298647103963 10.984215659359005 0.8971355563217209 0.11802939810410235 49.23686777275165 2.974308792882169 11.001575424958133
2009-01-22 2.1708808994861597 0.24120094880567547 57.52418167019509 1.4735914461057178 38.60968464647333 13.115255479995119 1.0517310018350083 8.465735588926657 50.33307695656349 2.6541904371637317 9.805671989850927
2009-01-23 1.9382953045587075 0.21914591007635073 85.19681781176044 2.9863543671149473 54.57025495307932 13.41777869215083 44.51398966215483 21.374484367374173 44.8459340346326 2.3688751521406566 8.74012090023396
2009-01-24 1.730966254178018 0.1993782623419461 78.08159967347665 4.306685484813893 50.70791147491732 11.958023289097161 49.21348843728739 20.453818593660724 40.04085465770841 2.114569288445839 7.803987655958259
2009-01-25 1.5461415420870666 0.18165176344117395 75.34872997500604 3.8408465029499883 52.412191665609086 10.657413544844669 48.2939787689998 22.490213548505714 37.09324202946306 1.9001369588046373 23.058431040433803
2009-01-26 1.486096835993669 0.463848731920814 129.3787665031337 3.4257188469261033 46.697867990691066 9.498589686667758 43.02895740007282 30.097497117092807 33.13278680615487 1.6967432017642878 69.69855572230378
2009-01-27 8.687491493384334 2.45394727091569 116.41631710683556 3.055772978843587 41.60687518220138 8.520138614461855 38.47325152361675 50.65275359537706 29.521761743428435 1.5154307928730597 62.18478689555911
2009-01-28 9.186655813744334 2.221498302969397 103.71884600440701 2.7260825530876036 37.07121008895626 7.594278893310039 35.476268885152635 45.130171571707834 26.304598017772875 1.3537936741089724 68.20362540840432
2009-01-29 8.187975046084334 5.903233152021227 92.40658210994447 2.4334455110138435 67.45346745326195 6.769328488873159 31.609357631807494 43.45197759193551 25.026774349180734 1.2096882065131946 60.89775869925997
2009-01-30 7.298151342493132 39.55948888051582 82.32840041925105 2.171448356198109 60.09770255800369 6.034280943179491 28.164231065188364 38.75894526225613 28.78552105151917 1.0812045423036043 54.25723003256191
2009-01-31 6.505311055296892 87.74082407974463 73.5873711539931 1.937937936520407 53.54436355158044 5.3793305366528505 30.541310886947112 34.533692030091125 29.278146907753747 0.9666411202613577 48.34109406533049
2009-02-01 5.798875888964809 78.7565273327587 84.04696772126806 1.7298090321781943 59.71113267461639 4.795741288253837 43.31113643155392 30.76932457095806 33.25835451041042 0.8644819436392145 43.07032134500112
2009-02-02 5.462776272049506 70.56490103243281 74.88054628803326 1.544295130968212 53.19978204009654 107.30873619643211 38.66227806738467 27.426340690961556 41.83850492901805 10.925446508520723 38.374504557727064
2009-02-03 6.251482640353596 72.33355944381927 66.71410362601664 1.379266308431882 47.398738549226906 103.06861681932092 40.52059966089262 24.43721268921734 48.38368640361952 12.14740050694113 34.190917844109116
2009-02-04 12.92043314836333 64.92246991912917 59.438543267667455 1.240282747744564 42.23050928034281 92.09333882210296 71.56315513180897 26.947512372123665 47.38743060301863 17.121324063638173 30.463678744725932
2009-02-05 12.12948545196223 57.8422944643655 64.27010667500319 9.055132072254885 37.62605581917969 82.04878674078404 79.01703940625087 26.985233727406175 42.65018504717587 17.87758394706301 27.14300157842401
2009-02-06 10.809010006093262 55.38384567050751 58.27019362746637 94.00724083087239 33.52473125465113 73.10002589757278 73.9396201658514 24.043977101701827 45.15032618135285 32.60461547683306 24.21158531000408
2009-02-07 9.632520149296166 49.359834261118465 51.91562779900073 83.75371734263595 50.356867279543486 65.12750635867478 66.92230070087031 21.423535369403407 47.05019412690709 40.67122921126131 21.572857307329684
2009-02-08 8.584309100149845 54.22602762916804 46.25427550426162 74.69547953468545 65.69626240564821 58.02472117730105 69.10479973612108 19.088909445316617 45.3659843436306 41.75044977174934 19.221940168405368
2009-02-09 7.752443865764671 48.31780693208373 42.73296042731941 67.28207319384857 62.94785344673474 51.696783388852324 62.254875552814056 17.008918627073797 40.41913097045941 37.19805585497832 17.679953742775695
2009-02-10 6.909202507060172 43.04883246374127 38.0754432831069 59.94407296681967 59.275551489248585 46.059158257702805 55.468743466176335 15.155784006408876 36.02137087198967 33.14226048310841 27.80099397118838
2009-02-11 6.15788844393823 38.35781753200859 33.923852400571434 57.037117220638535 52.88180433680202 41.03653383743675 49.487644074313096 13.504757330747827 33.070370256489426 29.52888616770081 47.83501354471511
2009-02-12 5.488474282824455 34.20375983363047 30.22513597971984 52.29532294617917 48.1077857567963 36.56181475436374 44.14654843360417 12.033790356428264 29.839645946354835 26.309666196585326 43.171795811258576
2009-02-13 4.892026576063876 30.474437664310763 26.9298867728992 48.74392779820981 43.65403435265975 32.57522577049655 41.32323745571868 11.457339510459999 41.94742729705335 23.441599762187433 38.464049421016085
2009-02-14 4.360586472569085 27.253861371124433 23.99408787248568 43.42818905939566 39.484183868040674 29.023513148912826 38.2078131599716 18.218397556563833 55.66861792190187 20.88637744613697 34.26985859051519
2009-02-15 3.887063389592393 24.282652650749757 21.37852461938465 38.6923404550124 35.30685268021924 25.85923315113621 34.08203305911114 27.840401635949537 140.0234008368576 18.60986938419921 34.67108555334903
2009-02-16 3.465140285001928 22.664411113616058 19.04826067302529 34.47311700710396 33.24975362391769 23.040118160323235 30.381082103515443 51.8936774456077 157.3157693692188 16.581669273026044 30.890586169896505
2009-02-17 3.0891892644329624 20.19556211381569 16.97217124274956 42.74131102937683 59.69627816459539 20.52851196118222 27.06856732808661 49.72134292192657 172.3412708416667 14.77468812631425 28.025388723771123
2009-02-18 2.7541963957674733 26.762947406496693 18.356786248406394 48.34322233321416 53.52374799028026 18.29086663153711 24.117393574479078 44.29912975062313 153.54065891550914 13.164792352647904 27.39101821612859
