2011-02-08 0.9616124415408901 0.9201965530288368 2.112003932439972 1.6277922028571448 1.2128523628291166 0.9896145295968408 3.119320576537138 0.9890627163310441 1.6772790524445766 0.7768175186416305 0.7259925563025715
2011-02-09 1.3905151145377506 6.041810379990159 5.720547328869825 4.481182880696116 1.07013711856872 1.3432167310033463 1.4086873684620445 2.674768165268909 3.677184558583406 4.701155911234891 1.3637221498409031
2011-02-10 0.5583147458158907 3.6602746754998523 1.8888934457104427 2.9349158688726718 3.812023394673751 8.612197290765334 1.3533598425185938 11.332578346004084 0.7016659046230169 0.510071356472114 2.0858397426157
2011-02-11 6.048565979349759 2.7712939085979493 0.39331490802392166 1.217508884045414 6.715040942995758 0.7176605176261297 5.975898983952332 1.0650762431787022 13.804586551574463 8.608215760765688 0.4774015853121731
2011-02-12 5.829261167552046 1.800857519898441 1.3836539883243855 0.7764889761944692 2.8622236448467144 6.977422603252844 9.538567594036918 1.0990882580612102 0.9286326417536297 5.788099525357067 4.13456500752426
2011-02-13 11.973557890046388 13.016926635131625 7.8731236970693566 1.371299558415893 2.3637890145213643 5.500814162240408 6.0664168373212854 1.1880414395570558 1.4835350564879501 8.732461426125546 2.5539947662672144
2011-02-14 10.608215008671614 26.632076432846134 6.861444722463572 3.6066509128031288 7.109831409693085 19.992506029712917 7.634649880007705 8.600408838042936 3.1950496463917686 19.09680405654985 5.5379130865879
2011-02-15 13.853645475936261 12.064246980429658 20.479056075321047 15.987564477488213 28.31727728966061 34.271177884573355 8.301812506321593 17.07615597608104 6.3094876338892 9.058466884238616 6.171020903936999
2011-02-16 19.490891769120044 4.669739741689927 4.934070257517028 14.289632266603945 12.971154995380392 34.23921350593386 11.418052667729038 4.266462217002502 17.632382735452914 11.21142641023856 11.383786529252387
2011-02-17 15.243949746889154 8.32983634636399 9.27261808124129 25.03107934030108 8.312518231357888 18.76573242513627 12.241319987109275 4.523571155243745 16.723930407717944 27.212485184708193 4.370152050967041
2011-02-18 14.807643117171331 4.368788995044499 7.415345699668638 47.414052086359796 7.089424002034193 13.17474809244207 29.859137238595395 8.035544835807002 15.539167129735704 6.166444706798565 42.53330493137048
2011-02-19 20.933063863763614 2.6200450576112617 1.1184176589973154 27.60599634819075 6.8382877475437525 87.3933282674715 16.438606431785622 17.06989126940072 4.976392495470442 14.622237683813513 11.767710706801852
2011-02-20 20.538015957994183 6.250000437963291 0.13603077071954084 12.69879677714733 7.839332148715741 7.456736551956819 26.327280483183387 6.979673038046638 1.4808281550334632 5.832217295386543 10.264851091854352
2011-02-21 15.200625329927664 12.971718631395834 6.191337268830729 9.456248281781647 7.447164711458888 7.065822709560495 7.883993198888902 3.176725557316684 5.950603754048676 14.413461657925488 5.506830514375753
2011-02-22 11.306816205790524 7.277332229883878 4.900971172358729 13.793867800680847 6.399857506395222 0.9896449616639755 4.782267410070851 11.343674101296052 11.846969997986317 4.106090835617514 4.010038360017493
2011-02-23 4.887007470167981 6.65791680596235 0.32410779216441304 2.8470015493630267 6.04182815251088 0.0 1.3508078527372973 6.049102121204337 12.188695662934585 1.5103949129037328 10.645207177605373
2011-02-24 12.212221304902137 13.797801939219308 3.9868012729038416 16.59055451602877 20.926161920291243 2.6217366368770474 1.235866911882777 6.403507525008128 12.82379985236126 1.6290853056937786 3.06543129399552
2011-02-25 7.141636151357201 7.742787337488995 3.3204971905086875 17.59513328797284 2.205200843801983 2.370555506332307 4.488756383132128 11.41111472018329 18.167733291531405 1.1333218068171538 0.3178905503766408
2011-02-26 6.931459057388421 18.557304416098813 13.263321166464985 24.86206245189583 6.9896233670655015 5.47489963384185 5.738206526938949 6.176208136977823 2.8740148841500877 1.6456445085089653 8.34411038397207
2011-02-27 6.8209848070318255 2.0087970234577814 15.058040715072046 15.606531551047599 5.3943245232146895 16.89588059979426 5.284423224454458 12.671472850975691 3.713127615206559 4.457782023558339 8.140066415096857
2011-02-28 12.253656511081445 4.258259796398157 9.021901008679574 18.29694667742415 1.695766213951509 7.5930143617605035 10.468601834097615 15.055059523081272 4.829834551472732 6.218077264367808 7.571363672062008
2011-03-01 17.97828217160382 3.652407105756057 16.240298364731856 12.120505304026711 0.6770378802858779 8.313352507343177 5.050861047035541 20.667720585641447 8.836223959514111 8.273173943124206 13.216019753065286
2011-03-02 11.848492478495821 2.9875536038571937 6.567042079319665 17.430134198276974 0.571121541061419 3.440795575523084 3.1118190877493337 5.149190253371964 10.438996587725178 4.491195167754162 18.65445847718516
2011-03-03 13.347139668664209 7.169175250991445 7.442314610340118 43.33322951826892 0.1940729295929706 1.3162363697301163 3.9553490497841066 0.19095088525027162 7.432511387895372 20.119097346006676 22.29859233174416
2011-03-04 7.582193471435661 7.2949817081492885 4.772036131113568 12.325134624295995 0.04628506308467331 8.058961935505632 4.295106148136535 1.0142610214561008 19.537233583956464 10.119729943849277 9.482911686164314
2011-03-05 14.066950692878795 7.614196676065777 15.76160873597059 11.720035338233576 1.7224941594559344 3.351156426135282 4.7646472562471605 3.253807268373105 15.550101975075702 4.821251193473562 15.254831225628797
2011-03-06 11.935157741992416 18.293566197775124 7.557174880761291 22.427450020818167 2.684583853148749 8.50504826364417 19.27730531092984 4.841775412167596 19.20366636878191 1.3467314913612747 9.765240038853793
2011-03-07 14.943360737619685 12.864456216818866 2.1523835910569264 22.473278094844495 17.30142775901975 11.942937472001368 5.8520844461432375 4.676333481506999 4.191438801094598 10.760342541066976 1.706072319434624
2011-03-08 19.35614920625757 8.998406613450545 0.8151708162760377 12.745183737797781 18.71075851363875 10.320425731093545 2.713733683120202 3.4395863084922587 1.7657923966093532 2.930153408639688 2.6828334742611295
2011-03-09 13.899329219645482 3.786485238136763 4.249514383420808 11.052527917408245 8.924788533009266 5.017849064776238 2.589272401221054 1.487616672179095 3.249338026819496 6.101277749132023 3.1224102731512886
2011-03-10 7.323359776229019 6.533924867679846 1.4904936872217132 18.66770837034729 9.073456320984043 11.147269879194976 3.6248990637654788 4.217764498422152 4.84532094561154 1.3864581033886467 5.696774953456921
2011-03-11 3.8196386723608144 5.410749238375278 6.381991428800276 3.20822932595114 4.228285299778497 29.834244280249276 0.2795258156570497 8.913491743078112 2.0990553642219485 2.404411332064658 20.363425414604944
2011-03-12 0.9414655046651448 12.290807295589278 15.459632988386694 2.964705858227173 1.5065090767965106 14.329337918601505 1.653206562840687 4.123760444106311 0.4671221533437643 1.4223451887842495 4.456335355188653
2011-03-13 4.040125674982137 22.437112129917093 15.259528763451746 0.594964092540069 0.23809033608287905 5.279781049771972 5.7534308658023265 8.974074267509302 2.432845633960272 2.940376694787492 1.091325141877348
2011-03-14 4.656739562036542 14.594734073054841 3.855574161759287 0.6222623857293196 0.830372002655375 15.25442901263229 8.004195725675771 18.935635337205277 4.647318263779647 3.149773827588934 5.338654645921901
2011-03-15 4.702142001496911 3.9903062707139023 0.631202364977961 0.7962435633243115 2.4798112818448 7.780644300481148 4.5200888956258325 9.436883834525482 5.822524262354315 0.746181791310418 13.983656756136115
2011-03-16 5.227020690951169 7.7402015863265206 1.0275644973396483 0.32275352290868686 1.4831078591884812 6.316154006678607 6.344879568042991 3.3087325209103686 3.8956792617042435 7.155685239436109 9.324244755493751
2011-03-17 7.129704290488288 7.971094209652715 7.546372677174525 0.25627381406515415 4.365464313867992 11.573217234648677 5.2009853657049145 16.739926558114416 2.287970494352749 7.807414010915059 14.696849532446532
2011-03-18 7.111262032132627 5.40779516863349 8.979606966434984 2.26915040549614 4.102193545886967 4.573002823655155 6.140090847513314 10.079544166591482 1.3783050891540025 12.106707408639522 20.670686387708322
2011-03-19 7.314753486447801 8.843523752976518 8.41958329634763 9.149046696901447 4.7982336416175695 1.2131099648558403 11.70071084563777 8.153600656776751 5.592064277681128 13.427942359274647 10.242485788163805
2011-03-20 20.128393923322665 2.5560409818549665 0.2838264771146185 6.021640913077867 4.700799378807712 17.663629243539685 0.6428626188412804 22.659900295619227 2.0959172817912117 11.130874924788237 17.148857255547185
2011-03-21 4.976022297784254 3.3065949202342395 0.4229541126983901 16.19172485601928 4.3633552742709805 6.548752044558931 3.1248481531265 14.685622300936505 2.433193286789984 4.751971998413306 24.169871062113707
2011-03-22 11.99442509273025 7.2117677476085404 6.719448432488363 10.223571545974309 3.397271035539193 4.695570333485291 3.08204929729627 7.5166274491973155 3.42459565621576 3.366211899827288 20.07104367688182
2011-03-23 0.5587309414885424 14.501952578988158 11.926852813494214 2.373076612554932 2.2781559675299294 10.702237979390912 2.385751906761508 7.327010978201844 3.840477033635749 12.47214216004277 17.39950226849362
2011-03-24 0.8645632082194316 12.781137782835309 8.194641493251037 9.685811608146695 7.377657893909527 18.799528806562236 0.9859919418319748 3.707100844311192 8.76975303344911 7.300444295554669 22.76959641207506
2011-03-25 1.110988508640323 7.529833906468582 3.8093813199414983 18.98570542234089 7.01946097977315 22.602516913057983 2.7015148928537367 14.782169466657376 9.119053348142135 2.972238046332944 21.71085399080131
