2011-01-11 26.416247113272668 20.959309888322345 54.601125723096146 22.88084541708674 32.404616024351 39.84561136513671 15.543826511971467 21.78417946079452 36.7718319365778 15.675866761238064 64.08555989915972
2011-01-12 5.842262016444348 3.141509806689275 7.869453284977735 3.2773046319609787 0.45829037560572305 4.004190028516298 9.473188787220899 0.8884309428218712 3.8251122641615485 2.664112483929097 1.2843201367160213
2011-01-13 1.3357336830041961 6.440568518864051 6.738475645447439 5.921781762230847 2.634339027172971 1.9506462782538976 4.4471966886972325 1.6482726708914401 1.7228552608830925 0.18204821207903443 0.4709308085833536
2011-01-14 4.247595020622281 4.890980172939596 0.7672241323264621 3.442201117575518 7.572771507677503 1.9483892556810543 3.4040496569600234 0.6548976256057215 1.1541143887056182 0.19766716875935803 0.01798783289565442
2011-01-15 0.4008264898421249 1.9134276104900985 0.9275243250390395 1.8334321787642387 0.7383035003975233 0.30846425363278485 0.3516825461926042 0.044152281917335064 0.41276934363396456 1.0030671010186074 0.11578982520824116
2011-01-16 1.9575251994438214 0.7237186394076587 1.2259261204389378 1.3015666404872985 0.013162759069470885 0.4439629338144965 1.095521554002359 0.5703567840261751 0.69174197570298 0.7722303601287579 0.2525302986443442
2011-01-17 3.0214557461746887 1.7582093452764118 3.3935248357096786 0.8516283562045667 0.8156549790088465 0.6392313040409272 5.225698184525635 1.1393479497194157 1.1680557525971489 2.8404333566835938 1.7578706948761194
2011-01-18 3.4260864675661367 2.201499969547994 2.387760989755802 2.2863831780024446 0.3729673730438525 1.0792716941516385 2.5769007327677382 4.256577237116138 5.093799453410303 5.495615175903364 4.537800762251319
2011-01-19 2.820055814370053 1.797513527493527 4.59022609715507 13.152387229527879 0.9570684246686346 21.786984168983118 10.732711499012632 2.163086547786855 5.734880184028148 9.01844383466573 8.022964909023036
2011-01-20 7.327487607735359 2.8054859609983396 11.290570747474359 23.108007332709064 5.614739129161741 7.260980643377385 13.923482269647822 10.214767974751407 13.036079124999397 18.802209060054032 7.749504884357565
2011-01-21 4.258484424150124 2.630028170075183 3.133315406965004 10.853229059067866 7.04921102161733 15.62726155294839 20.638219345498065 6.562416373807633 30.338439889424528 27.228446428721607 7.535393935423251
2011-01-22 7.234221532311232 8.255053785995536 5.555850857235146 8.208935247928403 18.212004387108593 33.76407319077458 16.338489419611374 8.103803702439038 7.511460433351651 24.650233578125007 34.402258167433665
2011-01-23 9.908056146253223 8.811123266791675 8.935959411385895 5.892216727008771 22.699524440630462 3.732612748199708 15.428920837639769 17.27592125489025 19.259773746543885 16.48562308715234 7.189475905965274
2011-01-24 5.4185711629141196 6.041811513237298 14.786299073062946 3.0998228430836994 9.601594010022284 9.202383327231061 2.706215452088867 18.054782028544434 3.0563457485769576 5.772114292481904 1.8445180399305345
2011-01-25 3.783338551068827 5.448342892909678 3.005371470552597 2.5449592598978703 4.088742465635441 1.990396589322597 7.9610071206816695 13.25704123309437 0.08244386141658006 14.194656021092761 2.3711833786204473
2011-01-26 8.18488310645489 7.1789784098047456 0.0 6.230699898649665 4.880057070746401 2.494356641731139 9.852473192671706 3.1216213474570758 0.0 3.60462095155224 0.9516362502947929
2011-01-27 1.086663139989517 6.033572185658476 2.0974830540072102 2.2987188618143333 18.166496546532343 4.8718407919147015 2.205957167622019 2.8562138942905677 0.3438559102967199 6.292392044348878 2.066282835334784
2011-01-28 2.578177445623378 13.407759864099072 11.68644742406508 1.5410566693179142 1.2210477113723628 0.51150487316585 0.04969772045658524 4.259384012410111 0.7836375792554628 1.5406277705486033 2.2762946421474304
2011-01-29 0.8279643612373386 6.322753894384592 21.241406711505768 3.621301514843021 0.4262788483112711 0.26483841536834873 1.0522436871089846 7.035526574736343 0.4131776797255791 1.061620343122241 0.5498665511673201
2011-01-30 7.499913395407626 3.82502624624136 22.75029725780735 3.2648067968457255 2.799277363466741 0.7578039895756137 1.0306323702672777 1.0541558379821874 2.861244234076321 2.5577491088267825 0.9359138360284036
2011-01-31 10.974363821133634 7.367835056939482 11.912920841019034 5.559597391448679 5.323073751311422 11.060033221831238 0.16587870418666892 1.8733849646212604 1.340641862092343 7.402272202677294 0.44206872720145063
2011-02-01 23.172043045418604 7.3460015610688 13.187266191240196 1.0616221211933259 3.363884664618533 9.721143521904473 0.019604696136962696 1.1117992215515833 2.2485649643896033 0.6863377675034578 7.775693543952592
2011-02-02 5.62554330031096 10.723875101844406 10.20266981265172 2.167738599339928 11.354608994509029 4.500030764022479 0.17156405906201477 3.183423632475714 0.7931935829053323 1.7628952100979167 13.556205509537692
2011-02-03 8.438801890974375 3.936120667088595 8.90243154270322 0.25737005298063786 14.15700541086591 2.609924458832338 1.6471548128615012 15.017844428724203 1.8049809679935438 1.6287402850647146 8.024771825359526
2011-02-04 9.151371219090674 1.6908961743071407 2.141349456055948 0.9601088586187765 12.152921614751996 0.5511745757084789 8.578454302958079 3.9668203953392527 9.338269679975955 1.2543488647468966 6.494983902057534
2011-02-05 10.956425762243331 2.073848121369252 1.973631135552644 2.6048582248931016 5.071018884375798 1.6719413326879828 2.185208059458398 4.817151926272567 15.177562210128414 0.7617198532990477 18.855877423611442
2011-02-06 10.097042537523956 0.23492069519489078 2.1402103457927986 14.43174413899018 6.026076658304646 6.313453043705913 1.3559076946656303 3.9296286654040418 6.748000506499405 4.75121926347364 15.162110898538522
2011-02-07 5.41099786839602 0.4594767964314602 2.9493391128522823 1.0711589429175508 1.7894707695949164 3.7262016844005315 2.490998599839451 1.7097735920482031 8.891708577953207 5.266216202886843 14.36555765730694
2011-02-08 3.7813212417006934 0.05659681566326635 3.570843068202022 1.0287475404430833 0.31936445655097156 8.0865981609845 8.62785917011046 8.486816709496672 23.344715883728917 1.2441586722336924 1.2212759486090277
2011-02-09 1.4584636368749107 1.7405900178624538 1.2067926375750444 2.517665765872743 2.409772961511326 9.658109001386176 26.567803847862294 7.629476046667553 26.61797468599208 1.894855603748854 2.040838634412811
2011-02-10 5.904419739342153 0.12190692099399572 2.911415129938308 0.26941876301040035 5.643541731717335 2.5108626750147085 13.681957047373299 7.611073259407803 8.98717965893956 11.870124218373276 9.230294168515467
2011-02-11 0.35527180606949593 0.023008954565543367 5.096072208084266 4.962529899070953 0.7710521778107884 2.1752553518502302 8.16749724194717 7.775795816779277 17.659965435288477 11.143724840953114 17.937104266386235
2011-02-12 1.0701023338486477 5.701324272022497 14.409373255821732 32.42371820191475 2.753627926500537 1.237728955271244 17.16499455312001 3.407298315096019 18.537814598065868 10.318853968191016 1.5349618186955845
2011-02-13 0.989995125574339 8.07633868462948 15.20411768470354 3.3231865333499186 1.0503725230660013 0.762674229358185 11.820188933875826 1.658276440279338 16.334573846674076 5.364207933353741 2.730209800323211
2011-02-14 3.032575916802905 0.07824987856723939 15.264365054721257 4.391714111050643 3.044843239977296 0.0 3.7125098042480222 4.452453515241219 20.319493784162287 7.303965728746201 12.601804668584585
2011-02-15 3.560204357905288 0.5300959608538343 11.548635364471789 8.528943194817895 2.454758510366537 0.4049909214292842 0.08647431473426984 6.698469689052753 7.948908353795155 11.852112837584393 21.623642264553567
2011-02-16 0.6135131672463298 0.6963057594253061 0.8772266384919418 10.62762484077726 6.541006465532595 5.218551130202011 3.3766147571965273 11.005586560857317 13.445333275395628 4.439858485385905 1.688553236146095
2011-02-17 0.48500134403255263 1.4476456012596328 3.535126750617252 21.789976271162814 9.166286661075112 11.20976563912857 4.446135676026518 7.48696161157989 1.8097322756535976 0.5662757794155857 2.879121161112449
2011-02-18 1.2609583108999836 4.014281833403009 7.856486148421563 16.323470943984507 11.437244655860043 9.9715832098116 9.60124297132457 9.09700259059862 8.303050247580359 4.207529782154641 6.919928742105563
2011-02-19 0.4141444203614155 1.664098953790712 15.377440890039532 4.050876236431321 4.8662029412457946 2.2334303263787394 22.048597192903404 3.6051372512956537 2.5711472880810766 0.4296076684704692 16.424920459571517
2011-02-20 1.1945749898101667 1.278846766361547 8.242577289399538 1.176133558124295 0.6504428538803966 0.28311945596722843 1.2521882803796023 1.1571765485554428 1.721020511126191 0.6422712629958582 15.3022434225477
2011-02-21 1.1878294925724262 3.165893727467933 0.4743734716231671 8.72231637578383 5.712899781780935 16.257363661216957 1.7294121832214375 1.5728272793439637 0.4126002562084464 3.854991237066244 14.178418637082284
2011-02-22 2.6925310265182993 19.029096841630807 0.03267989572055126 37.89675598215973 1.292610595017588 19.06865855512018 1.9397302279154247 4.265269905211566 1.6440470833555636 0.0776499874570381 1.7887899924075366
2011-02-23 1.4232043455838794 2.186064924767673 7.845058864505288 14.580574313703641 5.662582571705903 21.59495230148165 9.726457581217694 8.355150919201499 1.164212952082687 4.371489014571017 5.098662801786986
2011-02-24 1.2561972012033449 5.096359729848721 8.897863293392724 15.598412652640107 7.485746542446659 20.18862201794785 20.56905083554921 1.8808461786565183 1.124978857150739 2.1653218207327303 2.2813533791439675
2011-02-25 4.82520645014677 1.2175811922311524 3.0591468484579925 1.8547802479632596 0.16644319613116992 5.637331778966966 9.512143293307167 3.8403086948479066 0.07323064678952171 1.6290792528323945 1.3578172373825974
