2011-03-29 2.2197079411258613 5.583535375535927 2.263942319392682 4.457893752636562 1.5808512079652104 2.2005807199952656 2.6642324001616764 6.707390430566038 2.87768513624475 2.9839040045604768 4.910047838946563
2011-03-30 0.7150289661709306 1.317275657708124 0.4180391927081669 0.48057670444599254 0.3498503383785976 0.029138723544156187 1.4375905008286438 1.0179102364802763 0.8261104812502695 1.3499549714417483 0.6813015571638675
2011-03-31 0.6060522349253885 0.050616137640051094 0.11575157432144279 0.06885505814211249 5.7501845160844205 0.16077907964872257 0.12797464646631485 1.5616416390165726 0.22736703978811423 1.5353750313423289 0.4999688699248642
2011-04-01 1.1374697215531646 2.496766964609244 1.4029742751401257 3.087523657590242 12.890220458510832 1.5161513026028244 2.5371328082456 2.146786024188122 4.030847478259584 5.81371731409094 6.463253080853781
2011-04-02 5.016326813723625 17.089905566632616 1.312939572450757 12.810982134928343 2.642876004904144 1.2222943786243798 2.5930672582038787 2.0669259165531466 6.8675822183338795 1.6865034069011977 11.799010478997893
2011-04-03 1.5933124010547632 11.554722241365482 0.8894580214844483 1.2034738889383818 2.0307965333646765 0.9047887409778658 4.156500070211003 2.9711082748943007 0.5383969694565487 3.640418651975438 3.999603675616357
2011-04-04 11.508759501003132 9.086028031929496 1.1752388570873142 7.825737745455756 2.6710501682684322 1.5767971843292388 8.540694281875993 6.825488936716393 0.9340114043028036 12.018456342038316 3.70076451116174
2011-04-05 5.422577140946772 13.840678520147868 0.9012994969447357 23.89105980513616 9.480817297847032 8.119947162357846 6.469271294678585 2.3611533548656674 7.2002933920470875 5.917279696801441 10.144172954006587
2011-04-06 9.106133275757927 0.8375687074119258 2.5000317525328786 1.4229990577032896 3.798180306747916 11.943764000734134 4.525331375521995 0.5758004769310687 9.498410670413161 4.162595514075023 3.602254993811319
2011-04-07 10.633833306784705 3.3623458552654655 7.117016124164175 8.42998282546793 7.757468784944951 1.7767026789744833 10.064624244593173 3.7464861794572584 7.155137143374233 21.715541398785007 2.1218903655285093
2011-04-08 2.352724153327957 10.368787973585128 3.7484700222283514 6.961442728074094 0.8744407446305109 0.484498147864207 8.166650180821527 26.8882911530372 11.378969061583966 0.6848655022894988 9.307502664498937
2011-04-09 9.506633280522681 2.1348420702212967 5.885460684033193 10.702531588317642 6.309768860265594 3.3491064172187004 12.973213376958556 0.24465163708661902 6.628587920172811 9.104527433154614 11.311503132037963
2011-04-10 6.4148266927485 11.219527066380078 1.7919325528210077 1.9716301609213784 15.675981778928639 5.933236802507337 7.536649953703642 3.403299627164743 9.82218401023734 9.029424044417906 16.74054099082904
2011-04-11 3.39997735379952 12.578571125691019 1.3176669242616676 1.2145376635045815 10.138327055541826 5.4540116920703205 6.648544043328668 4.6083817417843695 8.942020100837748 34.77448486705228 12.698280584249087
2011-04-12 1.321166333320539 6.755556064149851 6.930084113731942 0.6896430711011394 5.279400733347362 3.454449617709801 4.016813028698486 5.862775757893372 9.97824291698514 1.9778771127213532 9.574996482534932
2011-04-13 3.237960549116165 3.0681600225450576 14.092753378661794 2.571229968685854 0.06410697612105785 0.5059159057936763 1.021364399062671 7.009682623743185 8.501250249780542 0.04190985580849245 8.27483300450238
2011-04-14 8.479136791990559 2.613673308304116 14.823683143042974 2.7176922422999588 0.36317962902392986 2.638397464175846 1.3425349107975897 4.88774521612701 15.160163147470202 9.134977260247183 4.917193912810227
2011-04-15 5.138168722174314 2.932916181103594 4.437877790535284 3.006089073685874 0.6668557015677249 5.721610898491901 2.3789415663149036 1.5852629175503905 14.453426769315662 7.130682751863258 20.23413945031748
2011-04-16 6.31921376179449 2.5385500822862443 31.674608424255897 4.624349693526353 0.8795446891879903 6.178663303356424 13.395491542187715 1.2886647118608963 11.111306677979966 1.8224394400554826 21.408771564328532
2011-04-17 6.421113263888435 2.860399965874568 4.406519662477134 11.457689503412432 4.203211663605326 7.293785320390916 4.108193991741111 8.494588329425248 0.978525039261374 8.393116631445345 5.137599504457654
2011-04-18 9.983172204744346 11.173553036342593 9.67892582298986 3.6773234373702204 24.8329406152021 5.418236402186808 4.227415347868753 0.8042713500874524 2.7770554030726124 4.878386758118072 0.8388716655206327
2011-04-19 5.682777781897664 4.601498751242506 8.16219881836604 0.4421452725176651 4.927705168744051 4.367204313186376 8.724966918614054 13.672394780190297 8.069453053708639 9.263670301228515 2.170960854959742
2011-04-20 4.210127293676733 2.3836475233262546 3.4410895957422705 0.7729627804996385 10.942670232134809 5.848280189693929 3.889711577010168 17.596529666688753 3.7589726104422976 28.402632254231868 0.5708409353045089
2011-04-21 8.323911386131634 1.77918820232217 9.009703890456656 0.2994366258515811 1.0005882661798113 2.6370240498712008 0.6355504598703815 4.276262851528818 5.490134017760219 7.124651736300627 3.1362075245718035
2011-04-22 4.307735575368435 0.12269075336840005 12.911662207556706 1.0831443948128114 2.9987439001169616 0.8827727459827226 0.7604695078955004 24.29046547424072 26.257967877632982 9.401415044037638 17.57466695770487
2011-04-23 8.327470158742393 0.32689735368301376 1.5347088192487248 0.9924967002386118 1.0151752900143245 1.8771015925146077 1.863817588780821 17.853853545868084 8.941253451478406 15.150747390862202 9.700814085442653
2011-04-24 10.932036146143421 1.186711497601234 7.527664790554794 1.905117249641283 8.71233791780257 3.1569103755165107 5.716900289117502 19.301307739660146 5.6349574039804065 10.985193147060873 7.587835121799646
2011-04-25 25.83806180874227 3.146418924338198 11.415519762115743 6.06626585077619 18.36952302243729 0.08451221857084362 20.29317531885316 9.427519751786992 1.6939315972976234 5.918530207456991 5.702083155695185
2011-04-26 3.4377032889463015 1.105968702599331 9.246253823946457 6.949808813414858 9.666358675568278 1.304392091744148 12.138614708501319 3.7073678692837717 7.994576062440233 19.2414808348039 2.7888270719250894
2011-04-27 3.5393915396860187 4.253717912423909 0.7709175615049454 0.5323990533773758 0.0 0.37443186777338544 0.017960205208804057 0.7018484658799086 11.573293817619872 12.258317593205398 2.025532253015501
2011-04-28 10.21980101886025 2.14911821464648 1.6417434384374259 0.22275536889995584 0.08341543065984972 0.046747445927319956 0.4434642528516394 1.5030931116471313 6.744333850783416 27.947800504573472 1.50022127821202
2011-04-29 13.427894801691782 0.9935305194461238 4.05995311108199 0.996623529845485 0.08748393926527984 0.946751363519585 0.9011056635429533 2.149688007140118 0.059261248561957844 9.829617544777928 1.1530006059594795
2011-04-30 3.9003807992280612 3.719129102000271 0.383786816389557 1.3470037159626804 0.04454330634919522 5.021025962237974 3.0990834745712874 0.5569951994822127 0.664739798863649 1.3361136443578536 2.019624727381176
2011-05-01 5.017021911705124 2.482450322261376 0.34030173047104917 2.6109038530098694 0.28984752149819026 12.08832472878117 1.2861337859493396 0.07934959948600638 1.0684854716613592 0.43655904879658025 0.5255413953487373
2011-05-02 6.0342252556644205 1.3848874366945156 1.6777438943464444 2.31341810579522 0.19714887307176804 1.3940582232462881 1.8048088306670804 0.029928869675072717 0.8313354137745622 0.04182360780588128 7.925348361627573
2011-05-03 4.9999500406958255 0.29714674574450495 20.237568149382597 2.895505764795007 0.23517725110343402 0.5531249667057124 0.06367220012051532 2.299908061414362 1.1169194670346165 0.49790111500595113 4.872358753930515
2011-05-04 0.6680670567365784 0.4529674993287321 4.570389290969594 7.447170275169953 1.0163163394640276 4.207342809887791 0.370485054099542 0.5038227405067884 0.1403079691402384 0.10027884874830842 3.155557447555781
2011-05-05 0.7791580510217276 0.12335165067471814 2.307004315749225 2.052820796593494 1.4238904055580996 3.578117271456448 0.4295195717983392 2.4462409732299886 0.12357097085211136 0.1732150188317776 3.799588646111169
2011-05-06 9.849882914405347 1.3034065144756117 0.3410096907578472 6.668607576123241 1.2730381044346872 4.614523626596158 0.2756700438675933 15.403609126359267 0.0 0.08569823579504884 0.6568487399260282
2011-05-07 1.3133240511123003 1.7095216949356677 1.769686441526855 19.17141213084301 0.6036454899677188 0.24775821703403 0.7292123543809313 17.533142689412436 0.8196461326375759 1.1580757455444335 1.4804552485943738
2011-05-08 5.304205502278434 0.6660566586245182 0.2662998672896777 9.180207574408799 0.7999376145569532 0.5687745798374839 7.048198959748101 16.279761681907857 0.9746026953334646 2.634094262493023 2.212003285077283
2011-05-09 5.86397875248527 4.466781081749447 2.51531926203804 3.0774480922987575 0.9016650179595891 0.9186061522948326 6.448137044437209 1.5690099169192233 1.1133235817820646 1.5191916868785862 2.267401702390341
2011-05-10 13.15816207101038 2.2540426623079477 2.1431901030456975 4.806101003135277 0.8378179662381213 1.4292245454726185 6.782594268872884 0.8562421098619715 0.1993061558830394 1.1028706661208982 0.5350227791114345
2011-05-11 5.360298298440655 0.7651493947650446 3.6792761932610283 6.922480452569563 0.3750456511612238 0.32381155137202544 2.1205891407925685 1.2569014869882555 3.801272704749751 0.3362593664886014 0.34312503177734754
2011-05-12 0.1911957569933589 3.195640677102891 5.1477339823256685 3.584831803504878 0.40076458921611147 0.18237770797981306 1.3316781182612938 0.8512234525820369 3.099385336057514 0.8373572443141899 2.023751783371475
2011-05-13 0.05314543717578877 0.28066109119590454 0.728059972356855 0.191959586060016 0.5434052416570686 0.2908071573287094 2.8344196718198544 1.218972855356389 10.480977126592514 0.5002803201094239 0.0423347917725039
