2011-03-08 5.634095611914571 10.452566168918022 2.3144005639633822 6.943179610173624 3.1758079339524015 5.253776449770507 4.783676045381727 1.7554173170564682 9.257532014627774 3.902357391378474 8.55701104270685
2011-03-09 2.587137034182496 4.5411804783209515 5.833268889510711 7.463806493635575 15.72307914406564 4.837916213626103 4.892008090771654 3.272503767212587 6.038658387947018 4.199644320315157 2.5968356788898266
2011-03-10 11.915987318201186 13.277402985454653 12.087839196123792 5.379531887737839 14.066323900566244 9.121395932346495 11.45448808683467 7.869495111089928 9.18235386588648 15.426392963475749 7.405922029234456
2011-03-11 17.973076241778536 9.745548272427564 9.690907745651337 6.067856354737006 15.768348459661388 8.638360546389944 7.742558129173492 18.41535894897538 15.027274076988908 13.469597867730911 10.908848886969134
2011-03-12 12.073416088860883 27.08353683706533 12.81184936754195 5.589743369129119 25.131450457002508 7.487432523410565 11.445294398783753 9.33953663912104 24.80064148729017 13.843328971948967 3.38056908256502
2011-03-13 16.010101664661168 33.8400086759543 2.2583510338911976 5.196490754215937 18.216341630269664 4.523167590691386 13.287507554794464 9.006330306226507 17.73699094857143 5.307290779596634 5.778304933230188
2011-03-14 11.185193374370865 5.92419472968899 3.074543369016664 10.397356541905578 21.252262150272266 13.667848767958462 6.3647564593099135 12.613993789922528 9.773295847024073 3.8146674784941763 5.205386282677194
2011-03-15 3.8875532114952884 7.172167148300553 5.575779804507091 8.840944547168345 10.456999917314752 3.668616671719315 7.993342923698119 5.046895494712832 6.849179389507691 5.768702996815812 1.06190388190577
2011-03-16 3.009547035059939 22.32665347440851 5.8825244349242585 11.531454270331713 4.53426869972437 27.35667509246533 4.398513902415826 10.419333438833236 3.189518948768764 1.8401037178152695 5.906341688098298
2011-03-17 8.408719324411502 8.531276224020008 6.752373939648376 22.011878340264566 1.8849415935817442 1.8594576880933682 7.541833879244062 14.1094277619148 1.1213766948661514 0.47342116030264136 13.497860143607983
2011-03-18 9.117866893021443 3.184696138082059 10.492500966004647 11.05833990369657 3.1906286813915052 2.049065257482681 4.529128995098131 9.076066068716665 8.944768898193345 0.47040696069764004 3.071199702428156
2011-03-19 4.321292343615102 7.88551872020989 6.954928343845029 10.250054946231305 3.566623588437161 11.997574980144895 1.9703330313983674 6.701140688459378 4.770363854562299 2.193746711857443 8.771583299654699
2011-03-20 3.669927513649078 5.166109182102981 6.00668074309513 9.962513092355334 5.682462180758938 14.818230013474409 5.154450072436188 2.2762851628963316 12.401892291139333 0.8808212290377652 5.328723041751742
2011-03-21 5.887469862738167 8.253151427435693 6.802015434214738 7.1907442850337535 15.031424731632262 2.924721828446736 12.791453382568257 0.6650342644530409 5.175314855352061 2.5050302846790253 0.9972646468049684
2011-03-22 8.126491973538112 4.696519756386298 9.675046819352886 5.291940562336043 13.76789200327875 13.991492775911242 7.539251630946359 4.364472767053592 10.499704719677478 0.5019438799027953 6.030871357123219
2011-03-23 6.19408652730954 4.20183553317524 7.99838090102898 3.0408569453382013 24.739566708824416 33.68273958822492 20.991159924005725 12.211453391089815 8.187481568815194 0.0 0.05227274789719642
2011-03-24 8.242174670017505 2.48202171443119 2.4993823941905724 7.942439057658355 15.057286870223596 0.6033406361244869 18.3323272800411 10.355992161797277 11.090580303044561 2.863639455829987 2.967217441205685
2011-03-25 5.18477207574249 1.999180148734161 3.6399846953970383 1.9583598541019207 7.35123762796084 4.388740166376316 5.291861886647313 5.110206072079885 11.636211985369318 12.779999955847902 1.0510907576708644
2011-03-26 3.9703583710713897 1.5958625967800908 12.423459940583967 17.731406977779862 8.607926220526664 28.758260563144006 7.587780813246721 2.6223213604079634 4.927812861730083 5.341449838066534 2.5814533955919563
2011-03-27 1.4173739829700804 2.029014736554549 13.193208987643999 15.488885910339633 5.49818538894569 1.3719001593099576 5.312563471698461 3.1313772861495472 0.9583147464318618 4.7650563786410345 1.403256709217997
2011-03-28 1.2992973224935087 3.3815500412406845 16.260032659248473 21.521127036849172 4.976583835070074 0.1925424913648578 15.8279893305196 9.200873963286078 1.594532825857918 20.800036318883457 9.52641849307465
2011-03-29 1.6292842518852395 12.543211132902247 5.441064203598152 18.535779378438264 30.772028416003387 0.69632864940594 8.35363777440088 15.047864609671443 7.315956388872561 18.54947478557015 12.001142404809649
2011-03-30 1.419600552361059 10.932242988825763 7.243242293343693 0.4044284809654939 15.438625416100624 2.4999137608476536 9.143942423823265 14.213921714182963 10.590261526522625 11.603666482713223 17.250319572792826
2011-03-31 1.1323479155837688 4.905370245753249 4.157422054972325 0.15520535151048648 9.332622880341168 1.835140847757508 5.453459064681129 16.523587938179435 21.436786453353555 15.182091838342071 11.00846178008335
2011-04-01 1.9124565544669903 7.378734609634101 8.522989955935472 1.014468979463711 2.99437558208216 2.5666711527146635 5.2611238813146395 7.965762802718011 6.261307595413142 32.67852013882289 21.03436208266519
2011-04-02 2.026912438997192 5.368788789662139 3.7565368017109817 1.405755058559182 9.1883600190627 2.0472791824334546 6.985082245237977 8.3908283710368 11.864371700810224 6.838320978001855 9.513148586490491
2011-04-03 0.5328940007762832 8.803009995194078 2.573161164801382 0.15153045460405457 9.676332868538843 5.892847884329483 4.666869943676109 13.303151147130826 31.03102736369775 5.687991879498073 5.363498175657486
2011-04-04 0.7274602187040304 12.084193235322662 9.132887177770051 0.5205802869067796 8.543714578285735 2.359726860397082 2.247005936158896 21.099844700350992 13.092851240883302 6.1001737784118575 4.387892678513188
2011-04-05 6.314062791984304 10.917206145629246 9.242978233767628 3.04371869192971 7.801839574146163 2.4678363823368725 2.948372566347223 9.300593897858644 0.49914345800742665 4.438870069543471 9.263226910343143
2011-04-06 6.5784898796170035 8.577725717445292 10.499504119745218 1.447390385296493 5.774552422898321 1.83256211861333 1.7730664310873094 21.141930616555545 1.178608349553107 12.617004561361933 6.796490183698343
2011-04-07 3.9114436583119816 3.103385547296866 38.65846266696749 0.956685132786337 2.322051973502204 3.728667591262927 5.245380572728475 5.445115368411196 5.495509154536872 18.820179381992517 2.6741534858776643
2011-04-08 16.239902022533055 2.5556140608435904 1.7448377077180113 3.411857162875971 2.890993123175184 0.9828146125596502 2.88326941420326 10.75535540338932 4.531809398800764 5.232131447433967 10.040518976173916
2011-04-09 9.449576221478429 0.9468123047227224 0.9599642588259188 12.843430076989346 8.607561436593627 4.67829016854183 5.620842188209651 1.6395678457935257 4.625533539333182 3.274416745304211 8.231085161584755
2011-04-10 8.505751522748323 2.332551678299941 5.057685559052743 7.635538102814365 21.079264524976125 5.440477493056927 1.1187615961493056 1.7548623122759182 1.9673528530595443 11.988363547380427 16.438121548222263
2011-04-11 10.895450012744877 8.864714667563096 11.306062385212874 1.6327077694451544 15.1025357769681 5.855225757443664 1.8484039982449767 5.990836167582723 0.33654652344417235 0.6211097878980197 1.731122265589299
2011-04-12 3.3728309727453425 16.708145140769673 1.3317384529493401 2.8185831253204796 6.047982558089803 15.429821750519345 7.402605601793962 7.194766194870192 1.0529898160659255 3.1473176098121245 1.4925541773180702
2011-04-13 2.0548584040856084 5.710768671954797 1.3345144888144826 7.585931639938216 6.287289919263553 8.435346126667937 11.119743658274574 5.932413567975544 0.18768227856992376 1.8498475460165331 3.097783138769407
2011-04-14 11.117898631655306 1.348532647312417 7.33263412599983 15.661398326788323 5.470018690794259 6.8597763087050145 8.858159934410015 0.7764707061713726 1.294647762412061 2.7829872212927644 11.464603874350576
2011-04-15 11.58784976221888 0.2669676451368508 6.777738847131117 10.458284215893073 1.569869706455059 6.570711875608052 12.392065517258313 0.717906565826232 4.793938216645824 9.920570117345399 9.860258725885704
2011-04-16 5.1016196519612915 0.9369711290377714 15.114589263607611 9.765293856229139 0.40826810440300565 8.73620768329714 9.701214819644145 0.23578306715907538 2.00933986429653 7.311738113426798 4.389697506941562
2011-04-17 8.660755673029344 0.4708081551027243 8.632128140236162 23.618693235881636 0.7266749246043033 4.172264985937876 13.349234654830543 1.4672116486239304 1.1965165006543654 5.612604573053508 0.3005041169417653
2011-04-18 7.5170083481241745 0.7596324801458181 7.1452691048845445 0.1501844879385279 2.503620421247463 5.91127024631761 3.992983584985094 2.088875646719999 13.291884108545478 2.060810228115005 6.301948687375828
2011-04-19 7.758377681506891 0.652717919127555 0.39223732217455454 0.10647841825818657 17.083887312513724 4.408595496653901 4.536316253707757 0.9961189318669079 7.109843980799263 3.1003934668531876 4.531948252204861
2011-04-20 16.049212999351518 3.858796035049566 0.08672901850729557 0.9167638852392661 3.210275517503585 6.76895071719667 7.173081179277984 0.17453757133197279 0.818823954986102 10.883820123220572 1.5115462223292262
2011-04-21 9.137086307319114 3.697522104187956 0.457062664204312 3.3856005525905557 8.656406255681953 1.3067831885991419 2.5017374093389364 1.352707214038888 0.6973640567973212 1.3818268090897532 1.3001821984260284
2011-04-22 7.980876983611039 3.3429536549161334 9.251790997863804 4.035823465074538 10.800440898864814 0.3754790532331146 3.289140427284197 0.8348135183789576 2.4404975416418857 0.9940640546125032 0.6356931411963016
