2011-02-15 3.5054716639585033 3.2029943634614546 8.348034488764322 2.5272997334393246 10.346375079922097 2.639909172405095 4.6629828723113835 2.178187546116214 2.9559049074468873 6.814264185811902 4.1967071903667845
2011-02-16 7.932892683767605 4.527297272463796 22.5224413711706 27.079302160172944 11.103568008947967 18.562393595310862 5.340268391714254 0.80907699145551 9.208295000054434 2.994808588479411 7.947074807022413
2011-02-17 1.3207220712315482 1.7464520817419182 2.482629062145448 1.6748856310144373 17.675678322498953 2.764440910901949 1.658723030411539 1.2870867089182445 3.8454909572774465 2.219707579566659 2.217951649484334
2011-02-18 2.812296988470245 1.906379450990827 1.3347002316692442 3.609893809132526 5.767748601955182 7.537755842219732 3.076651794757792 1.0085835182645213 1.4257859869338447 1.061671908563278 3.6718000366614065
2011-02-19 6.225991974997294 1.8772569162320019 6.818082932467049 1.0586372173510328 0.9241180928316385 1.7774980684201314 18.552773999578065 5.011980590436478 10.008675131762855 4.646034537352922 5.012066722819087
2011-02-20 2.25995764995085 1.344212460591133 5.427617052686776 5.352076259121127 0.37325116219979954 1.8434085679705001 1.7958195611419048 1.9163197433517485 11.929788738922344 4.4220995732673405 0.77475721791856
2011-02-21 5.485315360919375 1.3255241805217957 0.3618402236566829 7.9203294271570215 12.570715550428918 7.7324536551705805 7.108100207185709 8.799176781130496 4.397049354687794 5.217794662480978 1.3422608109302727
2011-02-22 6.977166382959329 6.5802576054297415 5.745022349531164 7.597927534729702 9.87652698033089 2.1398484275463607 10.881288492395544 7.867984127712891 7.700924322518876 8.704461698706593 0.3986932826584869
2011-02-23 11.051808829761894 7.173059787736699 13.380072781342218 7.340006062593114 5.444018759487085 18.044237636382938 12.827058636873039 11.689740970955132 10.114859908305274 2.347368286937699 3.9127136492776105
2011-02-24 9.288568322993278 13.218939033031532 12.920866822385104 8.68375615411598 8.020853799110418 15.52373723401881 8.480034976335741 21.9033790603577 8.730151175580179 13.281832253601744 6.7804502134951985
2011-02-25 15.940578272620481 12.388946428934275 11.40894378288991 23.645659616286167 13.909077334157018 20.503080743278318 23.78883916285318 14.759623656597924 16.41443102981153 23.899572981263056 13.138663258365025
2011-02-26 5.800608451411496 19.26991942863677 3.669589922285295 11.77216574756499 10.031822723546892 9.7802116386446 13.909577602980635 11.942290067207736 5.279756615831637 19.98052064846012 2.7493710765443597
2011-02-27 8.339390666079709 7.157358456165021 7.88517148512008 9.897385009204614 10.224919009224262 3.514339514611364 13.45676418878672 7.500740364154486 6.730674834511248 11.663261524219969 9.148747308847453
2011-02-28 8.476285517257685 10.829613813805588 2.764829694095482 20.395415448972194 21.964726752400423 9.359680848178277 3.0832443287931466 10.516438915596632 7.745383210709339 13.391810365955832 21.79747014879113
2011-03-01 24.3297696747022 27.475452290198255 13.445135217774618 9.617665456033041 25.259306621743264 13.735066580996227 4.231995264834544 3.9001988056795693 9.24296652892846 6.162353559571304 20.540555805067008
2011-03-02 7.210554965408036 22.628093495058103 16.756837491993473 8.1664165663882 25.558326884049524 9.547826731025076 1.9836645515442561 10.647298476197646 4.02237590874473 23.262581766375 28.34851285053667
2011-03-03 13.027058703972097 10.134134680970273 17.365540837519006 5.833510683687179 10.425669422523843 12.2572860760333 2.349646868781277 4.93514776923811 6.696919790538923 18.828697728832616 43.3105661343477
2011-03-04 16.73925027132144 17.692474307768723 6.905946068584893 1.4051572887676675 14.62064357930179 18.902647567678134 30.21479860814091 15.984058006727206 7.423071672525781 12.887951871414268 12.351909677270555
2011-03-05 9.560902524852175 12.30068216330062 3.5553829855948313 4.9825143887251695 13.144858894422025 10.25353862203772 21.75639132175711 30.87618789024595 15.671236003036137 36.14551857055513 7.348718183009217
2011-03-06 12.292205767692746 18.181610037539656 6.634544059222596 12.181998782729654 7.961616941294389 14.878874105264755 3.7189866422756492 12.853893296434201 12.347991591040435 9.969998145057996 12.633130268378075
2011-03-07 6.483192293441152 7.659734689304335 15.5405083127338 15.404636884425578 2.2888422957730987 4.9203055288910855 11.396386340029043 7.673023969755342 11.503257602751276 7.398707960112113 2.4009744520730716
2011-03-08 3.3966310589843745 9.77584963482888 14.512553109160736 4.76240719643656 5.206424604929978 11.148971097385962 22.0998649053076 9.59214100484409 16.079316042180405 12.329679765936937 0.4662517506166553
2011-03-09 12.101783863999426 39.77733626618776 5.8762939389426165 7.425588898354734 5.86691088236449 15.489621269174565 11.475730391473764 8.843931520853157 7.349588881891469 9.163617703109892 0.1622628272204213
2011-03-10 13.996012006147271 1.7536635405116352 10.31847028829318 2.844522743075552 13.51023364600405 1.416898161672155 3.715798219320975 21.86493447284414 10.49016117515041 20.24731615503283 8.288696253516175
2011-03-11 14.176262626322767 1.6726405094443306 1.0496403097575717 15.704162406291454 3.2618999995410465 7.008892844963263 2.3606738138291012 20.16873144491384 5.30985415721425 14.039576078927663 12.667382518415728
2011-03-12 3.6495836687190404 8.073691054217726 0.9707641207016775 6.8167824363529 6.308752259630048 1.2047744767406625 5.2557652594632565 11.195220671922396 8.385566902781775 12.319675092815382 7.6852580154728
2011-03-13 8.343216240862315 7.860640814146445 6.663481330443986 1.7542249485942991 6.37739110833299 1.816683906249213 8.3813340484178 12.550354238394167 8.730169159972696 10.156480784817727 3.5604143619828363
2011-03-14 11.009008672814158 7.18598299788059 16.345440015288315 0.27292926205952495 0.3417132094477453 5.363027980439161 4.781460355131889 10.401708696560572 2.073121940894332 3.2385706276939876 29.407463469826396
2011-03-15 12.943506648733123 17.61157113518638 0.6782991531196803 0.16521736894886832 3.844774875754289 25.09656801142582 1.4844797013207782 13.751933448758017 0.4612522371493526 6.1510665867368814 7.59633917811843
2011-03-16 0.627844714722163 11.145096607901138 1.6308708746553116 3.1683476466337925 1.528342076449434 6.739211967122204 4.223000205426052 8.977033064830554 6.856208021220787 11.809702272998809 6.587672187946913
2011-03-17 0.23289112867687317 15.012721914735772 2.87684777293165 3.59253474521113 5.965554286863115 22.95576416692061 0.8676899171964413 17.551494775337535 7.166467039590611 25.943431940202064 10.13289720851837
2011-03-18 6.133470406651966 17.91706419465531 4.560297152719034 5.89735808586313 10.965429280661397 16.588536146532856 2.325352404177795 4.297725177277753 17.431124156781596 15.375560600584436 1.9028085948360802
2011-03-19 11.763174707282221 33.790577302641836 3.3965633047212513 6.693429964437042 12.712055868723922 6.6907358246015995 8.940540383374344 11.295946063949415 12.455728887293684 15.129280927465992 14.364155244524294
2011-03-20 8.799615367864218 15.978094531671447 6.904842180214983 6.7463272855389524 7.129597210065491 5.209370900046965 16.317133470710388 8.371482199628087 20.534254456447428 13.3532981430158 4.71279446962914
2011-03-21 2.80941603403343 17.5387214710755 18.34446991363143 5.898447515301289 17.640858185132785 3.4893540369213287 12.78579808081427 20.025225134491247 3.798624192466444 14.900522428384154 13.86969597102443
2011-03-22 6.719046829741298 19.382856019644237 8.089723928106235 10.375301114916816 8.112771627198729 12.975638008433275 19.85565747909215 8.350200777467554 5.499399577636142 16.444602581040154 22.019469016603786
2011-03-23 9.96011787269957 14.849065298837587 3.038928019815658 8.272880220886304 7.163071423122291 14.821138173532407 11.081869433461604 8.315976972893077 16.45953912940684 10.872968216879833 6.108236097489231
2011-03-24 21.13327736771675 14.809752194536127 2.3062988184859465 15.629531300146928 8.553622772605495 6.227064306822519 27.709498330133627 25.858036287218866 1.3096949348564157 17.869429679365062 5.595765889650027
2011-03-25 12.808480860160309 9.97672880901468 7.246876354833234 9.71943897747786 6.5413702807553324 5.919116293577936 11.686092391742935 6.992865787399363 2.1864488214804183 8.668195056302025 19.08127790517682
2011-03-26 1.896034396468982 7.516080490088974 5.16812768592725 2.6948953050301254 15.805754852282098 0.8723586876830245 7.959151575678928 5.942064266964476 3.4903643029204128 4.615133546913093 14.46706697762123
2011-03-27 12.398904037388728 7.820599412649687 7.078933493579466 8.835494045215611 18.066751433080768 6.243727678450245 2.412913611629885 10.141148026181476 4.051388130905227 1.4448933107111386 11.718401847251645
2011-03-28 11.259139227620778 0.5272923332121611 6.495146589155833 4.517415736554053 2.439707498760038 11.234236612615067 5.4452646100777375 7.005270493008206 2.958231640236427 4.688135778333846 6.323055870935631
2011-03-29 7.697547845946396 6.883530076967586 10.604485440818346 1.446176687448688 0.6053623201962621 15.835787508407538 2.2717871087061656 10.433754141057424 0.7852468585709665 4.599245694831214 10.981705213152988
2011-03-30 2.9777156729307763 5.948918030024938 17.939499530456356 5.632378712599193 1.677518486668102 7.1211781128010845 2.6864853643995823 9.65215681695777 1.3717224012068308 11.492688193045112 4.56905843843527
2011-03-31 1.0877494663376233 1.041002074706801 19.70565960889322 4.426389669243772 3.0818808879835515 9.801708803845163 12.472290837484827 2.2336607883396153 1.6599970784118847 2.1742677144414966 1.664219068130726
2011-04-01 5.8969022462677385 3.9073355780205 5.83302748260054 0.007643989719955756 5.378039392798396 14.307389062779503 4.763261115388492 1.4852468551847684 7.543883152270437 1.3922265928725024 9.143289107408815
