2011-02-01 7.9608409434472565 10.181040918496356 3.549402329010233 10.93356860010671 2.8692756918346545 4.260512257011307 5.596718724381404 10.122682582971422 14.985709178928577 24.576697498612198 2.38863497482342
2011-02-02 6.67522941821864 2.6740089938666696 4.45309414997295 3.6233191411306906 12.312691566387304 3.844608914114356 5.180915891426123 2.9484546729551715 2.7935661690635762 13.602535129545235 16.964981721271773
2011-02-03 5.6616882251964995 18.38774640407734 4.462335258575414 5.331107858911122 8.198326455321773 10.26437855022685 6.982650800334403 2.8520687011922963 1.8749679214718036 4.323495106506357 4.1168115263986085
2011-02-04 8.63306971373504 11.617112710359466 16.93379850526413 8.50469994042686 4.816288474580238 12.11687779439671 6.443092720387408 12.232323255607021 4.404034270520944 5.781520368064859 5.408404727968961
2011-02-05 13.41654803820878 3.641434037342892 6.661272261053036 16.549851197619645 19.027462926432044 23.345468184577214 13.076682387045055 12.567203025273038 3.599294741922148 11.814119781062487 8.129263771959256
2011-02-06 5.291964961608818 6.377603597822947 13.285675195749846 10.475034467568662 58.98211749683101 8.168380736655116 5.408244218964814 17.30477711970042 0.757980415348444 10.800995025658603 10.302557791791996
2011-02-07 4.202531917082418 4.12632359700579 13.407163701583311 5.605570119921185 1.9854624908049645 0.6713651417493238 6.182770128662289 6.934336329491071 1.9550362475290142 0.6387689529511603 8.100826989374086
2011-02-08 3.13610738185381 1.818016717853071 1.1738359787035069 8.639309934984277 6.633876449550575 2.853630214779447 0.8169483715008405 9.416981987657111 7.1985211834122715 3.2936788767306995 3.696181926303586
2011-02-09 1.4883840933409345 3.712052559712876 1.9132758409160378 4.340573802558991 15.336891440154135 1.5494735794060985 1.6797726447724322 1.124689081443632 1.897666964060286 0.2467835224856947 1.5129906142350915
2011-02-10 4.363899659495491 3.9382210563416997 1.5821837146641857 18.46533248542741 1.093703929489592 1.2806861767776265 15.419049052719362 1.0027864796866495 1.5441970790741772 0.7426711935679593 0.5181115064942148
2011-02-11 0.981274658831787 4.282536378113065 1.1267898343605518 2.1613331717060236 1.1645721654830838 1.3946922540532531 3.3865242830785283 1.4306244969621034 3.4965771044202767 3.0734208523647544 0.7452919986687705
2011-02-12 3.098218399730957 0.569756065195687 6.646524189990565 3.7002243145509195 5.803358029231626 1.5595854666914475 11.918974248612027 10.217244348832619 23.860839480323364 5.961651833168113 2.0252394120795825
2011-02-13 9.13001547074149 2.2557753225756123 2.0672008455782866 16.27896849267798 7.477954350539207 1.3081747374564796 17.256008656439356 8.207322631462063 7.464739924458465 5.533186950969737 7.9355016113701256
2011-02-14 7.809911934532472 1.3772547593684878 10.859521164140869 16.09031415312969 2.763626745055139 12.176325013163451 12.107640816634907 12.827609363096325 7.061392790098923 6.048606848583619 4.295381635894209
2011-02-15 11.049407713097448 0.3523845514564894 4.562193173914354 8.773790339974681 9.363189782108329 3.608420140773 10.358825633342871 4.768115193179689 26.813960318022332 9.09098592094021 10.25872838669118
2011-02-16 12.272298350349622 1.0773712007444174 4.899028662258415 1.7315908618450058 0.30224808333003395 6.200052189825893 3.0801786118619776 5.978076828307632 10.879827632433429 3.7188992834583665 3.483831807658979
2011-02-17 3.473450430092724 3.903968021114917 15.681807569029557 4.232086508641832 0.9079034234720309 0.44277796380107826 14.088174260839304 3.459301392124627 10.143897170894505 8.596532546154297 1.7877207127537158
2011-02-18 9.038175473639406 15.79508902814478 17.094085519916135 11.105122173966063 1.6890498015988435 6.746444770807096 5.033954565359622 8.592595103657562 15.791163614018387 51.77852680279457 2.168818344896693
2011-02-19 15.948276158149492 7.34437406977247 3.5300241453562657 4.103922416978334 1.4768554494023904 4.469036613084731 2.934655317349218 3.86211659487895 12.715333746501303 14.623776103146449 6.415607753270971
2011-02-20 9.750579891029135 3.675245927767885 7.697371783206985 8.860786062065298 4.125090195427605 8.503749287064286 13.795216557911244 6.1864940925623255 9.86120062603426 5.590732897771061 2.9940728607770533
2011-02-21 10.95486949501645 8.965026691550282 11.7635595961192 21.92448607112717 9.459244523331783 9.03679641080603 23.315626744654217 11.230801560002632 16.949030634459312 3.163588396901992 4.366052635973588
2011-02-22 11.948856008340528 2.95578192745662 6.6744649966643355 17.556749384810857 25.295292014056955 9.165326809423878 20.94759372721819 9.587136470520965 5.182632478808428 9.246809309990887 1.0355125956964009
2011-02-23 20.90963880308906 2.4960325064238824 3.4456347132872716 2.410836749130554 4.308439705356415 9.645561580949856 7.654851539904147 0.9200956831950817 5.137821171639503 30.783783886142075 6.635408804636196
2011-02-24 22.567047745023352 1.3273044512652146 0.9215975943734818 4.061029134585567 11.745189838936614 4.03227833563272 10.230022884145622 3.605005927301546 3.26873157801513 14.032833824051918 9.164842573615894
2011-02-25 5.650670119680543 5.058122759414649 1.0349009260048827 8.554773582658981 10.79994199945396 13.31879149015136 14.275338771052272 7.340751655081567 3.8498377492807427 2.2307529294119086 17.168648527573232
2011-02-26 14.572356830987543 12.388100583843212 2.934924774968705 2.587707918202187 3.2687264091747803 0.5800032741852672 1.5019650020522308 20.90569508827421 5.3235518244992175 24.678253820614394 1.8594643305231315
2011-02-27 22.11428775193321 10.778102577111653 5.43254150242292 2.9750035444651584 13.523211696686014 1.9308439508829964 0.4671264402197221 10.052346057284737 20.443629179262054 19.498053944002017 1.6445239089901298
2011-02-28 16.026914735499254 7.225526135117223 6.932627056752321 6.3762505731202035 0.4837964053292627 1.8241690919957336 5.231514730212286 4.7272776657551026 13.072026092826238 5.34707599329182 1.66061750007752
2011-03-01 6.522155075279513 5.092605389517512 4.644028524712084 7.002868452405721 0.20009110056488755 1.4225877240357665 1.191256431940615 1.6634157258403 13.444656011723222 5.7888589038171165 1.5616379264611577
2011-03-02 10.889160424749381 7.35669959421808 1.8049912782651016 19.008937203346726 0.8410422553298915 4.815584754569761 0.1993372743466585 2.310554172319412 4.778963092061899 11.847494374025626 1.04215677153729
2011-03-03 18.787758266923525 1.9179091813373232 4.818219975899833 3.6959850603264828 0.33202442315899305 0.09772101529941477 1.3582121146410957 6.266867357341994 9.492541443974424 6.954082442191233 0.4504949923685887
2011-03-04 16.503850880946374 7.044890237033144 6.687325586472862 9.574703880771322 0.9619971815653221 0.4495070644835978 2.123145060317992 6.921037482386636 6.293776912306042 0.7603811531242741 6.97844706964213
2011-03-05 11.009337333317887 12.615613762502264 7.826146042944525 2.82790505770422 0.5351223982385307 1.0327652705677444 2.7106712988165125 17.5536019573806 0.8838105549392523 0.4718693240666003 4.133764895638102
2011-03-06 4.14934808407292 22.814228740931817 3.276266829969327 7.079305162598088 7.978278857952137 0.31857436085543184 0.6923351312933517 30.462079552547152 4.151768001476041 1.2704436100609413 3.897150928332045
2011-03-07 3.133810352275028 16.275544496243562 5.424326547727965 12.393750372013482 2.7785380446628833 0.7398615714690336 0.7667870328696316 17.500449362180678 1.8089222919306454 5.193256237845305 3.626964790530607
2011-03-08 3.156855400053626 7.267573124604696 5.478810007738583 3.041075399952024 0.1676786623033576 0.5114363089003091 2.730085694629637 21.22039473848312 0.2170250217662413 1.6199488127962252 0.3935587419426241
2011-03-09 1.3449446470707505 11.890717706460908 9.747393769191305 5.909898182718424 0.09779794423868587 3.350726621569154 8.0164161993061 11.042526074382003 11.59235865826287 1.802130159707536 1.1426903659433973
2011-03-10 2.9586881288053015 15.111974733667678 7.970243804633224 0.3257646407279097 1.2509848893618365 4.747126815597877 8.884049878028856 17.83449804673 12.82554441142431 1.5030718978099664 1.571081236061266
2011-03-11 3.028511525736094 6.464006684495134 10.219772878313293 0.27655016008283206 3.319133470854857 11.783445158080069 6.822362828899672 17.18241972850078 8.80145790520679 3.6761465324944447 3.478936136146573
2011-03-12 2.9809952086403864 15.78716010642552 8.288999264807103 8.779949210464993 4.222872301474277 2.6509498814807535 2.106270901175385 14.48696285906858 5.026005733874913 1.475780503088202 8.438518036107125
2011-03-13 3.6828849828774084 14.0297187499736 1.7957425731299272 23.268969943116517 0.6066563296979889 9.528497393826303 1.5690929147912347 23.56061207586587 10.5480619235818 0.7110495338319684 13.727286657746802
2011-03-14 1.1458096399120161 2.9979305091116504 7.18315679524008 16.824225514352552 1.8347709167610886 15.011889110172795 7.79068310301878 8.657798125152844 1.7230772500602867 2.758566679844001 23.77828499633139
2011-03-15 0.39615260598960056 14.001892414903477 12.602433153396923 11.552581000958165 4.318858230760025 10.905076207667227 1.2103646501303187 3.7621967565729184 7.8911326699949065 2.3438653211039986 2.4635176181894005
2011-03-16 2.196790458218154 16.45479313239442 11.601820005641027 4.698933814377119 0.7882118921944721 6.54675077739528 1.2298650020831738 4.689790722740826 6.333959823668698 6.567678766339249 8.44485603896072
2011-03-17 7.0675720562749875 13.711099782958417 7.935572855904178 1.1285587333154465 0.7039717895331365 2.612716420746987 2.0757128291975193 18.789019062031183 8.210030298636012 22.363285871975272 18.403553864515658
2011-03-18 3.5412684697971724 3.6904467654505897 14.297371155122558 3.08421146899122 0.9977381805833674 1.1406678339408067 15.777035254237529 5.219189421791248 9.247516486733709 9.831035344970502 10.941572116498616
