2011-04-05 9.210150278100468 18.73180387979777 2.2803447114639153 35.636805116306604 3.284296996483277 11.56627368391425 6.9539356211337315 10.783921134375005 11.430470014166197 3.6035317850715023 30.97680292166295
2011-04-06 5.212839840550075 12.338825108012271 2.7152363033365656 16.985493916349597 10.01770945722333 5.681783808085592 4.897011016455508 4.569084063933975 2.4450446472215717 6.191608486742669 6.137863466830808
2011-04-07 1.4807359966936953 0.8476024093820355 1.988523701379402 1.8423158101107346 8.767759494467041 0.8239226564425615 1.0560847649057108 2.776757400282574 0.5722054445142422 1.5592427408402303 8.64952663979367
2011-04-08 5.70517832249889 2.5084637267808505 3.6318670559378563 2.5251435023817383 5.342606639005767 12.497662348416291 3.3628402432837525 3.882777911660795 7.903921702223101 7.380117729947856 7.542268718631176
2011-04-09 5.315889820664603 12.302356128906247 7.308996731680826 24.179355829395412 7.943709578263647 20.424702482956953 11.378814475701487 5.57972566012222 13.32931801978339 8.099375352495997 24.704213262946904
2011-04-10 11.801399729874165 44.45225094548564 5.664180445853572 22.425443736743166 12.163341170530778 5.527333566727031 17.8473623358448 7.343467984518222 14.913696240514383 7.840934318369296 7.697761088839474
2011-04-11 4.988670504045924 7.222087122730391 0.4926141421746508 2.7030945523196994 2.269359066828188 8.176240622491493 2.67827000269031 2.386578427338968 0.43412222055970684 3.501513117789826 0.3958099082149007
2011-04-12 4.276701522064531 35.625397357153105 1.480676050937106 4.591072433829309 4.463545646662672 6.968603192106174 0.22774918955093848 3.8080314084881337 0.13762820339198548 8.023214343041271 5.901388714040936
2011-04-13 7.21458387974821 20.252287791933202 15.973033841363613 13.301705580275756 43.1137023273367 1.3484396385421429 3.5002393657307476 6.922535734493619 0.9271794965250717 5.362841051152985 3.5548501461544824
2011-04-14 1.4618399220915355 3.578264908028663 5.3033825714423735 2.0916206601640805 9.452277272601222 1.00677258729392 10.04340514301937 8.20575371203147 3.6524844891472554 9.725391705174038 1.087196625922127
2011-04-15 3.6700165003829124 6.203840794443623 0.712766647710144 4.901653610122869 0.8765893216312421 0.7548779789475333 21.88908844901166 9.304756136324304 3.272039598068334 1.8414205719761385 4.159493582636183
2011-04-16 1.5702715240026694 8.986532628712013 0.17978742162191647 2.0349635464684046 6.721983396623466 0.5717929597307471 15.699410112979024 4.671279754934558 4.069967389474616 7.711140169081924 13.011097109957701
2011-04-17 5.128941086509205 2.4913280805847746 1.3820769925895782 5.403613734688728 9.10989629493481 1.4569797616260567 2.715097161970116 13.203646799250674 0.5984236659821399 14.65785022656555 14.648298507527638
2011-04-18 12.11871121902192 4.273973133805494 2.4468784145202322 0.743784548909117 7.418872750458103 5.736075267359686 1.940253872036089 13.97168729717195 10.82263189734612 3.6010552097414075 4.863352444208297
2011-04-19 5.955962760057105 9.666512304359593 0.9428614139551622 4.540285889695417 3.228707923815332 11.346121867769348 0.7889700948491798 5.71569980773016 12.556369275032853 0.7866505665204502 0.16659561627126415
2011-04-20 6.639358348452365 0.03888175804595933 10.172402321466244 0.586466520020971 8.615846296992915 2.92162980143165 8.73275272585657 2.3190982677598644 11.609374959907495 9.746936879817186 0.36309943428944763
2011-04-21 7.512548488768662 4.678923831712068 0.4156667615200129 4.120668596668514 2.051453841022227 13.102793007088167 7.214858767106575 13.978282662543338 16.577055198375874 14.493368309736098 2.0266209743117862
2011-04-22 9.232304460992237 3.204942934314584 1.8084793801227108 10.887048513323085 1.5999443940286577 1.492481621322475 12.118023934016703 2.390639565998885 9.725345954364844 5.16527651179277 0.7262821554206512
2011-04-23 12.423724424279097 1.7927209319626778 2.599230272946553 0.19588024710997692 0.7902599967592432 0.18579542674671318 7.134741245090741 7.061512069513265 0.5205123809381424 9.71134834307067 3.4008307804233397
2011-04-24 3.1430988570314957 0.5929012766683253 12.671027939923272 1.4314412927017628 1.7582181099176244 0.0943453626999875 9.73353686452397 12.502140168163209 0.6477276563626589 18.305861357060998 5.734005723532547
2011-04-25 3.0010322449509212 0.1828411519007746 8.466363807824406 3.3755917498995647 1.992462429344275 0.3987625725897058 2.6584278743644574 8.724485752760302 3.7407977136220834 9.425930966663714 0.1012218488517235
2011-04-26 8.359991396538188 2.694204290861849 0.15997547720703265 1.6125609288589628 0.5981600745231649 0.30826156264423826 4.257645978443367 10.736215608734499 8.102323865946122 9.068551389341646 2.2648712103793036
2011-04-27 1.7731839598345813 4.113794268588139 3.0573397274229084 1.8070922550657356 0.4359279405899864 2.0438664046120483 13.873639517515521 14.528335544206378 1.3996860004295049 13.631529622385235 2.319457500651495
2011-04-28 3.5049093209337756 6.201130138371614 6.6642488943851586 6.198373659119705 7.369146825609871 2.95146080687808 9.188972556766075 4.983795725655997 0.4590610628440819 10.627748898054724 1.1261580150238548
2011-04-29 2.4852398086279743 3.4152543644795985 4.280826768338221 6.414120144271545 0.3467179399326987 3.0162301893667856 14.746857166044848 0.1958404227704848 0.3685598010437709 4.680948676743783 1.183761915140755
2011-04-30 2.7355588018624424 8.746578004476795 4.768081222008053 10.206197964692224 0.01371151191122964 0.5974564860147483 1.5584115228260615 0.10556341444382589 0.19579458213963902 1.2510736949525785 4.732420300052691
2011-05-01 11.239513910195306 1.6864721189007426 5.32735258717887 2.6397941927027184 0.019179189232256918 3.682250663272638 0.41648781194762363 3.2736901965411613 1.459123912618814 3.164152866954832 2.7211010092940384
2011-05-02 1.7851887769783537 1.713298937188843 1.7001390049141611 0.2191048490660844 7.000584895282232 12.894403231082583 0.42078353835952637 4.362411671000105 0.5786177506441912 1.2022559013920946 10.804704635706965
2011-05-03 4.380325094283354 0.34926003928550875 1.0953114065826726 0.0032401466323640866 0.6335819189571237 2.8532802666517756 0.5391892764427079 1.9941495225000005 0.003844096098014781 1.8363576078837358 9.863382735018735
2011-05-04 4.212192802867362 0.31457281452871566 1.0055180928789644 0.5644156951560056 0.0 0.930277612025115 0.19451417882567412 4.0810512863149935 0.7312264494763185 0.3774450992919797 1.267141578047847
2011-05-05 2.65013514440347 0.10532363912418014 8.911894830163853 2.4388531565346954 0.15509008957011017 0.17066273767845014 0.10158422898340211 2.6117463115139232 0.4051072232949807 1.7340055089044153 2.477466012938665
2011-05-06 1.6066046989518488 0.6591008503291701 18.748799346788484 2.6014443356676864 3.7618669974287506 0.2925519259233537 0.17021049782046457 5.587769778347526 0.12199138048836726 16.449160478649084 0.2007422691150458
2011-05-07 1.1215995111962869 0.6103968319991865 3.767976463531326 4.90760030327705 6.808839773457342 15.46616289957415 0.4230314837792505 3.696069272442483 0.23235794072948596 4.780663354909734 0.27413242291491
2011-05-08 2.4306818360402023 0.3605615438908795 23.485534048247636 1.1477027476351769 2.204952388487656 17.65647239195369 1.3920520080971588 2.002478035554889 0.43214425049801086 1.375999398273931 0.7114032847481864
2011-05-09 3.536845676939037 0.17949864433079366 1.1945525433647513 0.7914713308956313 2.30764637183418 4.473617164985304 3.271589252099016 4.700728239485915 0.4964692103207203 1.2543031487224636 2.0096275483143575
2011-05-10 6.8385696610630085 0.20735307817396056 0.41239985414978375 5.7437833473914885 14.715441108984596 1.2271228815420656 1.607185317556438 0.05401951698175696 0.3422423922849935 0.6626291388067542 0.49654516758593115
2011-05-11 1.7372572467002803 0.11611267315872141 1.6210707188246363 3.7467942532532477 5.928779227420236 0.4252911006658743 2.427288788314587 0.10031130183150555 0.03881524878553555 0.020917230277055148 0.3938557530250869
2011-05-12 2.4042729069746196 0.0024728154484696518 0.1769794640642263 0.3469330449471554 0.16572475768812395 0.8962142831539295 1.2990822081230697 0.06696369719047651 0.07154915403406467 1.4240996038086007 0.12627185986155803
2011-05-13 0.8535070860834367 1.390003149433815 0.023182907184008297 0.0692255453757104 0.01647756372029131 0.10620037669385932 0.207882955581478 0.1726220018085879 0.38119278013445046 1.2395447092762373 0.4909774703337383
2011-05-14 0.45185499795840345 0.22908398306225425 0.0 0.06448705225620847 0.012944180727335204 0.6247978856741108 2.290625225265486 0.9485766188282115 0.027544499457905915 5.712279898601482 0.4402819408122902
2011-05-15 0.45090241078829174 0.011964121563857323 0.10245025361462667 1.1202493779071447 0.0 0.007597979041754564 0.41646979871541745 0.19027473384059432 0.7941115214658534 0.5955628153516085 0.17760442748180844
2011-05-16 3.7827255513201177 0.0 0.29044792991878754 1.6023690805932236 0.010592840914312191 0.2281998838254442 0.215823006743394 0.724743533043098 0.26509376391488926 0.41835473092957354 0.5035817185003819
2011-05-17 2.1031915045344527 0.0 0.0 5.170478664975969 0.003844096098014781 0.34319896030756514 0.6627206239960111 0.434609597205613 0.25151188126735924 0.24580865383718836 1.3503430345196241
2011-05-18 0.3845138036397493 0.30311925167161013 0.01127450919213677 1.1643911276464989 0.049960075163735684 0.4857156490490053 1.9602087228117235 0.334426644711521 13.262835886340842 1.0023969395837793 0.08240923656049257
2011-05-19 0.33463898560855954 0.11829122346316222 0.0 0.5542393473795608 0.5182597282384733 1.2277778138488853 0.4860301469691133 0.6280241385413861 1.286147518558059 0.6226551505666229 0.0
2011-05-20 0.1935647206790699 0.2652054790667023 0.042748766749909246 0.5973027065586503 1.9565079313525344 0.1045873000662843 1.0940999677989596 1.1229106868243723 6.033841795997992 0.4963915742438664 0.012944180727335204
