2011-03-01 5.561649878801003 17.53281632953304 6.723804682293908 4.518526499859512 24.55999196764685 8.834602653749359 5.283440987814551 7.19390918820581 9.367272617547648 11.141701259117518 3.033328382043903
2011-03-02 6.938046349616441 12.096611962259312 5.026924821413306 26.252334912518535 8.464648109932746 3.2222526830276523 1.504380730304109 2.228342002497463 4.874819838143361 13.55406151769476 6.964201691961066
2011-03-03 5.6534596900909815 2.637608905630821 5.892250615896388 5.684537579006562 4.166491877545511 2.110645262483217 7.198787866356442 3.601368351971197 8.229509510970933 4.5318011690810565 6.1180636978018
2011-03-04 2.8353588193040817 3.9312872257134543 2.7496489721309483 10.634295231392173 4.32007125217303 6.969044506984677 20.50933034226329 0.5843814922365829 10.932181688501391 4.6056434896106735 3.334373872193726
2011-03-05 3.414808984823443 3.267813054945428 1.2495460907022244 4.372857361516068 11.313552505405962 6.806873592819294 10.100694673911843 16.80456020481951 1.4805987413510708 5.8396491020462316 0.7963772412396668
2011-03-06 2.2443936876057977 2.4080942100069462 1.086643156267406 5.003633579845728 5.107293779772291 7.7419368211633435 17.260258470396856 5.957539144881757 4.19514490462583 2.318429552264848 4.468458837508372
2011-03-07 7.855846447247183 22.629485232768175 9.493516305959421 3.5921646966055527 9.968019709022565 7.77374464405844 6.917466171694777 2.283564455975145 3.7962601429182694 11.26452227688755 2.2368759515861765
2011-03-08 4.370582994517465 23.148364108847105 33.175043647891066 19.626986094295752 12.555343460877964 7.4546702811556935 6.88292181842365 3.1379465610047554 4.82466965939811 33.769429433853645 4.152490101073501
2011-03-09 6.440176442616166 4.563486482594569 19.620946192451893 18.145009617048743 15.785301604453435 13.739630350746392 13.773821732744231 7.098748225309812 3.0748569477567442 6.258701052516457 6.184171975685748
2011-03-10 13.03083525484357 7.210952693168645 4.884179786775556 3.826441843918615 12.716475784175167 8.315693925019195 6.584988925695493 1.563192676534987 5.271992189437222 3.261544770190633 9.882602424904928
2011-03-11 14.828292730833473 27.26358562251501 4.497427413316874 3.757114705858802 6.906896032202397 2.7251331201740356 5.451064066956123 5.7729231991833885 15.015004068192132 6.4182263661835535 20.5265409706043
2011-03-12 9.679347356682419 18.572616751529186 11.9900287885174 4.210438681324828 4.6770275475483984 5.02197052070611 5.412197216272933 0.5470309923047164 6.448645111753734 9.460791067919711 17.759450147225916
2011-03-13 5.915216461447825 13.644721041397736 4.360096006497901 26.753953255412796 12.405912012131306 2.0901412549219085 3.3345946624462233 3.1788357753559078 18.349358587681984 20.90547367342208 4.924028652681534
2011-03-14 2.819944356352789 13.48934822765225 4.195954895130039 2.8693063157199026 4.5984045707846875 1.420544935769966 1.2243893926869585 4.611254357921843 11.00760116396479 12.151140746408714 12.580743508363476
2011-03-15 7.142659130995066 11.429388357563713 13.13828038455732 12.81545641131915 11.688653701588692 4.1558697034725895 3.0389070621786316 1.7446791309287777 12.958567366778544 8.301783245363179 12.152836381423405
2011-03-16 1.2426237929509258 13.598140823750338 11.917418971723933 20.375700993391824 1.01071106187687 8.579996367263561 6.929018393822723 5.047389815982656 8.76507443610494 1.284221931802702 8.758172865756224
2011-03-17 18.76141960111304 4.083703343760704 21.793466769141308 9.377432487911136 0.15104279833068485 13.534462924602924 9.150539399096669 2.4775973923407664 12.899979163101136 2.4518864725380967 6.073124988487036
2011-03-18 12.03665648442652 4.501413856690814 18.8327638056727 6.016883312165031 0.9959905419103838 17.088561371791464 6.222917056685288 8.334633277798227 13.557842514687131 2.8021926152164074 6.274208276407348
2011-03-19 2.9195762039268836 8.988267845114304 10.168215814733308 23.58349324073236 5.815567387901176 14.930468632371786 2.7578477492360687 0.26255715844562877 14.460020692642129 6.04230355193703 12.703127670972851
2011-03-20 1.9286099231768112 2.1057119208084636 26.206231004629736 12.78595586332579 32.94368859783766 6.4653232909560145 3.5773578043046843 2.3893552642428646 14.173506065857044 8.183775240612285 1.9815884734653078
2011-03-21 0.9209533079604055 1.461842219995356 2.925516571602796 2.853557366423285 4.652068396257284 10.88163460116728 4.842032317551925 5.822236999101841 5.253192090277254 11.586279065261492 5.78429656898817
2011-03-22 5.647342190585809 4.573745100794033 2.175241089763483 5.1238486794104325 4.116807445988645 14.011781499618962 5.127267673777982 1.8563820034898988 0.09073787871970723 8.532488686191979 5.700560912852315
2011-03-23 5.39241986036533 5.280211238842542 4.323971739990701 2.278956712347026 4.4422539339184315 18.381773862636443 9.334541189638927 5.759877960118624 4.694096813826794 9.77330533180044 5.952092269232546
2011-03-24 5.959841841075497 9.750562349468668 5.097014503338425 1.7740697979933333 7.036993074624805 13.319661629051891 10.104132323150255 5.02152642699798 10.571179710110314 15.539674108447757 0.5339396084261925
2011-03-25 2.128626635261094 10.123904280857492 15.290778097478412 1.9805685921018952 2.046555952011366 1.1897445330447596 4.200150785530273 4.551739689263405 6.284515070344851 7.527939602851303 2.2428935838253654
2011-03-26 2.932447563416666 1.2148431137230817 12.0838806007723 6.24017302725864 0.6100497858893794 1.736814617186555 23.23143469485469 3.5780729827710633 7.224371930124388 8.27089113867476 3.9756807770071845
2011-03-27 6.829256378746009 2.1808821432752925 4.716665695706693 8.287650153846888 0.3274782433747846 1.3468094044839432 13.766478696733262 2.5622792356138415 10.614478441063088 3.5651191944661575 3.37206357259753
2011-03-28 2.7417761248310155 10.153340482695087 5.279174887550755 14.314057709376808 7.625765583491949 1.090426672534658 0.5728440291080092 12.855731052130087 5.2163332635915785 3.459604833359929 5.140890099180549
2011-03-29 3.881130412907947 2.5419390744323414 5.157651253766894 2.4514707387989416 8.697742075766783 1.4616404079578138 3.7193496844106604 6.135436912845389 7.430159192885918 2.0309060595276964 5.769270962812139
2011-03-30 5.072034674152171 2.800617519309289 6.539418076135764 4.599815663126911 3.2809735163361435 1.8545030514834955 5.3445836518493826 4.8857470918083665 12.061741037373652 2.2612474793476647 4.954336315261578
2011-03-31 7.950633624092128 4.51905080452861 6.090822862966004 4.57618279130815 4.757669630527596 2.499186309966575 9.170118232941098 7.205951522471658 13.409914502270862 2.6013261304398414 20.75605908298377
2011-04-01 4.962379635854784 6.816493148082877 8.942189814102555 8.728449928357218 1.63566295934609 6.472529168262161 1.4004445240551378 14.439972818457997 8.604030227825383 1.986795558189561 6.725042915418743
2011-04-02 1.7571007527006235 9.239677389293615 6.646980337386669 7.687577622522503 1.095063800425562 14.685193723382278 1.892375860008412 12.693775632319785 8.865038028982058 3.5640953243007 18.100227219965515
2011-04-03 3.4840411248038228 4.678272338151464 8.749246636162725 1.3733624274715712 1.1168343490624397 14.136771339070611 2.3172912717985685 2.088713441322546 8.889646543580653 16.329211906457637 10.705626884921783
2011-04-04 3.77111788717572 1.5074804674914861 5.24579608871019 0.9904138278072041 3.541413456394686 16.109934516992134 8.764057103868298 4.218454382185886 9.033053344756029 14.40432416823397 0.6319756824701781
2011-04-05 14.365645437038095 0.201874093267137 1.7194862752941327 2.9500800259070687 5.035040447175412 11.662275994745901 1.3682591603555985 3.502245111501325 4.237522121174935 6.4234177336181215 0.9918476594120216
2011-04-06 10.927164754508581 2.4141812049968 2.2830800381243 5.686529542494879 11.426589438593297 6.146644366154135 2.4665172193548583 5.545092199841179 1.4046778854587711 0.8203077846478739 4.753493190512382
2011-04-07 14.759351953873418 2.770783727894342 5.2622961202615715 0.32384570753479036 12.59103195604794 14.836744027853209 1.7401926370990197 8.451709188112849 1.5972877082078598 0.23897718666449125 4.421308418012888
2011-04-08 21.24392302759218 3.598618659512813 6.565003574838407 3.84501026718017 8.011602692991541 11.810992090262257 2.870960884321599 2.712673267996644 2.359747949701806 1.5467341686101386 3.96482101719771
2011-04-09 21.37933985762045 19.939170664697595 11.268171791700489 9.295450391923819 1.374478647891493 5.775141132812663 1.3043897200606576 0.6495949849457714 4.406824715923236 4.622331806428761 0.9684449623171141
2011-04-10 15.386917143876724 1.623507708263808 2.772236166047301 11.704575697273032 3.7395452726042198 1.9649649864982455 0.16553062787384334 2.9881886747394106 2.4001527433957666 0.6229215440895458 0.9694951069848281
2011-04-11 7.2366284590559005 4.701830494991603 1.0860870592353773 15.775197741746041 12.923838675439798 6.911775833328123 0.5129604725251344 1.4906249745575972 0.029394873959857855 2.6825227872190593 6.0948053663762645
2011-04-12 4.946241131927934 5.519039219416861 1.4728344706017376 17.519649897834956 2.6744196690595192 2.074865718382216 0.8356997877909462 6.162463723608541 1.2699947167721015 4.8813754483161045 2.8440984479508105
2011-04-13 9.807234420949678 7.619765695972084 0.04509117380398125 15.054096083650998 0.5332992390421658 11.936454940785907 2.29521041991377 8.077753058242804 0.04563800079498985 0.4927379012650189 1.1020724390012477
2011-04-14 1.5036920760783947 7.479472995356281 0.5069296761311397 8.141788078724007 0.6357132925073237 0.9262784763943772 1.6034282433899825 5.894477372449013 2.5887825798444544 0.10032392751770182 1.7609812047585138
2011-04-15 1.9348487189144765 1.2847430648155023 2.0217968295994924 11.241115384944127 4.014897144230215 4.534561897470762 3.232699529115088 1.7746750229947315 0.13279592597492376 6.8584375011050795 1.3895762996157508
