2011-01-04 4.723658865631604 5.79158284641982 2.882024513990535 1.57830190443352 11.690563279279072 4.691503414665723 2.7128311960934957 10.87701397137641 4.992718021235444 3.1015122064847755 6.822540205672786
2011-01-05 7.365602702124173 1.520203258925143 3.9043499929306735 22.78095304537723 8.707902201983075 2.922580949456802 2.0633164283384855 12.732516084156547 6.877197629044872 8.21379091321064 4.833734359122165
2011-01-06 3.296710060070859 3.3852566161033817 4.295655038845883 0.3953850616667245 5.628187101283661 0.0256672754811518 0.46577434503817106 2.812331557571383 3.4343870456035797 6.802427046584755 3.5788786332645786
2011-01-07 4.694620768577579 4.841843696609141 0.9747140723612131 0.979845095704845 12.197130971007208 1.436301600404924 0.7168861176088785 11.587326689076669 3.212168918138211 13.200004913485756 3.1691365338219275
2011-01-08 4.021859991468205 8.669181728618051 2.4663764844486433 2.601490256173064 1.9735749248704142 0.23520378373059003 1.6297820457838479 0.4210121759150061 0.630913027591584 16.21249594660715 1.9712998749686437
2011-01-09 2.8672545842953303 14.852443934952284 8.925307684210978 10.101297315454994 5.534145850157063 1.89498579643957 2.23043967847308 7.882466286126737 4.397179795980771 8.540789682255713 2.1629327665960245
2011-01-10 11.353279367865486 6.043675971826984 6.667895773534331 8.007687284227057 26.831934367734835 14.744313836645382 0.5143412748965841 11.978321634833648 5.837330003514195 3.9981034595727873 3.6141627668267313
2011-01-11 8.901629227970318 12.410954682843936 25.888904174383512 2.28778715711093 5.967555390388802 7.364692478034934 5.341917759555084 6.819870154901652 6.941574339505511 8.749585189602035 7.682964277735008
2011-01-12 17.789988713979383 6.304950143327403 2.014045453888772 24.002247887239605 3.610625752456839 6.549611178786667 3.640285285475101 9.557416420293372 14.752359402602869 6.570056974517582 8.1211413047976
2011-01-13 7.013227578732639 10.950032410412817 1.4153189525633465 19.809679708982664 6.866229968881257 2.9023486975064734 4.465716088302081 6.886535865605269 21.930244998776338 2.61427435686576 5.744341355873389
2011-01-14 1.8003179964864857 1.0654232015823701 0.7941944300659846 14.092493749921736 4.19812555655915 1.392297112928373 0.9245866915035695 3.210346512555368 13.244116306739356 1.0232573395800166 5.6498494966361115
2011-01-15 1.6602059244376215 2.321139049630131 11.440751176971993 8.075913979138269 11.22245620274586 0.3382050982743572 0.23018703515428612 1.1012770462339994 3.4521565662186737 4.083322915907502 3.105269961737715
2011-01-16 1.358778458478318 0.8265440173371295 5.85435252464944 8.4741153525285 1.4273079925758512 0.6480427955045962 0.6070864073776523 4.8269545945680115 0.8280487640567087 27.880048875920547 4.032590349807286
2011-01-17 1.9206990479678296 3.3907483969251655 3.0037901167411913 18.830156906230314 2.0768035795882684 1.6218245620510152 0.5371924146278615 0.47362905469889993 1.9580313124888722 36.395537140861165 6.646718816633507
2011-01-18 9.499803896649318 3.3289569289625485 2.1435720177386743 32.0777971578271 1.3936158175803826 7.149978331931992 2.4207375590543365 1.1570945252286062 0.9461123883937796 7.648432351944421 7.485695588393277
2011-01-19 0.8127303718793384 8.316332242497566 1.1701983319358402 1.688564981048507 3.3171685101719977 7.814007556135787 20.299360773732026 0.16798115071277156 9.46994474539881 15.426562486883103 8.942530461303953
2011-01-20 4.68670433988199 7.623582958317984 3.5013899135765194 4.309794185850274 4.256045991646126 13.588018235080673 6.720246363582032 2.352560025861176 19.143175591441903 13.312129434083822 7.723916081945829
2011-01-21 10.797258310671857 10.067796870487157 2.472129092602117 27.71937259315954 17.523859855515553 8.727617818050899 3.8783254374409823 13.391661024764735 3.7516842636020518 6.869232900898997 8.94748915130773
2011-01-22 22.059522028372236 4.411177285152034 6.209980623275552 10.70746798521891 10.28911395456057 0.27472819620015276 3.226523113428473 15.419798980240401 22.272986735649813 1.3450676756284616 9.207888280309259
2011-01-23 16.52777284858867 5.0978871443546 16.018713158317745 3.10224575074919 14.392787794588177 0.06781339175486323 0.7747567314821396 23.11032277779845 62.319156364559646 2.0128774763500097 16.27996645576587
2011-01-24 10.466080167700722 27.0587121295791 31.872100122594695 3.5804131528581795 22.36064990551499 1.7978579870101425 1.0084766648534091 9.859655730238984 8.983032071599201 4.317663346485292 72.86561166030279
2011-01-25 9.703070253654428 2.7665828574344635 11.184419332412336 2.630380979197563 8.708177970730802 3.129747238253537 1.5783855946643999 32.29523408451992 38.766716294434836 13.163992043227005 13.79826443448965
2011-01-26 2.6504670300421425 7.4206827139785645 21.62969212437943 14.394378062348409 1.2469288993902872 3.576950776684184 4.528992808956648 1.7844163769507018 3.1572296987330377 13.764836588669048 3.805872696373682
2011-01-27 9.045763148118084 8.698338177895547 0.9095556332840156 9.96953205636064 3.7850832249058386 0.8105006420359019 3.6141251115698925 7.603495968785687 1.700191326353053 10.273731741727598 0.728033735181616
2011-01-28 2.841526049332518 13.909674717441872 1.2322845018576987 9.694843938460803 3.5542258797235102 0.897639341726531 0.6719479227104983 8.183813701212845 0.2247687517756307 9.24659999791162 0.6303644637520264
2011-01-29 5.527442335243208 14.686867855419573 4.539168493359893 11.385668957974872 5.276187538011808 0.4398327683471942 2.9549986285701095 2.7944768564995806 2.087667071104553 7.517448619126667 12.765050810123043
2011-01-30 5.401680145638554 8.965805515853162 8.32983606288415 2.7440713980411178 1.946752785012817 0.9927576328456604 3.4713325641158557 1.5215281608408682 0.1922061448461766 11.720686927604229 3.515994385319443
2011-01-31 4.747053425767213 7.236352632816574 3.4665053874711664 29.104470141516906 3.6559406188378434 0.021864241783457722 4.557789882556801 2.021933209489638 0.0 8.734739880403541 16.261698732499013
2011-02-01 11.259685733826522 9.62551874075437 4.200288857369223 10.359427901849367 6.453819950064068 0.08884113549814342 1.0875939685630227 3.065584214615397 0.8129314299917458 0.18141863476537745 4.216293674552652
2011-02-02 4.2285360648600605 1.5600257717238484 12.018523768130827 1.404636081096585 4.7759273520996945 0.14290202306467714 7.0780789731638984 0.4048686098234302 0.11318509141512746 0.009830271912808835 1.598826560953786
2011-02-03 3.062647573662581 0.538841511259958 17.317014189269774 0.297341228319535 1.383575906938443 1.0462921286985578 15.945983565289191 0.06403323570406796 1.8234185449678835 1.0024232375086792 5.692924303251342
2011-02-04 8.96833979524813 1.6346299604384162 1.1544561360448582 1.4594119590873165 0.6211632852532436 2.570463828687073 2.387519221411103 0.5112845914178226 6.1560272540247665 4.888396387737624 6.39752530805602
2011-02-05 1.9907812349556036 0.6702615160671777 0.360604933814494 3.9487581101491918 1.9890708533892398 0.6390712545023233 10.40579864258018 5.9429327485513035 2.1544058539638518 1.4297228721966064 2.431163357502019
2011-02-06 0.43937715241382397 0.1833482698245349 0.6118016599092537 0.4562404875159103 5.501246954188194 12.35050230229053 8.44709110700078 2.164720188876483 1.184682268595191 1.1600411413332932 3.6919555092317946
2011-02-07 2.308278322925381 2.05654943711024 2.9558587185509255 1.2557438761792965 7.683697516495872 8.500123269608729 6.362997948191796 1.4520175623981089 2.562435437256792 2.574395798505919 0.9566584322907326
2011-02-08 5.26999809827505 7.197172062884247 9.644407786107514 0.843860278792279 4.899375152287441 3.2440254539026814 5.763951989839508 5.090134226447217 4.942766365249526 2.716329512972638 1.822193763978055
2011-02-09 5.42564467423946 6.090023569461477 7.178415775170456 0.5924878886099033 1.165916144745432 19.546864271224848 3.967627338020179 7.451061352525603 12.764350296894358 0.5835651471235936 0.4424267051912217
2011-02-10 3.1920047904384647 17.500897433470726 7.730874083709605 7.143183616093033 0.20919627723281975 13.969487906310032 7.2192513223293995 11.564577064185745 13.948769489984826 2.0139310056192268 1.6610075547119065
2011-02-11 6.807630852111338 1.5343865501117206 3.9825637978904957 13.703245209379338 8.112587381900045 4.791614524207462 10.158045141878084 6.08705859199844 8.712309547333172 6.727222612564143 1.6773590515993773
2011-02-12 0.7536740807276656 6.019955960805079 6.27714883775789 0.9801233531477549 12.352640690006105 12.187196672977246 2.2358029941459026 1.134300381031936 3.7651858092639316 18.483367410274017 0.7927550611016666
2011-02-13 12.259122606187022 7.905135948227218 0.4842441464012679 6.808951884858588 7.903215643747443 52.91615130214391 14.39587769925027 3.6576334794978838 1.5787054452834597 15.233090254077474 0.35399183599516887
2011-02-14 7.268057578180238 4.6425569156068605 0.40866243559292753 4.152401146967883 6.1657442883425535 15.214647825520494 22.945458982885746 2.814282009539954 0.7517603505114254 14.282660397200797 0.24234674610841858
2011-02-15 7.264288781642499 3.020474945585425 1.647153231798767 7.466892250387377 9.503499374432291 14.756623417406505 13.635723290668004 11.692053550174451 0.9804655660969852 13.958706999442807 1.924836789875643
2011-02-16 15.878308942487065 1.8349966778978368 2.8039235053368774 20.91715110976157 22.591881671274486 2.4371084084000456 20.287012542170295 19.682286544351825 2.498666353305816 6.481311350448823 1.2708475839993432
2011-02-17 4.133362259339071 3.827638687244786 4.018891236095936 7.297381944951711 16.78718257230608 0.9171384529210563 8.903164412432934 10.714910037822664 2.721343630240593 2.883575464955318 0.531267835071024
2011-02-18 10.836074735900677 1.261279560565692 5.870917631147787 0.38308968830021084 8.70779414597351 5.29991842899495 11.839162633152277 2.2046704995742354 1.6757043629289772 17.625254197141235 0.42488734755565355
