2011-04-19 9.718345709571107 12.605809075966897 4.010139361567357 17.15305105610387 8.089570301825187 12.719912087577423 9.075205163237587 4.8672877313316105 44.65738091518163 5.59710946555213 19.21074987979997
2011-04-20 10.84636944810859 3.7154175972540164 1.0406823730159718 35.00788543344705 8.087552564516429 4.164122467251973 16.833350534680914 2.494379147821705 8.75525011458741 1.416180320440188 14.680021973662594
2011-04-21 2.5402493703073548 0.5045183079530711 0.5585638995402546 2.649523543428776 0.46071668474550254 3.3351935901102747 2.997085709201608 5.930690901941324 0.6748735777245881 0.6889102477414792 2.7341272724504426
2011-04-22 2.505964221875774 0.8024363786879494 1.4621503055091185 9.075140098473135 0.6253564025670164 3.3055176554318377 7.300505583881105 3.4834477850089036 0.23023243537503985 0.6630357871969598 3.9241415352061635
2011-04-23 1.1125119648155957 0.45406149057059597 2.402683400493828 15.545125360249479 1.810315576715408 0.6337342484403512 6.6865220301974135 27.661252134470327 5.210318798700095 0.4953990583433927 0.790436947088163
2011-04-24 3.152122136233352 4.771205778020265 1.3111315892620827 2.067031267322094 0.6471831081520317 3.1361226985680015 2.6629780205109017 7.267134347624052 3.6745145067500085 0.9672955435245388 0.5784946275014833
2011-04-25 5.762975214987861 3.313852131802578 2.8113652533707865 0.08600872466098085 2.0910638334361007 10.389311824058616 8.089544752697742 14.179361129570376 14.235330482147939 0.2596659424797039 0.08129031895027082
2011-04-26 0.36805669926727413 6.682135946537796 1.302472207036995 0.054660448052395214 6.757311589080538 1.6132548639322166 7.049329460824104 0.7065895992153449 4.045383242432814 1.27398220279594 0.2843267804221794
2011-04-27 4.301156854206908 7.781554843249812 4.259738897960129 2.7174328855038277 31.891476426134034 8.943650601159126 2.2305406700880717 6.604146708619393 1.9224065899760596 5.523948961952719 0.9552609015291624
2011-04-28 7.024595915813025 5.678393521904718 12.501710961562516 2.612842734255366 3.714073991392488 10.289915082534176 8.507326760905592 22.787597754133632 14.331613275400333 5.078539844218915 4.527338503189279
2011-04-29 4.375001378938782 13.389577187910458 2.5188992685219085 0.3320472005013476 22.263129542546235 8.343088660751068 12.590675195791732 4.764249610607822 3.151486428258697 9.407608631915817 5.018847717144295
2011-04-30 7.088840391212364 11.862861912712937 9.36560471467487 2.1492990474031615 11.711274190062955 2.93416753646523 7.0224874891935345 1.7369014754770253 4.346167814924291 0.12114188964206073 5.324740005023674
2011-05-01 11.957270288561348 2.166099131577342 19.53305164184795 0.743222261315191 0.9646568500348606 6.784297422914287 3.8372317178815405 1.8720254754479866 0.6922289345110573 0.7029336485316153 1.1716738399866706
2011-05-02 1.865181541431278 1.5298914722326469 4.241487099243249 0.3760463540707125 0.008826069528205565 2.483245526289561 0.8441793420552891 1.529669046449773 1.0619584432274123 2.2436919888802573 0.22660958906838896
2011-05-03 2.072074822649923 3.6806893366245457 2.3287590334874118 0.15189197670701712 0.23374883780532132 0.5076987581682378 0.3826130523612259 0.8655722723578969 2.277732100687932 4.179616087828932 0.003477887899115388
2011-05-04 0.5794430619515818 3.344363776794154 1.6748085923345033 9.975291539781253 0.9577223507977337 8.182238315732645 1.2525581042135148 1.1283720698206363 3.2233059271692985 11.010971109230407 4.975262530790294
2011-05-05 0.5620970510783203 1.5939837406909712 0.08600736453543707 0.5382344359998524 1.317491958314367 4.456077977344975 3.2059659260784232 0.43452990423604876 0.6997219595526772 1.5777607725733818 0.18316951120245378
2011-05-06 0.36698627102693443 0.07968548748205294 1.1622726842462638 0.129980846307707 3.128741728219808 45.07704527115098 0.8906195760311152 0.9911450353610831 0.6155313276925104 1.39482098318639 0.49265709327524576
2011-05-07 0.46068301139443735 0.14413140392010412 0.5530596792094381 2.6648471251464003 1.4673436981202088 0.14948264231674135 1.2232609205021205 0.001973498316834329 0.5986641585502046 13.163857487304108 0.2500935632737518
2011-05-08 1.1938369374163356 0.09649984970912115 1.2588278275318956 0.19202355588208048 0.10751620374195574 0.061544655515037176 2.768517883485706 0.011176874181707746 0.41801737988431853 0.1910742217369561 0.9914451812464292
2011-05-09 0.23630640863158214 0.09193091430679876 3.074546185567164 0.04365228908285711 0.31163110264651744 0.7370916278693245 2.355745365105203 0.025702302762865836 4.078505590846264 0.018986755229232412 0.41950165519895266
2011-05-10 0.3792275921234296 0.08994758184462875 5.066978665527924 0.04893516124060763 0.03638302930369778 0.38993793834910206 5.993840815327005 0.7036677619371081 6.228726598506201 0.01860175871449179 1.4361435683915926
2011-05-11 0.13994530055241988 0.00504138483617669 8.06486363504666 0.10130056870095597 0.0 0.8423714489768033 25.101312758257823 0.08419574803539907 17.801183346616376 0.022216669997060887 0.6666860107856716
2011-05-12 0.4360776404038991 0.2530051978797827 4.7927898556871895 0.178780182657886 0.2939591818837762 7.6279357517023625 0.07380088160867337 0.0 1.4597569390974614 0.20220603635335896 11.635431485522442
2011-05-13 1.4271977891949874 0.15055140325730343 6.876843235582649 1.5523634974010547 0.2064715527929284 13.696491338399769 0.00827129960400517 0.17872225119837667 0.607031530966305 0.04683441812459024 1.2139625316774318
2011-05-14 0.7267914975147558 0.104540755969281 1.434945892444071 0.18176150197207633 0.19463670586494952 2.3984883273276623 0.19155278611696372 0.0564641719632444 1.9846682468349248 0.9009153961378848 4.512003456250248
2011-05-15 0.0484743680378731 0.3621789310090902 0.4325427200172869 0.028212080313053618 0.15404048677068416 1.3026353811348605 0.5236643877099171 0.31171309903044303 1.3252189929879932 0.7580642317084358 0.09586401889083881
2011-05-16 0.0640019078786408 0.4914574927792348 0.15984837941720328 0.1022331862955298 0.01250634578363087 0.6746752984843196 0.15636699766500323 0.0185017560996236 0.08506501602112587 0.7994257109884991 0.24047549549237468
2011-05-17 0.07599749555167118 0.04809552490337318 0.0 0.03567369298443368 2.779238746090334 1.0197602912136188 0.07156957661758423 0.0 0.6695783509467269 0.12066322983399844 1.4138517315422858
2011-05-18 0.22282136480004222 0.02333300741851671 0.1521515839275861 0.020419723529388915 4.836826665836841 0.5362178578764553 0.6935660935269654 0.0 2.093688094679527 0.025702302762865836 0.8129806708916011
2011-05-19 0.03571808761302796 0.038676214530919836 0.0609724885750271 0.12575703864564364 4.67572124643808 1.1609612239619527 1.2566847026358268 0.2767095039200684 0.24714022497244528 0.17739370605796745 0.049175534926893624
2011-05-20 0.2820514786981956 0.04794489916681374 0.016693570387612777 1.2491642010547137 0.2272163443636116 0.40965510872660793 0.5057045837292785 3.0521790354669514 0.0025858880529172736 1.0518445155848242 0.1786936149952569
2011-05-21 0.0 0.03988184511125056 0.055916864797673466 0.01860175871449179 0.7381283949730448 0.026679109398028915 0.31982845619209377 2.553341407496601 0.0 7.931406613036129 1.2341703224516156
2011-05-22 0.012786543576394143 0.5166423140772602 0.6836875986769868 0.00504138483617669 1.6994456842345973 0.13978302924723987 0.027668056213010606 0.012134184017861175 0.0 0.017110203881181653 1.6905861588839541
2011-05-23 0.04121705637628263 4.110467247094364 1.07642687470388 0.007464960947454181 0.5056564917932732 1.5567018434721338 0.27476868687061806 0.02978952504626365 0.009920457730713596 0.10878036498277766 0.8978719101390806
2011-05-24 1.1659383991493852 0.620542400674521 0.31486085823334403 0.0975057039230166 0.0445716223650576 0.06568206090656606 0.015781845326436342 0.03322482883358577 0.0064804094456015395 0.27525780272994416 0.5769053870772272
2011-05-25 0.14124809474063008 0.1632062948133869 0.012464872628629262 1.0985738382765726 0.0 0.6564662317746504 0.7944366866090948 0.05042540225837194 0.18266952833450942 0.09764272683737456 1.5388703076867594
2011-05-26 0.2668008989562804 0.21423274400668024 0.0 0.4650384556663447 0.014107682334695504 0.14719294969407726 5.50802113954867 0.224327150554183 0.9352193334007399 1.2410447043089383 1.1705510207965624
2011-05-27 0.002150982691928829 0.3243628389020704 0.20004977590719633 0.16813391672379357 0.005451386215949717 0.3551498166890763 0.17098354373990507 1.1943395750234922 1.3516372255431617 2.8857528032980793 3.143815068848416
2011-05-28 0.27060351758379086 0.1099584903893715 0.0 0.01975482440755686 0.011176874181707746 0.0 0.28174550134553317 0.9008076782388122 0.253039206590826 0.8048684440123133 0.631963518645059
2011-05-29 1.3609055410444246 0.0 0.0 0.5450918774335334 0.008649664004949934 0.14290109592304095 0.0 0.6408700448866038 0.0 0.0025858880529172736 0.1160495708300685
2011-05-30 0.5772298913401628 0.14631029182698074 0.07923566763960041 0.047397874779442344 0.12018786341048351 0.0326124387119004 0.015209532005023532 1.051846911549335 0.008533512642814652 0.004879072894536907 0.10191349890822131
2011-05-31 1.149050106534822 0.16430771662664373 0.015502235216321169 0.0 0.01742325829217111 0.20225675742452393 1.3635839815725217 0.20201382829190145 0.03969908914759443 0.032410104911194046 0.18311932636946604
2011-06-01 0.12475216376330209 0.026144919383773106 0.02419791347486888 0.0 0.21351678068213073 0.0 0.6751436420298029 0.13062938753178982 0.2189724835232561 0.14306772518216854 0.11136484767123611
2011-06-02 0.02326464566561732 0.22448157587180087 0.0068525712113712365 0.0 0.45060280738750114 0.4152300858966421 1.180978118096963 0.11332700581279519 0.0 0.12074630836116423 0.6372775550519186
2011-06-03 0.011009942731651842 0.36761979598113725 0.02207964661360718 0.0 0.1880902000900974 0.08302739999499295 0.04694751384064091 0.011893956047547925 0.06687339634793815 0.8556059906813045 0.0
