2013-02-22 8.649300302197434 8.649300302197434 8.650767934050629 8.649300302197434 8.649300302197434 8.649300302197434 8.649300302197434 8.649300302197434 8.649300302197434 8.649300302197434 8.649300302197434
2013-02-23 7.175312420415715 7.175312420415715 7.176529942839138 7.175312420415715 7.175312420415715 7.175603088700128 7.175312420415715 7.175312420415715 7.175312420415715 7.178376266285129 7.175312420415715
2013-02-24 5.952517143784991 5.961564302829036 5.953527179679422 5.952517143784991 5.952517143784991 5.952758277249955 5.952517143784991 5.952517143784991 5.952517143784991 5.99224991004097 6.100398602982534
2013-02-25 4.938106980016875 5.326781505801669 4.938944888615853 6.202163945224974 4.938106980016875 4.938307020238126 5.095552863613068 5.230525560225739 4.938106980016875 5.122145625510445 5.060786923348178
2013-02-26 4.09656956159354 4.419007337473916 4.1273967684982065 5.145209720412358 4.09656956159354 4.115113378669766 4.2271839887309275 4.339155042178518 4.09656956159354 4.249244891702106 4.198342755998306
2013-02-27 3.3984444324288274 3.665933327166035 3.4240181589571472 4.268378472550606 3.3984444324288274 3.6217468272733435 3.506799939646677 3.599689221144415 3.822332691852889 3.5251012895321026 3.482873743513349
2013-02-28 2.819291699227278 3.0411959367576777 2.840507227788391 3.5409741827734322 2.819291699227278 3.0512105872746615 2.9091815850672824 2.9862409531047964 3.1709421896074335 2.9243640736565464 2.890469267269766
2013-03-01 2.338836442193131 2.5229244234243713 2.356436483846387 2.9375319559178705 2.338836442193131 2.5312324071606236 2.413407562607748 2.4773347036792996 2.6305597080194096 2.426002696912387 2.3978841420284973
2013-03-02 1.9402589327066713 2.092975190904088 1.9548596279146198 2.436926548072461 2.008409260967732 2.1072109630872586 2.0027097643636367 2.055154734809289 2.182267592306004 2.012570575067974 1.9892439001864006
2013-03-03 1.609605809980738 4.431898756595109 1.6217182983915805 2.021632816193707 1.7423851593151465 1.7481063748066281 1.7032660620855344 1.7049214132175505 1.8103720778174044 1.6695943185822644 1.6502429058486612
2013-03-04 1.5340834881337406 121.19370929942569 1.345349917602133 1.6771121996864167 1.538372836747301 1.4501993161439637 1.4145912241110736 1.4143738065144194 1.5018538843251028 1.3850670496604234 1.3690134467921433
2013-03-05 1.4749553619001095 100.91809864014789 1.1160794094681366 1.3913037559576815 1.9609809968283778 1.2030606871836242 1.1735208196678772 4.000317834686632 1.2459124383879459 1.200300868849551 1.1357102708066844
2013-03-06 5.524261802842845 83.71993818196161 0.9494694670110747 1.384599449171258 1.8715646163542035 1.1204454143767282 3.052418892070488 12.186784929104224 1.0335877679790406 0.9957491856673297 0.9421659241101871
2013-03-07 29.03227189414323 69.45263677810837 0.7876637209292943 3.7307583492492955 1.5526181735113052 0.9295024588458249 15.570957139240834 10.15965266177321 0.857446832699178 0.8260565883850708 7.005338945008698
2013-03-08 25.02578431956606 60.29980037163451 0.6534324260278861 19.16598921760285 1.8497024818568397 0.7710994305611548 16.62518288747519 8.889981595204144 6.486266658684265 0.7233193283567059 7.039250831401165
2013-03-09 20.760965024323177 50.023688788460674 0.5420764268299175 15.900006365272795 1.537421545928659 0.6396909724696292 13.791968956593657 26.070498366860072 5.380896499380735 1.7159552321069182 6.270064761335142
2013-03-10 17.889780058471594 41.62515746445143 0.4496973838765863 13.190374847827496 1.746091201027319 0.5306767506773556 11.441582867816232 21.632076734290894 6.064895963678592 1.4853218993563866 8.256538833874563
2013-03-11 14.902213070585494 47.302477123725524 0.38510282963578657 13.659341940923655 1.4485275622512446 0.44024040643002943 9.500483234668158 18.589370054797147 7.66283374737382 1.7718335699036702 7.218501769200206
2013-03-12 12.725530686135894 39.3301887523428 41.29766720143533 117.62592365976697 1.2016738285878192 0.3652159534150287 7.881439303979423 29.55549484205969 6.956854058749824 2.7190290350348496 5.988353529591911
2013-03-13 11.806330131620719 36.82691655962377 52.49469915865543 111.0672170664411 1.1240454632502557 0.3029769432355919 7.128208593979627 24.52226199068532 6.950226216412526 2.6544671102723854 5.145233731196119
2013-03-14 9.977544205519052 38.66357884052771 45.525704323551686 169.60544216014435 0.9335980213686803 0.25134451897330784 6.933161192257756 20.34325146436542 5.8798626535992105 5.585581394586971 4.268398391488047
2013-03-15 8.633479730791066 38.441977220874726 38.16917287427178 202.0121644326764 0.7876297187176814 0.20851113798741427 5.816779707518548 16.87641540978604 4.87783405069097 5.234940982038415 3.5409907071847675
2013-03-16 8.199693714268006 37.67564776047368 31.664496622010947 187.62460100412596 1.2907288366335714 0.6278352231494867 5.389953777474187 14.000387184052986 4.04656816456713 4.675300173292202 2.9375456642880895
2013-03-17 8.162383380786764 33.051297618021664 28.59628797324077 217.9366342039659 29.032441964326505 0.5208414226878861 7.004127835303 11.614483084467071 3.356964123896312 3.878549504643288 2.4369383902632515
2013-03-18 6.893138326741658 38.09740484712505 44.871499969978146 182.44651092371302 73.9926324531435 0.8379640495719277 9.461719213759146 9.635177623732256 2.936199684705039 3.217578701342919 2.021642640273409
2013-03-19 5.7365532898799065 36.98195175869198 37.22463318511279 166.20435894550982 109.17883152918745 0.981977735420258 10.298453870295935 7.993596754696125 19.402563341165642 2.6692485649448177 1.6771203495754887
2013-03-20 4.8175442821519106 31.15624487571732 32.51047028973728 142.918601964114 217.12025837023847 1.2269970244236377 20.72096100700893 6.631351909840598 17.878916858457497 2.2143632099774377 1.3913105169666868
2013-03-21 4.297425533123625 27.867829894558728 94.44052134481143 118.59015777456855 224.4165783138897 9.969905389591373 17.72955509927904 5.502759148044814 14.832045334979538 6.690559405167686 1.154207540986835
2013-03-22 6.887917307641927 28.370807338294473 79.58260904286212 98.380377867386 311.24846072179577 53.92960016766338 14.708143583324173 4.577704682148571 12.322434375296101 57.3788261581071 0.9575109448433065
2013-03-23 6.136762593261673 23.559556566497843 66.02037889343526 82.71566725116897 735.019044302791 47.827393511986024 12.550660403664757 5.8771314017116945 10.223602344303917 47.88513162338409 0.7978668192320822
2013-03-24 5.3369879620660825 19.544607418485924 54.794847225685594 68.61951069490955 650.3924042584276 126.75924873315499 19.299487072949585 5.031008221874833 8.481326618273203 39.72469074788935 0.661896742841698
2013-03-25 4.737092702292302 16.2138738929382 45.71457274369775 57.17743558120026 601.0141178971807 120.89545240763222 16.319069638307553 17.734118001596823 7.087424809529918 34.23492045349848 0.5490982800942765
2013-03-26 7.870906715351045 13.462493290133816 37.980998637436045 47.43342806457574 512.2746092097995 108.93665559639034 15.294554859560089 20.508715979193152 7.623957082365654 35.740598598871465 1.1593039166860823
2013-03-27 15.615140024062681 11.16825545875681 31.508390475664264 39.34996515823215 427.11826227333415 125.84217548321787 23.24999269567371 17.33210713094378 20.903992193685806 45.11211258166772 26.864506853935126
2013-03-28 14.986824146269562 9.264996245057624 26.138824833015438 32.671620030873115 354.36592662792367 109.55921396615724 20.36593709378866 37.122642160861076 62.11340532042688 78.00351766775293 45.57248050138751
2013-03-29 24.42038857337194 7.689171608406525 23.811318594524398 27.1038202874063 294.6305894458905 99.11768806070516 43.970092408704886 48.83042424743323 52.327614519337764 220.29302607939428 51.7093245364865
2013-03-30 21.0409215102454 6.398372634436238 48.769117405992525 22.767511233226227 244.56724755911762 85.22659185873663 91.6331714103437 44.631916097900486 55.11099262578255 185.2506205957307 66.40274012163448
2013-03-31 18.073460814015192 5.307981111796052 53.26832171496633 25.597745179224514 206.54110028370812 158.62484433886166 76.38712112261585 47.008086674681174 45.719142135537226 166.4071527041435 99.73026847292742
2013-04-01 18.195478660796642 10.506003657276505 47.793773949718336 22.218111396269293 172.0487508277326 179.89712539620118 66.5678183670655 41.98128667493397 37.92782270866938 156.95606317481852 83.93327861440908
2013-04-02 42.32517675473279 8.733526137670271 39.848600522036485 18.46874057810091 142.72871742206056 171.75074959584873 55.223529908852925 97.23403906409551 31.464276629593908 157.83912253882656 69.6296203722984
2013-04-03 37.34117655053542 7.369965746843849 40.41027687096966 15.636849933921525 118.40531639397847 142.68393117550545 67.65294709026392 153.61108709180482 26.102228736618905 133.66997645642795 57.76354877620722
2013-04-04 32.30568191321147 6.11399823265782 41.08602952276956 12.972064748233523 98.22703660189433 118.3681624855763 57.13239169148375 166.39294579029882 21.65396500417093 130.83866653129365 47.92867301728538
2013-04-05 180.82412710154347 9.333567814430566 34.23030777469843 10.761404281774333 81.48747888553922 98.2949866965433 47.612206245415926 151.5869071739045 17.96376106933931 151.1753130412433 39.76081194770256
2013-04-06 151.22314776675242 12.827178498064937 28.435789595854 8.941972533824398 67.60062651623517 81.54384912834128 39.498684540854995 264.88577194068336 14.902430649267124 138.15581429755468 32.98489332618116
2013-04-07 133.17866520910613 112.44207517140264 24.189260406890213 31.131635368868537 56.836173662812634 67.90178731140828 32.76743688781396 225.41099008626773 12.627656416091028 167.39932515704578 27.38906140159143
2013-04-08 129.17176544718473 93.28003310851345 20.066999014254563 35.04499195905697 70.53958051512218 61.805097239416845 27.183308322238027 237.91524591336946 10.505282442540935 141.0549261542694 23.651009678784078
