2013-04-26 23.825065074161333 23.825065074161333 24.698606839744457 23.825065074161333 25.14787145207227 23.877381319003273 23.825065074161333 23.825065074161333 23.89538090531719 23.99330305847396 23.825065074161333
2013-04-27 21.2257199341805 21.2257199341805 22.003957173380552 21.2257199341805 22.404206440609215 21.272328409648097 21.2257199341805 21.2257199341805 21.288364218022224 21.375602938747136 21.2257199341805
2013-04-28 18.90996668096725 18.90996668096725 19.603297239779657 18.90996668096725 19.959878798890283 18.95149011201582 18.90996668096725 18.90996668096725 18.96577639314066 19.043497257606692 18.949779011902997
2013-04-29 16.84686507615025 16.84686507615025 17.46455238224375 19.488013699953253 17.782230436167886 16.883858247644202 21.371818310618053 16.84686507615025 18.726426703490624 16.96582729571087 78.10382403314743
2013-04-30 15.00885050102551 15.009464450036518 15.559147330235765 51.30645654414798 15.842166301258098 15.041807670089415 19.040125537257854 15.00885050102551 16.683349545488813 15.114833789939194 83.53933515761915
2013-05-01 13.371365672123616 19.928583472666837 35.85097836767173 45.70885636750446 14.725943085423784 13.400727171796182 16.96282343437416 13.371365672123616 14.863174724363198 13.465786048361112 74.42508660621907
2013-05-02 11.92011975448992 17.754349470151638 33.75858082785387 40.721961545470606 13.11932381821164 11.938690659501633 15.112157653724848 11.912532537080667 13.241583309431064 11.99665152923698 66.30521425496431
2013-05-03 11.74747297601724 15.817327184373708 30.07547638577205 36.279143341019946 11.729301911566642 10.636164204824047 13.463401882038184 10.61285996709025 11.796909596520644 10.687801469373566 59.07123038576826
2013-05-04 10.465808615722036 14.091636512964877 26.794203359544362 32.3210422977443 10.449620037695752 9.475745056007906 25.120324780808502 12.443628267241701 10.509851637557707 9.521748628803344 52.62648342965359
2013-05-05 9.323975480048881 12.554220905900008 23.87092142660964 28.79477515202008 9.30955309663675 8.4419291238221 22.379665146491295 56.545679948539906 9.36321335174531 8.482913647855433 46.88486662771219
2013-05-06 8.306717803147501 13.089069560137807 21.266573299795287 25.653228272073978 8.293868920253106 12.67560553085039 19.93801499141912 50.37647378252808 76.9911266984504 13.31645299613951 41.76966757880957
2013-05-07 7.4004442427776445 11.672519246280563 18.94636289202519 23.010524155184346 8.12517822290247 12.787816336661598 17.762751998118166 44.880335917284675 70.54492810914114 11.863610904436772 37.212543303109534
2013-05-08 6.593046289559658 10.399032433979796 16.879290413926935 20.50004647359105 7.23871086344561 11.392649182145908 15.82481298576822 39.98383373841674 62.916297620654376 10.56927574727847 33.15260712748215
2013-05-09 6.08159890510843 9.26448466533241 15.03773819288602 18.263465125139646 10.467179335724495 10.394567963682501 14.098305603831506 35.62154622389193 56.052048900377066 9.416154214922164 29.53561519288412
2013-05-10 6.9011874960729775 8.253717512575475 13.397101679772177 16.270897668787704 9.325196652742001 9.260507274467376 12.595841532456465 125.8842295659985 49.93669851448554 8.388839719885912 26.313241714826795
2013-05-11 6.148259093897553 7.35322635184596 11.93546071330482 14.495721876115601 9.69139410898614 8.250174060152272 11.22161907516431 112.15009875443226 44.48854069471575 9.677951754231708 23.442433313856096
2013-05-12 5.477476145548013 6.550979931055329 10.633286649897643 12.914220037950262 8.634050588688586 7.350069494624338 9.997326049523066 99.91437921963615 39.63478387685659 8.622074812069076 20.884833789404784
2013-05-13 4.879876476713011 5.836259623140282 9.473181446012592 11.505262077592173 7.692064601821502 6.548167491003234 8.906604962351121 89.01359237056158 35.31057814966092 7.681395397782446 18.606271651554767
2013-05-14 4.347475697786817 5.199516216989896 8.439645206963464 10.250023236795522 6.852850493615456 7.427993817838796 7.934882943940998 79.30209534000001 31.458148810327177 6.843345313413484 16.57630356374107
2013-05-15 3.873160526304552 4.632242332666205 7.51886909644301 9.131732562569821 6.1051957203694 6.617590170666947 7.069177043350677 70.65013508424897 28.026024450188526 6.0967275675117705 14.767807596442058
2013-05-16 3.4505937480364866 4.126858756287737 6.698550839886089 8.13544883439385 5.439111041272985 5.895602600225293 6.297920766228231 62.94211478299923 24.96834925724276 5.431566774747105 13.156620857413392
2013-05-17 3.074129546948775 3.6766131759229794 5.967730356652409 7.247860938057798 4.845697054493068 5.252384799205565 5.6108095375821545 56.07504937721611 22.244270347357872 4.838975877115853 11.721216656928043
2013-05-18 2.7387380727740056 3.275489965527664 5.316643324948822 6.457110018975129 4.317025294344292 4.679342884792041 4.998663024761531 49.957189609818066 19.817391938428287 4.311037406034537 10.442416894702388
2013-05-19 2.439938238356505 2.91812981157014 4.842155491602267 5.7526310387960855 3.846032300910751 4.1688205778003455 4.45330248117556 44.50679618528079 17.655289074830456 3.840697698891223 15.249154157527991
2013-05-20 2.1737378488934076 2.5997581084949473 4.428111083157777 5.125011618397759 3.4264252468077276 3.7139969089193965 3.9674414719704982 39.65117559484546 15.729074405163589 3.4216726567067415 13.58545189166611
2013-05-21 1.9365802631522755 2.3161211663331014 3.9449984877682924 4.565866281284911 3.0525978601847 3.308795085333473 4.156894927712623 35.325181510205326 14.013012225094261 3.0483637837558843 12.103261675642587
2013-05-22 1.725296874018243 2.063429378143868 3.514594095818349 4.067724417196925 2.719555520636492 2.9478013001126455 3.7033723625432535 31.471158925516736 12.48417462862138 2.715783387373552 10.782780312147077
2013-05-23 1.5370647734743874 1.8383065879614893 3.1311473747481715 3.623930469028899 2.422848527246533 2.626192399602781 3.2993296905861444 28.037615145133763 11.122135173678933 2.419487938557926 9.606365158080717
2013-05-24 1.3693690363870026 1.637744982763832 2.7895351824716346 3.2285550094875646 2.1585126471721456 2.3396714423960194 2.9393685920655583 24.97867539251183 9.908695969214142 2.1555187030172682 8.558298405322128
2013-05-25 1.2199691191782522 1.4590649057850698 2.4851933182713575 2.8763155193980428 1.9230161504553749 2.0844102889001723 2.6186797108131796 22.253469888032424 8.827644537415226 1.920348849445611 7.624577078763993
2013-05-26 1.0868689244467038 1.2998790542474734 2.2140555415788885 2.5625058091988797 1.7132126234038634 1.8569984544596976 2.3329783975835765 19.825587797422724 7.8645372025817935 1.71083632835337 6.7927259458330544
2013-05-27 0.9682901315761377 1.1580605831665507 1.9724992438841462 2.2829331406424553 1.52629893009235 1.6543975426667359 2.078447463856311 17.66259075510266 7.006506112547129 1.5241818918779422 6.051630837821292
2013-05-28 0.8626484370091215 1.031714689071934 1.7572970479091745 2.0338622085984626 1.3597777603182457 1.4739006500563223 1.8516861812716265 15.735579462758366 6.24208731431069 1.3578916936867758 5.391390156073536
2013-05-29 0.7685323867371937 0.9191532939807446 1.5655736873740858 1.8119652345144495 1.2114242636232664 1.3130961998013904 1.6496648452930718 14.018807572566876 5.561067586839466 1.2097439692789624 4.803182579040357
2013-05-30 0.6846845181935013 0.818872491381916 1.3947675912358173 1.6142775047437823 1.0792563235860726 1.1698357211980095 1.4696842960327787 12.489337696255909 4.954347984607071 1.077759351508634 4.279149202661063
2013-05-31 0.6099845595891261 0.7295324528925349 1.2425966591356787 1.4381577596990214 0.9615080752276873 1.042205144450086 1.3093398554065894 11.126734944016212 4.413822268707613 0.9601744247228051 3.812288539381996
2013-06-01 0.5434344622233519 0.6499395271237367 1.1070277707894443 1.2812529045994399 0.8566063117019316 0.9286013713532466 1.1664891987917878 9.91279389871136 3.9322686012908967 0.8554181641766848 3.3963629729165263
2013-06-02 0.4841450657880689 0.5790302915832753 0.9862496219420731 1.1414665703212277 0.7631494650461746 6.312310524093045 1.039223731928155 8.831295377551328 3.5032530562735644 0.762090945938971 3.0258154189106445
2013-06-03 0.43132421850456076 0.515857344535967 0.8786485239545873 1.0169311042992313 0.6798888801591226 5.6236293544182665 0.9258430906358129 7.867789731379181 3.121043657155345 1.500957516245946 2.6956950780367674
2013-06-04 0.38426619336859685 0.4595766469903723 0.7827868436870429 0.9059826172572247 0.6057121318116331 5.010084183147617 0.8248324226465356 7.009403786283436 2.780533793419733 1.3372011272066209 2.401591289520178
2013-06-05 0.34234225909675065 0.409436245690958 0.6973837956179086 0.8071387523718911 0.5396281617930362 4.4634775765414005 0.7348421480163891 6.244668848127954 2.4771739923035354 1.2034620477469409 2.1395746013305312
2013-06-06 0.30499227979456306 0.36476622644626744 0.6212983295678394 0.7190788798495107 0.48075403761384355 3.9765064513888824 0.6546699277032946 5.563367472008103 2.2069111343538066 1.072162795668297 1.906144269690998
2013-06-07 0.271717231111676 0.33263013441738354 0.5535138853947221 0.6406264522997199 0.4283031558509656 3.542664500219145 0.5832445993958938 8.326725366339359 1.9661343006454484 0.9551884602986486 1.698181486458263
2013-06-08 0.2420725328940345 0.2963397603672957 0.49312481097103655 0.5707332851606138 0.38157473252308727 3.1561552620465214 0.5196118659640774 7.418268955178381 1.7516265281367822 0.8509761748625102 1.5129077094553223
2013-06-09 0.2156621092522804 0.2640087126452392 0.43932426197729363 0.5084655521496156 0.33994444007956126 2.8118146772091324 0.46292154531790636 6.608926302988693 1.5605218285776725 0.7581335833529795 1.3478475390183837
2013-06-10 0.19213309668429843 0.2352050236735247 0.39139342184352144 0.45299130862861237 0.30285606590581654 2.5050420915738076 0.4124162113232677 5.887883971616599 1.3902668967098666 0.6754202375883116 1.200795644760089
