2013-01-11 0.9844067385352375 1.082229302568908 0.5474373603878016 0.8049369203040033 0.5214067337076411 0.7621761560059939 0.5449958941497586 0.7030503011393907 1.0389059073263462 0.5725332064574206 2.0978602185098008
2013-01-12 0.8166470975255267 0.8977990328478754 0.45414473354064816 0.6677619888056022 0.4325501683846839 0.632288386033834 0.4521193346748695 0.5832385824694781 0.8618586810139283 0.4749638206011791 1.7403491665107398
2013-01-13 0.6774765525140275 0.7447988177972796 0.37675075691768845 0.5539639986093736 0.35883627295212944 0.5245357010972133 0.3750705204673224 0.48384481831623816 0.7149833132017648 0.3940219174448754 1.4437640783000671
2013-01-14 0.5620230352914124 0.6181091669761541 0.3125460301129757 0.7072562011710952 0.29768447891088384 0.4351459062268928 0.3275859341707269 0.4013894419563962 0.5957588713882924 0.32687389113246146 3.3311131972213976
2013-01-15 5.785400938346249 2.8631112628637387 13.356544498997108 7.532150262851326 0.8287873741669669 0.3609896526351603 1.659502429235954 0.3421285257124717 0.8089063434089055 12.51495688727717 5.331035436436817
2013-01-16 18.962456985325886 32.51104763242832 332.4778744981464 11.070005764766501 2.092142719227985 0.2994708857927484 1.969924279537387 0.28382401569425253 38.23855788004317 42.08737354810446 63.12398265943486
2013-01-17 16.847133946945764 37.19497402843112 277.0702469454007 9.954324039205469 1.735606025652383 0.2484359630167427 24.014900743292458 0.2438804709871013 31.722057252340555 41.00863527177945 84.9940610839944
2013-01-18 14.066576137543409 30.856317838543983 229.85276436890044 8.257937925873918 1.4398292486272892 1.9194791055703673 19.92235321243546 0.20515495910068782 26.31607916635966 34.020066341957026 70.50962747644351
2013-01-19 11.672359637517653 25.597876473336992 190.7092715717683 6.850644858843237 1.1944578649486925 18.40097301815267 16.527245388167355 0.19059862772471353 34.91781972172585 28.26428581788417 58.49358771174081
2013-01-20 11.885995394047043 22.010820651619717 245.28342080744048 8.77781098332166 1.8205493607582228 31.95803556415361 13.754761163809112 22.309653464841162 77.14284969371018 35.72479821782631 48.525285495771044
2013-01-21 18.441988148050857 18.259802454079463 226.66099160192084 8.674735225409004 7.640484410913253 30.52799993230648 11.67021900894138 90.15143822956732 111.85831646516422 30.71088568743585 40.255751521603855
2013-01-22 15.299159708928805 15.148021555887393 189.98722068129987 7.582495428869854 30.618644865014087 25.486002801309525 27.569077511038092 87.55818666239155 93.47876678200063 25.7397553588603 33.395486787600355
2013-01-23 13.306332049383077 12.566541048867395 157.6101669177726 26.05607099634019 53.74873237818434 21.25945822406146 23.777317012670306 92.18746688539856 115.30937826541023 21.941254157107966 27.704327845900043
2013-01-24 15.560670859481606 10.424988726833101 130.75071379554961 38.02799918073381 78.5571611755269 17.639200938225834 19.753672518435224 78.13424406345096 126.0602493895265 18.241928181945713 22.98303918494073
2013-01-25 13.166361031295212 8.648393475705015 108.46856832009523 31.54738133562648 65.18556836843983 14.89016733002988 16.3873637928615 66.77777180286017 104.57743882589848 15.13319336336704 19.066338412996867
2013-01-26 10.922589182068073 7.174560141104394 90.14755761853262 26.17117099579403 54.33133031632917 12.352629568404941 23.741052548896228 55.39770371675162 87.15113802868274 12.554239832190666 15.81711006907296
2013-01-27 9.06119421867821 5.951893074068286 76.66251131497687 21.71115833819466 45.072347552786525 13.612971988567152 26.918722860093197 45.956992788529575 72.29910182032037 10.54513191943885 13.121605498834288
2013-01-28 7.517012616182339 4.937589270682632 63.6444116150139 18.01120769477062 37.39125293201441 14.437288326411707 22.33131465008011 38.16081924656347 59.97810519031218 15.97832692447338 10.88546075332117
2013-01-29 6.235985822611247 4.096140086908601 55.37768678837989 14.941791570910564 31.25443541309444 11.976928849376058 18.569768912181896 31.768582552399835 64.05028371692123 13.260203283470075 9.030393105451301
2013-01-30 5.173267782697787 3.398088155594844 61.6821317733185 12.395456160133321 26.17035773994794 9.935856473758353 15.422991944945151 28.42491655516653 57.3695858329854 11.000439117907572 7.491460536296862
2013-01-31 4.319968457148558 2.8189961459736645 55.87620978947455 10.283059612193568 25.246550905759154 8.24261754609859 13.122763741020282 129.8128741308759 47.59283265324758 9.125777200895167 6.214788251511617
2013-02-01 3.736962565082715 5.5742629385905 48.61181546845582 8.675272603061766 21.402012145700706 6.837935330794761 13.733093267001662 112.35313095728335 39.48220450162449 7.570589559329304 5.155682638027029
2013-02-02 3.5877866877525193 4.921906749370397 40.32753531380054 7.2339711166323735 18.234292955054826 5.67263485619064 11.449301610505733 113.44571436013028 32.75376533529649 6.280432342946513 4.467866205521468
2013-02-03 2.9763668214671766 4.083130133410182 33.455037399291825 6.657025340790051 19.2008075451944 4.714508234972233 9.498145890019876 118.49046948693515 27.171966642422763 5.210139859568019 6.371270720277466
2013-02-04 2.4691432995315377 14.03226402353203 27.753730019129847 5.569773869301758 45.1302853341262 7.186167777657038 7.879500290130021 117.80364467856222 22.54140138387063 4.326535850637759 66.14244514192681
2013-02-05 2.0483592926624374 26.234053538335775 23.024022386249925 4.620589676747259 73.76215537322 10.537395982279463 6.536699430840997 119.90730868268221 18.699963203526096 5.2710652564816 54.88285996972706
2013-02-06 1.6992840373008327 21.763324624863227 19.10033737841228 3.833162614554063 80.6420554201544 28.188035020973324 11.650121993167758 135.25042284577694 15.513171425517905 10.083997011841198 80.27398557610775
2013-02-07 1.4096971425440377 20.840098327251702 15.845315031199691 3.1799265164888393 143.4918206554617 23.766605867106804 23.86471525477672 112.20145041412117 12.869463168437056 8.365512815573538 100.77709999533604
2013-02-08 1.1694607799477996 20.893355867734204 13.240788239262844 2.6380129598992843 171.148680885794 19.855827493565258 33.875449996641315 93.08041490961018 10.688126099701655 14.395972537887245 84.02133975695601
2013-02-09 1.2711900632490711 17.443576393463204 10.984332726399966 2.188450690307064 161.61173352573087 16.523348203655118 52.4202908577388 77.25360740244619 8.985329990865772 11.942653972764896 69.70267440539067
2013-02-10 1.0906690154227565 16.724424006768817 9.112415611407041 1.815501477666588 194.57299875141243 13.70748864184796 75.05526991939405 64.61936319319948 7.837022561442962 9.907422617932358 57.824153166444766
2013-02-11 1.3480482810335666 13.874297708048411 7.559505010926378 1.5061091540132714 162.22422920042422 11.371499442389643 69.24192150506833 54.68755111491294 6.555427021435981 8.219029301785795 47.96993398051472
2013-02-12 1.1183179325974977 11.644146358996823 6.271236789113342 1.2494425444674946 135.021600071385 11.522952118894624 66.18666661300314 46.410085172661645 5.60864262667004 10.250232054782293 39.79504134773889
2013-02-13 2.0254926167226315 12.957640090384011 5.202511383515227 1.0365162905694736 112.01162293180282 11.275406348815029 55.27844681307046 38.501017307098444 4.652834535982825 32.64402035445433 33.01328946089458
2013-02-14 3.5216700912879197 15.245825963019113 4.316963090072748 0.859876291767035 110.9119494387495 10.366972242496596 45.86837522990973 31.9397891258955 8.590472134292195 27.080924071810745 27.38726344185697
2013-02-15 2.921517616397456 12.680889921286619 3.5812791615711093 0.7133387530239977 161.46281804879501 9.052832645600882 40.56429089224015 26.496705822315818 11.520232643890719 22.467865715906218 22.72000794576801
2013-02-16 2.4236413307396436 10.984778180838303 2.9709682871632808 0.684730279231027 166.37469892934388 9.12638591613819 61.73102450403056 21.981216491419072 9.556989067630475 18.63895926304688 19.28789438522569
2013-02-17 2.010611632121698 10.144802163486146 2.4646647660446726 0.701106693953407 139.50232617566755 13.020351384695395 89.00093139079198 18.27688735878346 7.928315588202175 15.462563593031097 45.06719031344067
2013-02-18 1.6786391648892518 8.952629156533035 2.0446439762230093 2.357617553236533 115.73403715085101 16.591602689519537 117.5125044795112 15.349102373635311 21.887798122752063 12.8274797703346 44.28143991870102
2013-02-19 3.3589142001673595 9.79661763547701 1.6962018727599766 152.20467061617447 96.01098878193227 14.439981371189557 107.35656223210339 12.99932309251391 18.605452126109267 10.64145904935637 45.934037191524666
2013-02-20 3.184772942885626 9.37626639640579 1.4071402300662132 150.94116067228535 79.65787817761469 11.979162951356429 90.04738255793784 10.802802565368706 15.434766641871306 17.683122542648515 42.420634910861445
2013-02-21 2.642033471627721 42.47388231931645 1.1673396076644054 131.57955148109383 66.5353484319112 9.9377098446298 78.78050497452915 8.961821276358473 14.036817825628754 48.9041539491939 50.82787822971954
2013-02-22 2.1917860372904574 35.23580340865312 0.9684050898494996 109.8980440572858 55.19999867654322 8.244155068947272 120.79684027834575 7.434574510959489 13.386830560233557 40.84125520824434 42.2453836968812
2013-02-23 1.8182684236471631 29.402330149482694 0.8033723973361953 91.26922768281896 55.87799406402244 6.9272943996282885 152.6679277141641 6.471564795113925 20.234390262863542 38.0634281101395 35.046051796608964
2013-02-24 1.7851443653988308 24.711881358023593 0.6664640824802601 77.73951779930663 69.70061995936477 7.971647805713096 193.54990928268623 6.685784754584104 17.073180562060376 35.016269887807184 63.201180015678815
2013-02-25 1.686848132228962 20.714416267820383 0.5528872729808513 78.18258165125467 60.173249795819906 39.34230423275387 191.95414590449684 24.40159978937948 15.660051282624337 29.283141055090766 52.44873047542016
