2013-04-05 11.315894329374414 12.815265777970893 10.715333481456183 11.588353912926358 10.715333481456183 10.715333481456183 11.24617886150598 11.408509941750685 10.850699339138863 10.715333481456183 24.170647753293416
2013-04-06 10.081315752651198 11.41710385422203 9.546276863075574 10.324049646382676 9.546276863075574 9.546276863075574 10.01920633169266 10.672733902179264 9.66687413216504 9.546276863075574 21.533599100030777
2013-04-07 8.981431281204962 10.171483188601533 8.504765820326808 9.19768259597955 8.504765820326808 8.504765820326808 8.92609807768856 9.508324952504449 8.612205772769839 8.504765820326808 19.18425583516538
2013-04-08 8.001545615491043 9.061761334311116 7.578014696519966 8.45903996823494 8.389225267872563 7.576884967412923 7.952249335407685 8.470954511848015 7.672603083321481 12.897039823563281 17.09122893202516
2013-04-09 8.08092361691079 13.437926894425567 6.751243579178289 7.6155064262919625 7.506675704888581 9.567006058568376 13.695099842857724 9.094417770970042 6.96885120819338 12.123387840784082 15.226553946984298
2013-04-10 7.444465970780176 11.971831844707328 6.014674250543134 8.407938226356661 6.947918550042404 8.523233434019422 12.200946894805908 8.102205134389932 6.234908672499162 13.518160397444621 14.786223287196306
2013-04-11 6.632265190607436 10.665689644241453 6.3334656954189 7.490621388064307 6.189891729976264 7.593337740778786 10.869807948680936 14.317174524448506 5.866359900159427 12.04331176969891 13.173027372700021
2013-04-12 5.908676556678957 9.563926893311963 5.64247646943451 8.170864044514028 5.5145666076633395 6.764894859666481 9.71416414924708 13.468223428069162 5.226332515201923 10.729371017789221 11.735833200366049
2013-04-13 5.264032370251156 16.966990946566703 5.026875053756232 7.350589502606123 4.912920321866789 6.0268361588310375 8.654336388369062 12.269534515372372 4.656132938368567 25.458342981064266 10.45543875451495
2013-04-14 4.689719690906007 15.115870484995018 4.4784365416430765 6.548630765447628 4.376914417076746 5.3693006083444175 7.71013719475329 10.930912571923896 4.148142866283568 22.680805127807258 9.314736983992193
2013-04-15 4.17806526106567 13.466709638657447 3.9898333742226715 5.834166754511682 3.8993874435836426 4.783503029284185 6.868951343491859 9.738335998431118 3.695575162235024 20.20630021475432 8.298487238853056
2013-04-16 3.722232985390087 11.997474354648073 3.5545374386885227 5.197651683011441 3.473959275021202 4.289244612579528 6.124122014658911 8.675871057822205 3.292383174826459 18.23332471387784 7.39311164359815
2013-04-17 3.3505873321502384 10.688534523477562 3.16673284770945 4.63058122173487 3.0949458649881314 3.821363448985662 5.455972452594657 7.729322404164671 2.933179950079713 16.899311116662993 6.859901097978968
2013-04-18 2.985033959229906 9.777590760131272 2.8314115409044196 4.125378874688321 2.7617247263263844 4.108063551961454 4.860718864225582 6.886043421963712 3.0396752998673797 15.319476817202917 6.111477094758969
2013-04-19 6.163747009115983 8.710843074701776 2.5225009123195106 3.6752947513030607 2.4604170185406553 3.659868552481508 4.330408205379136 6.142042034768864 2.7080428282147 13.648102259026723 5.44470710966481
2013-04-20 5.672158623953677 7.7604789291734635 2.247292829293288 3.274315382723814 2.1919823679085457 3.260572201967914 3.85795511919668 5.471937375539661 2.4977851329074303 12.159076807615174 4.85068258464997
2013-04-21 5.0533237422760715 6.913800730155753 2.0021103009033667 2.9170833772558407 1.9528342817559485 2.9048395951372386 3.4370472703352815 4.874941993612497 2.2252735730972266 10.832505941674288 4.3214668967703265
2013-04-22 4.501999644341894 6.170819810281438 1.783677500650378 2.59882584150572 1.7397775583568846 2.5879178717110682 3.0620610073294543 4.343079573117883 1.9824933737838915 9.65066565768523 3.849989318818594
2013-04-23 4.010825712212457 11.516051079407573 1.5890759989051861 2.315290610867434 1.549965596589478 2.3055727145598652 2.727986226297327 3.8692440244722137 1.7662008054257856 8.597765663632767 3.4299505489894826
2013-04-24 3.6820968925808595 36.1886788519673 1.4317419705114878 2.06268943734416 1.380862363163192 2.0540317759807265 2.549189019107592 3.447104541574463 3.130812694001616 7.665602599979135 3.0557385473794834
2013-04-25 3.786549774997689 32.24044760041007 1.2755370862364077 1.8376473756515301 1.2302085092703274 1.829934276240754 3.4034051280486417 3.071021017384431 2.994399567134912 6.829275530094662 2.722353554832404
2013-04-26 3.37343234072003 28.722973439476114 1.136374355068479 1.6371576913619068 1.1920969197235016 1.630286100983957 4.707828673639859 2.7359686877698306 2.66770673596048 6.084192815588521 2.425341292324985
2013-04-27 3.005386548080639 25.589260218408285 1.0123944562580631 1.4585416886279199 1.0620376176807145 1.452419797568619 4.194198530570083 2.4374709968062476 2.3766565114415403 5.4203995803264755 2.160733448385163
2013-04-28 2.6774950232012604 23.722104613261994 0.901940923332694 1.2994129207528597 0.9461679522085684 1.6676695239487953 3.7366060945109822 2.1715397865589408 2.1173602395031588 4.829027037921289 1.9249946594092966
2013-04-29 2.385376883997141 27.956627240767336 0.8035380124354111 1.157645305433717 0.8429398157680833 36.83035144839591 3.328937579795213 1.9346220122361064 1.886353523214686 4.302173997949116 1.714975274494741
2013-04-30 2.12512920823465 24.906523372326905 0.7158709852557437 1.03134471867208 1.2137926626409712 37.641359380596256 2.9657462226087588 1.723552270787231 1.6805499357914764 3.832801299989566 1.5278692736897412
2013-05-01 1.893274887498844 22.189189745738442 0.6377685431182037 0.9188236878257648 1.0813663272349905 33.53463882123304 8.3072030655746 1.5355105086922154 1.497199783567456 3.4146377650473307 1.3611767774162016
2013-05-02 1.686716170360015 19.76954920809202 0.5681871775342394 0.8185788456809532 1.7463770806648975 29.87596673913577 7.4008765624519075 1.368001073890175 1.33385336798024 3.042096407794259 1.212670646162492
2013-05-03 1.5026932740403196 17.612666047701538 0.5061972281290315 0.7292708443139597 1.555845102554025 26.616460471099472 6.5934314426032845 1.3920249251092291 1.1883282557207702 2.7101997901632364 1.0803667241925812
2013-05-04 1.3387475116006302 15.691101604931175 0.574350805607313 0.6497064603764298 1.7654155753381715 43.51138267595528 5.874079620361474 1.2401532213992141 1.0586801197515794 2.414513518960644 0.962497329704648
2013-05-05 1.1926884419985706 13.979182306043002 0.5116883964784265 0.5788226527168583 1.5728064730537665 38.764235050522316 5.233210004034329 1.104850915242172 0.943176761607343 2.1510869989745576 0.8574876372473703
2013-05-06 1.062564604117325 12.454035597103825 0.45655595170049185 0.5156723593360398 1.4012112707264286 34.535007316201145 4.662260084353383 0.9843102641254319 0.8402749678957382 1.9164006499947825 0.7639346368448706
2013-05-07 0.946637443749422 11.095284349133951 0.4601652434143972 0.45941184391288226 1.248337324933971 30.767193748970836 4.153601532787299 0.8769207525617259 2.15170484651445 1.7073188825236647 2.235674057247653
2013-05-08 0.8433580851800075 9.884774604046006 144.89187204525797 0.4253851184545655 1.1121421225904151 27.410453471733575 3.7004382812259524 0.7812475743679032 70.34058486569296 1.5210482038971296 8.105187270010195
2013-05-09 0.7513466370201598 8.806333023850767 129.08398307407438 0.37897505674714876 0.9908059914056768 24.41993786161286 3.296715721301642 0.6960124625546144 85.94531534283122 1.3550998950816182 15.99756012934333
2013-05-10 0.6693737558003151 7.845550802465587 115.0007550531421 0.33762839226319713 0.8827077876690855 21.755691337977634 2.9370398101807362 0.620076610699607 76.5702120592454 1.2072567594803216 14.252205812604974
2013-05-11 0.5963442209992853 6.9895911530215 102.45402526201545 0.300792701875066 0.786403236526883 51.069903679207584 2.6166050020171636 0.552425457621086 68.21630377131568 1.6387953445216301 12.697271889122064
2013-05-12 0.5312823020586624 6.22701779855191 91.27615977424749 0.2679758325264655 0.700605635363214 45.49818584890021 2.331130042176691 0.49215513206271577 60.77381758613713 1.4600006717286758 11.311983249898212
2013-05-13 0.473318721874711 5.547642174566975 81.31781373964989 0.23873932569041836 0.6241686624669854 40.53427545049612 2.076800766393649 0.4384603762808628 54.14331618398439 6.4297476860026945 10.077831376959306
2013-05-14 0.42167904259000377 4.942387302023001 72.44593602262896 0.21269255922728267 0.5560710612952073 36.111934039594416 1.850219140612976 0.3906237871839516 48.23621098417877 5.728253971425613 8.978327055367537
2013-05-15 0.3756733185100799 4.403166511925383 64.54199153703716 0.18948752837357433 0.49540299570283836 32.172075745443145 1.648357860650821 0.3480062312773072 42.97357853375181 5.107650914128931 7.9987800646716645
2013-05-16 0.33468687790015755 3.922775401232792 57.500377526571036 0.16881419613159857 0.5518696566917904 28.662061041529196 1.4685199050903681 0.3100383053498033 38.285106029622696 4.640836392073641 7.126102906302486
2013-05-17 0.29817211049964265 3.4947955765107492 51.227012631007725 0.15039635093753298 0.4916599697272652 25.534993441158516 1.3083025010085818 0.27621272881054293 34.10815188565784 14.922619528049712 6.34863594456103
2013-05-18 0.2656411510293313 3.113508899275955 45.63807988712374 0.13398791626323275 0.4380192367909386 22.749092924450096 1.1655650210883453 0.24607756603135789 30.386908793068564 31.056364127502217 5.655991624949103
2013-05-19 0.23665936093735557 2.7738210872834874 40.65890686982494 0.11936966284520915 0.39023077657785693 20.267137725248052 1.038400383196824 0.2192301881404314 27.071658091992187 28.2935847305418 5.038915688479651
2013-05-20 0.2108395212950019 2.4711936510115007 36.22296801131447 0.10634627961364133 0.34765609863212193 18.0559670197972 0.925109570306488 0.7644522731200539 24.118105492089384 25.206718368034764 4.489163527683766
