2013-01-25 7.667419941255954 7.667419941255954 7.667419941255954 7.667419941255954 7.667419941255954 7.9003853040199985 7.667419941255954 7.667419941255954 7.667419941255954 7.667419941255954 7.667419941255954
2013-01-26 6.360761173139259 6.360761173139259 6.360761173139259 6.360761173139259 6.360761173139259 6.554025275732889 6.360761173139259 6.360761173139259 6.360761173139259 6.360761173139259 6.360761173139259
2013-01-27 5.27677928321363 5.27677928321363 5.27677928321363 5.27677928321363 5.27677928321363 5.437107895622642 5.27677928321363 5.27677928321363 5.27677928321363 5.27677928321363 5.27677928321363
2013-01-28 4.377526344069993 4.377526344069993 4.377526344069993 4.377526344069993 4.377526344069993 4.510532234000047 4.377526344069993 4.377526344069993 4.377526344069993 4.377526344069993 4.377526344069993
2013-01-29 3.6315214005612435 3.6315214005612435 3.6315214005612435 3.6315214005612435 3.6315214005612435 3.741860824637065 3.6315214005612435 3.6315214005612435 3.6329836996289204 3.6315214005612435 3.6315214005612435
2013-01-30 3.012648387736315 3.012648387736315 3.012648387736315 3.1500895578002805 3.012648387736315 3.1041840972585493 3.012648387736315 3.012648387736315 3.013861486171571 3.012648387736315 3.1394623847367
2013-01-31 2.4992418623028585 2.4992418623028585 2.4992418623028585 2.6132607193409934 2.4992418623028585 2.5751783300515148 2.4992418623028585 2.4992418623028585 2.5002482281319502 2.4992418623028585 2.6044445973180794
2013-02-01 2.0751107506889945 2.073328540998894 2.073328540998894 2.167916645525596 2.073328540998894 2.1363241430894857 2.073328540998894 2.073328540998894 9.936163776390526 2.1799835365502025 2.160602940643038
2013-02-02 2.610307265887581 1.7199980937260957 1.7199980937260957 1.798466776454269 3.0112612917038164 2.040119414824194 1.9625252822461996 1.7199980937260957 10.103418652099373 3.2566359665446956 1.7923994512777195
2013-02-03 2.165466510773948 1.4268811642349413 1.4268811642349413 2.309297485026932 2.498091151026425 1.706013699702801 1.6353042862032539 7.902166943759856 8.381624271346585 3.158346699083585 1.4869440990324512
2013-02-04 1.7964341863369868 1.183716344963114 1.4547789658162267 1.915753916250333 11.593962110478698 6.853265702670128 1.393600611087404 7.784274190050857 7.245533483724483 2.620260434276043 1.2335435340999708
2013-02-05 1.9661112641580825 1.045472772633353 12.454396550777604 1.5892768651182976 120.26408172309338 11.320264153356693 1.1658601491670875 6.457701470441771 10.638682054750092 2.1737234899820357 1.0233267353563624
2013-02-06 2.4939670280752058 7.781770590578328 12.281354343280741 3.9974101974528176 109.41892991925921 9.42834282945381 0.967177750398424 7.141254613579116 10.086960863181444 1.8032840358504074 0.8489344545586193
2013-02-07 2.0969174787163123 13.448800953397518 10.188402677667442 6.321198152712462 92.30813816902037 15.11186292648829 1.9942801611774548 5.935475154387655 8.367971169579931 2.1140095148196347 0.7064063050402054
2013-02-08 2.1212258356554847 15.312434131647926 11.559587940472486 5.246600330969784 77.5400666676065 19.05105013483812 4.146665658797306 29.378760611337192 9.657920594226159 1.7637549064382396 37.490244351440644
2013-02-09 8.017082696251684 13.912722859501352 51.791866289935236 4.352490398582229 80.91863470591208 16.495164559575525 14.71595587813989 24.5013548297542 8.044783411790135 1.4631810718297853 31.101269066921404
2013-02-10 6.661010689775759 12.357517588295954 43.709416918905845 3.6107520060042932 67.14546859069823 19.489978601869414 37.45988744870904 22.161383915885473 6.673815489965657 4.3391200486441495 25.801083836784404
2013-02-11 5.525861175467303 10.285700512465041 36.260588851053626 3.001206065737547 56.22249345779664 28.83879410979758 31.558615536680126 19.524726289909452 5.808943251698121 9.044146838272733 21.474588414226645
2013-02-12 4.58416044541232 8.53468767271133 30.081167778206094 8.230203714597577 46.836926146828816 64.17638657176357 33.961876471206054 16.213873528462877 11.453275629563931 16.62198020442827 17.91050308756269
2013-02-13 4.449819986941941 12.503893182869657 24.95538056938864 7.329650524394476 43.170000089894764 53.67346658208553 28.202093816086983 13.458529429583631 9.501442661016842 13.858535684667261 31.03877862465155
2013-02-14 6.4495925045544835 28.583946952611875 20.716102730389657 9.917262482663217 38.65591386027993 61.72671393444642 23.395977358866915 12.670769741030513 7.882235227759993 11.496805493236076 43.49666967754025
2013-02-15 8.031665159653219 89.82977053748535 18.170216582304022 15.804995659344272 34.20003780449018 71.6733563397902 33.97244602976285 16.643521529858976 6.612116078256033 9.8896877847995 60.09265240134609
2013-02-16 11.248994040248983 76.01311806620325 77.85565120981857 14.436947647810767 40.64554053567655 74.6227707430008 47.41907380543684 15.684768608060613 5.624737509367984 8.476175855739033 59.48355126661608
2013-02-17 20.0223580176752 63.05918989033561 80.99018339560767 12.186884119790667 107.45465364335209 76.12652892689502 47.664166835472294 62.49490038613907 6.482219517634834 7.346563942984975 51.78707207193784
2013-02-18 27.751457167087867 52.3128314005241 99.53111866217958 18.940853534412433 89.969049900888 65.33936800891605 54.152921984275316 55.53777056201155 7.601120640869709 9.013504569792884 43.330324237859365
2013-02-19 28.685377132107465 43.40458042819233 170.33781088974422 34.04217455511611 79.03331658121208 61.67928602317937 59.85419445391588 75.37370083176847 11.361401397493278 9.390337348617706 36.6063655751046
2013-02-20 59.398074594797215 36.02192632948938 142.50390459614448 67.49587479199684 66.63186194518828 51.730404263252154 52.6181882627908 69.5093637814516 15.175694268842918 8.311055889002622 79.42865559465028
2013-02-21 51.745494050735736 30.11646765264411 119.17099323709448 150.15846395204304 56.03210985171377 42.91466352819767 54.72421364804623 59.0768363541303 12.613454856316675 6.900282909429236 148.6348986842845
2013-02-22 42.92718175924171 44.895125889318166 121.79943025794961 138.07161867724113 46.51009321740036 35.78598775241858 49.710881246278085 50.606359730609064 10.463907614801386 6.434512812437056 136.59418711551052
2013-02-23 35.61165986712199 39.267727009417534 101.04273573518317 115.29999274501189 38.58731046223684 30.57161231517627 42.410716384044626 41.98409870681915 8.69481754326617 5.337962388781042 115.28871567637742
2013-02-24 29.695823339017508 32.70793277239383 83.82333499613166 95.65091291912991 32.01137645315796 31.953130104935454 35.337431390883644 34.99651806248404 7.607480409384212 4.478528333063671 96.00067900520834
2013-02-25 30.03398644472525 27.21658663243244 69.56721954319926 79.48106991810215 26.556093444984885 33.997814882582766 32.99991617133577 29.0507011803578 6.671784737434007 3.7153109327530105 79.79372215610483
2013-02-26 43.41319667333654 22.80508404817751 66.32394948095025 71.1945873287533 27.41182487396895 29.407258274353254 27.674670362033474 24.107690081978376 5.689866642758738 4.416859422257677 66.37016747810628
2013-02-27 37.3844345851321 18.922177840338836 55.02122042873814 59.97695580720147 23.77264007956052 24.74433846618611 22.958435831984282 20.022852329772324 4.758814088342139 20.829976201575295 60.99094127968145
2013-02-28 31.013491084440513 15.863792248788657 45.64466864774579 63.20125914576355 19.72137787672459 24.199153044768124 19.045927881202637 17.574624380965236 3.9512040615682618 35.84822728688821 52.69257536195459
2013-03-01 25.72826471547611 13.160332232734062 37.86604076986849 126.68640708896172 26.66102752716321 22.19850105747722 15.800177830521864 27.008203923620627 4.137312441992613 30.225254488163905 49.306706527952485
2013-03-02 21.343730812740304 10.987686613354782 31.413023383973307 151.73115081190318 22.12614046339108 18.41549891750488 13.107558793315924 23.926329976484034 17.65211298850075 27.193279623792332 51.65315011895963
2013-03-03 17.706396060698914 9.115197932068295 26.11137245129818 125.87633542707628 18.41304187790589 15.279625815687737 10.873807837045229 19.93291748680897 24.194543037028648 22.612866161449656 44.02418267878538
2013-03-04 14.793272976515183 7.561813170007776 22.46720782143086 106.83752142188975 18.28678990542806 12.675717695538115 9.020726036131462 19.296643146545865 21.208977981895238 153.22867742672233 36.598843968846914
2013-03-05 12.790984971335108 6.273151591907359 18.63841347862324 89.5530431539633 17.176436811338323 10.515559807231387 7.568997956336738 29.590597484846075 17.59460740415254 128.82044320569452 32.49497660178592
2013-03-06 10.678079601860485 5.232553807759912 15.462110813287737 74.29189034359635 14.249279835912699 8.723803423909986 6.279111968444517 24.55395222674036 16.43595865808801 138.0135046682384 27.646590214109544
2013-03-07 9.632221819292598 9.48547354468726 12.827104145779096 61.63128864689667 11.820960195197278 11.477554678418832 5.252863532413831 22.714801840460893 32.77516967909956 114.55667065033448 25.15771431947368
2013-03-08 10.108062947384688 8.077706777848316 11.320490576667455 51.12826881520475 10.098333593540575 13.51240470795793 6.203582405450081 37.35335709275722 27.33487177621295 95.0439663439671 21.107935805388966
2013-03-09 8.38547709972278 10.215322478477697 9.391286439587532 44.70361648150299 8.402375334607775 13.16668013471476 5.156804531896898 30.99792653783788 22.693747842771305 78.84685793832206 19.28570434905751
2013-03-10 6.958462518343828 35.78627450097568 9.199896127493322 39.88939952480154 7.150760880999354 67.74912472677818 4.277997330948766 26.87657434547554 26.245052603056596 71.90561374726096 17.026062953324697
2013-03-11 5.784102234154775 29.695204150195224 7.632077352356074 33.100781930236955 60.29324363481809 136.3275442723992 215.62313197250995 22.296348950940537 24.148486032465897 115.61956495532039 15.531972511807233
