2013-01-04 0.42211925114335797 0.2454488078892394 3.766174857282263 0.0004504629630594679 3.964481553746198 16.001731407438836 6.152415865069289 7.347045514397374 0.15543048185982425 0.23690853681864843 0.6605523763005015
2013-01-05 0.620660548270373 0.7392354160612972 7.06050456109885 0.0004174027438164362 3.5671998158880425 14.278829790881362 6.078308492872117 6.545473430895351 0.23409976176349112 0.21106151176823754 0.5884852653106721
2013-01-06 6.139706357067442 0.676453588034281 134.90708516424587 10.40041284457182 3.5680593141522046 12.720991157240299 5.415157244761305 6.189221543301571 0.4067558224220159 0.1880344302830851 0.5242807685097554
2013-01-07 10.318824154006874 2.3157860218325603 120.46602055206293 10.761504505119113 3.1787794692268974 11.333114715459972 4.824356647886219 13.112361522714474 15.7307533441982 5.954507585264585 0.4670810646109733
2013-01-08 9.249869106462054 2.0631307983379434 113.91026576729554 10.265217293917269 3.684588632517242 10.136116201847871 9.203849253311276 13.961026470467548 16.160739214852807 6.0713839997883925 0.4979837296977165
2013-01-09 10.139564107819247 5.421277077192603 101.48250975510898 13.637367712807864 3.282595289584077 9.439315746078822 20.09752286580476 21.0392220217408 14.397581850712681 43.94178416201764 50.117543217656944
2013-01-10 9.03332466615796 4.884191846498146 90.41063785449107 12.149513414148979 2.939831026297324 17.98212898842848 18.62205351794989 18.74381592983888 12.826787215120541 39.477519309360964 45.03667699382235
2013-01-11 8.18663710852907 17.01144221134449 80.54672137081653 11.42952118220079 2.619091692877484 36.48896163209962 16.590363608282356 16.698841584951925 13.949353657551418 38.074714465755015 40.12311780309683
2013-01-12 7.293464505868681 15.89712842522399 71.75897081966752 11.041410395955147 2.334651689347199 34.40763054625252 14.780333672100884 14.876976562462259 18.459605754879902 34.18225099867686 35.75591653110377
2013-01-13 7.60677699750706 14.460432154785085 63.92997511831181 9.836778368217857 2.0799381973435973 35.82795501499386 16.41060886447158 13.2538793493015 31.232565280795306 32.530002746099825 31.926207395262143
2013-01-14 6.776867876258459 12.882780470453374 56.955132883647764 8.763573238875907 1.853014273824539 31.919079196447772 14.620190401260217 11.80786412267942 27.825052372894994 36.58476555731058 28.443017243521656
2013-01-15 7.414375887599787 11.47725260721031 50.74125487755448 7.807456164843526 1.6508480412460333 28.43666674033529 13.025108887450424 10.519611010870399 24.789303491199963 32.59332073847284 25.339847602297013
2013-01-16 13.626999330485232 10.225069635536531 45.20531892724553 7.956613686414428 4.052393181201572 26.12461628088513 11.604052811467922 9.397914966533715 22.084758703901883 29.037347665842386 26.667723800961234
2013-01-17 13.360394963603284 9.109501431195204 40.27336068540826 8.048365475339095 7.697289663712548 38.63126441971159 10.33803577496957 9.388991176030206 22.545124329987697 25.869335813694352 23.75824094999698
2013-01-18 11.902758746922808 8.115643147949392 35.879485409833755 8.750470288446877 6.974932370024699 65.3724574276838 9.21014282000936 8.368905136610449 20.137794917167078 23.04695811556227 21.166186407621627
2013-01-19 10.604152509967241 7.230216077392543 31.964987559155894 7.795782763102447 6.213958307570562 58.240238524007395 8.205304432235787 7.4558468584443505 17.940735677877193 20.532505442188516 18.85692833846958
2013-01-20 9.447225878094477 6.4415699439666465 28.477566441823882 6.945252870548522 5.536007490792127 51.89253516642237 10.786194669465685 6.642404408838749 15.983378417915443 18.29238277865529 16.79961328480679
2013-01-21 8.416521424776612 6.1228180612312215 25.370627438777234 6.193577989418055 15.314512753093025 46.230993060818165 9.60940700463914 5.91770957320418 14.239571344072832 16.29666036923642 14.966753940687784
2013-01-22 7.498268148534184 46.569955072192705 22.60265946362276 5.517850691474766 14.00070585255435 41.187132456237826 8.561008382521807 5.272079873094417 12.686015857302392 14.518673832921193 13.333861900480617
2013-01-23 6.680197481801639 46.73943847013594 20.136680342704125 4.915846107924653 14.155845054510191 36.69356350913864 7.626991393977378 4.889900100973151 11.301955265578721 12.934667906847178 11.87912047499849
2013-01-24 5.951379373461403 44.17033889635691 17.939742704916874 4.379520996125249 12.611424216095658 32.69024869429274 6.794876856161844 4.356405731791294 10.068897458583539 11.523479057781135 10.583093203810813
2013-01-25 5.30207625498362 39.401132889816026 15.982493779577945 3.9017096415166863 11.391502512722099 29.123700657434306 6.0535470810760454 3.8811162821520906 8.970367838938595 10.266252721094258 9.42846416923479
2013-01-26 4.723612939047237 35.102418784814255 14.238783220911941 3.912582029113686 10.70055410224205 25.946267583211174 5.3930973347328415 3.4576815207228973 7.99168920895772 9.146191389327646 8.399806642403393
2013-01-27 4.208260712388304 31.272699899016384 12.685313719388617 4.343676031376388 9.533109933078793 23.115496530409075 4.804703502319568 3.0804440345495685 7.119785672036414 8.148330184618207 7.4833769703438895
2013-01-28 3.834746559600487 27.862517104848013 11.301329731811379 3.9847897183790852 8.785892744349782 20.593566228118902 4.280504191260904 2.7443636416832655 6.343007928651196 7.259336916460595 6.666930950240307
2013-01-29 3.41637079434115 26.609284792899604 10.06834017135206 6.018953508117599 7.827880238269923 18.346781754569314 3.813495696988689 2.4449500504865744 5.650977632789359 6.467333953423588 5.939560237499245
2013-01-30 3.0436403613706235 28.46870587574949 9.021360864679462 5.607712845434358 6.973848470030769 16.345124347146367 3.397438428080922 2.1782028658956474 5.0344487292917695 5.7617395288905655 5.291546601905407
2013-01-31 2.7115752964252873 33.72295813577529 8.037118830224355 5.778788238165469 6.212992662455378 14.56185032871715 3.0267735405380227 1.9405581410760457 4.485183919469297 5.133126360547127 4.714232084617395
2013-02-01 2.4157389557262987 30.043740175062535 7.16025886338846 5.148315033786086 5.535147198796831 12.973133791605587 2.939177746231027 2.2090560434293467 3.9958446044788594 4.57309569466382 4.199903321201696
2013-02-02 2.152178739018242 27.36960073217923 48.6346676782288 4.586627264182661 4.931255544126187 11.55774826520454 3.7921231620949554 1.9680451973913748 3.559892836018207 17.418170756739354 3.7416884851719447
2013-02-03 1.9173732798002434 25.309717311416456 47.09530749233459 4.0862203502478645 4.393249243084461 10.296783114059453 10.624959901087415 1.7533289435982267 3.171503964325598 18.77405652264831 3.3334654751201533
2013-02-04 1.708185397170575 22.54839470923527 42.22351681862383 3.640408472074791 3.913940119134962 9.339273712227179 17.967582351345566 1.5620385083300155 2.8254888163946794 31.2507583023397 2.9697801187496218
2013-02-05 1.5218201806853113 20.088335942580112 46.388940175675046 3.243235241278662 3.486924235015385 18.907396639552058 16.4035956774146 2.708251918299189 2.5172243646458843 28.200861113857584 30.543211683368483
2013-02-06 1.3557876482126436 17.896672740817127 58.98096719281994 2.8893941190827337 3.106496331227689 55.75119463269381 20.9915604192188 2.4127781624138622 2.242591959734648 25.937293059983826 37.88066116603153
2013-02-07 1.2078694778631494 15.944122803771133 52.54606806676069 2.5741575168930426 2.7675735993984154 49.66866783305948 22.645958400043895 2.1495409720515135 1.99792230223943 25.78862879520357 33.74783247512602
2013-02-08 1.076089369509121 14.204598567751855 46.86439722299703 3.5784357181871154 2.465627772063094 44.24975250421099 20.175255309658557 1.9150232965908323 1.7799464180091036 27.92497612718584 43.46776508745879
2013-02-09 0.9586866399001219 12.654858655708225 44.067891145252226 14.572482447570007 2.196624621542231 39.42204778402884 18.318442077027786 1.7060918001416592 1.7874203591696696 86.28673079771939 84.86068871379294
2013-02-10 0.8540926985852876 11.274197354617636 39.26002773245322 12.982605932662711 1.9569700595674817 35.121051837258484 16.319876564752107 1.5199549977759483 1.8337436128713949 242.91450699722716 91.54695841891395
2013-02-11 0.7609100903426562 10.044167971290054 35.440378714520314 13.190453196420902 1.743462117507693 31.289300061553995 14.539357111746217 1.384143384265342 19.985708404524804 216.4122229015221 105.95303401314939
2013-02-12 0.6778938241063222 9.005420273086227 31.57378796717431 19.681740471730254 1.9253695416693495 27.875597316346894 12.953094613439333 1.2331315667644243 18.547030688693226 192.80137197286746 94.39342218539457
2013-02-13 0.6039347389315751 11.95273422874871 28.129047226790465 23.06803327365424 2.1777818796903254 24.83433391652973 11.539895387063634 1.0985999359075949 33.4827142092065 171.76649514632635 84.0949788258479
2013-02-14 0.5380446847545608 28.100587908650876 25.060132116856686 23.47981911593709 2.38621793603857 22.124876252105487 10.280878007808605 1.0524402696198067 29.83620845900994 157.13062646961174 74.92010883798686
2013-02-15 0.4793433199500613 30.672466024742054 23.61784221066291 21.148310893391077 19.22807718950405 19.711023892014413 23.02377151120396 0.937617687123559 26.581039870299904 228.15720097171908 66.7462289266972
2013-02-16 0.4270463492926441 27.326060663645812 21.041105350720386 19.105294384485184 17.130269320432657 17.560525918629242 53.02809452872243 4.154629547995294 23.681014347287437 480.599217772211 59.46412979149616
2013-02-17 0.38045504517132833 24.40238376322485 18.745493785212624 32.68600615786038 16.691660193867378 15.644650030776994 65.91612118547624 9.0473288869474 21.097385326261364 511.6881591970137 52.97651700657469
2013-02-18 0.33894691205316135 21.74005241422565 18.963720668626554 36.79278628636147 14.968976970579202 13.937798658173444 62.12910972416065 8.060253707975502 23.550476589830506 614.9697735064781 47.19671109269728
