2013-03-22 23.740189495026282 23.475623580432362 24.193215544686122 23.931102395796636 23.843610320625086 23.554560409070035 23.549204640629863 25.267379574865867 23.55257734799137 23.785500775957303 23.457590659806357
2013-03-23 19.759514764209108 19.474978040807954 20.080419441046008 19.972815830822707 19.780253581626155 19.737223464052256 19.976382718856453 41.982995759253306 19.538817577518625 19.969063844032036 31.669023222273278
2013-03-24 16.65401154143742 16.15611054549779 17.47099797853065 16.598732341041167 18.514747893264 18.275611460501892 16.79908064197916 35.08318174472068 16.21435684894592 17.340973051120038 26.693856831715085
2013-03-25 16.6297639390636 13.455050954905923 14.532798275601987 13.783797068587871 36.12584860070758 15.642820748431438 89.3366734164467 29.834979209793477 14.16597881598948 14.415980082876741 22.266854536075932
2013-03-26 13.796530043669776 11.162081424034243 12.25289999249702 11.434803608517246 29.969389558228116 12.996528638403666 74.27315316461635 24.750591308807007 11.75185508588235 12.88265650304258 18.47220380077152
2013-03-27 11.445366668078323 9.259872900841483 10.164797432218917 9.486118586535394 24.86209584777069 16.797481335532773 62.51455597535864 21.92953304654698 9.750786392424416 20.65086777996318 15.325116823552493
2013-03-28 10.580296002351416 8.384689601669859 8.447425709493503 7.877842713368133 40.707915804253275 19.034176996066638 52.08715574564319 18.192367630338747 8.715923143074649 22.04994512819063 12.788789372006281
2013-03-29 8.985402296221448 10.239282913982752 53.676501835763595 8.685727267384832 33.793952429169565 15.892168548262166 51.17658944454453 20.953257559175416 10.049430043975061 18.356504324238177 13.841673815849049
2013-03-30 8.983826945352838 10.865519119597701 44.52911297445337 7.362594299963279 28.91680929365055 13.183872728143983 52.164005738525624 31.252523772651532 8.354860302561445 15.284281308558201 11.482817173657281
2013-03-31 19.976739740444618 13.510363697441804 36.94617591957265 6.252383742633601 59.157044662921784 10.93711657940542 47.669344186346734 33.61961402291377 7.028367395650484 35.338020832344824 10.367510866746166
2013-04-01 16.590410003866367 22.268506264575493 32.49566572436249 5.9345076393235985 51.99508067615501 9.07413876084808 42.151317248133694 27.89575332708777 12.772622930991986 29.315821041241236 8.60071068084586
2013-04-02 13.763121963781106 20.58702417573922 27.067396843138656 4.923166601427358 43.13423457863434 7.541176869549252 35.058299995759896 23.511978070955074 10.823673067728945 24.792765169853013 7.874829322865607
2013-04-03 11.52623298678459 17.871283284331444 22.45465204942754 4.12702409581774 35.783427364464586 11.349876316528883 29.083769392799013 19.507347735060222 9.48465781283787 20.567656300991562 6.532824468431861
2013-04-04 9.71949791569938 15.608360732056738 18.62799742372275 3.6980837817677936 29.68532272465945 9.41566434957437 24.1274004214644 16.3047934782766 7.9648106758191535 17.062577845496246 5.434406351803994
2013-04-05 8.063130158285619 28.25023794584309 15.453469831302694 3.06786740706904 24.795285985975838 8.500127882243188 20.015681022481957 14.133550264856156 7.423769328547545 15.024780928634065 38.92325463029747
2013-04-06 6.706750297846242 25.549539315658375 16.96148564501801 2.7482053281234338 22.75997506917975 7.1241246523017026 16.604668542630968 11.724952911417857 7.721784816257696 43.41272310839114 56.86329667949753
2013-04-07 6.085318005886557 21.19546326087532 14.251461783439948 2.5788925714119473 24.706558451869654 8.921393893391667 17.551580220208795 11.166668563530411 6.898496698504812 36.56636418440371 47.32891296255069
2013-04-08 5.412681786859859 19.22683868230152 12.403942883089345 2.602812556255117 20.496140673986098 10.177379183567078 15.754098436497234 9.280860698673278 8.192053235735271 30.543129504098637 40.09576178974107
2013-04-09 6.549866859214827 18.862246613671264 10.294701329210726 2.1694511220325614 17.2100489559066 26.377222543111838 99.82196140564119 7.699244183534082 8.658200853231115 25.338060748497206 107.68291982269163
2013-04-10 6.9504265684357955 39.93501518126323 8.540309126876018 1.7997397520652638 15.372194797972629 33.43306356909317 89.0241666818949 7.087089175995232 7.963047845945917 21.021470135617992 128.82035323705574
2013-04-11 6.017023255854307 35.20760704987185 7.084895195128156 1.4930334877191518 12.75251134879677 90.67095742429476 73.93259947910178 20.463983876286488 6.606009054727957 27.17976106752451 304.87785411316344
2013-04-12 12.695558870976374 31.78731912681553 6.647809427686776 1.5320375754862743 10.579936451114854 84.5649951250482 62.14462277104516 19.31832941057789 5.7256767820793115 34.50143695755853 257.39668173610096
2013-04-13 15.525322906506004 33.68176946735465 7.137446399147693 2.38373487391102 8.811116278514856 71.03530018799862 51.554122073634474 18.64304260823628 16.62291383655361 86.2485136136236 213.74261541280302
2013-04-14 17.52868752974291 28.993144810526957 5.921104136578882 1.9956915446666916 12.112505722754475 59.2815273618824 42.76842282195935 16.529916143375956 13.790086590541732 78.5893970099729 177.3172383381737
2013-04-15 14.541501040699472 24.05221980938547 4.994467557989727 6.476902160555394 36.145657237736515 49.180694143932016 35.68213707813968 14.632957133985128 11.973455705657123 65.19642708384404 147.13729169509472
2013-04-16 14.049697215636781 19.95331246539886 82.14790323150247 5.373127871007414 30.091689492010207 40.79946737956082 29.60211834992647 12.206084121356088 10.577754330499852 54.08584702538968 122.06259462833273
2013-04-17 11.883551775753691 16.552928648460554 77.69255766627109 4.457455493773057 24.963553792716247 34.01774586049489 24.557413900038796 10.338115130811723 12.65704599588662 46.41627689144628 101.26105242086246
2013-04-18 9.88410372485954 13.73202806883192 66.47613538046127 3.697829263691733 20.709339637686618 28.365743948196798 20.372412890489088 9.121497339603444 10.569575651484044 39.282524781873455 84.00444680536563
2013-04-19 8.20174555944702 11.391856926824165 58.23052744203315 3.7010818442676996 17.18011593181895 23.717336487303708 16.900607232910463 9.622776499553837 8.808682980525512 32.62646710493531 69.68866029306298
2013-04-20 6.8258951397326815 9.450490749854243 49.54067099577065 3.0703545487265416 14.252331971687884 20.314267847868862 14.020456309053975 7.98289171652222 7.307533579520307 29.260075039697593 57.81252729030234
2013-04-21 5.66264651073956 7.839966388867001 41.09809805323531 2.547113911973447 11.823492195124793 16.85237109450367 11.63113208922513 6.641620030556159 6.062205568514298 25.266630178966217 48.01913247870414
2013-04-22 5.197785605066666 6.503902771347023 34.09428313430699 2.113042379180683 9.808568027034557 13.984129034233781 9.648989354907366 5.509775014381454 5.378164555957827 20.96076665289156 43.298789382428176
2013-04-23 15.376138439651221 5.395527118484285 34.21765460629581 1.7529440184144662 8.13702120771364 11.8552568631527 8.397899724144994 4.6341342443810465 4.461633841942118 17.3886955072753 36.28175458207729
2013-04-24 14.999877090444572 4.476037528505583 28.499140884548694 1.4542125430001915 6.75033439665111 9.83491945536601 6.966754776770574 3.8443989501827383 3.7596156607797915 20.717161013269852 30.188780473729974
2013-04-25 12.443642911139477 3.713244603656028 26.546235238299143 1.5188071753314885 5.6958364593427175 8.158896489232944 5.779501269836718 3.204550441666677 3.1189132073414894 17.186604411974024 25.056445511733365
2013-04-26 10.323034513302508 3.0804445670465657 22.941780958896583 3.4552994386592566 4.725169049916621 6.768481758137138 4.794575953702427 2.6584405423063515 2.589835659498179 14.2577147044661 20.786401027848587
2013-04-27 8.641110017762154 2.8181823992214383 19.300062901957084 13.714501698679163 3.919919876503553 5.615017345874423 3.977498663387645 2.2053970582229545 9.233454164663614 11.82795761868611 17.244044750410403
2013-04-28 7.456844605797704 2.33791618577497 16.15595295575032 20.504841066257523 3.2518988581963506 4.658122887982707 3.2996652404754823 1.8298082277584076 7.659916529225989 9.812272466471441 14.305366232267756
2013-04-29 10.201364909245088 1.9394955036335377 14.934205188306716 17.031912316244856 2.6977199833410785 3.864299520907438 2.7373461616527046 1.51797778373879 6.354536470138959 8.140094347663982 11.86748851567667
2013-04-30 8.707511836389424 1.6089724822056757 12.442415012041257 14.158532203865446 2.237982614426999 3.205757157204015 2.4685924763674 1.2592885511000824 5.27161537547563 6.752883821284778 31.63174001188772
2013-05-01 7.223603719098594 1.334776205278907 10.322015869095068 11.745677503117994 1.8565923125479522 2.6594416129918015 37.0330187727087 1.0446843635788854 4.373242454039234 5.602077562756733 26.363879792534185
2013-05-02 5.99257878381632 1.107307637565504 8.562968804588492 9.90448245107869 1.5401974049271707 2.206227529436958 30.722026857113587 0.8666523796734884 3.6279675582527786 4.6473882639925055 21.871026269906643
2013-05-03 4.971341435203765 0.9186035826544787 7.103693278354358 8.216590182554794 1.2777215709189138 1.8302488341416432 25.48647094980991 0.7189600738550781 3.0099879291954545 3.8553942594232953 18.14620621867057
2013-05-04 4.124140300352619 0.7620579082440724 5.893103121653094 6.816343464842524 1.0599760833053635 1.51834330330025 21.16861119430727 0.5964370489498999 2.4970347911465525 3.1991431357498303 15.053784042062174
2013-05-05 3.4213166483698516 0.9138135128751363 4.888818117789569 5.654722603708619 0.8793381302716694 15.611909333047794 17.691816650558227 2.754072210170496 2.071497592305456 2.653954733286906 12.488363201333193
2013-05-06 2.838266100552557 2.583126515499583 4.055680359810878 4.691061694561069 0.7294839567876482 13.28541264760693 17.483931136390893 2.2847314633464277 1.7184791698306434 2.2016757073564572 10.360133705428884
