2013-01-18 1.6944565895857462 1.772858640663733 5.696577658816512 1.6944565895857462 1.859254885617282 1.6944565895857462 1.7718067213477344 1.7252851363134554 1.8337848216217292 5.213389254877809 1.6944565895857462
2013-01-19 7.2202769802116675 12.333700285680257 16.45557928740755 1.887703099662967 17.78852550752546 2.6547888299774662 8.17861833763383 6.125534695208107 33.16702989382623 43.642431707924224 8.68907747345502
2013-01-20 15.196236858081003 21.96425231828781 26.296213235964082 18.917032906493297 138.88501253400403 2.8138921036278055 9.091378373631315 15.181160866413979 36.88193420683352 51.195264264025724 11.975234780686275
2013-01-21 27.243641055028878 24.677994284141775 74.81099150295822 18.89037328044302 116.05492983683253 3.669930711772121 17.607011506804536 26.74062477308584 48.322350052385545 47.449705324529326 13.05904888479928
2013-01-22 34.94354445729502 40.19463446034102 68.43887911665459 26.932214494286768 96.27853751075163 40.1391154273636 15.061709197560127 48.75790810336233 41.552526947427324 42.871808286462944 12.103754976241097
2013-01-23 31.769831128682963 37.29173094261823 124.21683730502349 23.005478209869736 79.87103719548175 34.6912557250336 12.494937790748958 43.5524831063912 34.47126963105318 36.178215863480915 10.136732045502127
2013-01-24 26.355711567084025 30.968154958958912 103.8212015757771 19.312584163856787 66.25965399815995 28.779275723617104 10.365587887982793 36.2681607154381 28.596779001650482 30.01283256374095 8.409260510904518
2013-01-25 21.864250063790536 25.690654651658317 86.12830301517008 16.021391362018758 54.96788200456431 23.874797667233434 8.599115425159134 30.087449282903442 23.72340149065725 24.898135441039027 6.97617950702729
2013-01-26 18.138209992782933 21.414147097300937 71.45057529602008 13.29107379115362 45.60042001283359 19.806126088510517 7.133713681602567 24.960036201944096 19.680530395421428 20.655069700377037 5.787319880342666
2013-01-27 15.047150523450243 17.76481222708768 59.27418202387775 11.026048772346632 82.2054165721272 16.43082534797233 5.918007551972291 20.706421518592016 16.32663329716058 17.135094529250377 4.810319052937587
2013-01-28 12.482860161300287 14.737386087708211 49.172853265414844 9.147022540873325 68.19621542427856 13.630733261704087 4.909478423781587 17.177695124032528 13.54429730848508 14.21498299603867 3.990558884931293
2013-01-29 10.35556849100083 12.225884853792547 40.79336025300574 7.588214338173997 56.574420425162366 11.307824491673337 4.072819812249866 14.250323724707542 12.312506155498147 11.792508134155861 3.3104997921208286
2013-01-30 8.590803502838464 10.142386146423245 33.84147785211375 6.29505356576937 46.933176961208304 9.38077888469714 3.3787420581080037 11.821826201378203 10.214245705033168 9.782864190833708 2.746334335211376
2013-01-31 7.126784484200593 8.413951055464574 28.074314452161413 5.222269383316593 38.934965364922284 7.782134624816178 2.802946958194953 9.888347521814943 8.473564523075154 8.115697755981195 4.093038082078724
2013-02-01 5.912259206691484 6.980070701638095 23.42991587321674 4.3323058716493055 32.29978506080238 6.455926536924442 2.3252771364405067 9.272187621095567 7.029525020441366 6.7326448371818985 3.3965864581775054
2013-02-02 4.904709693349622 5.790547947850303 19.437059717538908 5.977962010539753 26.79535233375868 31.028191564589985 3.6834311188029716 7.692049159115322 5.846298907433261 5.585287659002075 3.987532664159516
2013-02-03 4.069978361466244 4.803740102938661 16.400406559750767 4.959215621742664 22.228968564514343 45.72422089565029 3.0557118201324083 11.29771518447563 8.847975791978383 4.6334596584481185 13.371759067718644
2013-02-04 3.3956624654688072 3.9851010985879713 13.624908897315093 4.114080944606405 18.440774256001948 38.305204764071206 2.534966566241194 9.372392374458025 10.766769507926929 3.843839338027279 29.03145976872748
2013-02-05 2.9279736478326677 3.3059721040953858 11.303302757420022 3.412971590618471 15.856088983360909 31.997941095764496 2.2644903282185247 7.775177317644893 8.931928871522402 3.1887837501630907 24.08400525971686
2013-02-06 2.8041786492684366 4.189322805456636 9.377027729582943 2.8344880178082246 15.48470340061341 26.737770965945806 1.9435535302982498 6.450154872322575 7.4097762869890635 2.645360775706887 20.009389024152508
2013-02-07 2.326298925327678 4.520136086966168 12.490599591882209 2.3514430619560693 12.922241576057326 22.18120004043177 3.143687139222852 5.350938787949452 6.683896914949086 2.1945463186503096 16.59944882016597
2013-02-08 1.9298580341188594 21.5119527020912 30.84711133957326 1.9507171822056046 10.720071837708781 18.41340485164889 2.779070238730624 4.439047820029546 10.118576017388332 13.953038450893052 13.77179648665785
2013-02-09 1.615212562599287 21.55160628983945 26.417178990426205 1.618281807880176 9.138896077621013 20.445454425046854 17.057330440450865 14.25951371292421 39.771238235434225 132.78218509585417 11.424848141850651
2013-02-10 22.204938407934986 20.011257059089235 21.935418841120423 1.5131622379097205 8.239047646933486 17.553360388480023 14.345749490814043 13.863044157035064 47.50165771254307 135.8827830305677 9.483283396101479
2013-02-11 45.51490022537394 31.670869871489238 22.625398404425713 15.898319238615027 11.48262015194426 14.69989931235062 12.267045936930737 14.885984513740613 39.49509670842433 125.44784869011282 7.867170622107708
2013-02-12 37.80217210968827 60.72120581180208 61.55743983831593 21.70439357994691 19.667346518710772 12.194786460059419 10.810132660470671 15.059556170039697 42.96611819943773 104.55839670475665 6.549766074725383
2013-02-13 31.75659000829195 59.964691815271124 57.70433343991182 19.846038343661515 16.72000615753386 10.601345710227815 65.83531942190461 12.6522927139219 36.761556260331965 94.89230209696863 5.433574546249394
2013-02-14 26.393714223090424 109.49896678545032 72.17066346834947 17.892558431571466 13.96523000152502 8.977238939800106 73.59364080125931 10.496747666974134 30.659161548951275 79.42366311739708 7.776225843664024
2013-02-15 22.710142940673357 93.47078340561657 63.66981696230131 29.512554478079092 11.593837506295934 8.03021971615951 69.78728558496448 8.70792334323914 29.122633092792356 65.8902943955834 18.855072184676953
2013-02-16 18.94046681232425 80.66556415073447 53.70858724469149 49.43961558259955 9.939978607243889 6.6665078849053385 78.08760013012753 7.352552523404406 24.919413985394538 54.76160995403567 18.801526959627324
2013-02-17 15.810195500600203 134.12591492507616 44.565250335450195 77.98160057212799 13.061339489064004 5.530421565773214 68.19884381572044 6.19767453848008 20.674723197702615 48.59819777100375 30.90055072890483
2013-02-18 13.512034045660716 111.70415876318519 36.97057370768404 65.23964708352905 20.903676081922832 6.304522631989721 56.692267117962395 7.089436360605572 20.96827043931539 40.990842187970095 39.603172231522755
2013-02-19 11.390091392698107 93.63270592979117 31.304901443136963 54.81271440198778 67.15843702828384 21.96159996895077 47.58671503203143 9.459871122922879 17.399489294686045 58.28425388846051 39.62384629024865
2013-02-20 10.046372342138195 77.67610031221156 41.33169593774887 49.54980424330223 55.71349711503813 18.89384345911822 39.483182324034 8.901124072742926 15.78600937625402 51.730717672989556 32.933752358550585
2013-02-21 8.599652058854291 64.43877168718903 42.10914822503766 65.04757709089058 46.21896962236114 16.393367271233743 33.43032086794695 11.351918382919333 16.46420982920038 43.47878202683762 27.347370994236872
2013-02-22 9.412425971018306 56.859512599499716 34.9330331705447 60.905078360037436 40.10458374575392 13.707833735093164 28.08988499623594 22.447698645286454 13.658428455335235 105.37726355484378 22.876821859961172
2013-02-23 13.732078978151938 61.43624549826799 29.247950032529477 51.24126647135359 33.27008057271775 12.102703956905463 27.953156009167245 60.276965447302366 11.330799949137456 117.937934178702 20.491378191167563
2013-02-24 14.486626096072403 51.34877030671155 24.759085701409408 43.756714159076786 64.14480342080583 23.063101078033178 23.219473485140824 52.124303126343776 9.410102225677505 130.28466979631077 19.23037830274542
2013-02-25 16.315136589938664 48.464601156896734 20.539716396393125 58.19158631371906 54.928568398920284 21.161580936880355 19.26248028803349 43.333851921723436 7.935420201383619 134.97915393678727 16.093265470214373
2013-02-26 13.53475983098931 40.205408826530984 17.039399385310237 248.23455210445886 45.56780610912441 17.557716550037263 15.979826033488326 35.9490265265878 6.58308964015707 224.65826576200794 19.007701273858725
2013-02-27 13.429835733582417 33.56680920862215 14.135595927386364 209.0843561211862 37.954894078799526 21.13509888756885 13.256591896304746 31.114844182302566 5.461219207337967 188.45017921165154 25.529486892706604
2013-02-28 16.91346778446191 27.846454012777084 11.781679188673005 173.4528256683296 31.48673458701189 17.842715275864233 13.837581272481305 34.98613997971979 4.530534577301971 156.5232949720742 33.79513104907251
2013-03-01 19.270425550066054 23.912685898489496 9.862135047797526 143.89351403789922 26.12085948518981 18.525130005713798 11.558114554243252 29.026980022110827 3.759031009197123 144.59887874210327 41.49954439599777
2013-03-02 19.607185447051428 19.961952404679064 8.181459505995871 119.37161186415858 22.525589050735512 15.368132779870354 11.049034332595093 24.080958617613142 8.612867473061229 305.7962704692438 36.325982842478105
2013-03-03 18.86775321000597 16.560096203955805 6.78719966190372 99.05420364543897 23.027534934272158 12.844667948107713 9.166090965346525 19.977153700724397 7.145088373845309 257.6742402490796 34.76207783201053
2013-03-04 25.393121301141036 13.737974159659647 8.861536921019468 82.19165122568631 19.103251329896505 10.720873428280445 8.430554122068596 16.572706940483762 5.927443797507717 231.85987669270907 28.916643875771257
