2013-04-12 2.1824932441097 2.1824932441097 2.218132589598206 2.1824932441097 2.1866683752073572 2.223066053539206 2.3499880923114467 2.1824932441097 2.1824932441097 2.1824932441097 2.1824932441097
2013-04-13 1.8105592747160142 1.8105592747160142 1.8401250695669704 1.8105592747160142 1.814022892462557 1.844217787342364 1.949510151973905 1.8105592747160142 1.8105592747160142 1.8105592747160142 1.8215074436526824
2013-04-14 1.5020091796885031 1.5020091796885031 1.698596271171718 3.417981929490483 1.5071479620545776 1.5640854680795282 6.2588626163625705 1.5020091796885031 1.5821343703001405 1.5020091796885031 1.5110915944281214
2013-04-15 1.2460412687803262 1.2460412687803262 8.630607269882594 2.976097097425019 1.2503043152290345 1.301623953978782 5.192245973637538 1.2460412687803262 1.3125117641148007 1.2460412687803262 1.253575885571464
2013-04-16 1.1035815133368474 1.272587917135773 10.020321511370227 4.266854467016967 1.5479596416429229 1.0802361406016998 4.791121672035322 1.060719295921375 1.0888374358579034 2.5670892853687417 11.432721695119378
2013-04-17 12.146101386198415 3.6396356525678324 10.643104943351506 28.286138828025475 16.96812812342977 8.005409925668902 4.730463146717809 68.64344650326764 0.9032810174662468 101.83932703290829 13.543985718142636
2013-04-18 15.498536387665345 5.9450056560093865 24.34579506520997 88.36007356767641 20.159763784246213 117.33127077781312 5.089578627448695 71.22334424831936 1.1613144483249962 84.48417358802483 11.643144955074689
2013-04-19 13.254864342433587 6.05433884778316 20.19685750440187 141.0024457311444 16.72795835312993 224.09549473812143 20.454974498504413 83.52870007254303 4.209605842326603 70.336161173804 9.690785670529127
2013-04-20 10.996010015170185 10.893646804347123 16.754969470519676 119.53802144933417 13.877229734860364 186.19981236290698 16.96928065366847 69.29398889517871 6.476751089309354 58.35034823742225 8.039310968040324
2013-04-21 9.122102884647678 9.037184105977738 13.92111848519876 99.16670945037897 12.188720919488226 155.30101924025715 14.077426610894005 57.485114611325585 5.3730025448715555 48.85030789970565 6.669275643708209
2013-04-22 7.567541401226427 7.497094226769788 11.548723120127354 82.26701549836213 10.111555564830544 128.8873363636652 11.678393682661492 47.696085937462016 4.457351525342716 41.033530163779986 6.418007450013705
2013-04-23 6.378459081452579 6.219461857359883 9.58062427578454 68.36812098846005 8.388374515752886 106.92640333721239 9.788418738154 39.56786166220321 3.6977430132506273 34.040718711408296 5.324269820843954
2013-04-24 5.4367348836866265 5.159559774110392 7.964214958909323 56.72220124080532 11.228634202492813 88.70432556732311 8.120305700364849 37.72625285536691 3.0675847113031587 28.239601266675166 4.416923686352383
2013-04-25 4.510222789641973 4.448887905733121 14.672061185602391 47.05577339856754 9.315083953897833 78.70344771059293 6.741163864406507 31.297057707664464 2.956845106757955 28.021376710045065 3.6642047656348553
2013-04-26 3.8324435544875532 3.690721738374599 12.173809622736178 39.03666927059328 8.015872550529055 67.06286470669642 5.592354885868143 25.963506763104014 2.452948409524493 24.923988133030736 3.039761951511173
2013-04-27 3.179329989279868 3.453736591703435 10.099185406661407 33.75290992919508 12.952259193264384 55.634211932291954 4.848790503471608 21.538883614374797 2.0349242799488008 20.676516639358205 2.5322937177011733
2013-04-28 2.673015072091057 15.01754046195676 8.378112442931572 29.422247615693298 13.520040968223501 46.15319597312303 4.022474131776777 17.868291505709024 1.6881385719516808 17.152886530670873 2.1007477980797207
2013-04-29 2.2174878402441047 12.45829614372162 6.950339584825182 25.18051155417346 12.228339681283844 38.57739598143293 4.233137661012758 14.8232307230593 1.4008230860837272 14.254320993594625 1.7427446430439175
2013-04-30 1.8395901964684749 10.335190585825766 5.7658835057944176 21.07688591171127 10.291553135313476 32.072866845808306 3.5150207311871373 12.297100089219473 1.1620990065334678 11.825142253868918 1.4457513146676058
2013-05-01 1.9608828618823295 8.573898325508585 5.054328885224638 17.51027422735093 8.537697438764429 26.607104828878008 2.9191266075081277 10.201465080688976 0.964057570440216 9.809936887704167 13.213688921710686
2013-05-02 1.626715658148089 7.1127602230170295 7.314903882472779 14.52622567821499 7.082728583091277 22.072801623202402 17.97169079341398 31.493039714647555 1.1484599896487557 8.13815679124335 10.961851586463958
2013-05-03 1.349495642259041 5.900624904731945 6.0683198464871975 12.050709755581034 5.875711167038054 18.47829864715916 22.42741977939216 45.486813804399766 5.911754702658078 6.751276457433211 9.09376563317106
2013-05-04 1.1195186321313237 4.895058061099121 5.03417493256574 9.997063850594426 4.874390048049731 15.329282272393892 19.41826954495595 37.800259401831575 30.691514100891823 5.8346535838939975 7.544033299370899
2013-05-05 0.9287336160578337 4.06134107953978 4.238257617546584 8.29339413693697 4.043711078552724 12.85215277063394 16.109066141856133 31.74040695387113 25.881617756574652 5.302582056821154 6.258401713633507
2013-05-06 0.7704616116607482 3.369219482894755 3.5159864337675653 6.8800587190901314 3.354593933933045 10.66192734466243 13.36670743478023 26.331301757119594 21.49043545450151 4.398931886191772 5.191863616572169
2013-05-07 0.6391618487578665 2.795047178161389 2.916802544342438 5.707579694941722 2.7829140714991474 8.844953583387607 11.088793142314575 21.84400008582549 90.31021827762592 3.6492790742320893 4.3118818804242185
2013-05-08 0.5302377986453696 2.3203836908555524 2.455571711085773 4.734911038436724 2.843249215075664 7.337623054751812 9.199074188838761 18.12141094089787 75.1583935600922 3.0839462470506933 3.6167042980053195
2013-05-09 0.445217589135343 16.507950063402898 2.0371005263057462 3.9280016644848983 2.3587111898627606 6.087167285394219 7.631395486028398 15.033214301348899 62.413822043373344 2.9001525717648686 4.481277633798368
2013-05-10 0.3693449395334925 23.58005157340228 1.789962336989892 3.423816555607208 1.956746685336343 5.049810447319119 6.330875897798192 13.784537457892313 52.51070283834266 3.3011912479046033 3.717591705881518
2013-05-11 0.3064022798920289 19.5616097276277 3.713062638927515 7.980867519194266 1.6232837691324498 4.189236858175691 5.2519869670891115 11.674874785913673 44.12547817458513 2.738612111461213 3.0840508491159313
2013-05-12 0.2542721922922632 16.22797871942109 3.0910702541848263 6.620791952571408 1.3475141921134528 3.4753196455553694 4.4773594458294275 9.685277552089296 36.605746192251225 2.2719060284081802 2.5584761298250736
2013-05-13 0.21093988597772848 13.462455134561418 2.564299308881741 5.502617222788648 1.1178748547915436 2.9271673002595313 3.71434124378432 8.034741526666089 30.367504437907964 1.8847345998057554 2.1224682818578637
2013-05-14 0.17577360238628703 11.16822380554293 3.1699682252908774 4.564877657610989 0.9273699663344993 2.428328206023395 3.081354321045019 6.665484912862254 25.19236518067696 1.567202582929892 1.760763586956444
2013-05-15 0.14581879092284414 9.264968516068683 2.629751723787316 3.7869448637382654 0.7693303510435121 2.135916381194484 2.556239136000868 5.529572914840383 20.89915767343552 1.3001246072767305 1.4606995240646916
2013-05-16 0.12096878881454107 7.686060299144707 2.1815973023289423 3.141585049291308 0.6382233741904979 1.7719199014361435 2.1206125098288098 4.587239641265343 17.337585745785354 1.0785612612293813 1.2117714810829818
2013-05-17 0.1003536497229 6.376224897001308 1.8098160166523738 2.6062055237289052 0.5294592561060019 1.4699546128065593 1.759224070044696 4.658232311289682 14.382966251053261 0.8947560777744614 1.0052650104795413
2013-05-18 0.08325168096186798 5.289607725516426 1.5013925854396977 2.1620637752423573 0.4392303936408033 1.2194493452894495 1.459422367019285 6.265323754461811 11.931864171413219 0.787113034326449 0.8339507548003453
2013-05-19 0.06906417855389406 4.388168601613023 1.2455297526779772 1.793611334814287 0.3643780639833393 1.0116344360374214 1.2107119733203857 5.53137848091475 9.898471575335284 0.6529755857879427 0.6918313620609462
2013-05-20 0.05729446786216618 3.6403500364109687 1.0332702984223419 1.4879494570016154 0.3022818444137868 0.8392347219097348 1.004386060860111 4.588737508170871 8.211603662273188 0.5416974399364729 0.5739315310600822
2013-05-21 0.04753051605559899 3.019972473875989 0.8571834653540206 1.2343775619710837 0.2507678768128361 0.6962148513033211 0.8332215931454908 3.8067385899460477 6.830538709869886 0.44938298279524697 0.4761238365428288
2013-05-22 0.03943050770552086 2.505317799592988 0.7111048235862498 1.0240186306921821 0.20803276545843818 0.5775679991796208 0.6912264619538592 3.158005587894638 5.666498737545751 0.3728004792670667 0.3949842367183763
2013-05-23 0.03271087854602083 2.0783690352323982 0.5899204669317256 0.8495084391606081 0.17258044393235897 10.459081626715786 1.1573434714285757 2.6198277232679232 4.700830974899866 0.30926893688176404 0.32767220475435516
2013-05-24 0.02713638848505817 1.7241796020110074 0.4893879857965439 0.7047377523956593 0.14316980097964624 8.82484015422052 0.9601124594005246 2.173364520288742 3.8997294234199393 0.25656424988533433 0.27183128790329436
2013-05-25 0.022511886343320714 1.430350072386841 0.4059879493379717 0.5846384529653258 0.118771231812441 7.856899697592154 0.9091353503590341 1.8029862406976855 3.2351492017242864 0.2128413379726148 0.2255066130452543
2013-05-26 0.0186754780216498 1.1865940921648261 0.33680069758857334 0.48500611684830475 0.09853059381060943 6.517950356257606 0.7542032237707228 1.4957267194707398 2.6838247532156982 0.17656955390420598 0.18707645068909123
2013-05-27 0.015492858928934199 0.9843782768585995 0.27940413029795047 0.40367681818031487 0.08173930478404155 5.408481533481004 0.6256741666922091 37.08459352372839 2.2264553678497596 0.14647909876407958 0.15519544163188778
