2013-02-08 1.2139782770732617 1.2139782770732617 1.2139782770732617 1.2139782770732617 1.2139782770732617 1.2139782770732617 1.2139782770732617 1.2139782770732617 1.2139782770732617 1.2139782770732617 1.2139782770732617
2013-02-09 1.3841371839363974 1.1966645828499172 1.0815316908947865 1.0815316908947865 1.1082243018434061 1.0815316908947865 1.0815316908947865 1.0815316908947865 1.0815316908947865 1.0815316908947865 7.085801631495973
2013-02-10 1.2659081117701265 1.0661069429049355 5.1913208342784625 0.9643173503132528 2.40493148757355 0.9982001343794864 1.0792755054205418 1.1151942557042736 0.963535197046319 2.659176316982295 6.355391494207298
2013-02-11 1.4615791813490875 1.1093535573330673 4.767574748320646 0.8591090912745655 3.2250969695710077 0.944851108801154 1.1805991468689596 4.15753085113564 0.8584122719316649 8.21362326816626 11.188361231569365
2013-02-12 1.3021190191245084 15.254322226430979 4.247426231917115 0.765379188159222 2.8732347560691034 0.8417666416644262 1.0517942665831346 3.7039389059056553 1.4727855954343065 7.317506440896985 9.983758844763326
2013-02-13 1.160144423953928 13.955546904865837 5.381942879396297 0.6818753376223443 4.11484354802002 0.7499288220321355 0.9370421638462729 3.2998344233414785 1.31210279906798 6.519157108178801 8.895342835675564
2013-02-14 2.2100504338961358 22.17435150318384 4.7947660123586875 2.0584968626734494 4.891144247446099 4.455310151335363 2.434711699451541 2.94183101681629 1.5867422841433234 8.630194783354337 12.132719083705972
2013-02-15 6.342364869245775 20.794969604957092 11.180661541153777 5.556839865862599 4.402563868363191 17.626221311831767 2.2293560803127574 2.620873481867124 3.361948958603605 7.688629469791822 13.434188834812112
2013-02-16 15.245835181143486 28.362060823264972 26.49830475085745 5.362218352556033 13.370934205209853 16.23055537704032 2.0694892566549146 2.334932825403428 3.0039313844311515 8.623409521659681 23.824416015564456
2013-02-17 18.69571460830107 29.312271491362427 35.38628003720426 4.930546575113084 12.14852542113222 41.85156645037433 5.9748304812375785 2.202731350923831 3.133818930546523 7.844261947663501 58.22044776491189
2013-02-18 28.546980089502416 28.340909321591496 35.93940141849068 10.663170337258725 11.397626705060299 41.875663594117796 9.082712304521715 1.962410536945579 2.822911129610157 6.988442913930454 82.29616089850312
2013-02-19 30.931092286018835 25.248879785537458 33.822459000856895 10.152822485279884 13.444788795940164 43.921492167412666 8.358814454589018 1.8831411555963808 3.7663113181295946 11.716220095047563 88.47865037983729
2013-02-20 27.56530052270862 22.494194635414846 30.242877588128536 9.045136537642263 13.234315091735088 67.35670407544977 7.446857082766295 1.6776880415981328 7.508445341298172 10.739929938587611 85.35880354797756
2013-02-21 24.55789090083433 40.11613668246284 27.05035416043488 8.058300546789837 11.790434350692136 123.85829131646902 6.6343954292108 1.4946501256991525 6.689264329789343 9.568189815204756 76.05562576041002
2013-02-22 27.07672283679229 36.69014496269509 24.09912584677363 7.182338128465643 10.504082849349448 125.80378292702568 5.910574383520027 1.331581881053672 5.959457016711223 8.524288041289365 68.94035730989766
2013-02-23 24.1226176667395 32.68720311564829 21.469880325193344 6.398735831900525 9.366306872710439 112.07842894689269 5.265723141751118 1.1863045909296182 5.309272617000478 7.59427728904372 66.04990362235051
2013-02-24 21.49080915748772 29.120987355323958 19.127488860341245 5.700625550358835 10.837086301458468 99.8505286799698 6.365875698634334 1.0568772393831962 4.73002416874333 6.765731902011342 60.736706156032476
2013-02-25 19.14613433020448 25.943850305839145 17.040655306921632 5.078679995412752 9.65474629434558 88.95670800662026 5.671350499754065 3.4218145649352425 4.213972468706257 6.027581878783104 65.73188587978738
2013-02-26 17.05726653212191 23.11334298109694 15.181497969207852 4.524589497758204 8.601401097602666 79.25141713308246 5.05259889035547 9.80188420502498 3.7542226706490847 5.551059432647721 58.56045287124965
2013-02-27 15.196296888445522 20.59164763379727 13.52517708021744 4.042447358934881 8.044316541452455 70.60608284709004 4.501353874694988 26.87334574394189 3.344632164894671 4.9884451831466246 52.713067561484195
2013-02-28 13.538361418396141 29.90066783507522 12.049562923386812 3.6014111702248854 7.908714936832833 62.902868701383106 4.0102503968618155 47.04249362650606 4.271157051026055 4.444199419178678 58.047270108807126
2013-03-01 12.061308833369747 26.638466645808585 10.734940162596672 3.2084925950496497 7.30552558829444 56.04008509341227 3.5727269379859776 41.91009726997933 4.086354609569325 4.076500144093778 54.31728398253263
2013-03-02 10.931355654292549 23.737757595763295 12.620240319305882 5.140750784504951 6.521382293061845 49.926039974196534 3.182937849317167 43.97695467403815 3.640528083532178 3.631748752872055 49.16788432865512
2013-03-03 9.738730739945382 21.147937813591618 33.31622524253953 4.579888284194404 5.809891125391904 44.47904501483502 5.099389371671288 39.180670855312265 3.2433418029727235 3.235520308541489 43.80360512207133
2013-03-04 8.676222732531258 18.840670689440383 29.681382361853288 4.080216601614753 5.17602455614658 39.62632418782297 9.257133054892746 40.02159393808059 2.889489054759376 4.321373560279535 39.02457565317894
2013-03-05 7.729635710712171 16.785129366126696 26.443105498808368 3.6350597401135145 7.515844592903267 35.303041423545004 8.299252540447654 35.65536126037135 7.991717639078964 26.618188145074704 34.78504619865981
2013-03-06 6.886322546365263 14.95385023610204 23.558128792538128 3.2384700628306846 6.796662162502254 31.451434350691546 7.825580528916181 31.765315641695548 11.923022324279012 23.714109697665428 30.989953068838506
2013-03-07 6.13501592925773 13.326090722392467 20.987906743057238 2.885148827711721 9.565009084356316 28.020042546706126 6.971799661915424 28.299678986509832 22.290197315419416 100.0225569643577 27.6089094642575
2013-03-08 5.4656778271462745 12.069320005691731 18.698099213838677 2.5703753922524752 8.521454332253743 24.96301998709826 6.211167381931702 25.212147732864707 26.718757588886998 102.02512263215823 24.596742050959687
2013-03-09 4.86936536997269 10.792478731571725 16.658112621269762 2.8052841666161346 7.5917527412963 22.335275647068553 5.533521058718041 22.51767920014008 23.803706886241887 96.77714022200087 21.997164408933784
2013-03-10 4.338111366265629 9.615005467514123 14.840691180926635 4.004783043971062 6.763482785659282 19.898468443284507 4.929806818014475 20.359526940598748 21.598843358668212 87.00386982230282 20.062793607919005
2013-03-11 3.864817855356084 8.565996045920686 13.221552749404179 7.105534311547682 6.0255781439081035 17.72752002907816 4.3919585748486005 20.029912050503913 21.291013847045203 81.3120096660917 18.246567828761126
2013-03-12 3.4431612731826307 7.631434896905953 11.779064396269062 17.78527662666053 5.537797067270033 15.793424869712924 6.211430422660772 23.752363333336596 19.07999192228721 93.44571242602156 17.129407416191437
2013-03-13 3.0822028295691517 7.197602527921428 10.493953371528615 56.77661279987663 4.933616308552203 21.756246146944267 39.20537435210384 22.932222724198606 27.95677476579851 87.66526981934497 15.26056710958857
2013-03-14 2.761305144055638 6.412334865808866 9.349049606919335 50.582211563760474 5.167751842366003 34.64245721853828 34.92801775450145 20.4302878290973 35.25789628934051 79.80702485531411 13.59561967602708
2013-03-15 2.888808966198724 5.712740912235724 8.329056310634877 45.063627442857644 17.27189565111848 36.83159369494465 33.213045969740804 18.20131723818096 31.411214608498483 75.08154317175627 14.400821550086985
2013-03-16 3.0929660240604036 5.511405096479629 7.420345590463317 40.14712792359569 59.90059820180486 32.819994164765966 43.683191287524785 16.215530195961076 66.05036038170103 68.59801918228969 12.829673459140267
2013-03-17 7.058195360350507 8.092770252300573 6.610776374702088 35.843076093958274 54.1352177567889 30.817787481660055 40.76174614652599 14.446395065547687 95.42194502074696 65.3247943105777 11.439662355364788
2013-03-18 15.118409865841423 7.209838643978851 5.88953219813453 31.946522206933995 48.29852732476713 27.455527363332337 41.639447743657186 12.870274845645355 85.038536356528 66.85656063887767 10.191580528352782
2013-03-19 18.468959273161442 6.423236005919441 5.246976685764308 31.858623521250788 49.1771405706977 24.56380054614671 37.09653061889584 11.466111362099303 111.61896451702101 67.29387725199594 9.10633091610116
2013-03-20 31.64328198180084 6.131643054767662 4.674524803459667 28.38280685679799 70.61770898176312 21.883858419217063 33.04925157582815 10.215143914548648 130.8312465993909 59.95202898249652 10.482835029581743
2013-03-21 40.644976315122655 5.462672937586624 4.164528155317439 25.28620624594616 72.67073092767654 19.496301413645156 30.250896652230697 9.200942958585529 118.13560542553404 53.41118577041862 9.33914429033102
2013-03-22 41.74440215930286 5.4986147135407615 3.7101727952316574 22.527448731145675 71.31915712741687 17.405759034154656 26.950485050068217 12.605032770089313 125.25581273324485 47.79924746373674 8.320231676783573
2013-03-23 37.190034373257724 16.581626394892414 3.3053881873510433 20.290446912511918 99.10261489974785 15.565564229342533 24.010152584366146 11.856861525928828 253.98540754053823 42.584288293515925 7.412483735477132
2013-03-24 33.13255395073047 14.772549699891668 2.944766099067264 18.076733144851474 113.0298323453796 15.14740441291777 21.406749879040557 11.699062780324331 240.06721555929678 38.18277626923018 7.646070568322504
2013-03-25 29.517749843421406 13.445642794701032 2.6234883428821525 18.759285791601762 108.94047211298648 45.17661800540385 19.159726010796764 28.766510558343377 241.51041307814228 36.97714298716298 7.340695397564398
