2002-04-26 4.186179425276468 1.5164619846251026 4.507664810108908 3.0458345638660003 7.559402136421319 0.5693489397708185 6.944414150528437 4.455287461228502 1.4983676282704206 6.637599508703505 0.815358415086823
2002-04-27 2.7861847948716036 0.3237784720400772 1.2538951693736404 7.615969479426743 0.06711175144534605 9.704346534951227 0.8518114728040098 0.7939454603623793 2.3626388334256 1.3446624374955904 6.664972549302128
2002-04-28 0.13856699611342235 0.47804578184914936 0.6575095653704592 0.20203394023989762 0.5203839969336483 1.888120756400185 0.49259708733166324 0.07556907344960989 0.1395482007541603 0.37644722597297064 0.23667337027943008
2002-04-29 1.3917601144227438 0.7083556921020018 0.581535701317387 0.1431388659120247 1.270421290720173 1.0248799714430183 1.465769251509928 2.8840277144634907 0.02023421588944222 0.09980187959953422 1.661665003976497
2002-04-30 1.0541313542289452 1.1762840373922394 9.365511087147794 0.3431876197365208 1.7623618762043907 1.0866784287258198 1.0504619062812457 0.5557710210657453 0.13026558904665142 0.3172610323173376 0.5378176696132586
2002-05-01 1.3527256684589428 0.22297003259838366 3.994164894602796 0.18978799048447392 0.37255515220835084 1.2874062692610435 0.357124998118226 0.2845817624515702 0.106545981996858 0.1496852825510335 0.015984263435863812
2002-05-02 1.2204537561778426 3.6860520205901004 0.9483257686784419 2.740012503789427 0.06216734010822461 0.34139516758324506 0.005806127148525863 0.40612219992948967 0.002476014111645858 0.6061752325571051 0.8874935690159325
2002-05-03 1.2499997314087898 0.7784564071801362 0.24843788781394482 2.1768216239757026 0.42833427681297764 0.6552344686307798 0.05112748800948223 0.02731653113063536 0.0 0.2548381220769764 0.12552688741656629
2002-05-04 0.011629971475443004 0.18090914901240837 0.5710834232994306 0.1522557466366437 0.7883222070633237 0.237192501969511 1.871864187521229 7.915587915391656 0.0 0.04680288360685976 1.325978857628474
2002-05-05 0.42723908081335915 0.7441685680334709 0.10225497601896447 0.00903742074379759 0.023920677602291104 0.02271023000108808 0.16200891114294252 0.003092676241546685 0.03816723451149596 0.19404574768369046 0.40497386981807837
2002-05-06 0.6705382571666232 0.0 2.091049220915026 0.9836454670592285 0.4114959158738891 0.6525836180365943 0.14803150576870286 0.5826428661470392 0.053085799023903084 0.13406808755570288 0.00467176192140003
2002-05-07 0.014266540585390876 1.4788832529367348 0.22838965517266713 0.5646069749409582 0.0 0.09670920432126433 0.029337097425092558 0.6145516144137395 0.0 0.10723886583817513 0.0
2002-05-08 2.3003221881460245 1.307127005309221 0.2800103594887835 0.622290447802333 0.0 0.003330113036880005 0.11029497868935473 1.1098441542629356 0.05538184325940666 0.29782338171790634 0.05974008601139618
2002-05-09 0.41263831901760517 0.9068316971309621 0.942137234086315 0.19594912004682272 0.06893750507305182 0.26705051194404106 0.21660514642182366 0.7321396403921486 0.0 0.036232166828279344 0.027155037118311694
2002-05-10 0.13328614968458974 0.04784135520458221 0.29388075594956264 0.10022369085540292 0.0 0.19482687447586494 2.1993931060814567 0.891494331833107 0.14680403878814152 0.0 0.10438222204488823
2002-05-11 1.2177194296421094 1.720295967246932 1.9812829077564176 0.34862746253182764 0.2880582670249648 0.8289825785180174 0.0037792894215034063 0.22367157322698392 0.5599525982097702 0.2231044072202879 0.0
2002-05-12 0.27229826902376764 0.08296958881851609 0.4499910212022895 0.2572941444503829 0.34562490392365236 0.14011651389019514 0.008460467580066824 0.7742590846772409 1.2291838287579004 1.4164941840455896 0.38562403322914257
2002-05-13 0.7068045918133817 0.048986482122476444 0.01753124697361995 0.0018896447107517032 0.056754065090021295 0.07028644914723683 0.06448032122750612 0.0775883370585607 0.026462152505789704 2.904089309880262 0.1677784917627709
2002-05-14 0.7174710048179725 0.201656288752598 0.5359317394263852 0.030023763251736117 0.5906262516162832 0.3845419734628903 0.12247847054786726 0.01298127009837353 0.029337097425092558 0.2628915342852101 0.0724627097050899
2002-05-15 0.5817882916789642 0.22832302821772427 0.34649168971967337 0.008681072067828713 0.33442540988312414 0.14226935718549216 0.019314376472743817 0.3855528933357217 0.7215727007920247 0.07676583431904446 0.0
2002-05-16 0.09024980757184356 0.0 0.47563754817352677 0.0 0.0910804781038653 0.15796592753144634 0.10872958140793465 0.4977895669692911 0.19091053098514835 0.2662155669927381 0.9566334319992786
2002-05-17 0.15944474003539144 0.13247985354032227 0.28674360130304855 0.11455704900778932 0.027141349615338383 0.05360350134992324 0.6495017516404802 0.6552571317307762 0.45800910412245444 0.10096792894864887 0.648607608054588
2002-05-18 1.6923346584370957 0.06463573656249534 0.012367533780677595 0.5000523358005167 0.11058744601909454 0.010633304404915106 0.0 0.02461021659445272 0.002476014111645858 0.004365658822397561 0.05882325909755494
2002-05-19 0.3865596736547444 0.0 0.1906533621436697 0.10896687809472401 0.04492243005329938 0.11701018368806569 0.6137018246794033 0.3868368172850573 0.0 0.1352954056010684 0.037336046571167694
2002-05-20 0.0270722223583966 0.00828214126017172 0.03478835288179067 0.6077634765304962 0.0018896447107517032 0.16938041161446 9.200159660240937 0.0018896447107517032 0.5481082820267433 0.09481955961051262 0.033343534406003184
2002-05-21 0.0016268957995440579 0.016290366534866284 0.014257178491429299 0.011781164379783441 0.35323427829022525 0.1459881019690803 9.850427905075625 0.0 0.26469308531262936 0.4490828323500463 0.5515913096682044
2002-05-22 0.09530233068245608 0.44125008364493706 0.02225190901838136 0.09895143251567114 2.2138788003052374 0.0 1.4918129572281829 0.004952028223291716 0.3659445298515837 0.007458335063944246 0.013900829815460421
2002-05-23 0.12108951814287137 0.4209964214476048 0.13348171738360387 0.0 0.0 0.07737250182096005 0.33230890888022285 0.4278990275720611 0.08063656143805537 0.0 0.04347277056997975
2002-05-24 0.05034642327103221 0.02799544854057253 0.1485552843341878 0.0 0.2186422814097793 1.1056890155266417 0.7406806434956184 0.019221548764089297 0.0 0.05912936296776228 0.024572507795038
2002-05-25 0.00713600395554798 0.12670397830070504 0.44681746062272104 0.0 0.05912936296776228 0.4520366002363647 1.7932051551724049 0.018948891259223062 0.4935855428892121 0.009591766886443797 0.08348859433522102
2002-05-26 0.053308080034316946 0.019314376472743817 2.36604292254 0.0018896447107517032 0.0 0.0 3.006595366990832 0.0 0.8587486002188968 0.003330113036880005 0.0
2002-05-27 0.17461065293378197 0.03703286928437012 0.2554030313674681 0.0 0.010927065454549294 0.03024757325131441 2.1113231562833352 2.5661041304457823 0.01350189900780343 0.22001718862887082 0.0
2002-05-28 0.009997608350193862 0.0 0.2887245093497688 0.056502721799321434 0.8771006771356455 0.0 0.4283040102353757 0.018728007071849663 0.18546363761846013 0.1753480336707695 0.0
2002-05-29 0.0648622011664754 0.14586246690096627 0.7623843414419396 0.08630841957407921 0.3963002917811388 0.007695771859277566 0.19821747696321979 0.08435331587991092 0.3616294252225295 1.322748876858675 0.0029375325456375396
2002-05-30 0.2758082173002181 0.7512024049710888 0.5705414396555475 0.02916966432650197 0.0 0.0873878578944725 0.9759147121168711 2.3363361533172453 0.0 1.5194029413084031 0.0
2002-05-31 1.3124302811032904 0.06214446144805999 0.19522906061476886 0.00953517099306286 0.10044744014776294 0.007109402458383412 0.008001874958280034 0.037336046571167694 0.0 0.5491293394733039 0.0
2002-06-01 0.6858883308089578 0.042325836240560966 0.5474976246000081 0.0 0.1300298185293654 0.031171623226604453 0.056092398851955536 0.0 0.23975977178153504 0.01650809785711012 0.00903742074379759
2002-06-02 0.016741733824903994 2.4970060965519587 0.0928581835001132 0.0 0.10103380877745223 0.0 0.021280103557572715 0.11299322053971608 0.12980606988395516 0.4920142824909991 0.2148621988252088
2002-06-03 0.009492771694991952 0.03840486354458365 0.10780447954974913 0.008451051342903436 0.3601078746838078 0.0 0.002476014111645858 0.3952558851534383 0.008615611275975968 0.4451380592638988 0.0
2002-06-04 0.05418154266973911 0.010570716778580416 0.1678423811255866 0.105616147810403 0.016452926301183474 0.0 0.9616799615520542 0.21142323896566473 0.09109788880225858 0.0108571144044934 0.0
2002-06-05 3.2243844042364493 0.05360350134992324 0.03772575389689211 0.11116754502465474 0.0 0.5802588666172853 0.6459165083792561 0.04392793868755691 0.0825080703845244 0.019390458846821012 0.0
2002-06-06 0.12055461179852013 0.10827519017816345 0.0866041825989049 0.09589709552247967 0.057195405596081175 0.006561406632151733 0.1243270613975877 0.0018896447107517032 0.4033858345834451 0.47384476825447985 0.0
2002-06-07 0.05890211898546073 0.25771376607777974 0.08022106996190702 0.00467176192140003 0.410032189484718 0.018180011245617987 0.029961175625401428 0.0 0.04197283318495246 0.03206855165839696 0.0
2002-06-08 0.03643688990623199 0.047779964274208934 0.06741785377314366 0.0 0.0 0.22748592879417193 0.050485999699348263 0.0372080507996671 0.0 0.2486683453694629 0.008157290293269248
2002-06-09 0.052166009022363576 0.022483135088367696 0.03514322457361842 0.16296787996904247 0.0 0.005806127148525863 0.02368003529514138 0.014029157933259366 0.0 0.06212260763913976 0.014843547892323453
2002-06-10 0.0 0.004982320952298388 0.14042855891418368 0.014201133936739942 0.009654082873698419 0.007240603741700411 0.33480620663729344 0.0481899554638447 0.0 0.0 0.011556016987131563
