2002-02-08 0.024023429653793463 0.1382265748001389 0.17144072682761932 0.10684538884110699 0.03466032257730807 0.0 0.20504255899617227 0.05115863439513459 0.07073889964112538 0.1490882971461473 0.14566821953895073
2002-02-09 1.6031981479722954 5.546177741775306 0.09368314126669178 14.588979714734922 0.0989298846577928 1.5383972307002098 0.698895936297209 0.5510486608887284 1.8230533494784398 1.691065485101007 0.8527781697579686
2002-02-10 10.607748204085908 2.584798983279224 12.387881173464063 9.268731901407037 13.99482240392888 10.35918812617079 7.864973761869001 10.279727214054759 13.760788053132691 18.686664055702842 19.502130589174968
2002-02-11 6.400111981642723 9.359808252289536 2.4971206619853117 2.6682702389242023 40.27362629756035 0.21857779098549243 11.70794646435958 2.767247010358546 6.290817899422942 8.070843919267936 8.519879604110463
2002-02-12 11.136686266243883 5.521682194553382 4.441051771381387 4.981236277473051 6.431617444844727 6.011449089659486 4.605176856679698 10.648043887294058 14.36844262480767 11.057508586431455 2.8002418669129048
2002-02-13 5.187734093654341 4.983690558577901 12.212035552969136 8.52925133193281 3.8329239424356865 19.699419933275436 3.9340165784202537 3.5319044458654445 31.204553460948922 4.410950905552807 6.058293130244879
2002-02-14 10.40699533365223 6.156453716390461 1.2399688019308828 35.58781793316336 2.972825852531688 10.107614896283785 10.65356000315979 13.101099502946294 3.0856277601046256 5.1339959639920405 12.474780496196711
2002-02-15 12.840778849235427 7.512008309673214 3.5385629125011655 20.008051556553408 11.380974581100123 6.216460991682879 13.19203661378765 24.031128707740873 0.8694046327295036 17.691618430483608 6.7540113408177005
2002-02-16 16.45240507761245 8.41765652992056 18.181806996123477 20.2303516683664 21.575918244625697 0.9010173166756033 13.706015701908736 11.072951585421464 0.23053654785788444 21.30433490357806 7.4425380156887275
2002-02-17 16.248685770184107 4.976590257862268 16.012347292375193 9.834729474574285 12.747184267857444 9.384115454062208 8.503745739220452 16.565234190907297 3.200747642200606 13.953129266755582 2.020886496547337
2002-02-18 7.4888919836992365 10.2667158968138 3.260283885969275 16.21109485669126 8.035443807503697 4.6249954634401975 5.5490186862207995 5.806384956615478 5.959581060486362 7.41902049363649 3.0615090668723113
2002-02-19 1.8710184741121263 8.619874788628422 12.762684731053621 4.299311445925952 2.9055169880202127 1.0028103648810267 9.704860120347481 1.3833793082132373 1.737798798840407 0.3382008863602023 2.7965590460645133
2002-02-20 2.357671190912094 12.39340176761959 16.8068096790352 0.5086466211419813 3.8210355243737184 1.9895156384723365 2.5062954219119202 6.181887184825 0.32048890815222175 0.4610113696449736 4.089249665336869
2002-02-21 0.9769076357613273 0.8204415729508082 1.040716103160232 0.3181865687579778 2.525792881108317 0.9107871931358209 3.5789405006496184 2.24269620994865 0.8356996352426065 1.727042920150733 1.4705814114343052
2002-02-22 0.6480656571904791 0.306383011818554 2.501718897378906 2.8471511378390453 0.09209617301082543 6.5593102003896675 4.012097869695891 2.657457237042847 4.859970280315585 0.43074970356413866 0.11595073602298828
2002-02-23 0.1963980761350222 0.41150860466673556 23.6212420097864 0.0 0.18935171363826936 0.8217107712271262 5.080057808544324 0.058262065010460475 0.10306059007964274 0.6571474194797187 0.12979839605424817
2002-02-24 0.4384797798904992 0.24997348688127877 0.1308202070620407 0.29696975825104277 3.6183622374328275 0.08471803154031271 4.351076988851979 6.987270142487942 0.05072227706035403 0.6412319623506684 0.2680676984003769
2002-02-25 0.672718187986511 0.9349649758952527 0.13392578286493353 0.6664302101125554 0.49094619966112185 0.11522585275041426 1.2595752787392058 6.089690455382314 0.533461850671609 0.7325529409416192 0.026660385084830526
2002-02-26 0.9757128011619228 0.4952613768463501 0.022944241614382875 1.657811504825002 5.08380140842163 0.08518992445523046 0.26914501612120584 1.2288498882144872 2.3037745236343206 1.0718643870015798 1.5795810314160295
2002-02-27 0.0881386175459491 0.8524333917003566 0.0698680586122078 0.037923518651759025 9.71662650146591 0.07278618583126008 0.27091737433951174 1.5665389918418593 0.8526504755077435 0.3626477688202742 9.99091658763265
2002-02-28 0.5291100661729716 0.784516181036286 0.420594877746767 0.0072020549876020655 6.231159614373832 0.0 0.13308307607503062 0.14300839928353404 0.047585810713629564 0.1053029513111564 4.863736804899885
2002-03-01 0.08833776036598336 0.14736251170522013 0.5012351934421619 0.01568097071666613 5.050509186102897 0.006730162072684322 1.0531777041555048 1.7197824944146733 0.4280860201962266 0.6144873961634676 2.013664140798646
2002-03-02 1.0301043972412123 0.7657404949778988 0.768811872658119 0.9644656045290529 0.06701824566283301 0.19628877090156593 0.3082515083971221 2.057429437339106 2.186625951377576 0.9809165527620879 4.204638133522279
2002-03-03 1.2065011928412517 0.4241866054932102 0.86505499868385 1.1366844480625709 0.9238653858983302 0.3889711474020619 0.33296851988755716 4.981198470274801 1.8094274658336111 0.1820000764732766 6.9222164517762135
2002-03-04 0.06385454511381214 2.19697498268195 0.4338371995662103 1.759231925571657 0.7899074121437354 0.07965911297127708 0.1650177932380093 0.3822535293532544 0.12074475097406827 0.4832553338997162 12.750771071212238
2002-03-05 0.1101868067387897 6.547922731764795 0.4900970395481541 6.935156446658108 1.8825687363941652 0.0 0.1593043689144862 7.078792797579064 2.740321525842013 0.4822534828007339 1.5903174378412923
2002-03-06 0.055310587931547195 0.19611310524595807 0.16888676485857668 0.29551759602739897 1.2882040115262732 1.0167057403365145 0.7013512484500937 4.508533491769272 3.326460994388231 0.1523647967084628 1.3038235435873247
2002-03-07 0.27010300807259136 0.1976457822797601 0.07702062524967383 1.3371088100075785 0.7038081901747646 0.973176442261309 0.9225600718893054 2.846886168676066 23.62639849417431 1.470257483826193 2.360905922142271
2002-03-08 1.6025492354643767 0.2142591783666474 2.200097726690114 1.5028647411192375 0.6401781563195779 0.8147837009705026 0.3838099411876511 12.896170442826222 2.7817180985590544 7.47054013407425 9.77366238320919
2002-03-09 0.6665460134233899 3.5876777833399816 8.741417752275622 3.9445569746251654 1.2368464578726082 0.29883869531046914 0.7131630562651575 19.75087718437299 1.7602322267051869 5.0096042123234605 12.24902990704631
2002-03-10 2.732627229124961 6.068069198369662 5.389292717901135 11.332338812602291 8.78457609090107 0.24483838874348268 0.5126577131838286 3.213538674859104 1.2444625889060055 0.735853385066696 11.501140328981023
2002-03-11 3.7373620071959404 1.6386574610552471 2.916848898673703 2.5369798059081177 6.639924356523467 0.041862378292467674 0.06765694569696148 17.487363114822386 0.6511729333588356 1.792048995046954 4.265692562080677
2002-03-12 6.7029447416872685 6.940829601373995 4.25036234352506 7.816948054215219 1.1000503162359412 0.6001735835175948 1.4449679157814568 2.8278279302004137 0.8523383037314712 1.0943918228109302 0.9272963776736642
2002-03-13 7.627932630785704 4.17870311995884 1.0044412040167718 13.376889017994072 0.09912699039899295 0.31859646746443504 7.221510110260882 6.301258791543384 7.870824272521291 9.863737941674145 0.8493591624619841
2002-03-14 7.391849133494967 10.47941571502529 0.30450473405296236 7.315733850471048 0.05609519916295027 0.7192670890736627 9.459538184068684 12.178896917329652 1.8893197265550394 19.863576441242778 0.0072020549876020655
2002-03-15 8.2041683673289 21.17775759361043 1.5783041608141084 5.089030592447484 0.021892671163356813 10.274041151426449 2.8878321017474096 1.9405200111139371 7.058338508110234 12.781636986390165 0.021892671163356813
2002-03-16 6.477349493919061 13.061110363117534 2.341578924221265 20.75553404117272 0.3943595807556346 22.532021074787757 0.096692649814503 5.814612782925023 5.651426775997675 6.110231976007286 0.004767713921473715
2002-03-17 5.110346031291758 0.8690147943640046 5.252656880201204 9.305449776647933 0.06178314844026274 3.5073707976930706 1.653545640810492 11.818103093266263 2.285595672572761 0.5475981663628171 0.8799907032990311
2002-03-18 2.1320050262544634 1.602208768989938 7.547402421528335 10.5490611623455 1.1787793142234744 6.780017048659191 0.89802941102614 15.382652089981116 2.542462016256238 0.0659500848086357 0.30500745310622585
2002-03-19 2.5910934623231805 2.0937091320508765 0.2920463278298091 3.982259461760673 1.9416801196483808 2.135383982844581 0.1578748968830156 26.620103618203537 2.426793385075031 11.179806791464387 1.6151944553664572
2002-03-20 2.0828099720967232 2.354668043961846 0.9646476690231457 1.6274063655301312 0.8312335520292509 1.8799201078595975 1.1044827455233923 15.911131976378032 11.516412128793624 3.260535651715597 10.888705954870403
2002-03-21 5.038706611610252 4.891068194931796 0.20900297665364356 2.015110770221134 0.617205382832955 0.700414099195998 1.682959202371981 3.9650598731417284 3.510357671793245 0.5712566962536486 1.1235419514857523
2002-03-22 1.5167814701018203 4.003415517864683 0.07186105916979364 0.28291081599203205 0.8138570889845357 0.8366159508849147 2.953076874190107 8.905177236416481 0.77265256228663 5.88463615875288 1.2000929663392859
2002-03-23 0.6897546681921684 13.832046538251916 0.9969168636293051 0.2507736010732273 0.8443880495310769 9.877692323243418 0.5117144657437706 2.056493982488199 3.4594301501082345 45.67311640753587 0.034223965970085056
2002-03-24 0.6317281633206058 11.226254659424686 3.4895240536718046 0.020824510335942212 2.6558450502928315 23.4275184563758 0.28072740208639424 1.012782953273231 14.292329177516923 24.972217330559907 0.024545164280326156
2002-03-25 0.799756033838471 6.8767154301511555 1.593152385718801 1.0725441615592444 15.724501265219583 8.385612169223691 9.536079677245773 2.3647775510695457 0.2599282943347282 8.643432879137317 0.9190301245744525
