2002-01-11 1.4883759882325491 1.6028367010852544 3.0184687403984087 2.4392381040261233 0.8081624866879255 2.0715967966193922 1.3795425987881196 1.5163928728642015 1.8595670194170937 0.7305658379067073 4.756370408792726
2002-01-12 7.814102045158617 22.594046497260056 9.302251006353776 15.518618038800039 20.507660448561964 4.429721379986697 11.665001172509937 3.6878538914843317 18.365054015478393 12.611987189540397 9.255116498568976
2002-01-13 8.428126171802703 4.86487815827048 4.864255833662771 10.841313376701711 11.980323238678729 7.852709935836373 9.459619732225624 8.589217421531307 20.552872691542426 3.5614881561578104 8.671680347932812
2002-01-14 11.936472891613732 5.967237148631208 27.852204817557862 11.000783892852583 4.594637716385396 21.886219582736008 7.745577457327273 13.020147091189259 10.01648484917121 10.611713490502414 12.717092218382213
2002-01-15 10.34006585789745 4.204497479941498 4.485928350101295 8.383169066758882 10.53646442110184 6.0359238379334705 12.204981585424793 13.06929278864534 5.448150906425894 26.07550001520766 2.7800865703711586
2002-01-16 9.092110457319084 1.9558112629459512 5.01790159579528 5.535980301501072 5.648930083153427 2.802858206590542 1.218459316754731 19.124897169839198 15.330953822608423 15.186693232507814 4.812685134233259
2002-01-17 8.845914837262425 8.636348132514723 3.437718548103527 3.886536534037581 8.183191547582917 3.172309639782671 8.708325400666297 13.8364976001527 10.599096559464098 22.11721907282159 1.6851829770031443
2002-01-18 11.446308633242264 36.83095733802408 1.482229833186616 5.62303436373876 19.83870998765716 4.220800009519124 4.165179771579294 14.078673392305966 8.819109983368646 1.9642263893172078 6.709979578986405
2002-01-19 6.9787869099603395 5.0832887576468035 14.773113918132333 5.938344810942445 22.140172262666397 1.5319599205648111 3.7175152857901503 11.53258066353459 2.3491919862561934 21.73815151531812 11.24617409041517
2002-01-20 9.085211060401205 6.445039218915808 11.590036917092078 2.4508379047361606 67.536038702096 2.1990342958451814 8.310718210797907 1.609578257024204 3.092443982165975 8.376215823519392 5.027814224883666
2002-01-21 3.873148805514854 11.25991072578573 4.189712876963149 1.5581612839044614 8.386218201973653 2.3128489237187395 2.94361145335232 1.7221134302188414 0.41271539137257757 13.041727876507595 12.640717092081674
2002-01-22 1.1891275604660048 0.6527307290589927 2.961840529699845 0.4826560228725061 5.674860912946928 1.9277751721348864 9.776255169818082 2.610378657218517 0.5142728244055117 3.56405621657486 10.077177792048262
2002-01-23 0.07713945212677505 0.7833248340670733 2.337635618805901 5.844714275482762 7.001495089380314 1.2531710777243725 2.8426579111226546 1.5390427668903848 1.4387557451200772 0.34623618328162176 3.1569411409989536
2002-01-24 1.3701364016502373 5.434040082323003 0.2468010368289949 2.043512000051618 15.638651936489463 0.9769275846362077 2.0678636399242776 1.9997075406475693 2.49692104569434 2.8574502977451672 0.0712724222612598
2002-01-25 0.33243054973173813 0.21003102636127743 0.17655007579135082 0.6591636984510482 7.740510148960986 0.18110650523923538 0.7034492725484986 3.287696694336347 13.966368947121161 7.223096206782501 2.031906832335244
2002-01-26 0.7920654629827194 0.0 0.8107391524075134 0.6047830674610605 0.0 1.5286626922925755 0.09414750149809664 9.330579861046077 0.32265393886662286 0.0 6.68131323823172
2002-01-27 4.510313078554942 1.682160705194225 0.3227055945490485 6.001831850824112 0.5356512187851736 6.051044925153151 1.2130108171642515 3.769721234308808 4.462044580021085 8.788001845280887 6.622555005781557
2002-01-28 6.101292741060025 0.5748580684328882 0.8944268686827667 2.08285052656973 1.0178442529897325 2.19628422875667 0.937721995928158 1.4345462228926091 1.035795638656944 20.648401390452534 11.36940627447613
2002-01-29 2.3800296984789266 0.12497928014706719 0.05873765258426988 3.8183663890680175 1.4074430115131542 4.901992914064536 4.547438017264312 1.5026515623351868 3.9503409772232425 2.0318694761602 11.689718271993183
2002-01-30 1.1150330331528733 0.0880201563164788 0.43150429316737726 1.4790237466598377 8.132993729498844 0.4439312582753068 3.5101049061411222 0.16052089378964252 0.972207584412029 1.3717665616235863 5.059510858236014
2002-01-31 1.3798847093624427 0.0 0.5134999157913926 0.8598184565869649 2.1725268332385994 3.5765438824433486 1.880682624721384 0.01621177947716474 1.1960800425790445 0.7262816836536357 1.2390586716159355
2002-02-01 1.5471095560908124 0.08692967872243951 1.1179613195206102 1.2962472119537765 0.0 8.788019107078092 1.9154984408927804 0.04145215008443625 0.13742888611547266 0.05193600402608361 2.5854638206787683
2002-02-02 1.9628005091497942 0.06385434278734421 0.23263739871952138 1.4234469419265954 0.6101566236815111 13.746087080055505 1.594212241241307 0.14573772232948606 0.6918680191293415 0.1318832277850294 8.272823101181052
2002-02-03 2.474985306283089 1.2957539233157715 0.3286359921300238 4.519194278422767 0.016823436233287133 7.834965985556364 4.096990006861413 0.7778731440275326 0.7467136431179842 0.6969440512177667 10.218612230853017
2002-02-04 1.0377849948425961 1.3059867642445133 0.05935430015440271 1.1172069230520576 0.6882431248802114 3.2265783127375274 1.151537288347746 1.7428971736151473 0.15657556304723727 5.220853635410018 6.779460149533601
2002-02-05 5.007854286596503 0.4433283544998724 0.2784800478485671 0.19621369857158438 3.305641362384068 3.9192321521743985 3.5612719365896095 2.133011328259502 1.0791488974760857 7.813049725702017 0.6010178075458177
2002-02-06 3.5881692730857186 0.016662586715147178 1.2801147888785689 0.08719943644984782 1.5606359190604668 2.1257350680347575 0.4138866656346443 3.6899116757799573 2.0124668714532934 0.4618342762304294 1.0408993041471066
2002-02-07 0.0 0.04510285806306077 0.010215876118393256 1.3759654326310342 1.0717516330579657 0.33480443265144 1.3807120021993173 11.246124199750824 5.216793921545303 0.369259462033779 0.23484823329854157
2002-02-08 0.0 1.265648614750198 0.41531475700550324 1.369467381779505 0.7900809376399772 2.743698878547928 0.8795739599943802 7.359999188348498 0.020785412885728577 0.48290599512079174 0.7014907920170732
2002-02-09 0.0922776051962362 4.895713446045112 0.6185243368235802 0.5478958064719834 2.1684384611875034 1.9986625201599155 2.3912092536397074 2.9576082535796036 0.016356308908906103 0.4936128339200109 0.1546002634952123
2002-02-10 0.44576852596088107 0.01798783289565442 0.4842180197331264 0.06613471810182882 0.18662132981578775 0.7113753682092685 4.093021900367952 1.5880626402775844 0.300877792319281 0.2283718482153811 0.2925465416128792
2002-02-11 0.04175542748980872 0.1797886576206097 0.025858595014346307 0.0 0.9111285017779926 0.6490583242386275 6.824488198314158 0.6661407321017672 3.7746107111137506 0.852656900834041 0.0695649650050697
2002-02-12 0.02566145845451114 0.11237112486213677 0.4066308031031392 0.7272314633019641 3.1908642107391487 7.699491048852509 3.2077846121249816 7.948798323742105 8.167029070375285 0.6893414944537899 0.042172294609813525
2002-02-13 0.8169473645732542 0.0 0.5347258962246568 1.7770399130436556 5.804107633435267 17.429773209535423 2.5956951091336427 7.753641482915205 25.443207772463197 0.4456940594078143 1.1924117564676133
2002-02-14 3.1542434682837994 0.025261599592232155 0.27653738225581515 0.35821345702697815 2.867705374291597 6.985485544548613 1.179491315723718 12.145394079973109 15.090500306703088 0.14656341663082348 9.589220740697057
2002-02-15 4.754263085192842 0.024789563369289072 0.38433415073587773 4.933792458134164 3.567888491500277 4.967362757888082 5.602297756857482 0.17715962207029534 12.15415131209978 0.004815186610005604 0.4130652973133697
2002-02-16 11.860680461989313 0.007273766696577736 0.21818481857892716 4.9138970042992645 2.289900770489948 11.095653272954324 1.6300423722114563 0.03842435866170304 7.708006494312325 1.8180700280104816 0.29165743998083377
2002-02-17 10.5697437071967 0.03819920747112363 0.22642330358989976 0.30562174546169846 1.885198799109293 2.461980740036525 1.6985237167717164 1.1669940029581125 0.28225820504831034 3.1631290918575408 0.44145506620554154
2002-02-18 11.523879816929906 0.0 0.7917243934871383 0.5890814578872862 0.9599028499590307 2.353985420955662 1.318589644563529 2.3475789834016476 0.21060050502343067 2.0670335513436493 3.575550555318741
2002-02-19 13.594397089986096 0.0 1.822246615156907 14.193559935997671 2.1412623002462903 2.1762159430271844 0.47167284705958307 2.473188557155545 1.613050745697624 2.8326707865810663 2.9926454756715435
2002-02-20 17.593167974746596 0.13512421842895353 2.9176373631461274 5.073088751785597 1.922263558912662 1.6920881629499887 0.0 3.1260514198785643 0.8625155289536351 1.7064747959309887 5.924957293169999
2002-02-21 4.629932708661965 0.3035181763092227 5.744583939237822 15.43254331238548 4.4009959032288695 0.03937992339511924 0.00859901287708498 3.0415226384618386 2.5308492479406945 28.46722219226477 3.511235318956704
2002-02-22 0.21196343107451246 0.19528499126533938 14.168052745138043 6.974793044498172 7.488248835817705 0.17572746373955053 2.0511819088111927 0.754845888235201 1.1021965988796871 6.196116060271358 0.5514714590341889
2002-02-23 0.37701415833053753 0.5053562756236663 0.3565946221502997 10.410435941277953 3.0572893131764296 2.135784038681682 1.5251751911679645 0.5602439353964994 1.0710036315672538 6.18280439946488 0.6986577093621166
2002-02-24 3.0941616771895886 0.5403951622446096 0.9066819897018947 8.228947335539296 2.6025402093223478 10.166183661280787 3.1327501593317604 1.7331419172657145 4.168683076827334 2.713029245352798 2.596656424020143
2002-02-25 4.2252540315291895 3.661053116901977 1.5623183235065894 0.6460655410562645 0.4455243943449997 6.8220125544725185 0.03382494088292253 0.32211349741012096 14.396652920917537 1.5195847950492425 1.5727850708720856
