2002-03-15 0.9812440072412729 0.26029738313143724 0.5602780113872381 0.6223410388538835 1.36368568382633 0.47526425096077235 0.5675707335287594 0.9481215245163837 0.4236721330852653 0.44375691752902696 1.3157471772285647
2002-03-16 1.1109607610615189 6.444551213930062 1.7233283481345714 0.5866202783579626 3.784386498990443 1.3278482638929134 0.4450906098798896 2.3758722257652067 1.0215349565090621 0.20242658398053887 0.10669231708118741
2002-03-17 2.747083340572739 2.5099193715164625 7.135877461982642 2.3127152517812073 2.2496155964807434 0.7176257677641993 12.174594976703636 9.074550566212835 1.326243591890525 6.559858860868754 1.0594378229462222
2002-03-18 11.079535605859622 21.824539192415827 1.1005683017272032 4.023772184571866 2.674903974212505 4.382448015309046 7.741580879212588 13.226300859746555 4.994754399839657 1.7047816572934535 12.51568445287549
2002-03-19 7.145388812458334 12.160109777840756 3.1497860430989726 1.004024995000769 3.633843766096811 5.608127758768081 3.485641717983036 14.298506674989092 7.170320563034945 10.183460106873037 11.972311610781727
2002-03-20 5.941291561371372 10.935992826860353 3.031655897128301 0.4466969872100344 8.06130634182652 3.536762334442594 5.70710018771355 8.376608008250006 0.38028622338081425 2.9340105893420922 1.9115671442852986
2002-03-21 4.933623222131889 2.6307594516014574 0.09046399098342031 4.238383758320953 9.31617471851232 1.7380178474973436 3.64073708446006 3.6976332566800636 4.571511661918519 1.1044410751938916 2.1544358909716856
2002-03-22 7.08508921065552 8.417172908980918 0.6725927487213458 2.5415729821707154 4.708003742899321 6.352760832629295 3.2145402636284377 9.960057083273195 7.941273287355953 3.5493308472884877 8.848632244727881
2002-03-23 7.634833768034037 1.908323659003135 4.556527949143188 3.8227018996170727 1.5315260212867994 13.94763186536975 3.943097884204439 7.959005738142398 15.936673855307113 0.30706389519612237 15.126522279160135
2002-03-24 1.0557315167260626 16.858112587331817 11.865210292838611 4.5485893030818945 7.2406248521886525 6.543897882197592 1.3800121182967757 2.804262886515765 9.071477197615534 2.469117703067648 9.912137423029453
2002-03-25 3.2413403767650513 8.098944748575938 0.07811714777482243 1.3894191876128192 8.741652185321328 17.39074180798444 0.08408079959740497 0.16611152536183893 5.8329557081984635 4.894047181909269 4.344762089726144
2002-03-26 5.717147014031358 7.300394288952312 1.2838639982424238 15.221827905608247 14.853926196970761 0.6504262539812437 0.6790273833075664 1.3216915401270688 4.398277601250029 6.49224372552734 4.418735779139359
2002-03-27 1.669036840553688 14.451653025820267 1.2995059283832753 3.2551231330345276 2.119530868244607 0.23313869727901804 2.809237960771549 1.4575451229691336 3.1819020988982523 1.7528868666745516 9.369785680509004
2002-03-28 0.7282569082197544 9.740874250029739 4.945951661751223 20.319018024175367 0.9702118990587616 0.08821432761338532 2.178097660476466 2.7064825312296663 5.656515492203882 0.2314922264033031 6.651895696886124
2002-03-29 3.418259825005915 2.136124345025749 0.713900596330534 35.53584325874029 0.274325950219376 0.3088660453229561 2.1433863129334885 8.246704589429445 13.723792408486105 0.4203117949421508 9.239552057260983
2002-03-30 1.9677136354202678 0.0 1.3126571572045627 7.519036088006093 0.3682725158569622 2.376841375370243 0.10160586675982133 0.0 17.002718185549348 0.8026615616869859 0.0
2002-03-31 0.8753057732984866 0.9828981655603414 1.3176840098262117 3.2711851823877485 0.9084140098096202 0.6657465230657649 0.4751989445044519 0.06472029106834917 1.0618029200622279 2.1769026645062137 0.3495308023739099
2002-04-01 2.6010005583063807 0.68729916889711 3.01464851288028 16.298587439980224 5.213619435310825 0.14659967002189833 0.7444777314858757 0.07051405792160843 5.361732203618569 8.011435485763698 3.0029562020693255
2002-04-02 5.856457222306778 2.41576432736175 13.985295334966867 2.946548888818006 19.96162695114556 0.12513716915139467 2.837344130184319 0.6253450991677048 3.2577495691818807 6.452832370450338 11.636639209084711
2002-04-03 5.7369386592001455 4.690895522309651 7.503854814739512 3.887874433038557 6.8908971916170145 8.533399939678326 25.266571003524483 0.9994214564776149 4.584093675587534 0.7574717678157163 13.384872972181476
2002-04-04 17.129959482140123 1.834729157205563 4.860904275264822 3.8805241927716345 24.587651563184487 16.019550480812672 3.963872198981063 2.2516253122975542 4.706656572153101 3.5747325610184597 2.8960414683658846
2002-04-05 6.944500544060711 6.422281926806107 1.980681017053902 1.6157723408248041 17.943174367260006 37.75257018901604 7.232300863076469 4.761576967542676 3.6356265539426937 6.495419165810465 0.7374787097667685
2002-04-06 5.96238955551917 2.657279428926988 0.7147208527564605 1.8197159884497789 1.8736176624822165 16.333061043724722 2.8562316506409364 0.2055942678191398 26.019393289347526 2.670022175818386 1.7716619927592416
2002-04-07 7.1477995158427525 1.0989788800056608 0.8092375991483725 9.259032001977058 1.5561113940550628 5.580924247240052 5.942116538179437 0.4697316857824189 11.222015379446178 1.7079550772070782 1.6788195484543587
2002-04-08 9.699574603742706 0.2297494416478104 2.879667627280644 2.0913277137040076 4.282571065348018 7.168948461409837 0.6208763798215328 0.8319580626552443 1.425429505324602 0.7227959856265631 0.48545181467403703
2002-04-09 2.4603801452159875 1.1806806736152038 10.729812183652411 11.909183145945779 8.844250050134917 5.363206912699001 0.12740291279366447 0.8877090707803039 5.250906321704884 0.8255433061567979 0.34364172462327897
2002-04-10 1.0232992208325429 0.12055716709683274 0.7083816943246062 10.510714511289557 1.7336730674802463 9.946007322399247 0.13593114685022095 2.5018831188452264 2.8906797648737284 1.4260368502225642 1.1308591763426041
2002-04-11 0.6051883848060169 0.1989086498639963 0.15950004730384634 21.31947403544578 1.1415731796584396 5.790400748646537 0.23534789467447373 2.5384679075279384 2.4685148394713092 0.7484541757633062 0.7498315961356038
2002-04-12 0.6947182403192987 0.3578726137192751 0.16397223986962808 4.188691932377553 0.5525924838612299 2.9718073568920342 0.1640589586172481 5.562977989708085 0.3656805851989503 0.4820394900710655 0.8113101884961986
2002-04-13 0.40789748911530654 1.5672414350185653 8.415755552887356 1.396440543878834 1.8245996085731635 5.623426605492458 0.0 4.31802798060342 0.1698601004732675 0.18449601038369515 0.06215848191376031
2002-04-14 0.5731372854130474 0.5923398820739201 0.44008323819600614 1.1304815296575068 4.3156436316286335 10.357718459284275 0.5568004412798752 0.72393651466099 0.4326265753213676 1.0690105689057625 0.662968544653421
2002-04-15 0.9968323875000711 0.903461563982118 0.03175038693640892 1.2476957869574994 1.2464237938706586 3.3982211813934864 2.3677020614194584 0.9604776314817309 1.0061597811967826 0.3807415987299599 0.9269919304256495
2002-04-16 1.1179721077330176 0.02383716055967537 0.027906832118881425 0.022668141396333837 3.5135853144996805 1.0001800105040257 8.13500353577183 2.1323836765011794 1.6369625280417783 3.12859424858867 1.8313245102590427
2002-04-17 4.154912018272235 0.5176369650711015 0.6670777704160948 0.1391949854818893 0.7854583808820499 6.134918550975512 5.018531834087954 3.297795561987197 2.9776253092270872 4.254008574403052 0.6829701166848887
2002-04-18 3.091659451963622 0.1930620643278735 0.3234103867918423 0.018450440975038115 1.2355598939384347 5.724992076437885 8.324438892400032 0.3830131209257645 14.419763817804391 1.7229597137062438 0.7279365038090155
2002-04-19 1.2824747540342756 0.12004679524684173 0.2712069018678467 0.058868292790343925 0.4468183689184352 0.17174947147107056 0.5217103163573003 0.07871187127789661 2.617815402369427 3.016748757199042 9.36281518028535
2002-04-20 1.4570628969967532 0.021846269551196427 0.7697247736043386 0.08269168538845532 0.3695753689878798 1.9772783548469324 0.6222365242367289 2.088692660294216 6.8763685482317936 0.0036780587734113785 1.0974901131566357
2002-04-21 0.27469178915377124 0.048926560731968036 1.5192398760084616 2.148710438594264 1.3250113110835162 0.10785539981843084 0.07531988675753541 0.6936165460501016 10.737977702254636 0.4701404882472259 8.245468963896439
2002-04-22 2.743390452816003 0.2672931826058484 1.1195207299828822 2.725488847074418 0.5744426028987024 0.6235566591337496 0.7569880719370463 0.18000777890031372 3.5944244860835646 2.552269965393544 3.4091552638812113
2002-04-23 5.055727509865084 0.05519023401693255 2.9710121699454186 5.710930032335121 0.3253760565343045 3.159829120576672 0.6690085169994437 0.2911124910431425 1.3043203115349606 12.106141104958827 0.416800367058956
2002-04-24 5.611658728683838 0.0 0.06811979542680514 8.434596909997767 0.06591240957185211 7.333357479411175 0.1338020312030137 1.6640204065821194 1.5881404213778176 1.7994349825903244 0.2910034306390344
2002-04-25 2.4502744859507355 0.2072209001564822 1.530022656756517 1.9618148047943573 1.2537855714617177 0.5348933351403704 1.0500784234592246 3.9091196186589516 8.48837226776471 0.4830595766420066 0.06128580843050307
2002-04-26 0.9728566157542345 0.49883776067668817 3.74129059075066 0.05525017587827909 0.2842097605077241 0.21865441743205988 0.15993990281582018 0.5143230754718324 6.456273444919863 2.5040196150355425 0.19883712924103603
2002-04-27 0.5191544111856241 0.18447796220506113 6.313165567336945 0.007714743397791307 0.016109074387324628 0.3862120331883523 0.3440337926285189 2.911449920309667 5.17216910857063 0.648469134993612 1.925266792944825
2002-04-28 0.06627978813605465 0.2896650300211445 1.8896462678745718 0.0 0.03155557973976435 0.25393880836240457 0.06445338345965763 5.444834447788661 2.3387402445271217 0.03310416503246594 2.165756779721846
2002-04-29 0.5306058806750021 0.21815608915368406 1.2512396750762262 0.061731857282080124 1.0252332923088154 0.5124750719506745 0.040532229742434714 0.029552888676120603 2.3732088872867 0.8458814411038522 1.2869770395277262
