2002-04-12 5.3427679723563095 9.38643187012422 7.154806691989487 8.495883770396723 11.027482383139862 8.904780273753193 6.34021817379573 10.738225352777164 2.20628333231983 6.117708190095496 5.991153291639319
2002-04-13 9.273208444982563 5.76362488069545 2.053819258938719 4.619426189993673 18.88562262624871 8.346396397809475 3.7757250860960854 11.744125910229643 1.9462673056604722 16.296024441491124 0.42297495309436467
2002-04-14 9.089425774711593 14.433943572452115 1.0559572888799824 4.168775544459351 8.586713485109271 2.9370040039951726 11.4650536739851 8.055478602839006 0.37411948878465584 3.6002218089434113 3.2993483140576503
2002-04-15 2.2246444973828337 0.7876845630337093 0.9577426607341383 0.6463008112679804 0.15419652371230091 0.20495590742715253 1.6975686021987977 0.326693469415616 0.40888772546997754 16.61080582505669 0.5185125918953668
2002-04-16 1.1200233879586465 0.16424660080848805 0.5852216932339365 0.9713549827289206 0.1593862025351544 0.6799679041314008 0.5873808024808471 0.4242556605893225 2.106422323922576 0.5104391469615722 1.4709324946131908
2002-04-17 3.077175713289343 8.641760776834179 0.21943440718542262 0.6484179625524279 11.771823242379183 1.4028248671630141 0.7808988541323965 0.7459257078288071 9.002855996619616 5.834059602833098 1.6114432457209296
2002-04-18 3.0137850819619048 4.727393992490185 9.398570279839475 3.3466152816922863 5.7288244842726925 0.7857559861372414 0.4165640260903533 2.5177453475428395 2.439778883169685 1.9043247933610936 2.0817330772133014
2002-04-19 1.908875935947465 2.717924455078471 0.3865547506144608 20.416351500773377 7.207333725241972 2.280646790868209 0.4250360306583138 2.919445874684427 0.9048210888939034 1.293324303733662 3.314946741533479
2002-04-20 1.4980429253212244 7.735192692390012 0.08201418288457919 0.4715326559221641 2.4173907702770108 1.7026109684203763 0.40885275399155097 0.7762306821719612 1.3244339449190048 0.49028586243715494 1.2211920203237117
2002-04-21 0.20235225169057955 2.9195088988509337 1.1524685734056108 0.3835362530997657 2.2406413335966286 0.31048050156294527 0.754173131585361 0.0030426837226022892 1.2772490548647233 1.451713168156141 3.8052795982221
2002-04-22 0.7295932014977946 0.44504725860856076 0.11119932260389083 0.11772044114391049 0.0035536521098318463 0.0110930628663065 1.2593952767642684 0.08654587922093654 0.26612745096624324 0.9406740128520795 0.5873577117311747
2002-04-23 0.5451021925532362 0.9870635600581183 0.0685133417955408 0.542420556266788 0.10770660610566768 0.2535573887004036 0.9989339732825273 0.8509033838599201 0.4833031686499213 0.7940827546760911 0.03198640102677926
2002-04-24 0.9806443034419657 0.3833557976806875 0.18611500622240634 0.7023582741138104 0.4335309261660034 2.226630201175639 0.3045965933814827 0.5217571370212328 0.8182677354485436 1.8142963663365537 0.1132482361224317
2002-04-25 0.626285482466493 2.1888402231287656 0.10169645696412646 0.26802929157562966 0.07881737988185833 3.905139322858123 3.9420402843686704 5.532111473528451 0.20680679878570798 7.294898857861767 13.518578737949507
2002-04-26 0.81799561136949 0.7245410247890653 0.35868716445458243 0.2687782176738337 0.21323878992719442 2.8926297257416858 4.395823738344351 8.938086834051296 0.14258419202711353 1.6084469669460284 8.062071394643006
2002-04-27 0.0 0.0 0.5345784224803931 1.2579604205969992 4.730745923454223 0.03129581383060792 3.4608619852121567 7.232039426916884 1.6224740910092297 3.919987447626703 0.0021713038768768943
2002-04-28 0.019134876249175366 0.11755939759588488 0.060261509552758316 1.803908158364842 3.816633009931593 0.37714302977919334 0.09040924605647599 4.313269721675731 1.6150496411084976 2.1377697772286544 0.3341382400945496
2002-04-29 1.126795169405304 1.4743983340861777 0.4061461378381649 1.0268184229071657 20.506381041463975 0.7565326941442929 0.5729463640418112 0.6190264534662764 0.7576716356866167 2.1947653383819565 0.04290113558122767
2002-04-30 2.379899001157087 0.8157232785099973 0.24912724544316595 0.6997782788266578 2.0053147757789245 0.45245729448112876 0.0 0.06661486634851385 0.23123953874500688 1.372072478422405 0.5240383347279871
2002-05-01 0.41526587806117876 1.2683576242050374 0.015699976861837137 0.6597962575641572 0.5827036455344494 0.09486242230873289 0.07373964577774594 0.09535040674925885 0.9555280004892198 0.35600813211168525 0.6525734486462493
2002-05-02 0.6352271653414931 0.5406286502077732 0.2233646003015297 2.326986849370254 0.18447657360372355 0.17768443270317819 0.06768934809382897 0.24431907949075876 0.49971726404431716 0.17780352217811252 0.6624924088127964
2002-05-03 0.21568814020182447 1.3614673820724517 0.1656503329133539 2.290030352362611 0.04270358626145003 0.022118044204706096 0.9135007718148871 0.3427873983003612 0.04368163016023066 1.7187070546965684 1.8544024998740756
2002-05-04 2.105215550681846 3.0937175149028864 0.7285232151684209 1.190344755367732 0.27617588447270924 0.4510927676996076 2.7788582742501466 0.48625113834860717 0.4262291270343127 0.5263444477961849 5.32147961899334
2002-05-05 8.816588907524022 1.0532978432362756 0.6955762661938818 0.14572691715085442 0.5827494210214003 0.005368106879597758 0.05532067054305767 2.212435097850248 0.016393088217997356 0.06000056435460918 4.338712460358697
2002-05-06 4.359034369878096 0.04739792352872925 2.7681061718902944 0.20127256916621622 0.5984688471133652 0.6480096154700832 0.23665113470663984 4.03811369580829 0.9581601630950389 0.0 6.392755578501484
2002-05-07 0.11127135511012459 0.6008048402715913 1.0278793777576583 0.4179933942405965 0.8498366050448795 0.20845801915402395 0.5106370131938722 9.649033309300886 2.8171384479766584 0.2418205689751294 1.2912119343287178
2002-05-08 0.16012349700430537 1.0308202591492266 0.5346327499834923 0.047508110755378335 2.859855268320692 0.3011582541838707 0.9408559084412649 6.267119744140617 0.06982130439604468 0.43111968588243577 1.3356322719646014
2002-05-09 1.080696655996613 0.3527814147065469 0.22110202933448939 0.5315197873885575 0.9786420988540223 0.934365379594138 0.9635925674935746 1.8264406536983464 0.017987290613952475 0.748407093339543 0.05072553914404179
2002-05-10 3.155187416178598 2.3056853175250565 1.0497397812132725 0.11417202744734503 0.8937584184496169 0.15070414037018956 2.1434678677275363 4.671051753844267 0.015521708372271958 2.27414853886924 0.2816872241597261
2002-05-11 0.3342908615138934 2.2300928340277486 0.3251389233775175 0.875068382006943 1.7992434743281294 0.5235793025602582 1.1646544207649372 0.6279440834121088 0.8360855018871745 0.7897024087897406 0.5670896610110059
2002-05-12 0.5942651075767549 2.402018587017744 0.17404539775751704 0.40750755739716926 0.04487489013832692 0.022193262191624256 7.865147780143078 0.5555612942901202 0.24981310604058657 0.5052548756226347 0.23520445873366966
2002-05-13 0.05967725765463889 0.3460847244318307 0.17404539775751704 0.1203757824294235 0.0712934757970193 0.06911272628834093 7.3721118481111 0.6778945701830644 0.235121615602737 0.4349726157566252 0.015089641278242813
2002-05-14 2.748124489494625 0.44623000472234736 0.22607469338155534 3.042364750228571 0.1160214533027816 0.6624853707624883 0.7351972514517341 0.2235221499667731 0.08320023916259967 0.03423292424690143 0.09736243277848255
2002-05-15 3.4448819542543845 1.1940727900438333 0.0 0.6103915760529184 0.2719377658366051 0.38776841848319643 1.183167170445146 1.8251785626331158 0.0 0.2618053780653382 0.4142887759152913
2002-05-16 1.5867281171447036 0.8563761391617569 0.002845074002128103 0.09150276709220091 0.9321872793417285 0.6698507418699022 2.686089834901814 0.1088876617571157 0.0 0.9619527506060704 0.17431822396452834
2002-05-17 0.23141165558218763 0.5771101204754061 0.0870775733781505 0.03791626359065265 1.0429928041025487 0.6560203998544932 0.491570658056515 0.06427739742324728 0.027209640649032897 2.623683496937521 0.033251517075478215
2002-05-18 0.2682022477776014 0.20327046362950635 0.015521708372271958 0.040381464726401986 0.0 0.4437086517921084 1.9972222966327893 0.015719318092746147 0.4628926540585287 0.02531484720742696 0.009452008113680303
2002-05-19 0.21373598079411232 0.015248880664879609 0.006671553819352298 0.15652194857921042 0.08549261697403743 0.17700901653342832 1.6480362490753435 0.0 0.4799610061856645 0.03025600709951379 0.11132327440891396
2002-05-20 0.08160015328792848 0.3417936197709253 0.003826479817224195 0.0 0.288511351001543 0.19585376353123288 0.059206639569327785 0.6839183472927929 0.23716429721771043 0.2996931308087701 0.005016377879004998
2002-05-21 0.0632826548386813 0.6508533615996706 0.0 0.12721803025835027 0.7915236144251314 0.15659872406642292 0.05486547792846981 0.10659390756218351 0.011964442712031894 0.011365890573698845 0.22372661556814682
2002-05-22 0.13652348995006267 0.02167024943017616 0.0 0.0 3.962015624571759 0.08580541314183252 0.5542607094758506 0.03216828442307977 2.063403010218205 0.055452078452328205 0.0021713038768768943
2002-05-23 0.25183471876437863 0.0 0.028084703222636898 0.005997783694101089 0.10639629726330568 0.8893720716770226 0.13211450329839564 0.1902247112270722 6.913905561886296 0.0863096180775893 0.9105407114755135
2002-05-24 0.026084349990038582 0.04507580205915218 0.20987943511959584 0.4324495895617271 0.05640281954172639 5.7695540374136085 0.0 0.0 2.5867971338349167 0.02905890326427385 0.693764709809837
2002-05-25 0.05047931994585561 0.07916244497476367 0.597975597485428 0.0 0.09510028198474427 0.011365890573698845 0.05365665190647386 0.11028076955295395 1.1339860274069156 0.3408465862921156 0.08206135705699354
2002-05-26 0.8434017368933432 0.06944421265919844 0.8258508455899134 0.011365890573698845 0.11092264975738991 0.013086098253618212 0.03363469214220805 0.0 0.07279821399481803 0.17459910107628296 0.03190782174212334
2002-05-27 0.33120580737483307 0.48214883827504884 0.009191224780506492 0.02148836739020276 0.12896394099985964 0.07233581669075113 0.3653815057693738 0.045996394158617775 0.01229714260969627 0.03120260493215735 0.003826479817224195
