2002-04-19 0.30713197656396524 0.4875863334801144 0.30576761540530273 0.5297598696855188 0.46439805593351896 0.2918016277966994 0.5269943753745099 0.38658562372127825 1.0462358341486087 1.0127725657686746 0.14426179517031829
2002-04-20 0.4224693664663888 0.8237432564779666 0.03200659909086969 0.0 1.894121410087807 0.23772918061374795 0.18029287580181508 0.9605195976679266 0.3490830371028234 0.23645708334902749 0.3046608328677519
2002-04-21 0.3382967125236681 0.7056980286892953 0.051829989830959856 0.0698985606004773 0.14437964301085776 0.06234677941185674 0.25440672749970467 0.18400554956435308 0.4224211182454349 0.37129703508159445 0.10761303271968471
2002-04-22 0.707389622665562 4.300094743218547 0.7712803645692409 0.5424393535152456 0.7064735696413484 1.09794798729884 0.09564932249980795 0.0298930213321119 0.5750165390278223 4.0825228320308495 0.6432937760406477
2002-04-23 0.8633639860293976 1.8468822346432583 2.175853338284844 0.9534837314127604 0.3975795434799575 1.3331150058219428 1.2504880880401 1.0755309783878564 5.0035733193726015 1.049688424908183 0.49934203355145373
2002-04-24 0.7280850494231232 0.4602721261673214 0.9763687250934308 2.5874089452078617 0.018029445393078984 1.6445945121396455 4.3346274088174495 0.5216542315939832 7.657291815144027 1.962879371981062 0.14945260876656516
2002-04-25 4.24213030856948 6.344337797729979 1.7482922563903371 30.580502307913513 1.6407388029032668 0.21378868924421013 16.297322670390237 0.20286313698508202 21.159374965811512 6.0318431659573815 1.0609443975347679
2002-04-26 3.3150814014005547 18.65869702561661 11.657187498018075 12.907876015189434 0.009311269966621998 0.9485793825522765 13.09435520802315 0.14249683400556568 4.822848104839148 0.9970299999547948 0.5531771024146875
2002-04-27 0.2142734839681721 1.2748444112600494 0.06631263263748567 7.8353470904618225 2.49515742747231 0.40924175539309554 2.4058871765891463 0.838052506915625 1.2428759012736912 0.6390977444295178 0.9511045352074187
2002-04-28 0.3380833325173689 1.7718427244057042 0.6464157290344352 3.0949546494570592 0.34955008810207056 2.4879561803220813 0.988676084782538 0.8824086314680205 0.6012186546523051 14.111678449965064 1.083959376152835
2002-04-29 0.5392656421522968 1.1905604658098012 1.8624397294123145 1.278053687972772 0.038924535275097136 7.994817934755215 0.03434116625504159 0.6958962990492106 2.165996850982524 0.9723386773507735 0.10781039972883773
2002-04-30 5.952646617847277 0.4696300276276634 27.796106033516978 5.1587177962732 0.024802558049978163 6.701491351414866 0.024575164828635834 0.38333045216588807 1.296459816265592 3.8735711988178516 0.08426261971893471
2002-05-01 4.977451366540253 2.3591807923334 45.2347324773994 1.3484168367058582 0.4306481735543013 3.4269501950833456 1.7053398880587949 3.282604629699113 0.8740870678211163 6.106950703918242 0.14466113394619146
2002-05-02 7.5211879710092076 0.1452175979638673 0.9893940594541725 1.2123306709771344 0.12430268623638444 0.04407666700984211 0.2703436017987998 8.230156970037743 1.1807663900201018 0.0560934156804902 3.1000896612616122
2002-05-03 2.406617269499777 2.527697610435104 0.1798783176973603 1.1723343375644233 0.0 5.241470341003579 0.012361577239203503 0.08940259091496072 0.4248587362175778 0.2230304355671262 0.12803597293812094
2002-05-04 0.0 0.30711714767256726 0.0 0.0 0.14614022607516847 0.3534195892364556 2.015383620219922 1.1272161075673224 2.1366907422608774 0.11876948802529823 0.6949963448135399
2002-05-05 0.1215181555133394 0.3186885202544554 0.284172741837905 0.10937846178368762 0.02323934480607053 0.2544254639659448 0.05946006172039854 0.00276549554816425 0.17681657950146734 0.3687720018099052 0.02157264328214968
2002-05-06 0.9849724771756367 0.11055158639788279 0.019869067315550056 0.2435659033869846 0.13737457101893835 1.0374033865253056 0.049840434085702934 0.6124336173923814 0.01573626055145935 0.035907718452585086 0.17007578900609963
2002-05-07 1.911555818249713 0.27875595557628285 0.0 0.516677722777013 0.3186918693825589 0.04683791209148681 0.2546628733722247 0.011039795815353142 0.036090326092400135 0.1403286922304457 0.013625683868270415
2002-05-08 0.31054191004474063 0.031114306229079652 0.040826172850684704 0.022044953603091874 2.29861778056438 2.163763400904503 0.09675296223083721 0.1324827141388492 0.12599893818810973 1.1005119743567207 0.09207249997482188
2002-05-09 0.37398189482533156 0.23934501687531745 0.001973498316834329 0.0 3.102607347650004 2.9638686819067113 0.26418089512261195 0.1657993485991865 0.0025858880529172736 1.1199977053046593 1.123328951891175
2002-05-10 0.11063758502277639 0.2664567831004599 0.4711481309325989 0.0839668605468357 0.15264597931352092 0.8679164084847567 0.2836624861148883 0.0 0.018986755229232412 0.3854058728278628 3.6997714500978103
2002-05-11 1.8229183945583576 3.0999742975983198 1.1597643675251261 0.0 0.22891420196433537 0.0298930213321119 0.6665725690521255 0.0025858880529172736 0.11861316953095677 0.32294289786744773 0.02907244318042347
2002-05-12 0.7912374129334365 1.8307958463653629 0.21992863261338108 0.5743169622968509 0.03667373323646314 0.12874836600761183 0.05687417328187884 0.24333851384920735 0.5415806287411649 0.0060637759520326615 0.031593249568035775
2002-05-13 1.8082360157471642 0.0025858880529172736 0.7152151782430373 0.705064236720591 0.1370896101333971 0.0 0.2922533785700664 1.424494587511291 4.059569840063588 0.0928472024956241 1.3159826432618102
2002-05-14 3.1220781869725798 0.1877204646280601 3.231861917892684 0.0025858880529172736 0.007014883153011019 0.7681869687126792 0.7887292440596629 0.6980193959430876 0.21150823576940989 0.0068525712113712365 0.17325021662742007
2002-05-15 0.4337995587230372 0.5156981837329933 0.029140807912245326 0.23865946484687167 0.003477887899115388 0.5464675314450106 1.3378891521731777 0.1445478592676838 0.03741205208561962 0.0 3.6260723317891084
2002-05-16 0.267491383748381 0.2274661744063568 0.23543769274147297 0.1650522757012858 0.01094284884656957 0.5779081619253748 2.3841291847936157 0.012068819045004965 0.01701325691239808 0.19950774169088037 0.14499342057443
2002-05-17 0.7024049715003926 0.08968899992279183 0.09602604668184786 0.6802665317412295 0.06604900456988066 1.126502310134514 1.3471855909619805 0.06560349595298878 0.0 0.00899793186247888 0.008581298368910003
2002-05-18 0.535888828077917 0.0 0.038852674828134474 1.2523101242237047 0.0697094996369198 0.8381543168736031 0.23415730740358034 0.3835258442409679 0.8365826088062467 0.0 0.29986003739947475
2002-05-19 0.05830185387399799 0.019459065935777026 0.030866333616408396 0.017488623265027318 1.794051394163653 0.6456903758894414 0.045877255014858155 0.11579050411296708 0.004879072894536907 0.008835903613992762 0.0
2002-05-20 0.11545256625386444 0.028708318274616146 0.0 0.2686785078072477 0.016693570387612777 0.32805101650340224 0.3643195055302715 0.015433869580281239 0.13603032991230532 0.0025858880529172736 0.0060637759520326615
2002-05-21 0.23251810062989506 0.0 0.0 0.06168173431274313 0.02157264328214968 0.08403522604986241 0.0 0.19500247016703126 0.005653774572259635 0.06631263263748567 0.16759890595707605
2002-05-22 0.7994159873569164 0.5085852657052031 0.18721288692646318 0.03190310239263631 0.19689157767879392 2.306130311110765 0.18124141292988494 0.03789405093764714 0.11737129651426967 0.0 1.9207279632643983
2002-05-23 0.34425487853086667 0.30974137520553646 0.2350207686956266 0.1512154473896539 0.017585570233810893 0.3650233398502412 1.558511400287662 0.2683490918457079 0.3363171773808064 0.9669666385204824 0.5488871011383271
2002-05-24 0.03952133331425256 0.27163011023577743 0.022281979601413773 0.46122895497566174 0.014238073218750934 0.1050022287377367 0.013560373878315104 1.1205205689058606 0.03789405093764714 0.2902666573037126 0.028085802235141642
2002-05-25 0.22706646249712692 0.10414131992404492 0.06938051869935097 0.3535982429817839 0.13579009832007677 0.08709648026494728 0.0 0.046193885858214004 0.06433913461493546 0.10646445494149118 0.016276936508441472
2002-05-26 0.07364652037345434 0.06515321812842892 0.0 0.011586875561480775 0.08810001396525766 0.24951353065469972 1.9213777539490233 0.013622683205086694 0.0 0.14049939972341893 0.8358771549086191
2002-05-27 0.025172153184418324 0.31673587266092773 1.3904102617473075 0.001973498316834329 0.017967566085367787 0.5756384921042108 0.18817654353603766 0.0 0.0 0.008649664004949934 0.0025858880529172736
2002-05-28 0.021183991459440638 0.2222726873723679 5.528177979878227 0.2016125841569832 0.017795420057940804 0.9389262689062197 0.35526924560925016 0.004879072894536907 0.2693101781314846 0.028932217530694315 0.0
2002-05-29 0.10309722804099686 0.9082997531278749 2.232018821629527 0.9572529237604814 0.003946996633668658 0.001973498316834329 0.03503301415999417 0.09559326355170601 0.018029445393078984 0.0 0.18233216932181473
2002-05-30 0.010803910728914085 7.392394844075783 0.16641173901515596 4.247801927222537 0.0 0.5522472926949601 0.020485088502245126 0.1318431016864081 0.017585570233810893 0.0 0.23392980084207363
2002-05-31 0.10278490982945551 0.322071255141777 0.0 0.30512135770422955 0.0 0.7828394436954481 0.5202605068754258 0.012065818381821244 0.0 0.0 0.004879072894536907
2002-06-01 0.08063010012464494 0.2591208530227022 0.01134679391707425 0.12554612090537606 0.2515507053964643 0.23400801032754628 7.304191322362833 0.00504138483617669 0.0 0.0 0.001973498316834329
2002-06-02 0.0 1.9649572739523111 0.40317570041280726 0.0627139051219757 0.0 1.0010645820947373 10.467268073535568 0.0 0.0 0.06074509580141475 0.0
2002-06-03 0.09185973074330042 0.03105228991789999 0.0 0.04928372070248062 0.0 0.9908749012539151 0.036665988075489486 0.05188526474435049 0.020660918220973247 0.622466345551657 0.027733365817363492
