2002-03-29 0.759146034171063 1.388736275971713 0.9815758627974964 6.629259334030614 0.7270765248932072 0.6793383654193041 0.9313145871163122 2.324756896768213 0.08569844401390891 0.08418089525655444 3.344683206899422
2002-03-30 0.30057771470446376 0.40900393563843 1.0670632699489722 0.47260411188812335 1.3512084601777432 0.5002852844059582 0.12112777605105202 0.3260500538568484 0.3200946615125755 0.29849403531378427 0.26409311878532926
2002-03-31 1.330384202861179 0.6684052070019888 0.5609951065687514 0.2775431785254199 0.17647870473396954 4.753970972077463 0.24408208192859204 2.3420931117721464 0.39002089753542196 2.1379696213755395 0.3589270304151861
2002-04-01 0.29283131927055417 9.997364398046283 0.4845904863151013 7.9278937834719745 3.553280083853581 2.454712680854066 1.902457572945736 0.5369667407776143 2.3624387395331827 0.18331418874246413 1.6091384678672391
2002-04-02 2.43642259879164 13.976708514412053 13.159071892238938 6.913513803975297 9.280571323804452 13.938709438503299 8.268644243255288 14.045158742865755 1.096696024183693 14.299333442316426 8.4456350041476
2002-04-03 4.434131806589097 0.09584402981861628 26.17639024530925 2.7440111979306274 1.6203020455699961 7.321672313705729 15.221730316048733 9.389176765541087 1.9156766753119912 11.564466664488528 26.456390892516247
2002-04-04 9.469120359117637 11.83774002631285 0.4504485888747894 0.11774393530220614 1.2744208917059507 3.7635026309967246 12.188607809181573 2.857774397079722 16.489833346478108 30.0056753523194 4.85721075689686
2002-04-05 8.360215164200518 6.288528054077158 8.855321875069192 1.2595680268733305 1.5128583545158962 10.576446828903011 12.563465949370018 0.4636720522310411 5.713869837077585 5.053368761885125 51.547538577698376
2002-04-06 3.589683563864748 4.262246524219825 6.143374241214898 3.816572023838966 0.15685010212649794 3.0862696572877457 5.15308704614639 1.3536442020616015 5.992099088769111 4.172023310756233 7.583343184009506
2002-04-07 0.5864194184395511 0.0207432305986181 5.137369968691255 10.540251473756829 6.622318293128648 0.9331060083394926 7.074073884565863 9.488220620420147 8.531601898869516 2.749718559604665 2.260591780400362
2002-04-08 3.003735432026833 0.8016479066046881 22.292949990021793 3.6904250283496647 8.676867183956535 0.9565980226234934 3.4594825678843253 4.156019893580959 0.7463608217412503 7.986322131780549 1.979409984827024
2002-04-09 4.6752030732646706 0.7838656342459225 2.5532468963494193 0.3438051770940431 6.416579596996044 0.282418049206542 7.934949860544692 3.7024757521043017 2.1381336176909858 0.6222621680458355 4.022955767889318
2002-04-10 0.5137294803895343 0.04463152110693861 0.5664865752396311 5.001612247799754 6.547582213051174 5.340547733649318 15.265527564229233 7.890828197765674 2.6155620723870943 1.7464174906525425 9.047378609368991
2002-04-11 1.2667596375768246 1.068361659265196 0.26746110969782294 6.942504930436518 0.4649679290985726 4.760335231531464 1.2173916042767177 8.799742467391955 11.637857257050726 2.3730300465834384 1.2423409940802677
2002-04-12 7.210641168332188 9.725474047037316 0.3726330610414008 3.1940413758921 1.0876479461275514 3.5570587296951004 2.171916540591608 1.240975859194672 22.855692742622434 2.933696388066534 1.383518063233015
2002-04-13 4.45920860365185 2.606345167374063 0.5777884010423131 0.0 1.0789772629895655 12.312516051356326 0.05867379907359855 4.669208118215273 2.8399148124278257 2.5224787268292124 3.232256783993805
2002-04-14 0.9120176670912702 1.8766534224241023 0.3517325403574064 1.7987109338114013 0.9211926988602792 1.295747934665421 1.05064896669405 12.53908883900584 18.40669449558222 2.647037508882696 0.6547651785199672
2002-04-15 1.2217459417413605 4.46933422312997 4.143051550303399 3.402975503963221 0.9625423033714298 4.493418914409514 8.738806267730844 3.593430128903588 24.546837499655116 8.021342773152606 4.386066189927611
2002-04-16 1.1750310197285152 0.017662707574318467 2.431155582687432 23.288076198715927 0.6768116926942995 2.0317099301722097 1.533642771454685 2.9975961873961543 6.066925199953826 5.674941054575568 1.401006349743851
2002-04-17 1.5190421811213077 1.7734876362823022 2.911284839338311 4.4509058031050905 0.7747895472682866 1.8348876692368803 4.060358502623559 10.666173398410487 2.6067912174890417 4.398054796272492 5.875450470389627
2002-04-18 0.8018103742889021 2.4654229985330867 0.13337358293066828 0.21332399971389604 6.163905666759112 1.105405730781126 3.3263042352671723 24.259736679096537 11.470161649629148 0.9691873402852669 3.3203387098566353
2002-04-19 0.5309078508802414 1.4552373842850046 0.006907573162869774 0.4220530851238898 8.745507724744687 4.600646035045235 1.013270480577825 5.290164905872146 5.8342379792677965 0.4119327587711119 6.00927203526636
2002-04-20 0.5784242296476226 13.18990590403931 0.09868734516874338 2.4817616715709576 2.787631889703778 1.355954516973055 6.097678537107657 1.893535139265258 8.130053359001359 1.1826117884524183 1.777467605082917
2002-04-21 0.6828543885084039 0.09277510745669997 0.16290460334839402 0.5832193887982393 1.3174055063198602 2.9407412946726437 2.158681596336001 5.2456585652881005 6.402502800935274 0.652727740665606 3.2390680052214273
2002-04-22 0.4581914847607196 3.302285754578541 0.6069098022724858 0.7915676249092589 0.17762246765665884 0.8081123634967394 0.8436384296574462 1.6405583506752124 1.0134591156841886 0.4615440046439084 14.490609450383587
2002-04-23 0.41187749091808457 1.1336206795904755 2.4760702649662143 2.9297191419408057 1.6321374275518723 0.02688059877487675 3.1678291668230862 2.767621333814158 1.6796273701440951 0.18541027321716644 1.8617425735999902
2002-04-24 0.5039777704524567 6.3368542885515105 2.6665218892384854 4.81435705812096 0.40121801448303807 4.578404518575888 0.06920180098401174 9.383184573212954 0.5837282276245463 0.04694143711894734 0.7762220333780886
2002-04-25 0.6261616618469682 9.14634720462163 0.6164106360845997 7.831426194621211 0.6353768360636372 16.51955118139318 0.4292651684132056 3.5804266796381947 0.6969947300836672 0.23675577909354942 0.7065561047992237
2002-04-26 1.031771457684612 13.123937795764135 0.11406271174130103 0.3098771026534554 0.6154769134843554 4.867525081482939 0.6475584674238928 14.436947567696233 1.3037654755165307 5.441391288485695 0.1727029551514022
2002-04-27 1.5016593507019835 15.062729252429992 0.0 0.01750096812119232 2.7345935889282655 2.8486370888541863 1.294079225892987 0.20684878414234226 4.034300047813229 0.7341023437902559 0.015039798040510968
2002-04-28 1.397234510593285 4.733780235079273 0.0304491204508143 0.7397489067433054 2.0877724797614343 0.9684651200362402 0.6163426460279642 1.3874425655171911 0.9516325288232546 0.029339018610918408 1.1838001047353568
2002-04-29 1.053603466648424 0.649579259534834 0.1510953589626125 1.053008065651528 1.7511222515904756 0.12881020600984572 0.2803654967285264 6.550922174840568 2.5363255296967298 0.7016910438000535 4.098289766626572
2002-04-30 0.3282658847372292 1.1915114375328129 0.4024556146862295 5.528653540159278 1.3425123982967682 1.2454529570718502 0.946702411670866 14.467425296191706 0.7299042757379663 0.9811436213478996 0.0
2002-05-01 0.1434722857546612 0.06412047202654772 1.6233468108133813 1.1116861820558894 1.194909246818428 0.7010582621602937 1.9057074538672656 2.692127473698516 20.542484265847726 0.7348974317283291 0.15370241810143354
2002-05-02 0.114805636261258 0.14962492274774142 0.24137252073232512 0.33838762221865326 1.1652702540401838 0.09408968806297427 0.9120766950491352 9.989707335442937 7.633245198667636 2.3138992469976323 0.09283581070605258
2002-05-03 0.12026958893399683 1.5314950013669568 0.4931679593034055 5.2909919415377455 2.1887723707723774 1.408281192606839 0.003915264896313532 1.6710630434617433 0.7580046646426117 0.36949445775960366 0.03562291278312252
2002-05-04 0.11480964109828509 2.0389631135199817 2.1152907259438503 9.2686734939948 0.377496394172942 4.138929611092439 0.1891433510625366 0.6004426679770931 0.16305977104086983 5.936462241013316 1.001382188897204
2002-05-05 0.020192530446257448 4.862185542811673 2.707457744472509 0.15464308219232029 0.12437698975060106 0.6674519845887753 10.02451097235318 6.57117182400243 3.768820344439515 9.546377331173522 1.3351510918303269
2002-05-06 0.0408987087753931 2.517266634841711 0.27545408180813596 0.07879087085103913 0.3529114951842646 1.0501688997696648 3.5888591146963433 9.922972896093661 6.336528539934486 11.22393343758014 0.1373856376432118
2002-05-07 0.9068860086527614 0.1674276347190944 0.16765681948706398 0.13154349414571936 4.689773116587744 0.8166222648306704 5.577686392069895 0.16505875681057905 6.806914342206849 21.144464155185005 0.0
2002-05-08 0.2267980273054093 0.4073143510492614 1.855240204865282 0.8808575582793877 1.2179505123885743 0.6952749601706822 4.869219641481781 0.06335026652132095 4.08070386470354 16.664458766517722 0.23669508357551797
2002-05-09 0.0930693448064356 0.44081605701516186 1.5093926217211515 0.25827779520915917 0.5645294352277105 0.0 0.4580624079652851 0.03054158341327337 0.5823392330147165 0.31400598141899355 0.019973025612006978
2002-05-10 0.19363322971799507 0.11025590098271645 0.004923838121438682 0.23746034307814565 1.2281001553863158 0.0726692067786252 0.3254547664333679 0.7227255413769034 1.5584011487869995 0.7271083469536532 0.003660984638396617
2002-05-11 0.06509918633707627 2.07691369370726 0.0 0.5171393918066836 0.814715217982213 0.2687172032842242 0.22623174905779259 0.742794915401904 1.9688591456675777 0.34227644656625056 0.7059213220990809
2002-05-12 0.1451556853451595 5.848634493476115 0.15180480794024492 2.476732366348955 0.4994223545466942 1.0629936831222941 1.4534548213257183 0.49311007203937185 0.9272975279081419 0.8552839260243168 1.1140110319772327
2002-05-13 0.369205017670851 0.5355981756868942 0.46257896679396127 1.309151578984658 0.4277748209889374 0.6464658554982193 4.23865079541876 0.21887639885439814 2.467337003702168 0.6800590038298626 0.4828327095822788
