2002-03-01 0.12023777459492349 0.0975921616645094 0.2267607099601836 0.0 1.609845327126897 0.3224827656921233 0.0 0.32521289999002045 0.30392652304696666 0.3385961085210061 0.18571237785746653
2002-03-02 1.1795453588854974 0.12358896662900148 0.5144218263554805 0.7302655311475283 1.167781564711461 0.5250354205885133 0.7176314861802722 3.345038209868017 2.3136958415990048 7.914617311145393 4.913247897387598
2002-03-03 2.6457781756323495 4.4218620854235855 1.5188434675599387 3.441161512354967 13.31501875540287 2.783358737013332 4.170229346024607 8.141293520555916 3.285011859478914 36.44936913233567 6.554758124392285
2002-03-04 3.913646640547284 8.289302666942817 3.3028568505752425 17.405824621291117 10.774655626095376 11.242505781995273 15.693654092899724 11.175905914553358 2.2191386444499868 2.741924754284905 8.62022188763365
2002-03-05 11.684315027661574 9.80854320683159 13.349624616211976 16.44450797746534 27.696164691677026 12.682406907254444 11.763216824725504 11.070314797263293 4.597612102569134 5.517182948148189 6.215161585096361
2002-03-06 9.771662006623904 10.695893886788028 12.910263845985064 10.270947644627801 8.89953966869962 7.098212186654738 6.359896136811942 9.835050992234084 1.0858820177266784 5.104370261500117 5.244496775327315
2002-03-07 6.845010566775713 37.044774765036 9.924637004936235 6.863592032735729 7.827444926215161 3.1279502357054225 9.594331538254407 11.344157651210836 12.983068204855808 8.673357695621824 47.28053624784541
2002-03-08 8.546940651011091 8.388577616911821 16.286382394586358 1.1326634863127039 3.147875915082012 1.3824493261997657 4.332178803831093 20.707047475763236 11.579904638021272 2.1926034007525335 13.517752584735318
2002-03-09 0.7640514583652297 2.341569089744043 0.8316465741646952 0.44590927833232846 8.612240300498556 3.7601186540758667 3.0993945556953797 0.5007914914300833 0.5642989408224631 1.013875277016871 1.4849968681929204
2002-03-10 0.5515909904178382 0.04012355194140435 0.030904058265076376 2.0880086006364325 1.155256182685959 14.151722062829576 2.3497195757122227 3.4494762412973827 0.2701925280821687 1.805715578509811 8.2965860866116
2002-03-11 9.834515867941862 12.055687040921319 6.775769641356458 15.275282678409285 1.6619751829767067 13.29113198339197 9.786087797060052 6.067921329093059 1.3041846352574025 10.103589559923586 12.771661130344992
2002-03-12 5.826881642017359 7.7644716711941815 8.510354528197867 6.2402422387364265 10.764783784672499 6.469348904108289 10.94502313621981 9.686006049873274 0.9683434202692897 8.892180326850646 1.9595111265623348
2002-03-13 13.266959919107563 0.3738319190846423 16.541819640959112 3.8338305615170434 6.24419556447689 5.9149085536612755 18.324222207401675 7.271075719862662 10.631792970194727 10.998949860257571 5.887552089715465
2002-03-14 11.330080200070132 2.0788061018466744 7.713590864200648 1.9441850130042162 5.1566103769430045 18.803513004084913 5.7951054110707005 16.69966216793351 9.581942497475339 15.660664101612207 16.278218651776818
2002-03-15 18.0473088708602 1.4617393971397852 18.325325628649914 6.464272698600137 15.097961089579957 6.729349142857318 10.750273968146269 23.718947890153856 7.556461931508025 15.631498580769486 12.91017508239764
2002-03-16 14.436704088763868 9.869879448482425 1.1189126341135243 2.492544726524163 3.501111878880195 4.099017826398796 0.7489100731638693 9.967667900691103 2.0350557270822685 12.724043249955828 16.39941354996297
2002-03-17 5.1417323686642655 3.7195442690888894 4.770695053311818 7.329289002016383 6.149583410810841 9.835802345413336 8.444468721537184 5.718282557422633 2.561792462648494 8.494284635668663 22.875000089637687
2002-03-18 6.188581902749378 6.627203300974711 26.047301532761356 8.948752653235122 0.4257062713630469 7.555596195648372 3.6695282833645386 5.936266667301689 1.1313799615637312 1.811979468405983 33.837732167248944
2002-03-19 6.729431788545986 14.057880818597324 10.453418423028765 2.6733731295018095 1.1268169446316996 3.9870198254788294 1.5248004765285446 1.5647267183860025 0.6554473573990693 11.27842598719991 18.313169590921454
2002-03-20 7.781164700100877 8.991761708905724 10.700362912816736 6.699353525648778 2.832580013781283 3.1144471668311624 3.102109666704778 1.8167020405829497 3.162564621744208 2.3458437537879493 12.404324279101942
2002-03-21 2.1497214443335633 4.683176674938089 17.726395216296915 7.7023814075732115 0.6017177296702296 2.8438401228280257 1.639028404503522 1.0949091945587552 2.08922239353924 2.5689326019301095 4.3557959099602375
2002-03-22 1.0962008821248106 5.215695705403618 2.241418186831228 2.4667672367188302 0.8726403248630588 4.127576270826898 4.453530799083884 5.234229452254573 5.565459871014269 2.357479362245366 1.208608202900031
2002-03-23 1.3078804344879065 1.4910355115382665 3.203679786930512 1.201854411431589 0.6219700970252746 2.2871222244696594 23.018844982270302 2.971704696338312 3.9895285243005216 0.14108442232187313 2.4143659401216118
2002-03-24 1.4734428883214328 0.1515254043017492 1.9019052739729405 0.8326899707958397 1.1291075730965434 1.5431422904798675 9.996944355332161 1.8446315843533192 0.8830799615542522 0.5596714249527703 2.725831119201259
2002-03-25 1.3418988204513425 0.39410480225448186 2.953757119970598 0.398961884104751 0.6706156505065849 2.8087754227741097 1.7965787095224026 3.33271407458829 0.7415328726386754 1.3410438318579467 4.925579103879759
2002-03-26 4.906132845096705 1.5993561186432137 11.146537210814227 0.7666721192421894 0.7305002693830465 0.9716602931294487 2.5824629242226216 1.3649653409418552 3.0697380927670475 4.550321923291686 9.71128444672507
2002-03-27 1.5920346882309377 9.373858709192145 7.4157247626421645 0.013558616765867197 4.764440315668634 0.47005215289603647 4.922204529096229 0.06709103530617012 4.813009891859988 1.9241600974924196 5.443167208561474
2002-03-28 8.57166879230035 0.5476936053263348 0.3303496937376295 0.29317136823320994 3.604975643023571 0.3652259113222552 0.6348134098421118 0.18391734098771836 0.49390220783194805 0.19555191965588753 2.6947941451013513
2002-03-29 3.1941141926141627 2.590844875192813 1.5003967616381306 0.734392669443732 12.651808129502747 1.1622958448501512 3.1153618870535476 0.09781772958237571 0.49860610792402893 4.128546899744883 2.2273022944405003
2002-03-30 2.212414246634882 0.040449014016167156 1.5408817737023461 0.0 4.171770527393626 3.3529880675038104 12.915730269927499 0.27605553342053124 1.844315579770931 1.6188732285625484 4.916353516974162
2002-03-31 5.034862079282959 0.5511534727586404 0.9489130773020434 0.19199299747216386 6.140869460166609 3.9744227070629456 2.8835373243882603 0.5483168713195661 5.250776642450966 1.6583831702443286 6.07123241374577
2002-04-01 1.8394088690915837 7.721591219585199 0.9635366174740412 2.2670655022900377 10.304016094660108 0.23334618102185103 8.949337186206941 0.03641850753104701 1.355948257800334 0.46257335915263115 4.881211890496953
2002-04-02 1.3635270643524313 10.195184981674402 1.9053233366944142 1.7781888994670678 7.786245219140914 1.98675633389671 14.369257849358275 0.995547076142658 0.6833188193472253 1.3780864994575417 1.1873129364151902
2002-04-03 3.775752174031546 4.642480300817901 0.6592738858219862 0.011262862056101903 6.433771817152804 5.577162964318006 3.718901105887416 0.7822945924803028 2.664194195067979 6.035729779659883 0.4889709894144581
2002-04-04 2.1790199275745348 0.20455024155137713 0.6407470286483128 0.3135135787896136 5.789923605717059 1.3027319100498107 9.685608691998926 4.160601829281042 5.654403312023651 3.295561960261254 0.946339310717587
2002-04-05 1.01070955771331 1.1969441907441989 0.9421459749214418 2.0512958670447747 1.9116468313407795 0.19974730822875164 17.289143672513777 0.9363320108626829 0.11184425633879982 1.192308658487082 3.559519527673412
2002-04-06 0.914642294744118 0.6284051570710348 0.7634911387361961 0.778892593075021 1.1294764939275383 1.8603833616319954 3.5621902428574455 2.3415148279791937 0.4065378009233239 0.4885727771380953 0.3525869071907842
2002-04-07 0.10534530457436478 0.7513742278245299 0.6682377729819118 11.537356957476904 5.6295559345414805 0.7917045243560124 0.6232884142519273 1.7956338816833355 0.20924024278179998 0.153522718110804 0.2483533619331181
2002-04-08 0.7760872426825193 1.5654907690790665 5.61594947241447 8.52129712024978 11.201977247648626 0.880838052450567 0.19561205844631246 2.836748338313101 0.2441870226492337 0.17054409390562963 0.09482250740555183
2002-04-09 0.4254866073709456 2.1267086290456483 2.266403788402992 1.0972115707249859 10.332922049195389 0.40093466993848026 0.06809102053218288 4.000552300007878 0.06486820780217656 2.4159673698613844 5.004031028060174
2002-04-10 1.839265126087391 1.998136247780238 0.35352650202381575 0.3874091647690421 1.7410823070085022 0.31505807912203426 0.5313818315025739 4.744692611150246 0.5352274846653132 2.265184591464923 0.4090424203172333
2002-04-11 0.6671863501516999 5.016129765871952 0.3784068705109325 0.774439248781143 1.7938131533791344 0.08244606673350516 0.6170209307360298 1.3466500941681274 3.4485709707683863 1.6347183858185936 0.2820375153442032
2002-04-12 0.553488127726828 12.086350719589376 0.17955069292268339 8.281881864708545 0.49671095587930547 0.02647482261856027 0.8248425876855423 0.7542710521439422 0.9351548675720589 0.8361043839108221 0.04579475878804682
2002-04-13 3.953203721291548 15.248295856428534 0.004026568146880152 5.156442253468857 0.4713811581700111 0.6367959225309905 0.6597879047658857 0.5839613669624611 1.5544944775650111 7.180782978441663 0.020089589457837627
2002-04-14 0.7688008469325526 4.121305319412893 0.47639131985505556 2.48485623003691 1.068149577242006 8.58185185950201 1.276417364154819 0.14196930874890873 13.512976129895714 14.027887460591355 1.1439511342096769
2002-04-15 1.2269809052676381 6.041069327146536 1.363668502908935 3.3988086836824962 0.2924092251613517 22.907688873474005 2.9619751248562327 0.007023633571189156 18.88625031944065 31.298687942432537 1.06389690499395
