2002-01-18 9.022287720402119 8.55925037719673 35.29403064738469 26.365915762760906 14.47604632989718 8.904742907875136 20.1201292379539 22.338192831478004 12.97902342924026 20.020528541536706 10.825627375346262
2002-01-19 2.5064620058744898 4.998615234936096 1.1510591223373654 2.6682983514484473 7.047596181763436 2.228628410265901 2.0778225724071033 3.223012389834703 2.7396946752724 9.415267904069292 2.6190817577343317
2002-01-20 7.768572143088419 5.048017969983039 3.581198018954326 3.2266931595640367 7.166849375899802 1.7499217618060992 1.1700835056568957 4.330164050962798 11.530666779544884 1.745383320163704 1.4700893875111982
2002-01-21 7.7172335743359515 5.100505149616569 0.4464291887004237 8.180359828100979 13.158360595971779 7.7353669701329615 1.4134471437289036 4.140128820201307 11.382456780893666 4.153320028132288 8.236971399724002
2002-01-22 7.076308511665417 18.99243648631664 1.9303750863200535 11.93202850392436 4.23172075264584 12.04401177588436 7.651144031559425 3.2135675187931856 2.671394584889135 3.068014500239941 16.430335430685414
2002-01-23 7.78641766869976 21.05674044180554 11.709336111949519 5.107021991216397 2.8410589484067437 29.5458927236822 10.786512357802671 3.509880697956202 1.7451397363468937 4.71668618029162 18.31451147198579
2002-01-24 4.964855331978664 19.640526641283024 5.819355644076367 3.4704078181415716 5.92121451302442 17.252691314752948 9.602745279766227 3.555476856938693 1.020901898539543 1.8581607423305315 2.576078334795924
2002-01-25 5.3647460458865375 13.135117144113579 3.2896496254010845 4.980948806101404 2.182322926730293 10.197854858940708 8.733215625653699 1.822163728356069 0.9416072992123415 1.689186982499811 3.6337969439023166
2002-01-26 4.820867751681263 11.082162903910213 2.9352420969744997 19.55716201869879 6.0626492955680344 4.884010153345452 12.409716357181626 3.004411714319784 2.680908666944168 2.9791517207648957 2.036157141580305
2002-01-27 1.915795125853819 1.317036472198733 3.85326730121374 16.681318593721326 3.4863589714607546 3.605209574156819 4.100168854484107 1.2697586377431143 1.3448701846639641 3.182919504740199 3.6768695800987166
2002-01-28 6.620036388654059 3.3895655005367917 4.173519015643221 8.15228649060196 7.7760976077961 9.457870076171435 5.003300341481343 2.850150989700376 1.8013708465114129 9.286912405366923 3.426150586101323
2002-01-29 5.105673321638489 3.6935976315687933 2.1940740502841574 1.7211386178916475 5.0341819835139745 10.295700436870895 12.859890506412617 1.1276865550616988 7.85668714394062 4.692141593855967 0.5124547341683564
2002-01-30 3.079990002852294 0.9151211593923085 2.439111220266028 4.476786902474762 8.566448704197324 3.0027727003302926 9.45933249653364 3.345408179393945 1.9383341049058056 6.051471617023217 1.7246049609464136
2002-01-31 7.829951323659135 0.014028431038841521 0.9573990059586306 1.1772403249805325 7.336275282822797 5.387709188348845 24.318368364403824 8.833737363175736 6.71032861808255 1.2450147478904299 0.1420928364090832
2002-02-01 7.845537348864688 0.6273234001477336 10.127315306700556 0.23423885721396545 8.683798179178376 4.216173965769374 8.745290123508388 6.935503506991161 0.8034807086856475 4.1310131576686935 2.195658343828457
2002-02-02 10.862314880182167 0.228034180399265 0.0 0.0 0.0 0.2394431273444961 1.232118469238055 4.8520439877563035 5.730448425414617 2.2598499686209528 5.61619024668899
2002-02-03 6.97988471743384 5.510173100952825 6.901374979099092 0.18298978758172174 0.05220992339693774 0.15061699486352137 0.08944529162935144 9.24470247571439 1.0712797899355273 12.731173624346443 7.8656239282829645
2002-02-04 2.069282174031695 5.692996197044008 9.248837776295211 1.9168036853911357 0.6331576451412648 0.2903928945499906 0.1399395051707934 12.655090060236745 0.3947813189402267 0.5613701716884819 9.325053342988967
2002-02-05 3.116628404963521 7.920309910336297 3.3580455749515696 4.76120879526839 1.0814868212924338 0.13568516026111135 0.19604012338135493 8.962087190004208 1.032061388807768 1.669929162681892 9.444262455381878
2002-02-06 0.49134934653629336 0.16552521683365473 2.8368903979888964 6.186796107048127 0.8843704641550798 0.9225670235561663 0.09936620917968793 0.1423103476773465 1.2957259544678694 4.387948555934809 0.5768649083092321
2002-02-07 0.9661971371703271 0.1907488459260897 0.635466032565126 12.273553858638262 0.7975732461623346 0.05018743242708436 0.7688374523105684 4.122719698409559 1.1984483419634655 0.33278659027151314 0.06958729383108123
2002-02-08 0.18458721477290016 0.07591797252907319 3.8459104462145204 2.804643809943589 0.3245039385272017 0.591715395810368 2.996652953302188 12.09817179407802 1.7584060457806088 0.7954664094417931 0.35849698099832394
2002-02-09 0.006957437672462208 0.007626868485410332 5.769520705745384 0.13607021703028171 3.596108835235468 0.40495277042952293 6.850703027878696 4.6412071701542335 1.9228266321767755 4.457015764501618 0.24358385594712859
2002-02-10 0.09695571462280797 1.4456627779558386 6.224780894441643 0.0 6.272811704430115 1.2154069462697712 9.88634632306043 3.758532365774875 11.218715528328449 0.6361653212316023 1.8471235810652051
2002-02-11 0.036281297381391485 0.23809964844807663 4.7578512822913215 0.027001607140447362 2.917983143596306 5.832419829638547 3.4380082561336978 2.150953605108209 8.860410133562421 0.6064229652752573 1.6987674802470143
2002-02-12 0.5283041288241771 0.1781512548852483 5.168212433656888 0.013286804594000492 10.224484361510049 0.8760619430020068 2.596203263174507 3.8258415856478454 3.730835026478921 0.2687491708991147 0.1603064973456655
2002-02-13 0.763506727332152 0.03025431931018829 6.918281634414983 0.482636188034912 7.7797981143166695 0.062244015821197304 4.078485037169575 6.081093092265991 0.7222388360678749 1.1772334405792968 0.09817186096515909
2002-02-14 0.44952894002075106 0.021092870805249325 11.818085276218513 0.40872400936382747 8.308244347747191 2.528934918940945 0.9217422623356928 19.16550488715383 0.756731821872008 1.1899341101655971 4.454746127126917
2002-02-15 0.18540540884112092 0.11758906784472312 15.44366255522778 2.7492135431343288 26.037306098660057 0.8184422973454424 0.6787154335734739 32.97570233441231 3.7215332775640944 0.16179435031655837 0.6145416743226317
2002-02-16 1.256954393453836 0.17585616730799003 4.919570429479174 1.0965369631299913 9.60223625241111 0.5259426548986801 3.611342849668869 13.68096832547745 4.129197848821814 0.3952438800726197 0.2541890404539703
2002-02-17 1.8142933293575862 0.7084896156358553 4.00954111606021 0.20230027049259255 0.6509410732113258 0.8306866819084349 31.406295378377838 6.405833010607866 8.123544777783922 0.34491920435953444 7.3639174003535715
2002-02-18 3.014638549869996 0.01622588827134677 4.612534630449436 0.4147226590194285 7.5968065531943765 1.1308208688789572 6.316268143898972 2.199916033808504 0.49342955349422457 0.5975431567232665 11.697284616588579
2002-02-19 2.65950410712719 0.26812308464115164 4.745444039038885 0.022327146262280363 5.00638152684149 8.271713430366994 13.566469123491814 1.8276717349698186 4.301334348381764 0.42315709116207667 15.886287664762497
2002-02-20 3.9127138243632085 0.05235990004706189 2.6905862876250675 0.0 5.148477260352168 4.610488421004625 2.9480207486939096 0.9498336287990436 6.143072403235966 0.16807334747261748 0.2180224396095219
2002-02-21 0.4672710044870304 0.2851642774667952 1.355343262437691 0.0 12.924339620979726 5.069447821190236 0.0059087363351980355 0.9328786603769463 8.544015798363521 1.742826507812045 0.06269418641408674
2002-02-22 0.06240734684916786 0.12165673087181036 7.126831743724461 1.288629008440274 17.670166738705895 3.4859756012273526 0.009733434104167877 0.684541386163608 6.388012361942765 5.6571617231919635 0.6830066052795014
2002-02-23 0.9767545033262124 0.186610408013755 1.2874707384078135 0.006846928498144523 1.1186723079868435 1.3059995731646583 0.013535604820608367 0.9209316702929601 16.09974319249231 5.871644655796761 0.037514981231881045
2002-02-24 1.3687758202384497 5.478300414882009 1.0858146031665554 0.08261620573176343 3.3827190836251924 3.8306121367936807 0.4569844500701644 0.8107336999858583 23.277564551453217 8.363822810198197 2.3589917767064073
2002-02-25 6.713387933244955 0.9004454304270657 0.4524035788850476 2.6187700367489772 0.7152108318137209 2.75956266012389 1.7245085691750286 0.721959926164158 2.690073415612194 0.45039877316148846 2.2418503229709748
2002-02-26 8.854413433034129 0.15812215896232454 0.7877242375876485 5.45325150219081 0.027781547127713167 7.436015404898277 2.4369228883522602 1.9415230445874236 3.92508673586547 8.493866222318047 0.08845207183700898
2002-02-27 6.539680864987872 0.01688472142195348 0.09359582473175743 17.322126334071882 1.4328944670664152 3.9315028142011674 1.1193397024728151 2.687965178853379 0.8631444116245489 6.835893584824787 0.9361242453799898
2002-02-28 4.799283057576518 0.015108675588604925 0.0 3.6986637124163058 1.2853386351261589 8.523579594014842 1.0142884711981988 7.310231378011062 0.5241874629136024 12.757884589245572 1.6458604165381243
2002-03-01 1.2409847175707567 0.0 0.23057171744410634 1.1391609085917924 0.2925482821493493 4.623342333364999 3.960791714535399 11.93044909518457 2.2709125009426145 3.5048153486603337 3.5152863215730346
2002-03-02 0.09955320083065396 0.0 3.5851901368557924 2.263766952745627 0.013286804594000492 3.3314330354943626 7.440105946981899 16.224165222074113 0.033603435911533405 4.408684041374863 5.487563149384485
2002-03-03 0.7543980923321325 0.009157748005389571 9.42922978654846 6.907390085931547 0.19224021975652011 4.703605933111024 7.32425866587089 26.985446011485998 0.9907675676834149 5.177740976582775 9.534554262519809
2002-03-04 0.17014415065271438 0.014190383714071596 1.3324911442252318 9.47009604160562 0.4826075662605934 1.7132899569180884 3.223768605348458 10.9534857896434 0.5931389603202454 13.392957193856908 18.03679699582682
