2002-01-25 1.4667368996900905 1.1040844056221677 2.450996511202624 1.2500113711446559 1.6485997150551093 5.950764892829181 0.8958640107237139 1.237917536919648 0.9962179665280098 7.354829433151986 0.9872815624007127
2002-01-26 6.915430406955688 8.918520870596666 7.112238518379413 8.752972390954431 12.643879052463058 9.86197837366002 8.367535441355736 15.11412410629506 2.1189901036711745 23.192686496411653 9.698757737814745
2002-01-27 2.790329175408371 4.071176245691262 5.410972921525438 3.9690075008755423 6.909037083510088 8.452557901404392 9.817861883452915 18.422223027022802 1.0030294117457954 24.420950540916493 1.8700144442613567
2002-01-28 6.357342209499102 10.141810163165903 7.726272322326587 5.8565771130242945 7.437449844962686 7.532519352190894 13.455228294294184 7.891639124943206 3.6804542727158687 38.850170903771414 4.175271096692682
2002-01-29 3.196856563385458 4.6491201296427604 4.905630754792442 0.5912034736263061 15.567988608778563 1.4841775253329543 5.256308256996578 2.8632113410156794 6.0640431084617035 4.433529712900662 6.697961559502838
2002-01-30 3.9675297867104122 6.4607252356396305 18.919567071807005 0.1612832033485978 1.4039495344899726 3.2999441628843407 25.982784411348778 6.618110136876198 6.4210400023716065 1.9195499363666555 5.308813704449542
2002-01-31 13.091434643282295 15.426647456240541 9.578983519386012 2.041808387449136 3.911578513843291 13.220684017191706 4.687129622536686 1.2274911613669075 8.56829881547954 0.15671554424722922 10.304849783393141
2002-02-01 1.8814631209498636 4.739120513688295 3.6324746414713385 0.21498866452122176 0.40622333772702474 16.902283887407595 2.0292448131135803 9.396209820234485 0.7351947779009057 0.17163582371621014 5.247910189508316
2002-02-02 0.031136997046202285 4.258889112255136 3.063576632863474 2.075836531253775 1.2717566321889886 3.4791193719828093 1.4265848616563537 3.7097537499470503 1.1261495904134058 2.735262037220808 1.176669111625809
2002-02-03 1.6210806253408907 0.4325159765055786 0.5701030721904761 1.4843030958594394 7.319826633944288 0.14055022899016867 0.36997050175459006 0.030405995536990027 1.5257013331639717 1.4968869690083668 0.12005227023841601
2002-02-04 1.2578253739450123 1.2436597829718048 6.03796972807582 1.2759471399226259 1.829932862980192 2.8325188235542393 1.5830307863000206 1.8953931637026762 0.06664434840569124 2.5432663689399333 0.671523440555837
2002-02-05 1.1430319457610962 0.09339072526273039 11.007091118513832 3.2642252038983477 0.22018782451835672 5.5727597400407 0.8357598940166415 5.820261790517758 1.3456985867144549 5.217281518084768 12.503468050858377
2002-02-06 8.701014272856087 7.035123951558887 10.027515874026484 0.881098657865465 1.8676599920524635 4.689197756182429 0.780125206002484 7.268461625129145 4.283183408604752 8.771367653580722 23.317156615279238
2002-02-07 8.065024597136896 1.5646264495118218 11.874609733172537 1.1256981448812349 1.5244203162677918 9.057023434020191 10.51840969749478 5.541790568360225 4.193009566924701 1.4077528131532744 12.191048854892458
2002-02-08 10.21721966429391 1.0466239014799115 7.522724711041127 0.21740863644798214 2.667859334848446 29.78732276830194 1.5666119913126604 5.470910245022287 17.866723039544414 1.9249054907791916 5.715921541154675
2002-02-09 2.468133985369427 0.1426284057726542 0.0 0.7065877966785136 0.6536831570570731 0.3615022446837486 0.3601962141440561 1.8680220479617538 3.6861423762148746 0.5425802873649725 0.0
2002-02-10 2.0953115875744497 8.751140390809685 2.178921696180916 0.3626848107411986 5.501176755337196 3.319197046548541 0.7205215816720525 1.1260711895491666 4.170738130825081 1.2527240432652427 0.09798739344248208
2002-02-11 0.8683320991582573 5.244297081144512 0.5589042400837726 0.017821791580914695 4.820506274831878 1.5976376556167655 0.33578556560031037 0.6838411953293415 2.567672153482925 1.9586057783862478 0.09152529263347789
2002-02-12 3.0747632034094283 5.578809004987962 0.0 0.47161629007283723 21.62763183252863 0.03599699814974745 0.7202210221170627 2.436920349548191 16.8574448078349 2.954868765171414 0.14697897803847126
2002-02-13 3.8512812726662444 1.2800729592270848 0.052348414908470184 2.03513546981834 11.18906113643373 2.0132884346463245 0.03870932177864331 0.5115868948655414 5.699596337535022 0.8351935192350411 0.6832503096703297
2002-02-14 1.9657090462217206 1.4100815567561327 3.255889657879205 0.6020815572873716 3.3910268258860103 2.8400308296663024 1.554412247842112 0.09449480056850032 7.068341137274528 1.5596364385361352 2.1066256989175374
2002-02-15 0.8254490418759297 1.6049675279145057 3.0827870260316583 0.6828961901243524 5.638133989237056 2.618362851543651 1.9757765430811278 0.15265443359298925 22.074288244019073 4.052686357585769 2.2313709498638934
2002-02-16 1.7351772359255562 0.5481958288186688 7.678589969343582 6.93703105569342 6.039129659520197 2.170256165856519 0.7018207573015924 2.535688229773028 2.3066307873100595 1.6400975774527764 0.08368712594086988
2002-02-17 0.6186479826500051 0.8686248477255816 8.657835856668463 0.14351973478616578 9.599536963016838 2.838211038459057 0.008873589025260212 5.281946550702546 0.3008194480209323 0.33107701898290876 1.2539406683279897
2002-02-18 0.7979849338486074 1.7745980671595951 4.609583430674517 0.0540556213160633 6.424712662565364 2.154290310718915 0.04021085923833719 1.0279713846553322 1.4465028399382405 0.055700913066772786 0.4790352344748443
2002-02-19 3.639684194377483 4.157247200948394 0.5316410526469131 0.2239059902990325 3.6556359273408736 0.2812149660413156 0.6915782531592151 0.8063099331121792 0.42776993625254683 0.9467273155621352 0.07013693831588812
2002-02-20 6.882274999239705 14.812713624131577 7.383293058956692 0.32060087920530345 9.855020097191563 1.185703669972297 0.3243400838125001 0.6152004927097223 0.23478706259787097 4.512971214449756 1.3576817018992675
2002-02-21 4.643380184533094 12.476888380751014 1.2769102122575005 0.5642837170930212 1.3847190012402435 1.310607154787514 2.812704930662341 14.306237437902576 0.16136324645423378 8.179004103326662 1.4797142992811096
2002-02-22 4.265963305684943 4.99407706932756 0.7869268572327663 3.8224218814171964 1.5670647728214477 1.1111827296251573 0.9156319045745853 22.114033952363567 1.6385186282390267 15.089690941890781 1.4581684635143122
2002-02-23 1.0854391958160778 8.73397824760912 1.7135298599431317 1.4252395657905992 3.698521214560248 0.029794576474435147 0.0 11.971865841442035 7.358453206608274 7.940765253209947 0.9131295183470114
2002-02-24 4.199842376465501 1.8374631650697186 1.6398006100814286 1.0440628854768188 0.2842506055560088 1.4881380597939295 0.0 6.97115345397584 0.4693977256161228 5.259928449048572 0.2786178179745822
2002-02-25 1.1185896326105027 0.7483905613742055 2.8970033907065558 13.157965993244321 0.1365670296342701 2.7182559744698107 0.9798830497919884 22.1387561455292 0.10803659186413318 5.794388943540858 0.9260019923565429
2002-02-26 0.75640967315611 3.0787685920274637 0.7738460919795358 21.415872386775664 0.0 2.9608629634126187 1.471727154644662 9.890686818087612 2.342947344598786 0.12517057699299053 0.20192879790688292
2002-02-27 0.027562619529938267 6.85703030985429 1.1708349956632265 21.43035178047083 0.4912164502092587 6.03347352540949 0.21901479401526106 1.3806618544130203 2.673737940774042 0.05132691012058067 2.2706541169152032
2002-02-28 0.03370021006853502 10.05398370490918 8.812280038531698 15.120180118071438 0.757988876665583 4.428929289435721 0.17544933345192645 0.8588127141792542 2.467979767331327 2.432814016115742 8.74508939765932
2002-03-01 0.31761170743521505 10.243201460084176 0.6851029799651452 0.7387281806924753 1.0819542022694635 0.9138869861152898 0.004182508339171782 0.44163252209595955 0.9488390522376006 9.163743830049857 8.406110575759232
2002-03-02 0.07590699854837202 7.497470821827326 4.668093494427565 0.6485559996506358 2.661056500833578 6.907086768228549 0.011740206048366196 1.5276618008094216 0.23401743367625172 4.451495627309164 7.48342817833376
2002-03-03 0.33634846480145264 7.1960050531333 4.9305930418125845 2.282433782718785 1.9553881503487753 10.09815818783066 0.15125453572114306 6.840052699987954 1.452914548510412 0.5902534602050196 0.3100286674280763
2002-03-04 1.5732862532872245 2.853257767384257 1.585273307107914 0.8543676814278197 3.398629551498288 7.537307642288811 1.5427588601674855 9.431856710689214 0.9037075610854359 0.4625873351852712 0.1266040126884367
2002-03-05 0.7644123607739998 1.0424720833438692 3.1552007281037087 2.045815264416304 3.4546434194415814 10.13564129574922 3.391038712203967 4.642281680574172 8.261081871374543 7.704615029912669 0.0
2002-03-06 2.300614006001594 0.0971945836467129 8.85850506839375 1.3907796282647462 0.7287921315307253 1.3347116792900733 14.781891747695717 3.0415511312101406 7.762011142579664 4.849873424560469 0.296794087736026
2002-03-07 1.1648408554645813 1.3331023245202611 7.311677428928869 1.8757560607032626 0.7523526922439816 1.2849835118981079 14.303431995077418 0.811375211931315 0.17290452131285836 1.8610578034307372 0.07581790211355902
2002-03-08 0.5886295697220378 1.961089708864867 8.28534561795647 8.460961393372166 0.16011376347165296 0.9810437034794501 0.47729892834826704 2.7018844714119616 1.7420102369012838 1.24905119646612 0.18988064324211673
2002-03-09 2.0270099045297543 1.0596934695941802 12.638271237519676 12.982184356486966 0.03196712893619363 3.9730471182074796 4.309666769307299 2.444521000054303 1.7298912545474305 3.025200477407129 0.019905437176161667
2002-03-10 1.5644455913450828 0.7487695911604719 10.294601160022419 5.928238640982824 0.023476526452778573 1.8463866968017841 0.9803692262658492 7.84475477584663 6.630673858098225 6.760686416064106 1.6276161057736287
2002-03-11 0.5223148871020378 0.1615017958068154 5.151769270557195 3.9572873522082226 0.4576223478602302 0.16070879572130967 0.3220576245831998 6.833137143492281 11.66872091935288 7.032340785758035 4.581799107433207
