2003-04-19 2.7088043786903704 4.3379199929307415 2.2229641639781064 4.883641177649084 4.8089259035305245 2.460705703975516 3.8622655713878524 0.7274752808709166 15.950733933883347 4.338964987388979 1.1486808509893969
2003-04-20 0.9783891024413449 1.1895865339839733 0.7826901514367216 0.6521626374316292 2.62960340099648 0.4547987164794179 0.7375531626067133 1.3727885180749468 0.18310531026628085 0.22217287267788893 1.6600548418958603
2003-04-21 0.3859113197985799 0.0171752851608842 0.24962477599945823 0.06114085653165113 0.6735240322042009 0.14561030368969702 0.23006056811956324 0.13330291682159034 0.33175680496380894 0.5552844877367544 1.0535514727700026
2003-04-22 1.5393114641049923 3.179006124834834 5.856293334547292 0.34333055281803526 0.45726563399173376 6.7949577947545485 1.8358620882650318 2.581172410658157 4.374962159396875 2.717443245659065 0.8501622297303778
2003-04-23 2.3215311388026607 9.740531475295642 0.7330197361493771 2.2169272685745733 0.5923079724098607 17.459737484966574 0.06786653042888158 0.6022112759189719 2.622930888043507 0.7425661458008169 4.765880165279687
2003-04-24 1.3148364344645302 0.07218114557008436 0.0769201390226978 0.07421951427499966 0.09286449691186771 3.283556664022792 0.29479754508599953 0.0 0.888917213850455 0.028391687808300592 4.774086294380964
2003-04-25 4.246113171054841 0.39402501509416965 2.457615879963323 3.5456433080409764 0.013859709203408595 2.0709590309238157 10.23345939655194 0.4538192492511316 1.544044828368588 3.8540965391584274 2.12950890829247
2003-04-26 7.052898827296434 0.6451042296440261 0.2431396712934769 1.5961635698647938 6.217363671614085 3.6866724034007357 6.3820545884710125 1.4981431932524165 0.8314228831038326 6.462246690515142 2.0415915320730873
2003-04-27 1.9713854796542185 6.2791566107419445 0.3361585808232198 1.61426654306256 16.68730386105355 20.59498729910898 1.474799514987502 0.11962489789802914 15.749702999411332 5.496175376431459 10.978154675838116
2003-04-28 4.684707074736661 3.0691231681534306 1.8272521174713885 6.680717523535814 4.93877065345389 4.273244936812128 4.431003004195254 1.3817358233274324 0.7034615278288883 8.892162993947451 0.29625285357997205
2003-04-29 1.0819370323146316 50.70819082336432 0.30368893394604496 0.6846289439039026 0.37827241987420857 1.963540455161795 1.301971891192136 3.875938079200363 0.7106576396268243 3.8227476649802705 8.8574279555651
2003-04-30 1.3811227226355929 0.35822553203371854 0.3184899735819177 1.0029885994048522 0.20914959615118137 3.2368309595052054 4.1478978883537065 0.11007942070111917 0.5392983325621097 0.848658637997534 4.652947798297838
2003-05-01 2.090137383463576 6.052244622147562 0.3298114134527439 0.5690787801298748 0.6715494942965694 3.2365664363731392 4.49847678151121 0.0310459414972578 1.260078226807428 0.3880198525237587 0.0
2003-05-02 10.868010994255389 1.3568235403871596 4.19072277442886 0.6753009105924271 0.6998523615141583 11.341570325686279 0.9528248080081637 0.9641357017058421 0.36537733856733323 0.01483131392998549 0.6484902055106916
2003-05-03 3.7388218882130784 0.6649429293738698 6.657769647858005 1.1179637556535922 8.522695197633716 0.08666724665476597 11.219099276642059 4.025669261141421 1.383448360432089 1.6297766926483777 5.34517300053961
2003-05-04 0.38026360054523933 0.0 5.178905016011909 2.3164706172708702 5.429437972861437 3.144840609952699 4.490157533997104 0.0 3.600444316221637 2.5798536206710336 5.420320355196022
2003-05-05 2.492440119247981 0.5547433935449155 7.0041295492073 0.7485245764703448 38.13795642978852 0.16968308650204456 5.111510046684931 0.11676245491246304 3.819949159117156 1.4532516082203069 0.4881046956981662
2003-05-06 4.024624759605762 1.4153695521202476 0.7717525697535195 1.4335914844855215 0.3823523854121085 0.6322742768204941 4.101395062510997 0.5701632517363543 0.53550430264176 2.2020141197187275 0.15247062018726865
2003-05-07 1.0413304033316717 0.8582656110123504 0.20458730069386408 0.1774597314313774 0.23788975647850488 0.7773727627580648 6.711698561438134 0.010809401930827092 0.5102990243093634 0.12248821511290003 0.026238581996219288
2003-05-08 0.4692823110579277 0.3823619397383381 0.6586016681084506 0.3942375710413981 2.7506299785723347 1.1606743558377555 1.032904974322951 0.026710892702763906 1.1820099831364477 0.0 0.10767032154495798
2003-05-09 0.42844151848863204 0.05613934842005159 0.08847077137857794 0.07265971384609826 1.380539915299547 0.03807491750432712 2.3968688705061307 0.12321737573605362 0.038377455528969505 0.0 0.029069241208432125
2003-05-10 1.70459246714452 0.2537150542445905 0.19283274018016233 0.12509043146929966 1.2185252634895707 0.7406222486477336 2.7959289093625084 0.00276549554816425 0.9693407595739507 0.016693570387612777 0.07658781599038952
2003-05-11 4.5799297439926265 1.052199021788916 0.016055947076244654 0.008419270120423886 0.17363357606746121 1.2435806501291653 0.9914998350477902 0.016879526303501938 3.235563608101642 0.24710082575781928 1.3033693044647254
2003-05-12 4.616553043508533 1.8585333734265184 0.2678670020299399 0.020106093313871955 0.20871026353780167 2.9236822462712135 1.0374561301663021 0.15928187570820032 0.42605211257331765 0.9968628000669615 6.358276203040942
2003-05-13 1.687986383376582 0.04780787713530808 1.1466628066502413 0.5329997328736218 0.39310678938411125 1.344958023032061 7.893443548816217 0.10924806899106373 1.549173026451992 1.1512553104677101 0.15000787350152114
2003-05-14 0.3442227462002775 0.042863438820184986 0.4985262714539692 0.055663981619692375 0.893872422396921 0.5192412254982308 1.4173051193200281 1.6683260183996678 4.061342366632138 3.3180486731595984 0.09608984930544084
2003-05-15 0.07098260579876772 0.23922257930957685 0.5122193783593354 2.268571097506802 11.896632718444316 8.508492039781935 0.13584727020061022 1.1245513463277617 5.229359756741852 5.55794729083444 1.52386472041082
2003-05-16 1.1196236878284367 0.0 1.2194503233040495 0.6330147664613346 0.4278700679999494 0.42921225947460667 0.11535806797183289 0.5379227388185737 0.017585570233810893 1.8691848426668711 0.3415909432084455
2003-05-17 1.5970540998145355 0.1196586088638407 1.3719263252888871 1.956062907409478 0.9786683849938046 0.4403821602897577 0.12611960137270772 4.8558750675571325 0.05356606014417129 0.2704028905006557 0.7087870740843906
2003-05-18 1.2166636288821562 0.004879072894536907 1.4496521915597176 1.0307141760381757 4.745586035061664 0.07609947016214115 0.12239039385857853 0.39162145982755636 0.5198247967310219 9.217037696385965 3.784024572360706
2003-05-19 1.9968537995604603 0.005451386215949717 4.845056390604286 0.6287859715310606 5.938370699271475 0.5585840492257301 0.0030025215464861517 0.2386955011769221 1.7154521484605787 1.4818880992207863 2.8508763196368414
2003-05-20 3.8887553835440087 0.03129071236226926 0.06619333466211527 0.9173776400202593 0.5458542901236751 0.001973498316834329 1.121999573654078 0.1895210469008029 0.015533872195149432 0.17647998694773556 0.5907581758469342
2003-05-21 2.0244770523149556 0.028770189282208196 0.09036927074752175 0.1515391950540263 0.7793162153344717 0.12338919532637332 4.16839417054401 0.13619001283821033 0.4118816475950155 0.6393988649981653 0.10804107708004732
2003-05-22 0.620696495075135 0.0338082347791466 0.33856093029056733 0.08653456553942734 0.0030678865193423614 0.04304339334901558 1.847860868427133 0.3698294733590036 0.31915151200309627 1.7315579936015775 0.5951454119972874
2003-05-23 1.000782419390182 0.005451386215949717 0.01329834301496079 0.09741233327731236 0.0 0.0658798506909338 0.48914344213555694 4.071861316899371 0.9687925589693158 0.9360854435117729 0.43490701169279367
2003-05-24 1.0335448318270477 0.10742616167793384 0.003229914767828479 0.2528876961669164 0.4925128425878479 0.1406568646404929 1.1487515087203835 0.16940694548499913 2.4842257020772482 0.5686619099659402 0.30596012562853026
2003-05-25 0.39341582748650483 0.35563533086511945 0.003477887899115388 0.3243657081538879 0.1050608432030362 0.14744548559595796 3.7066669614383945 1.30353188889796 0.17439641327290623 0.2681413819356594 0.5659155043547068
2003-05-26 0.3829810761151823 0.011105160788209351 0.047264145084511364 0.13319301529108574 0.4409870079602912 0.06546210427345325 1.1512294730227017 0.4123489857718187 0.0 0.20253328798510156 7.237336675591773
2003-05-27 2.747013676515662 0.03602196136057828 0.1659655389900005 0.8845692273005836 0.5755144069200513 0.043555287425456744 1.2186478972259631 0.48484024869101705 0.0 0.001973498316834329 0.29596436434982604
2003-05-28 6.510716841989764 0.15292134656409534 2.4978965541816116 0.21236691859478504 4.661649051256003 0.0 0.8858175531922128 0.12207786682186286 0.03465770506317891 0.06896188564742226 0.0
2003-05-29 8.042768188309024 0.031449886155377346 0.827463226412183 0.1370148785634475 1.8350242545069195 0.01969609193409893 0.048582496273847586 0.0 0.0 1.3955313491300285 0.015209532005023532
2003-05-30 1.9387420673647486 0.13038322996952373 1.2037276413444742 0.6251497953936586 0.07939789605719258 0.257498504621131 0.7659334851741133 0.0 0.03381128969767368 0.28019881090505105 0.21393205868418935
2003-05-31 0.4387820298671198 0.014837370239253835 1.8274822108021471 3.3708837849667344 0.3106431969240763 0.14588542209605104 4.0587794487853355 0.11369456885059775 0.19701778652542223 0.19583870359431976 0.0
2003-06-01 0.060716261625055376 0.361802129727597 0.12630411914921352 18.457631286460312 0.2916807623566471 0.0 3.264161407529106 0.17608194859797668 0.11462638992505693 1.0816041497879294 0.0
2003-06-02 0.4700652828263458 0.39037062931990046 0.027733365817363492 14.836572105124949 0.201899188619154 0.16113696273834516 0.09375364350242002 0.3608132228169222 0.017420257628987385 2.0011571989295565 0.030346237569370858
2003-06-03 0.6527439546155768 0.007978541409806632 1.0176757741074727 21.89133297629296 0.2260733115067433 0.0 0.25531776450289756 3.322088280889714 0.01969609193409893 0.13913944485730473 0.001973498316834329
