2003-03-15 7.874264238347558 11.046546348783796 10.144811512864582 21.743738974577155 2.9070516785328264 11.165380430320068 17.434686609542556 7.540248955317934 7.636270368125288 5.561859990036858 15.431158097033158
2003-03-16 12.097124468420901 23.226256646268226 12.108197961707152 20.481850673744333 3.9092485490349067 10.795783534743052 39.14569534396378 18.220657723921207 3.6066316988966824 9.217710513328413 35.04564522128801
2003-03-17 9.44954255494764 9.654344657914184 5.097275216077392 14.351603146569293 9.489933431650535 8.530554433307735 11.045174133330786 11.330669990184179 6.234373161354778 8.429217882220673 3.426292969726108
2003-03-18 8.016376852140182 4.874981812330696 9.625410858661533 14.001804109955193 8.125616151978647 6.408170798047381 16.21018304118255 8.5291179246019 9.642785201418546 7.632284779170398 6.4824936968149265
2003-03-19 11.728978003685544 14.246402880725878 22.92957956335146 5.274863888374959 14.267567822087685 7.215236885459899 10.242312271547036 10.432127228369284 3.0629376928377314 27.731863493188253 7.099152558310635
2003-03-20 25.565477869566806 15.178528583739517 6.884559941228676 12.571430619882406 34.60776361142634 15.60992393761717 30.756797075076847 11.815964813023836 15.899589663525948 14.272154351235631 6.536962268072343
2003-03-21 11.221194352479785 15.974618877977377 10.00209351123036 8.358636847247206 10.033188351602426 3.269520331167069 24.412072267389174 39.244532075605136 20.472519052064563 1.601633988778612 12.51534232633908
2003-03-22 1.2920525957801159 17.53067225850447 8.285847239046356 9.733076350326435 10.622235344220375 4.770604893681935 3.672215838378969 1.41050247879155 5.898319799377961 0.5233847597701493 6.043360818238128
2003-03-23 6.34150604160539 5.2793452093755295 6.241730590172075 6.482900182891973 14.290026652047219 7.113256961917669 6.498432421845703 6.713878350393804 4.743440672341106 3.2259735756122927 4.678918125727954
2003-03-24 8.220151587801114 9.532086929805589 10.442845497100391 11.808334114607211 8.065667444743408 20.463093819923415 1.005430141111345 15.918850776899655 8.097376594932129 8.796928305571855 6.2804052021626475
2003-03-25 4.171347601890027 5.738442063427112 19.914023949619942 28.09770147214201 6.285750715998424 8.153328239079025 0.6270420985295331 12.241379556111044 12.751935568107944 8.902485699228563 8.032231627110274
2003-03-26 0.6233756597145534 9.509661135891111 12.045077046101152 12.25879979845147 20.84482768823739 10.94099556508348 0.17447391574727245 4.591195346068485 10.6938495825687 0.801781921194616 2.4761216898651206
2003-03-27 7.720304513705532 37.50819377116515 16.12968221715011 13.407480534086606 24.599848736042492 1.885692566179781 0.6170381951142591 1.6221961422840656 18.36418182759695 0.4640271749351055 2.533732328848112
2003-03-28 12.550070058402763 6.519469494603362 8.173742946753546 8.813034551871343 38.437554910745575 3.9158114715006906 3.5147003210384957 1.996625077794161 10.634182090630015 2.4680658933967026 4.735790937230397
2003-03-29 1.8458946152169136 8.92171141062581 23.477614814031107 0.793039053998942 1.0023138020819913 5.03801032727861 17.470317657797885 2.5074806224026815 3.896777242286388 2.2745550508319785 2.0420497666509254
2003-03-30 0.19037032272919366 2.7072671590343713 17.694102204388162 0.7662714142117806 1.076617532025882 1.6894772740143322 0.24817226163545755 6.84137051907248 3.566228973556136 1.318826206078981 2.365580203582473
2003-03-31 0.8624525320136895 13.676543672301225 6.048378108747237 4.246210166336669 1.7422783868153284 1.6646418867787394 0.06072064268122716 2.0933161882857454 2.537826507393399 0.7081755917318041 5.547887501118099
2003-04-01 2.2178746683167323 12.840080204594177 1.8571893303554319 1.201090126486859 0.36895542597435227 1.0269918724433247 0.6318098660859541 4.852678152898482 0.9457592743632165 2.820259248141017 20.556314496119622
2003-04-02 2.207425601043191 1.4174337280352396 3.670293439976643 0.9237625595535119 0.18272941697215703 1.488200279147167 0.031573090837128004 7.284722575553568 0.7065235764152371 3.7755709023402524 8.445315382834245
2003-04-03 6.306631568691679 4.996531872893335 7.215074158514128 1.1697379364477405 0.7150032152192611 0.5926166457585823 0.6442605664583062 21.302218738906884 4.175810374203232 7.75364703463959 5.552659877148427
2003-04-04 4.983129691597602 3.9455495309846844 11.497241476488638 2.4292920655196957 3.8749579801764584 1.5034388792486157 4.310786513408935 0.7482903423691554 3.676671140750837 1.5780580316181014 5.768305256542754
2003-04-05 1.0646603150446623 13.97525656979489 14.609184491119258 0.5101561486511411 16.66849260732757 1.508936602210042 0.057459720795002035 2.36668036078954 2.633469750213855 1.150671312493415 8.264282829487186
2003-04-06 2.9940055856941123 9.785442225219754 9.480812669229246 0.45665687944945077 15.083937068387515 9.850116956145056 5.646340958857515 1.8559691932792817 0.8780681101086215 1.1624144377174153 14.31779948002848
2003-04-07 9.237133467352658 8.093144138014546 6.0312301981416185 2.047818838632794 12.188802571439808 2.546384157358588 0.9304844747905195 6.035210467141882 0.6702177291978433 3.0356396302704813 3.141542137133444
2003-04-08 14.584136379533216 5.3735052987852905 3.3178522792310883 1.2814587296419893 6.844115688209135 0.5516519555062711 0.8569173295041748 11.612648818374208 2.863384947056268 4.463931242626624 7.1354027052921465
2003-04-09 8.41163115763755 0.105037710958337 1.2565991804992391 1.7095669753666005 6.069272470626272 3.5450329429757277 2.4956006904273136 27.89921113548232 2.305521593766525 3.3858861235386293 17.56859232166783
2003-04-10 10.23329183130513 3.304517823295817 1.6531113201828944 4.734361373652142 1.3011663728788332 6.404603417304232 4.646819314322755 5.160294435038274 4.545986999269471 0.5167112950053949 5.872127439962934
2003-04-11 16.51544024018323 0.7833895574677862 4.70996767540465 6.482168562053823 5.4106955708603675 5.856845202597146 2.6894735833790726 6.496356377820655 2.935771238331849 0.1517539003832256 11.233915374527866
2003-04-12 17.634032762811486 0.7649334112925117 10.170948367510183 3.3643893815083312 3.1021326562371705 8.273243027954015 1.723345046043402 3.455225549236624 1.0959353378281527 3.649653683331649 11.03642264564902
2003-04-13 16.353320538405352 0.5228183431275137 2.709080537049145 3.474878660373811 8.825073407027269 4.943684435191612 1.3482225906748984 2.18047557989284 0.9914508348709832 0.05193879987520138 7.392851800750942
2003-04-14 1.0553129054271162 0.09327354459637865 0.7416442370570783 0.10116776173372424 1.0241378121090943 0.7137480935417905 7.383533979607307 2.777179005155298 15.970690420522384 0.4631307001622528 1.0711647015992016
2003-04-15 0.8958092502680756 0.8599880659881545 0.20825708858239378 6.8606773552877325 0.7085142942021362 8.128747032885755 3.178957841660119 4.046868988613099 1.215255986431465 4.78205521336346 3.1899738025031086
2003-04-16 2.1977645436149467 1.2472727065375864 1.3178737457888552 19.11994169256916 2.1799504691521454 3.1458975624089938 8.371671222075648 2.7858212634917336 0.19618053049664483 14.810753710481377 26.368581394075523
2003-04-17 0.6729550923608437 2.2680839123239154 0.9762752687441355 14.475831772840932 0.7115427281063977 0.2260592781350173 18.183631274301007 5.097571403371707 0.9841217234109644 2.484374567145972 9.137711432647635
2003-04-18 0.28260289034506253 2.4003324762022586 1.1078729722898277 5.386977502204533 20.00957807793633 0.46721476474104284 6.6742601779992015 2.7195037534330044 1.2812228961093306 0.9967892638001644 3.7149851676706254
2003-04-19 0.5731231836820135 1.7786409622182466 0.4952918231421238 0.1598079128713302 5.117994470972668 0.7846727539821208 6.7730463970783585 0.25585775220773754 1.6387314285946963 2.126776539866387 1.7652017340603186
2003-04-20 1.1910069532037433 0.28594600231467243 0.40054292756602045 2.6064974547681836 3.2943940669418303 1.3466611580384424 13.94737573864648 0.018459928719532073 1.7995115205654817 1.3481659968881048 1.7422425027207864
2003-04-21 1.24669776096088 0.45173417438736374 0.0104360236361321 3.742936878011929 3.2768049369420362 0.35822097573059364 1.8032448871912303 0.35396211522086646 0.2587738396427228 0.1113093402426692 10.32657856081942
2003-04-22 4.914939869733768 3.0577239601568413 0.08651575898142576 2.9852732406062024 3.0620774284599204 4.140091458161672 1.5789737344072179 0.16862886849254372 0.03298166283246991 1.007072679831373 23.789156639902114
2003-04-23 1.3529580251484041 0.2843216931565297 0.07267825276820324 4.144853836648307 2.1921112452072573 9.729709783432487 2.194085205912927 0.6677205023473975 0.00742806470996878 0.3663799031450451 15.35920820809725
2003-04-24 9.51445144837989 2.357242593868281 0.14980991473390545 10.19314315941076 1.4038639456442619 9.111082890055524 2.9205524003427854 0.8665392032278945 1.801504743863678 5.570363496153983 0.3960827720756043
2003-04-25 4.071779060104401 9.871099063464316 0.7636961624873849 3.9408804629494654 2.0486030915812425 8.18525708968417 1.0518794520069465 0.33367505776794576 0.725761221241211 1.2037480733867636 0.30133785099892685
2003-04-26 2.389474752928128 2.768242596316266 0.3954022534555489 4.002158607506324 1.5147758576203272 5.571462779406443 6.904525003606722 0.0727230092720878 5.282882105075484 2.512933648957438 1.3009680194141415
2003-04-27 3.665598576197031 0.2757342762754812 0.9295377264361008 17.97615341781181 1.8933987769649825 3.469267366954636 4.257863229107493 0.18173792964083746 7.642967414432871 1.9668700312921001 7.285596385709498
2003-04-28 4.38791664438596 0.9363876277726024 2.374700266856106 4.292133075651451 0.06356705390910221 7.4255172354476615 2.276142439414019 1.0820203394826398 8.058508341194548 2.3497856265260193 14.511711510651557
2003-04-29 2.59727239216158 0.45655419647759876 6.493471810471373 0.882018918826013 0.7386588771929927 10.71341982863786 10.691856244659318 0.27723805187840606 1.052204722641593 32.07000172393569 1.6847884488970724
