2003-01-25 3.309050256723898 1.4756166887107383 3.455065482622964 4.954596770592965 4.0460447557805175 11.771633114391529 2.53896674761112 1.973571098384142 3.6980992222896845 12.30359691736016 1.3181605821126607
2003-01-26 2.166589147103041 2.781034288228164 5.032473728109844 6.269729387928966 3.353255328310675 3.8115662060782554 1.2526177838643922 4.506421208629602 2.159084638631472 1.247130291680946 0.4214930888656072
2003-01-27 3.648535519939859 1.5162021211973364 1.2179608997908185 5.527199765667527 2.162502290156305 4.034508609374544 10.048089303827375 4.474111909129627 4.362474796499409 23.028226094542426 4.6687362954515255
2003-01-28 5.561707322992433 3.4046838819087095 9.595747341923916 1.8948380286203448 4.054401469654132 1.2144587272403065 17.194988397244934 4.721866220418647 13.53392029013714 4.33025600245975 10.857684058562251
2003-01-29 4.869218566267726 6.039369966492972 2.769048226699568 2.221062016684427 1.7914830226426006 2.7523602688652646 3.157684901249759 9.70442583947662 8.314817675074583 6.497105038997222 2.5788588430282275
2003-01-30 6.401076452143908 5.141911535989321 7.3078399468502795 1.7579194039285675 1.3644917793305509 7.566067686769356 4.494790137701017 17.065526042420302 12.645526380260007 2.3361418987636 5.607358340770601
2003-01-31 9.747517413612401 3.7772814156338947 9.011976655977808 12.047072426217165 1.3669210806647052 1.531962366882139 4.306379128208638 21.1989504936922 3.6233783636037407 7.035350053302093 3.0499063500255006
2003-02-01 15.406003115955569 5.605712375616437 9.658615874667989 1.8959600880611873 4.371306151430474 2.8973727066077233 10.763407066721179 7.574033738020818 7.749058353868942 11.924043711639262 2.8563794002160345
2003-02-02 6.506990964407745 1.9406417327450771 7.417582261231589 6.1227556166076855 0.8370793024149807 1.248173783341087 8.97072347071497 2.8815892342911384 3.4506364852880798 5.3540774245488745 5.809748955812559
2003-02-03 4.134152035806069 4.008884661312273 8.678710092200715 1.4428739916128586 1.0059415033025922 2.452739827061966 5.232073218743535 7.396816468969899 3.654624208745423 3.063222625838697 8.424634967227082
2003-02-04 1.7073887775449146 3.4039545910422984 10.927360518273122 0.3765919441471174 0.8816212379490034 2.6004476000715435 6.450497516633526 2.370610809094117 12.370291084924654 5.059881615434717 14.114866219188396
2003-02-05 6.927195004587022 2.6325273341544224 5.001307753340377 13.80491495934951 4.36072193801387 3.724198174637939 2.3773624968192886 2.8206372789276664 34.92025404206679 3.7811053798307555 12.765436496413685
2003-02-06 7.191212714098783 3.441173096194607 9.127840557035068 1.7934868024177972 13.921329010236143 11.188636775087119 2.363504133189826 19.488617124559166 29.82561316572049 0.25564015986633526 6.624560179969082
2003-02-07 2.967379153969784 4.508486184235744 15.492918529008058 1.6930274733764095 11.97716443446603 18.117114014710854 7.079267574853475 1.8775273486403339 6.001146051268822 9.276772343096942 1.2326050150851109
2003-02-08 7.522830072077959 2.7758367924119343 5.406483875285948 2.42318438085423 0.7570473596147789 12.208734045713694 3.0345094804220616 7.569290068508086 12.703377392412092 2.8604912693362783 2.940272005038652
2003-02-09 0.03448867596530966 4.740599425856001 11.312367252279612 5.120994476024176 1.3558403217486905 2.731644154140987 0.8033701183716451 4.328510780661498 3.4332945263883587 0.4389038863891783 2.144367364767013
2003-02-10 0.6877945284368611 0.7545476435913965 4.797299077957419 11.3835949815903 1.5510881782463137 7.311463588279905 4.703075653169115 4.196052477330895 6.341798396258865 3.889951615824393 0.13686962929791968
2003-02-11 2.295547715756537 1.2299558878671037 1.319477571345885 4.0727439734728925 3.2892007394422937 1.61533605017513 9.092871316350207 0.3754289598411963 0.2739025133240149 1.45512331839514 0.06655582043518991
2003-02-12 0.318600957638061 1.4863983138548138 0.9101994869765208 0.913863314961459 5.258794933183269 4.878036278296825 6.264233021071948 0.28498550543783907 0.7156186001094822 0.9961420635897325 0.25487617499122817
2003-02-13 0.351307529675544 1.1100452622656598 0.6094159522022213 1.7353782682613423 1.423255292312952 7.224622537754851 6.473676578784022 0.30021809366878915 5.716246314522712 1.2598137716460813 1.1812081694074175
2003-02-14 0.495935655330416 2.2285985768107492 0.5353274933131611 4.748733028156009 0.6897072833759567 7.107531173190034 7.631632122891468 1.385612500971495 9.355524651964004 4.421434554255171 0.9832707885425622
2003-02-15 2.3663112984817016 1.4968754376264952 0.6627356663587041 4.877055867626689 1.9731224040985191 5.203745978367303 1.5900167529428475 1.1452139755789728 3.52034024229365 5.674939973752034 2.4336871203932207
2003-02-16 0.5020271085226358 1.7131010739123314 0.22825086792454108 1.8224541560798384 0.45677382446467407 3.7684078333504916 4.036311659660784 0.6293090865062092 10.135940720526008 27.71023457148314 1.4279133615379587
2003-02-17 3.0254395388180857 10.368471947318266 0.5226457070810513 2.154057110264473 3.5253637249172582 1.5765030953282866 0.05460090727240162 0.44576208131260575 4.653999236964962 4.726113266266359 1.350378572641153
2003-02-18 3.3892766718700313 9.386996058396495 0.13171117598555152 44.20766160585695 7.699929289033763 2.3056183934605703 0.4468336026412943 0.6144947703481762 10.116439133390125 7.9635628550271464 15.018727577834373
2003-02-19 0.8569006689177258 7.736553751345458 0.13633870491798064 20.72530691025547 5.505568345950486 0.4328318335466377 1.342632096336751 0.6014118625913222 5.9754062318149375 14.935170883253683 4.639749579354262
2003-02-20 0.9011300599883061 2.2381344848657814 0.6476585575162666 17.725096296067807 4.12730357568255 1.6922411139633562 1.441858164769474 0.22449047794940938 6.491392059138486 16.40792470839961 7.519365087847639
2003-02-21 0.622011774904864 3.6038006690099724 0.33023126053161567 4.337816882176977 4.470510138830754 0.07685044972333406 0.6890295563270956 7.021460242339448 9.283443708590058 23.324025646245993 2.186457838808832
2003-02-22 1.0820451718696558 5.311916617973338 0.007059154791129334 4.800970965866574 12.156858702152263 1.075768154228892 1.1877498712116314 5.547335679740734 6.710900351727638 3.2121960732275956 7.332018664717767
2003-02-23 0.5033439921219056 8.61024318577956 1.281495739747912 17.233615136141115 19.83740510743945 2.952019677869461 0.8678345998048944 2.612784980262995 3.454972826896431 7.14849372925043 3.2793143075859295
2003-02-24 0.19612806387177328 5.3968627160353995 8.57488614013409 16.283814102552594 2.870734947533654 4.968648342715144 4.235372364417485 3.3368603265859638 11.172462102577349 2.517505318370523 5.26391143724086
2003-02-25 4.237360409085373 3.866196819037062 0.07829602660781121 4.079263113234578 4.211742828978737 5.038271025761319 8.500578291397911 7.461575811619174 2.997053082366665 2.882294536884825 1.8918382052259273
2003-02-26 0.8655678120682851 3.6214171279100684 0.22801212234504803 8.325985895487722 17.624964925171614 1.2119498498011243 5.517110187564999 3.0474518230127146 0.9531341520369327 7.565153269959893 2.858215555878594
2003-02-27 3.4719531734836506 2.7212188150877195 0.4107144716512964 8.47738631811056 6.593412173230821 2.043617606988759 8.739076564562524 1.0098180847514255 2.456727118527751 6.276428016958167 3.7013531057732996
2003-02-28 5.845809900307572 3.8686248261414113 1.4627209253244926 10.005062223956184 3.5398001893687008 2.78790547434038 0.7598838360703614 0.8947378836824446 1.217316709031068 4.381742773422387 6.0659408060214135
2003-03-01 2.619243654616612 13.167718003888554 0.4270383297625638 39.117781846746496 3.1463836881366243 3.3406851933034423 2.270399847426443 8.141787182596156 1.8148444972763476 4.964767062592523 7.05237002646631
2003-03-02 2.2795511134132402 17.504296576398882 0.42032312234711167 23.19288025928686 6.690724437367452 5.0255437670590855 1.4037195419914505 11.174244641554342 3.121040466781663 1.9110457646292796 4.421780164104057
2003-03-03 2.8250971510326552 12.994673919189168 0.728256335756694 12.409961567827043 10.393344935756108 8.80042028134908 0.37499839798748935 2.8921366662016585 2.6722438932281483 3.8401118782706503 10.108423342036314
2003-03-04 1.351408667625877 20.43945147326627 2.856337429640747 22.056418637108322 6.286846319857203 4.168337663944914 0.09019648067485724 8.119277384429964 1.0791670641959463 5.26174155182737 6.228336045844889
2003-03-05 2.7430376248104644 3.5463019405739864 3.2479754821695996 6.173537004798427 4.46690615630997 5.3512688041209815 1.2654717284323502 0.3879752361415342 6.206450722836452 0.7777482071730637 6.33053661804249
2003-03-06 1.6095206519972034 8.931190408585058 8.569911155469736 2.590181535353058 9.113052999921965 4.682511621664549 3.097820997908505 2.4963647116382566 6.801004966266821 5.237430099511723 5.751220250975788
2003-03-07 0.5166123927679469 7.838725743903595 10.834898625011851 2.160020357333905 0.6198707524511996 4.51094299111312 4.131911588675958 6.6948306277621725 3.299479712004671 2.2590687777913536 13.248362667084614
2003-03-08 1.0445031314049018 2.4923709845404955 13.640574250385479 0.9802924479102162 5.6436275786079895 1.3019103541122563 7.794663079259028 3.2783304798032877 1.2762515315456167 1.7500578067955468 2.9887772524125786
2003-03-09 1.2191900232385546 3.207216875558745 15.470974381711454 0.9375655182649392 7.033924707815861 20.43046367990957 2.8284439459273476 0.6613012287805505 6.970618106214918 5.668375720705146 6.844889744858064
2003-03-10 3.9314261149600287 2.3827255643947414 19.13135682284183 0.5391207323656814 4.911665792306427 9.855081733148864 2.8537066954283397 2.293893952341752 1.8474273475944023 5.871105845068952 5.00558954564558
2003-03-11 0.8262539089680536 0.8523475089352262 9.900962937078756 1.8982523368297386 4.046249560719211 25.09394766885841 2.781230695286186 3.644951972099648 2.654896314800318 9.311487612718222 6.27347487458382
