2003-03-01 1.113985418487823 1.4073414761031713 1.198084632554579 0.430788748702008 5.363099122243457 1.456482296427688 0.390850641723659 0.6912259454730374 0.9576873300305642 1.7664197905840267 1.2704368092403144
2003-03-02 0.549468515725306 4.689393922157187 2.519676175297314 0.7228477031206371 1.4677003540901392 1.2476951725356544 1.1852693530796126 1.3670217387207224 1.807635949185586 0.0 1.7085423811434453
2003-03-03 0.6111285452501604 0.5840320265018557 0.48819381013414653 3.380421238587755 0.21352308878340398 0.8296131442520543 0.05846447696676744 1.63576395543115 1.9680711389643533 0.0 1.2360311023729744
2003-03-04 7.271248660769501 1.0146971253756343 1.4459193023328498 10.803808714041342 0.1629342672457365 3.150731375212998 4.255265112628088 4.978949395844782 9.275476412161815 0.7078231550970848 10.059024464240839
2003-03-05 4.7949438806683915 11.800121731139644 8.626163236597362 6.451858144389746 5.524663528654517 5.122598934644579 2.7324677351933215 5.341836500959967 10.220762252487463 8.35286437374112 9.7542808045608
2003-03-06 4.1705736834303035 0.8330746517832653 4.204376736109676 1.43353270851776 1.4192600846529508 7.903507960178397 2.5548010184450023 1.4219280780629395 8.718467733440527 14.46565470562786 5.602365518342362
2003-03-07 0.5635607621272265 3.476608844748164 3.059794428406407 1.7283198035753702 1.779199642745601 10.337553381434702 3.1336902400210924 0.8312308821887582 5.815021720725148 16.01374284561394 8.878825673045203
2003-03-08 0.9379170245893494 5.272593957449438 6.6710100597613025 3.6211390917632134 5.993349420912681 0.89848861893192 9.834522186090354 3.4084121385611943 0.737937865017831 13.623604955991292 5.915066172993674
2003-03-09 1.5596196543114755 3.086694295127325 4.364684403688656 3.146542684818069 1.0179490299109757 6.3684534813108735 7.665657174887741 1.1463977510414742 4.039697931254566 0.9319225396122384 3.743555628145348
2003-03-10 1.19696273051192 3.459360517751795 5.828114189208906 4.621291850778506 12.53314380408295 28.44350099501115 2.1272416469099293 0.048625081484027805 4.5970136698336574 1.4641130521955454 9.359024125125856
2003-03-11 2.607792680147281 2.074933692444699 7.78848229356376 15.550926006758065 10.846539886711716 10.002947744081583 7.814692887846226 8.47043246498854 7.8713104700873355 2.3455209709990243 4.781673969716642
2003-03-12 9.28547251164255 8.243663794369589 4.316539932128783 3.2662716603828796 5.502782984951281 7.337220529172679 1.791366162930675 17.392623814287454 6.373222708016089 11.572298623982036 15.542340130123858
2003-03-13 9.985944199137432 10.942903517740664 7.527500494873048 2.4829546654560968 4.4571793165512705 5.014811199862351 5.28574175741928 10.898172615248233 1.6821149200407444 10.737831575832509 39.61728585541692
2003-03-14 4.88726049013162 10.537757201574973 15.80043726645905 11.067282077289974 0.6335849407892933 6.886001012070745 9.162826044903944 4.89681147411269 1.391651203483116 7.401343997074041 4.677643247379596
2003-03-15 10.021408898331448 5.083429818429186 4.579491508563919 11.341497992681527 3.253820465859165 18.4501633567857 12.22777965254006 22.84216463640034 11.23373784381325 18.420835924348935 18.82975067364856
2003-03-16 12.347689106297006 2.6859694858800096 7.819208279986339 2.8552733150085357 17.427469735012366 0.019211191778669832 29.493128513911824 17.79170865869512 6.151578475732055 7.879964737596866 31.04065859300735
2003-03-17 4.587182356346754 10.521367180253911 7.3424749399348155 2.632569144957049 5.732093645063273 0.9528268714883177 15.532551372706687 6.452678910449236 4.74407278126303 3.6314901674223616 19.429011946976644
2003-03-18 5.998594205563142 23.394693431580095 1.5544006158456605 2.8143366428474206 4.765196976971163 0.7129045199122839 4.032972512497779 7.284552605436193 0.9765215099520755 3.826947726279173 3.975236706468341
2003-03-19 7.460484529999182 11.25114652333529 3.2909283908722147 4.763990053655373 7.04324682235201 3.6216718106256307 14.529629148584535 13.79067446687538 4.233232484783596 8.853107262423002 22.19117642758631
2003-03-20 1.6079107992294008 2.3299563060343123 0.7857778352967993 3.3238930417724073 5.742159548610793 3.6815369462377587 9.93044044837275 4.693461270482233 23.873401076335995 5.141117442055435 8.656913461796687
2003-03-21 3.430139341516079 1.2899202687836417 1.209251950029063 0.2799003619080664 1.655197400800416 10.211825719620423 13.201345312551563 1.3070910507078435 3.6217937716152657 7.801836147674335 0.7046893636166628
2003-03-22 3.050616586077007 3.308833780390224 0.20252325009031874 2.5633515705570993 2.459684621653802 5.549379228159472 4.9263299697734535 1.397736434697539 1.6843625387348846 12.947043466781409 1.901608557454082
2003-03-23 8.262953669208981 2.0484452849143233 0.06999232430940072 8.153420937039487 11.654594900358347 0.4062636379872595 5.590722183861109 4.87247182703774 2.2835836428772076 6.688685445794468 1.101836206665648
2003-03-24 6.599612421968199 3.436897517322374 4.407190202732853 10.04054110049367 6.3288625492646275 0.28325142121611857 8.17123366358707 2.3034568388051726 17.2680676875676 7.254714187278511 4.156833546606012
2003-03-25 11.708332792303425 0.04950565808965066 3.7617371210422825 3.5323491351663843 4.838974165192347 1.5217945060476763 1.927357652772615 0.1581771362887594 4.043022985767807 13.104873996586148 5.459369338844546
2003-03-26 10.62296929478876 1.0838436118007702 16.73028592532814 0.6148522593830614 6.735939118467151 5.022014213072636 5.3338309880956425 4.776961950248218 4.4314425822508605 11.109736943276712 12.654539266797439
2003-03-27 1.5177964282092047 4.624847712728699 1.779616578918854 14.77998407837239 7.290264512723112 0.6110852665884059 5.697529957000242 6.58622568261147 39.344531458468644 3.764603075885569 12.532215336935941
2003-03-28 2.452338485214054 6.188183494495809 2.6233612705700393 18.41921882082292 2.601036845084583 0.6065631387192529 4.9384807181855574 4.358879672622583 10.413031034680689 1.4521286139548821 1.5781227035566778
2003-03-29 5.953874795077278 5.715986416105402 9.422922161844026 10.932160611135021 2.950550156579926 0.7608789814642385 4.594768727117168 1.3568796748893253 40.77854001387704 2.172816955848465 3.817687100835787
2003-03-30 9.910445233527676 0.9697435753282672 27.33029713864835 8.394409029809966 9.917029481441181 1.519487412023596 9.652039230835143 0.6713159942316694 15.807316639739945 1.78544199402657 5.959291697901667
2003-03-31 12.90633603493007 0.5703433665059837 9.950797401042411 8.549265429593436 6.335949770710102 4.568360493171092 12.853374399643535 2.7540936896236574 33.60407748653682 4.449360514608344 2.2303850226213005
2003-04-01 2.3000924702480448 0.21506114319767988 1.1820317826232603 3.0143958624154434 0.4340567660196891 15.6637086025759 7.269050053094544 5.428976436968483 2.070647299673472 3.838211966283346 5.955362479102628
2003-04-02 2.129291767589323 0.3355668540252581 1.0339385931338159 1.6095460755795878 1.3537646798229703 11.8090141206531 4.9504712578088 4.4718086270730435 1.662064782121714 0.7949536512348279 7.248026639317764
2003-04-03 3.9731913268943515 0.15544705666210282 1.6833421289582549 1.3870998274637152 3.73000729330038 13.22642326999425 4.64191272656849 3.5071013378651172 1.4842580662399043 4.149310432751038 14.827115719679966
2003-04-04 5.324310183651958 1.709867027064985 0.9690262597870516 1.9513708753304393 10.995607446488624 10.863447545216598 4.693461796235693 1.2815691665841045 3.507006339155038 8.902864110284499 4.437983582934496
2003-04-05 1.6111226725667112 4.532469213504826 3.1126755752412016 0.9261953712154888 23.104174908124154 5.304224304070166 6.527161803242478 0.36994676688115435 12.496997747937769 5.438807294551946 2.2367300068485934
2003-04-06 6.3614466571838975 1.9323439107053904 0.9677942324755734 4.312122686176812 13.609645891231548 6.522546374526097 16.337244235348546 9.866086689936427 14.94138082226502 6.25952087568813 2.6076045931231766
2003-04-07 2.754740161354709 3.722344023530444 2.5401275230252756 2.430024611896454 8.976181859302129 7.350564660820597 14.520026937494432 2.848635449722031 7.7943316892980965 16.97304176693421 1.6761564241081797
2003-04-08 1.5926221929831512 0.9338290663063886 4.54840936881609 0.9101994719943348 1.7210645665401683 6.593200504554602 15.678304418083506 1.0847138876414175 10.188110511552468 7.594799515418723 1.379232197953283
2003-04-09 4.2353676709967445 1.986096362198917 5.076238218283569 1.0829527945862294 3.82414030773427 1.837147372381489 8.37064790863252 9.144610848749435 3.464455160459088 19.42503434500006 2.607613765800081
2003-04-10 3.5453386356665786 1.4714516739546295 6.059777449294135 1.1688092334509326 7.3049791433055935 1.5508711065240925 3.1615687412061177 18.79947944506072 8.928854623928327 11.606140414131776 5.028100979423765
2003-04-11 2.1780140380817814 2.3122942563453144 10.716148268714534 0.44462943390706855 12.221316377495862 1.9653948048222682 10.837688351086321 12.198140766438122 3.262283802106832 11.727763938486081 2.66445773136131
2003-04-12 1.198431411004874 16.605895219223587 4.2003762738165085 0.6129677493009745 5.707167272513823 1.2277778508354142 13.08890964800995 23.908093333344898 1.0916385436932863 11.661078975618057 6.60556930295351
2003-04-13 0.7600917738592956 14.36339443480284 3.1794424734812803 10.811855011895133 9.999792415902277 1.6133011531662849 12.583652031369393 30.39081727677314 1.6240299102040763 17.92497436853691 1.5296386317404131
2003-04-14 11.939881552323055 1.0484237004187733 10.934396266935186 15.18367105517399 16.91397746680616 2.7383991030357016 6.251095635019375 19.04676997500637 6.601429550775251 12.65025163862592 0.6150125186407828
2003-04-15 8.098786924189215 0.08110674826779371 9.435660163165615 16.5684164195929 15.956126313693717 4.072411822595295 2.9860059929023945 17.819630467339756 8.436918052534951 15.150897533731538 2.4704043208639934
