2003-04-12 0.3709595493918043 0.44442743605524804 0.7296659326530859 0.4277371502994198 0.33609639290754445 0.4246348224975654 0.7140934235979033 0.46619895833338953 0.4403496131505248 0.28539812362734973 1.061428082984666
2003-04-13 0.8975457046524085 0.29548571010984404 1.1865754845666565 0.6145012909205788 0.4536786264840771 4.48676858237287 0.07616294045144525 1.1115686778381015 1.602221215180402 1.0767755132127825 0.6252727172801789
2003-04-14 2.8759968296687934 2.0113486670019456 3.4024219780423537 17.068348217244786 5.506045703987221 25.782240646023546 0.5562904465231775 30.60363885101882 13.274358140060754 2.418816235446778 2.119987046408953
2003-04-15 2.2955240935815917 0.18691116792582382 2.0683206443761346 0.5598384655708029 5.152700411728278 1.1188040980296146 2.1271027040876733 11.379896715655786 0.5372318707099262 3.538417545742047 0.5336787133696012
2003-04-16 0.7294657676832156 0.14771389807646954 0.9985792967347284 0.028357530930029247 0.8293917377713826 4.969678963917021 0.9663612790628342 2.277108857007738 5.727981708254251 0.9516320105424602 0.39724000957930417
2003-04-17 0.5903569740212797 2.2384071445135127 0.2599594124847727 0.058748248151280824 0.9429119987693277 0.7115257102399242 0.46832912384005065 1.6629431879671441 1.3691999519606333 0.8402596099171019 2.39451441411921
2003-04-18 1.833186942167625 3.166514406704345 0.6721343618146948 1.5087857123795352 1.1159876164459028 2.294888819424115 3.242230543189686 2.5072275098636876 2.1051889473837484 1.2065814452126282 0.31555594294400113
2003-04-19 4.456811687158083 0.554243253799654 2.882210163169058 3.131536129946271 1.1851761734512127 1.977990124701401 0.76404816001282 8.48437092938021 0.7061498767015755 1.1379980948368194 2.3546205189826157
2003-04-20 0.8723741477680698 10.63165194795603 3.738590404516252 0.6107166232846584 1.1012511350063208 4.343595714180842 1.0395295169800627 10.240779732648432 4.949797713692696 12.708748858213674 1.3880915139385324
2003-04-21 1.5541874002523852 5.527812953849943 6.306859582597423 2.1816581636086383 9.062887591111195 4.421103279480198 0.7666138460097207 3.4147430034554325 0.2675707358067829 0.591661091788789 1.4135470218063326
2003-04-22 0.24811016738907743 0.8670233714127826 1.4067720957041854 0.8765473968763596 1.0029879254485603 7.717155469768333 2.704054492797262 3.4923602747775755 0.27802898938105625 1.873901024821947 0.5655620651187704
2003-04-23 5.128984628866868 0.9722452864208695 0.12718637418604434 7.039319589724849 0.3877425786880958 3.8396228404383557 2.587787865718738 1.7201185633728167 0.4344370683869253 0.015969503146801893 0.9328278038363524
2003-04-24 6.849527780800517 1.0148092534536977 3.332695787407538 1.892644047811706 0.2891691341446853 5.484482759445683 6.536753010096042 0.7124068513917647 1.4620346458111149 0.4305809696346352 2.7196020658701743
2003-04-25 1.3211626207025886 9.709329428552984 4.662632316235711 0.18136965391385343 0.06179093187388311 1.9302079838219977 2.9233092320167304 2.086607585632164 2.8587446002623977 0.11301197421883685 3.888093353164539
2003-04-26 0.510501276493722 3.42131484637218 4.677859616089769 1.026559431270471 0.2772957340015959 4.249223723541336 0.8611580620431407 1.072929226228633 3.6532229798823046 0.14535350477506123 1.2736174926705206
2003-04-27 0.0 0.021713039063053042 5.0702565357246545 0.5199416213627134 1.3858136983598006 3.146236150182207 1.3209696870150685 1.0687791759905731 7.872737100435574 0.6083851987099815 0.4763980033137037
2003-04-28 0.2414492121048803 0.8154811560087845 5.068749220999857 0.7049218501348129 0.47075026138891707 0.22299267136851625 0.11112410665251166 0.27000765470568805 0.043606411594908856 1.2035289823048831 0.008410790602200046
2003-04-29 1.6187523105546955 1.1514101574712128 22.646953625187507 0.6583385007897189 0.3909622518253985 2.5177779460284104 0.21431825836814353 0.6042865461380199 0.1994826349646961 2.273844787797835 0.17624474847428656
2003-04-30 4.731967842280692 0.4252745727603574 4.737194551044951 0.539527338355885 0.36606476990835857 8.825694807752242 1.3856351898380992 0.7517754178348729 1.3444302280238583 0.6822835752241359 0.5195901903189626
2003-05-01 2.161642976751074 0.794185458727785 4.218127246982224 0.9109022366640057 9.704687496012845 1.385920100715449 5.364180301572275 1.0064695376429336 0.5191037421595405 1.1729566676311334 0.7427948475579067
2003-05-02 0.24049625878834496 0.33468787697246005 2.7460234827863546 10.207633897506778 9.22587980618407 5.094380517786738 3.521579169883426 0.003826479817224195 8.530180443126152 1.7787360623388964 9.85580830413048
2003-05-03 0.0683796948832863 0.5251420715583617 2.834906737135272 6.383939462605856 6.644962221163502 2.759802326745687 11.785196395114436 0.2016524410429714 0.7920168110888168 0.1852716706149279 12.656887079291717
2003-05-04 0.0849512940767982 0.7305650303597868 2.656979118341842 0.4564188002660501 2.617595332419778 2.598603166312078 15.995914120531499 1.0389906307174823 0.5519187352187253 0.6264064771969224 0.21299733547278918
2003-05-05 0.6397584092809417 0.6098892735653934 1.0813399935792667 0.0815400615983593 1.1461928815449658 1.0977489118381674 4.018827882344687 6.816092247915655 3.5327483888820717 1.5976464891555755 0.1979371658064211
2003-05-06 3.0072821389650652 0.15769413861307416 2.3301142474551595 2.4743839608508984 1.2719384819177457 11.797619287259433 1.5082392673659122 0.5396032182482922 1.3034286886797546 1.7425935523735665 0.45931143173172045
2003-05-07 13.44205855155797 0.0946294637588153 4.587064548393908 8.904517264689787 3.3702744219780456 7.4862634022833525 0.9393495828486251 0.1965236913156151 0.7109474179198874 0.8755462130354364 0.7942009617990614
2003-05-08 4.378460965959315 0.022390871912098445 2.1731533674022376 7.202665628901503 6.403589688654224 1.3773244720867026 1.0670379176508376 0.9330953831307757 2.5754206370411006 1.1738781779288792 0.7089091715621116
2003-05-09 1.8048486849191077 0.5714107084947709 0.12593323004672835 0.7237880990276575 0.4441810888466452 15.995767588955626 1.352589597455319 1.1082691916625114 1.6996345530272694 0.6080553564779334 0.7498485256605799
2003-05-10 0.393886518620306 0.05377904348068411 0.10902621492228388 0.4284109202876935 0.3669912659186558 8.208390524558238 0.2890809320484592 1.1820617187414153 0.3515323820848888 2.48338035153963 0.3257961324666244
2003-05-11 0.3425504766018005 0.6683383681467078 0.035730457861549623 0.4289279158317218 0.23708709879284273 10.067848140349682 0.6351083405144797 0.005368106879597758 0.025746914301456102 3.3504667854364105 0.09631458712488918
2003-05-12 0.48223882667766466 0.04375684834666865 0.14015344082804032 0.2597601450817303 0.005016377879004998 4.443605212021758 1.5200631881114717 1.124585691055243 0.6150043166444301 0.005724955986708741 0.9018823886028609
2003-05-13 0.17121539198889393 0.058597811020637214 0.16392510190581072 0.3390104801396463 0.18657061767563998 8.61701568429088 0.8921095115238006 0.3231695080030515 1.5399623511099472 0.0 5.079902246277373
2003-05-14 0.2515342444553792 0.0 0.4921616293227403 0.6114656959456454 0.06370129083537474 3.4291719532308864 0.019227342454831948 0.39779835201753166 1.0873404784611749 0.4084786825258907 2.2077174830115838
2003-05-15 0.6880345987426753 0.006346150778378389 2.607972437610783 0.1743936312320997 0.09063500104473236 0.6243820468399734 0.5159609275992257 0.7180929964581155 0.7075716966039187 0.2210688714221733 1.8068692793787924
2003-05-16 0.22141031723147664 1.7098508903630307 1.4081511525429742 0.7775862217287047 3.0699192120951446 0.03625379079361488 0.7407945877341364 2.157448236895534 0.227068526415951 0.570879106030791 0.005016377879004998
2003-05-17 0.021697958924404584 0.05122104091670531 0.9480230855603851 1.807184467451552 4.400583021215561 0.03370991070752986 0.6645130121558278 0.32780650715523374 0.9360120802713557 1.7735214633977014 0.08114280242027609
2003-05-18 0.09100179516210793 0.005724955986708741 0.15484160749442477 0.7931826118504519 1.5193273863003167 0.12416805084004942 0.2578821433830179 1.1932795255234065 0.5446895338914853 3.0642219795045547 0.5568115007414911
2003-05-19 1.4824411905648391 1.8013475115661728 0.012676634370143856 1.9843331876342705 0.38530350459334867 0.22704064127603507 0.17600997829278048 0.40115702836992706 0.2618117007106976 0.01151664793750196 0.5786196227970222
2003-05-20 2.1243848972237944 0.18350983097970752 1.1221009212830269 14.332372971335403 0.2676914768590104 0.027561369071222013 0.028269947178925756 0.04454219024066255 0.6403712844325797 0.03096090190093529 1.0418891698269523
2003-05-21 1.2669534971426324 0.8284732534284642 1.8512792302078296 1.158493209031088 0.009301250749877189 0.14073438759978726 0.005690148004256206 0.28635122945986413 0.08238323815656642 0.0662704342192322 0.9090382378267723
2003-05-22 0.9475199520536645 0.0 2.0551958299095667 0.7727909983455261 0.07917967057964484 0.0 0.10196207856447718 0.11257222546563522 0.014408574296301135 0.07078790853113506 0.6167810626771612
2003-05-23 0.3137629200483428 0.2588031988266274 0.6715317019158683 0.09229385962133674 0.9690376953809005 0.0 0.0127482388066538 0.3485649178023347 0.05421947250998059 0.18071695022054224 0.13854735530841555
2003-05-24 0.025093461874959276 1.782859503599209 1.0114998245029432 0.5216648646614137 0.7185882299004821 0.003375383620266667 0.15177441594748187 0.3229696084871322 0.023251431992530328 0.7781418041646662 0.04864181919541994
2003-05-25 0.032001644217958036 6.734300907357487 2.672853284924196 0.7025415823221228 1.1360405891541943 0.005997783694101089 0.31402018712575464 0.6750297104606349 0.027827372889009876 0.9520922117361906 0.05332794796994219
2003-05-26 0.0 10.690309759245963 0.039644361087499885 0.3403221569472523 0.10368965237322478 0.0 0.007129946873000294 0.8928185717510229 0.04543265160768931 0.43684314209836017 0.03956078137657173
2003-05-27 0.0 0.13880450456900956 0.1513759718144702 0.6777623987328287 0.0282665852626103 0.0 0.23139201331784642 2.2826785213789407 2.6377654304130775 2.8076109646843026 0.30489239509689486
