2003-04-26 3.0697054468383373 8.078314880609755 6.482392513250738 7.897595037995465 3.5762214606399336 5.739466913623256 7.609729606188293 4.262263474636752 6.881302245902545 8.192427274306725 6.727135277373462
2003-04-27 6.270598946799938 7.978314717551964 9.98389998371277 11.291895104781162 3.068864351185719 3.430015400257387 7.269916306651424 3.332255473400486 0.43459444173373085 0.1036710379730151 8.204747017601859
2003-04-28 7.7569243925000055 4.368505879508215 2.182126414988754 9.602983679596722 2.018139690986946 5.215724435057881 6.635399872742964 2.174730935694715 1.9952075053836258 3.518615889206721 9.860177580647061
2003-04-29 5.471286272992236 0.6844306481754565 1.4661258139143682 0.8064908341176382 0.9601301212337497 8.608361981085404 0.5274112940133755 4.296457005281662 0.1807797988752562 1.832138321440984 9.599208032449324
2003-04-30 0.5940415537616051 6.885024974157136 1.7086859725498393 0.2087921413208356 2.05269992772797 0.05508502486703148 1.5016829993717915 4.361422597726634 0.3456647404595943 3.839278628958175 0.6646486625091792
2003-05-01 0.2788423537488172 1.3303127122506364 0.5062056989089155 6.1219215327823315 4.2683817619145765 0.15990739634696116 0.05589533579804003 0.42004222705013383 0.740133353307594 1.1328207736123859 1.7870891980799484
2003-05-02 5.092400352247219 1.533699688292066 1.8927295226167953 7.653800124240814 2.937612849205059 2.6835502722035365 0.4474729887121086 2.4349283141303695 0.8012670058140247 6.091155310850673 4.715391184393981
2003-05-03 6.633994189336578 6.824344574951689 3.3702771669841693 2.473248247735449 3.3867922319737596 4.328553279810465 4.484190285648822 5.013684366173171 3.9299651970924487 14.666159490879709 2.867594751546527
2003-05-04 6.742864316845273 3.43660277956461 7.791613089735447 4.074685136910991 11.076752854594645 3.1544666828436796 8.724036497000696 8.398400764963245 10.54950877030884 7.5931286224362395 0.6715597551878743
2003-05-05 3.585015434908997 1.4497549332017883 1.1775048779689594 5.617692429491694 0.9277075084102762 2.288393398943862 4.8465356396155475 5.239079492462368 5.27944101909711 1.917034028981254 1.3579201076085918
2003-05-06 3.258911506579019 0.5190024373878226 2.6781233052479436 0.49895019650214795 1.0771825567188889 6.265913716298433 2.929568480696301 2.7070643431158805 10.18694886664097 1.8133530885062288 4.735239463234949
2003-05-07 2.668923194366368 0.5058796351458048 14.474189108993219 0.21691853707017242 1.0425600753205404 1.2831013235690496 0.15073451596377946 0.21771765865635487 1.1067025400682855 0.17457761215279505 0.712172452566059
2003-05-08 0.4605067058081779 0.07141644582167284 0.4104560827534836 0.0 4.969368632759737 1.0253836331406632 0.28457115824892887 0.12778215886459754 0.34429586123053685 0.26810735109857076 0.02862287236124177
2003-05-09 1.0218523773780581 0.0 1.351094062992047 0.6160366951771103 0.5367911892224118 0.06813487380721703 0.16479553619110304 0.14102231820376526 0.31698581610596 0.6557387946112192 0.3371749920314865
2003-05-10 0.17652929850442983 0.3607148994015766 3.9177171477568433 0.25540903813849786 0.0 0.5487649949024292 0.2490424770409897 0.055275388754997115 0.1209784830075882 0.38189690492885925 2.587576355478195
2003-05-11 2.7147594719227834 0.0 0.0 1.2768844806262638 3.0092830063537424 0.00618535248309337 0.06574372870233366 1.4219323238265078 0.0 0.49476348042632873 0.347482466933706
2003-05-12 0.029606579403172753 0.22570617595710651 0.03997040183000766 0.9306396457351993 0.1734766073634718 0.04187373404373267 0.014201133936739942 0.08544560293016194 0.0 0.5256574288261211 0.603392870944809
2003-05-13 0.06982562156589778 0.7517407509565441 0.25672925075697123 1.4937783525718937 0.48846280470711534 0.5326967911667514 0.6197241829519969 0.041279948572430475 0.47846844304521785 0.2378135809958855 0.02927163663323981
2003-05-14 0.4160892316576821 1.7402805444082026 0.18517088573287432 1.3004156112734933 0.2064895458370158 0.33945540641847777 0.005413546657283398 0.9753017066476599 0.0 0.051409184736407036 0.30765886048427527
2003-05-15 0.37473340704034286 2.8398623328077406 0.2260077855559945 0.46998760809145534 1.2116460840723209 0.7434774403235508 0.4996625109040306 0.44031809070115013 0.6004831276630894 0.0 0.024441586211332512
2003-05-16 0.7890482336531639 0.5405420282132942 0.11212506580221876 3.049710901268243 0.23780458233831342 0.053123507823317796 0.23956200475872963 0.8183226307835232 0.005806127148525863 0.0029375325456375396 0.0
2003-05-17 0.454767315260817 0.5394091615207683 0.00467176192140003 0.2165391384797563 0.41760980051085406 0.04496627017673539 0.2581345965633299 0.2925819214756573 0.0 0.0018896447107517032 0.29593373700715464
2003-05-18 0.09550828054983096 5.119512698917763 0.1127020981965908 0.7368956372165469 0.04927889771850562 0.005740666356673118 0.3632433639241146 0.16585651230792883 0.47628214290136905 0.673237402955389 0.18411121495907168
2003-05-19 0.28936814173871833 1.9740363967375574 0.11742884106196261 0.027602868049330067 0.13868203819248054 0.0 0.1547985235446277 0.06522210673459435 1.1536504839836152 0.3638768577341313 0.23764952179486962
2003-05-20 0.2825535342353338 0.30121923566790787 0.04082478045485332 0.012367533780677595 0.4207115541394335 0.051299464012962814 0.03801529632740321 0.42529619469970853 0.0052197577476317085 0.00828214126017172 0.5263433148025972
2003-05-21 0.08818482002777091 0.023986138394143847 0.0018896447107517032 0.05900585745446482 0.3981231176436054 0.0 0.0 0.36724195723317 0.05332323581923641 0.01811455045376524 0.0
2003-05-22 0.0 0.35683680747908564 0.008454117263652297 0.003330113036880005 0.4631621111782815 0.0 1.488724516091289 0.47608747930138073 3.151277198953741 0.009891519669031738 0.09793464288215192
2003-05-23 0.03486112627231295 1.2142796018488808 0.26318414534570433 0.0942108637333949 0.03853299942462822 0.007609294467037569 0.756735280073285 0.40612309775938477 0.46285776868017264 0.09267756728072829 0.030932981086210072
2003-05-24 0.018967689887378014 1.0416065838989663 0.8252576258034947 0.01794999052069271 0.016145757448187484 0.2600030996993951 0.26818618122029053 0.43162577871112545 4.253824951253515 0.031813111536738416 0.22132366581088636
2003-05-25 0.0 0.04375596268407633 0.007695771859277566 0.03253628887826707 0.8867334572957599 0.032884941784216394 0.4453926508119811 0.2252724919987582 3.017676187521611 0.008681072067828713 0.017010338364578537
2003-05-26 0.013909767233355425 0.005806127148525863 0.01637684392710628 0.018048809962300988 0.859796133319418 0.0891456564651722 0.09750368881624696 0.03048208423444284 0.0026479901151264334 0.02120402118349552 0.1228013047161302
2003-05-27 0.0 0.0 0.0029375325456375396 0.5585732700392524 2.234949525277501 0.0 0.7622270507655167 0.2928447791517521 0.9761672547821434 0.2093218799759329 0.03713316571011953
2003-05-28 0.08868701788136743 0.06066748160704659 0.03680897988346614 0.01879667337551881 0.2143225861022102 0.0859473901569124 2.0892013149142223 0.3583230325124911 10.82895076646093 0.6755772916985977 0.23203289371744262
2003-05-29 0.0 0.11891016865563082 0.373509506953806 0.29243156422734645 0.2908960277466284 1.1468663890169324 0.28954987055091447 0.018180011245617987 0.14491919574576012 1.4795215174515102 0.29589911474200603
2003-05-30 0.0028670717203509648 0.9288218187900755 0.2309331726457117 0.7200422745545499 0.2180837406691423 0.456715011020702 1.4778289081129525 0.9141490881094779 0.0 0.044672596588958335 0.0
2003-05-31 0.07176706308921872 4.183874001067053 0.24086054165632684 0.04636289837942768 0.1890374484075827 0.020818585123581035 0.20579378872287246 0.1895902219932133 0.0771571113535757 0.026462152505789704 0.1587744774791705
2003-06-01 0.19095479813477667 5.98092908872865 0.4422514517769825 0.14288309336141675 0.06589002505833923 0.0 0.06504219756567035 0.3628884204773713 0.011553143821613508 0.2223900733427866 1.4915458522538403
2003-06-02 0.06867311892543043 11.613327839419748 0.6756095508376352 1.2383893242160706 0.06049514650262882 0.011556016987131563 2.883026674582064 0.05922219067641679 0.7505054739387319 0.12835005827578483 4.88216470847814
2003-06-03 0.011238092994605157 0.42673845061237936 2.297909118398461 4.571682656315035 0.1848027979821268 0.0 1.4270532507505802 0.1759281342187394 0.9795662345788381 0.8352195290223506 3.3625295699236655
2003-06-04 0.02727664434459702 0.48125036334358284 0.014718696925420981 5.329160165253894 0.014029157933259366 0.26572946909910267 0.03703286928437012 0.13381538065981735 1.3247259971751708 0.23621198008859223 3.7532698656499957
2003-06-05 0.005649064518960158 0.48703107052204303 0.00467176192140003 4.338419324063652 0.013352833989228742 0.19956868361357966 0.0029375325456375396 0.1558298762576577 0.12421427493603125 0.16587929079649572 0.18428424990808673
2003-06-06 0.014097223727992853 0.08590207269601419 0.007109402458383412 0.5591366927835612 0.05697132395742281 0.2514101763222057 0.024372919907663368 0.4221386646821419 1.6560145487791564 0.008853048071309289 0.04989963029845411
2003-06-07 0.07477324752147477 0.13394323504639072 0.003330113036880005 1.6548555133400744 0.0 0.10113697913992455 0.3432078973858844 0.02186647295846687 0.1731849362224086 0.0 0.0517515662097911
2003-06-08 0.09842108482052225 0.22918905487869953 0.007147776033045888 0.07958579966644662 0.021280103557572715 0.71250034050916 1.039303836573804 0.15149498161265712 0.28576144608537113 0.0 0.03024757325131441
2003-06-09 0.0609906154381405 0.007695771859277566 0.47979244585571934 0.00467176192140003 0.0 0.01637684392710628 1.31827769389896 0.0 5.317611823020961 0.0 0.04187373404373267
2003-06-10 0.0 0.10955816815820443 0.30921031307780245 0.040008110629422375 0.005413546657283398 0.0 0.421119658905354 0.0948597675253687 0.497808538289609 0.01409461872511211 0.0
