2003-03-29 1.3884050936000338 6.1947989784305335 3.3945792831947363 5.705695147054575 1.3223582316807287 1.84815292853528 4.709857094496335 3.532596418437942 1.6327767012587844 2.7869450526850685 2.8541579843465703
2003-03-30 9.237133098242404 5.367634748541115 12.495246542850442 10.436350371683918 1.3599731089042246 8.198934495376175 6.792566693797885 7.31892185631381 8.016187119732532 7.193405445869368 14.213452841573964
2003-03-31 8.180582665896639 15.107865581029948 11.725206656774269 4.662544154557089 16.522351289870873 8.808305064492655 2.689950508563226 17.85042730006149 12.707651791044027 19.475705342219705 5.696007005193065
2003-04-01 6.098710814137624 8.177354745402281 4.319633304367551 5.641583918948486 2.468022696804674 5.058390293365379 7.836601114968483 1.0100159315315553 3.1188157666586394 9.258900198521665 2.7931544940901816
2003-04-02 9.802943592982746 0.6715677706753989 3.701591734702464 3.2293219878092576 5.335878173354249 17.463294587807308 4.990967096332608 2.7347236442424614 3.4335968572940123 1.9315690642182473 0.7194127783271801
2003-04-03 0.7483919459023175 2.9014055553625298 1.1515088793097399 7.208815931513002 6.254185427590389 10.179263405981589 6.479195759290702 0.6256387307094617 0.3357022709661921 2.444727849077282 2.3052073834167404
2003-04-04 6.7424377871507275 6.701411163780406 4.233940023293285 1.3257819952150873 7.342121581902349 3.721760476090672 7.098720261691184 1.309242479929281 5.164349743640927 16.001628127889877 4.271379575186387
2003-04-05 3.2924671426015024 1.8166855347754642 18.15279791400451 0.433900968524666 4.9562038917966476 19.451736824904252 4.494760035536535 2.6519848354962865 15.862933671195176 4.424484170129437 4.154131556382893
2003-04-06 2.006523285976951 1.587469090798292 2.171723520773865 0.6026074804641357 1.0565688814674432 2.2543074288396716 0.04531351133580634 8.46237544570005 1.907177128544312 4.2772036896425245 1.2666350164100457
2003-04-07 0.978579689016557 1.3905309098855576 2.1301173915514537 0.26362698858561584 0.502924482198331 1.6926625410953853 1.5282159477866875 3.8635547312314618 1.5607810736373202 2.4253416989249077 0.24433635726467007
2003-04-08 0.7669281289968264 8.84753513545966 7.016861029356852 6.36488672672396 1.95937872313799 2.1803689916423146 1.333493185201638 20.390277648278804 2.1217504754899656 2.896726773102292 1.841609403282284
2003-04-09 6.993258166964392 6.451306459910963 7.421339906962155 6.105033596655061 4.06098769360419 2.9444884281943438 0.44267695949945773 12.046134142362012 13.430301445079127 2.238063149781474 11.882107000081593
2003-04-10 8.971049675486215 2.6866221068898906 4.757311112106511 20.468512790530006 6.987455629371955 5.637951156910857 1.034758662521639 4.707876092652478 10.581721796896133 9.532378362602653 2.0702605562454615
2003-04-11 12.857781416929704 9.995794515921336 8.034480113937908 6.14071001227868 5.33610142365581 12.111765463142952 9.996372445181162 9.78192712784412 2.9006205973720665 0.60832419358264 0.2969466556251518
2003-04-12 6.232151675750192 27.798385796115383 13.583920960211458 4.261494784395325 9.808435192365657 2.7446917035398277 11.838878445250737 3.501587004846043 2.163382640119752 2.813399816364904 1.9172260301788842
2003-04-13 5.076278977011986 11.967151490040958 7.507360256295089 7.137546219944555 10.169522478328522 8.080504110821568 13.898549383295016 21.338977396250307 9.533393728415938 4.457353688053187 2.551986088781646
2003-04-14 4.0280184562518 13.422356372374104 2.6957095633295705 3.977589144550315 7.2919373644592635 3.04521582032434 1.1328048880654458 7.797965948793307 1.403196367834112 5.2648005285482995 3.147316793446034
2003-04-15 1.6972572392360308 5.8950874933836435 0.23375224800001812 0.6918927492462259 11.080853687746847 0.9576875062568628 0.01206120527105943 2.0357939132587433 1.0575319498638245 0.2166634015189307 0.0845974078279571
2003-04-16 7.327737949002692 5.738150212728874 6.162834771818316 0.5029266045530272 13.524731215423916 0.3096068455652317 0.45256786172141883 2.497606761510087 0.9319734241628529 0.036348119661001384 0.03069907466168384
2003-04-17 5.412221869962067 1.0114099724711412 0.44959613608722576 0.44740962513743876 15.284395196408823 1.3071670064515222 1.5580046552559201 1.0029988183133796 0.7691320049640881 0.3673959531069694 0.03840593817293657
2003-04-18 3.0974365649094633 0.30176241441907276 0.6355328014640513 0.4774546859089812 7.984534413890943 0.795011806983764 0.08203745898990986 0.195369604263829 1.2034385177722817 0.6680221101392543 1.346431031182474
2003-04-19 2.665729641023664 0.06581775224846237 0.6384332806470292 0.3080372933487637 3.298898716655783 3.959342788098857 0.0 1.623326404207795 1.5172283455341988 1.3020748280908583 1.3163041147330308
2003-04-20 0.8902730547734669 0.0567032896961016 0.7353318948062741 0.9938329479169702 2.494935722791614 0.017419392568866557 0.12913213726866496 3.3063218915043944 0.7374596669217557 8.400207283243915 1.0012138621734317
2003-04-21 2.2799484796983664 0.025248346559085942 0.02388829050832051 1.0033280590771245 2.3893329582625498 0.04820004278287616 0.6205741437879813 1.4146625301172362 1.6826014059738321 0.2245637351018402 2.0280143273202675
2003-04-22 1.2223176246104321 0.5749907019512865 0.37430353235587155 0.45755684771875166 2.11725612030752 0.21791967852279376 0.2947861180373308 0.6531175328571622 2.50641702764084 0.14665326610417637 5.967686886187053
2003-04-23 2.609871848834231 0.7570888814676464 9.209706087840637 0.4524574736295404 3.5936460393148715 0.03314158218403851 9.462609962473625 0.002793990642279051 10.050441389519243 0.333705174794163 10.514800945649132
2003-04-24 0.3930997248278082 1.5829604469914256 19.7911285917912 1.5683876912859853 2.169021177620266 9.541865628255941 2.377945596811278 0.16774756213293826 0.24079939158344227 0.5240932953540793 1.8048655868279777
2003-04-25 1.5560678412158775 2.5467339375211826 9.316542102444384 4.793062488382711 0.014044940312490524 13.032048849090453 0.6428319057604079 0.4229819404006382 0.31870011319406244 0.1695529504034307 1.4565679951751118
2003-04-26 0.054519039536716274 0.7755435217203168 4.776249381022894 13.713423613614241 8.937988776298136 12.664381668702326 4.093208896333877 0.20258698691310262 3.0947179818243216 0.36115712453878324 1.3020039244547066
2003-04-27 0.22525445884512302 0.5726374088817785 1.3756337993071774 5.286181018083619 14.148282785117265 1.6300169756948442 4.324225891590622 1.0357288612807216 9.900751170329556 4.196071087738035 0.06447154077535543
2003-04-28 0.3869072930636063 9.592137662362695 2.309378264667612 16.22025463114597 5.71859052715516 0.017662707574318467 5.10547177863134 1.1031344610218778 2.3011726317297754 4.338399931581957 0.0
2003-04-29 0.17932084109154658 4.931715030936755 2.9710051186017683 2.030759013822745 2.5987705476692757 0.0042508357025509294 0.9293506403171412 1.162131617690327 1.38770682531942 8.136342173443035 1.1449554204602328
2003-04-30 0.4255344445690814 1.135648066262609 2.1775975664820457 2.513839146236267 0.4161939184500014 0.4251111348181861 0.222917808341012 1.9184526511506221 3.221713115335885 3.6381736489384857 1.5944899642537294
2003-05-01 0.6516670513323264 0.5126264188920535 5.186045691474824 0.9300019636888619 0.36228210052015386 0.12625878421482362 0.8265088746367064 0.43938316277377215 6.844001195628255 0.7648247464049649 2.4163742577381107
2003-05-02 4.866655586186918 0.5501732156708377 2.168631075665762 5.076317294108659 0.24791145985110102 0.3084538080830182 0.04074074248179102 0.5002518910618841 4.289530863913392 2.0287455463885316 1.9612668840239853
2003-05-03 9.254633790894692 1.0135751441903842 3.9324285373831205 14.806648126426458 0.09148000162714477 0.06437475189886221 0.0 0.05822778794420505 0.6147754330446096 0.337494028303671 0.17209262027297095
2003-05-04 0.1486965544292339 7.894948243932265 3.71854927185668 5.156101295233032 1.3810681773511246 5.402075979052109 0.0882381536538489 0.32087597401744666 0.7780854295243851 1.0417222527722665 1.7810445436723759
2003-05-05 0.0533279543364607 2.390962169080897 0.34678339747640896 2.205080023939165 0.8714181382915859 21.157221710715294 3.485248577527985 0.2781808472720101 0.044714386777780245 1.327049927481513 0.5975933360026888
2003-05-06 0.052444801965982474 0.6014780493791712 1.2247928144550417 0.6386781065756096 0.587983890629351 2.6332615247618536 8.85708813146486 0.08101504034907617 0.21779313036766243 0.5608710786694195 0.7118435058346607
2003-05-07 0.18986508837628233 4.41240845221706 0.49396136164566007 2.232599391563128 0.04405024339032927 0.34991132896010835 0.5931958964257859 0.0898952931000075 0.28917908876756826 1.3167973862747404 2.561507583184293
2003-05-08 0.020298523129642376 6.20712223557278 0.0918315626946424 10.063312887955298 0.19569936345497035 0.6834587863112123 0.05138160302139791 0.002793990642279051 0.60795687908864 0.2732426671109665 1.0658329152861117
2003-05-09 0.7670363396730854 1.0086573032418595 1.9795792693758187 1.614783135524822 0.5322141494383315 6.206388111663236 0.08051991023255539 0.33962840694203045 0.5270626379468806 0.259392004890734 0.7026793190098805
2003-05-10 0.5726110294309212 2.3932477672381833 1.6591618184542583 0.20171935280556158 13.778410366425774 2.210675380333836 2.1219171351053796 0.07474931805201311 0.04362727392886084 0.9780616650000546 0.6284500110420886
2003-05-11 0.8757177218892412 1.2137511264099605 1.741117495743693 1.6190896402935653 5.045803767194453 0.44496104296294703 0.07150272991314238 1.130260965860376 0.37511613594842474 0.1121464744245228 1.5892113030483568
2003-05-12 1.6052817376634225 0.705815326743841 2.191189519604386 1.5317943868143642 0.06044556449721627 1.4269546229284615 0.30238429466785466 3.382758508012315 0.2971093660070309 1.1192660332230135 3.722890611932393
2003-05-13 3.290776137488046 1.1930308040331636 0.45563410981443103 1.0057457535471424 0.10915416584279415 0.8559163125063217 1.1063008323328467 3.57982919579344 0.3019958785500678 1.767227770728492 1.4608129907309362
