2003-01-11 0.009788086209131255 0.04216074864124525 0.08262580395623811 0.01208895330658334 0.01208895330658334 0.11954275608759667 0.01208895330658334 0.07421453109450711 0.044152281917335064 0.0 0.09876241517191087
2003-01-12 0.04183415108827031 0.028305629132350157 0.036878516675872414 0.04063655857273511 0.02103186243577242 0.13314477376960498 0.030071795334661904 0.02393635341172491 0.0 0.013516119605393064 0.46447610075307916
2003-01-13 0.11105902953887489 0.41911085208226917 0.04360445236476731 0.0749442215947376 0.1300098522280787 0.4632592746227001 0.8327373608476976 2.1861719362622627 0.27381645802919785 0.03216069479891326 0.39654518469989875
2003-01-14 0.5481121867404355 0.476960044634604 1.3745605202492444 0.19312215069862187 0.30879505017145126 0.10734033320960631 2.0076932495263127 3.647102515538592 0.4615426173350251 0.0 0.21389146347737273
2003-01-15 1.0741782933272048 0.14311897470680143 0.01925580901728274 0.16052544724272658 0.0 0.13492037654280803 0.044201447786881454 0.15676774569311655 0.013516119605393064 0.008126976654141896 0.7448291097385058
2003-01-16 0.0 0.026925845676241428 0.013172646285648817 0.2673967514761065 0.0 0.0 0.03596577857513091 0.0 0.004815186610005604 0.0 0.013516119605393064
2003-01-17 0.0 0.1299029373900809 0.32823714155613515 0.0 0.00447618670650358 1.2936484374513957 0.244280178588 0.21233822142523262 0.173174119266658 0.0947321817900584 0.0
2003-01-18 1.7101407747946724 0.5388172389450954 5.183225730707654 0.40273108063882485 0.5329522991983735 3.2261929551894997 1.079231706401813 3.2542202402464824 4.067022203576866 3.687080182708164 0.04028767145305516
2003-01-19 5.923864560161305 4.475580136178757 12.168822489096371 16.104621449474706 10.392811807481703 4.652764051556423 6.004037880243472 10.536327281907605 12.33367997560031 6.284338725637657 2.3335703326541877
2003-01-20 9.734052290100179 35.788535134819014 13.093971763768664 4.023304711296039 30.046747698340997 3.1812422611614086 8.5165836243328 3.0212634210066307 3.7824840330251988 4.1326046896749835 3.559257859062839
2003-01-21 7.375854160541685 15.23606194163573 3.543383367722031 8.47500471520544 3.1163345322888194 14.14647868456129 2.855447130502102 1.137908557930003 26.834376322965035 4.270290927312616 9.824370237893062
2003-01-22 3.8179997693587584 5.2577801487826745 4.8754088365996395 6.322366873829038 4.894378466105495 7.541788551341074 4.82597413341853 0.5092299922248649 3.366740887141682 6.3587497143268 9.60460818041235
2003-01-23 0.49503330422111025 5.532242577850791 2.7337912464597505 0.9396318498506633 3.5829569604505878 5.738983443562988 1.0225749654217997 0.1524740907113764 1.5750790272282462 0.752535231741279 4.076199414828325
2003-01-24 1.8961744924355084 16.817025324739763 3.9339482152781065 0.2754996832811133 2.367796433865377 14.923424648298399 5.463658656235811 1.5222763639558834 3.097083757308844 0.6199108226830087 5.720099485114987
2003-01-25 2.034512968764626 14.793895882947734 14.146825127405297 3.1117296267520644 2.871513564377871 7.6619899086601055 0.43387785675183366 0.018089753013956898 8.348593049616012 5.775162910794254 13.265644964506297
2003-01-26 5.077715675533947 6.8974895098546165 11.911303993795045 6.598768094829697 24.004370483571332 7.007718200160358 5.035589703747437 0.0 1.6988087446251172 0.2525807557915405 14.792199433495552
2003-01-27 3.41386413903664 7.403289856750452 10.602634244379104 16.76902669441462 9.316147007963895 6.788066865910023 4.491222912704311 0.732926190176386 5.385694060816777 19.694601727675423 6.99706547661234
2003-01-28 11.081007535041518 4.729061651582233 11.251408639507329 3.362354766565309 2.2127613001102655 10.763760367018325 1.1434186825928256 12.530973418475426 13.874460821427123 15.433262451162436 36.39884767924499
2003-01-29 9.326697979062054 14.836198665330446 10.141805308499578 2.2718977150680213 2.5303926373615138 2.5107260899803343 5.616836125553572 9.424946372177425 5.705779494389034 11.378871527234718 0.3551946523103625
2003-01-30 9.285489925054819 10.199564982421965 17.329135283745433 1.185799868330134 8.002670629787643 4.086232999473106 17.9353366573227 1.0644702230480916 7.57080173104023 7.302630551552807 0.7832407872658795
2003-01-31 11.095098564813583 4.477781339498112 11.605227936848529 1.5167216886544521 17.549312547572846 0.17315736412621358 11.18104735302207 0.7505875457740114 3.3748544334074673 3.2055797799012913 2.614829952686031
2003-02-01 6.193388228153255 6.017973311835608 18.923960826173612 5.983356418496067 3.426981842478244 1.833536252648703 27.731851085189252 6.053628002695608 8.691858876962463 10.108817518471415 4.7562076423335515
2003-02-02 7.600254837690809 13.551334733309655 7.513088098738029 5.640357984222251 5.530009771161026 2.0418046093893825 3.6568776639178284 9.881242203019942 19.001518750890973 8.135042077205181 2.0969272582532854
2003-02-03 5.262396840017572 7.106686594268497 8.136193946186276 6.546181683550893 2.434654613521219 0.1861542813682044 8.419480545649302 1.1639186914891555 15.646059218662188 4.959655059253567 0.6297794968664314
2003-02-04 7.943771363856904 2.925813430080451 4.676818921116368 3.5575677873630696 1.9949517028435602 0.7076207311446141 5.643726855607117 0.11904751643287956 8.036765297756087 6.172915292934569 1.3870229321870988
2003-02-05 6.1845925172944565 4.583823568193298 3.384723419833678 3.029903846749353 5.1721833440862435 0.42637581076079123 2.777323292153455 0.216009920985276 4.238973654553616 10.038199393747073 0.7597093117096251
2003-02-06 6.47101083697622 0.21836024573136403 0.03842435866170304 5.688145167499829 14.803345646005075 8.666177431999511 0.7264991548052766 6.91605229203546 2.7565032389905992 15.62288082154052 2.2830352252369845
2003-02-07 3.3325637540444775 2.536940480253592 0.020215929960725236 7.031294850629468 6.001188323837086 11.079746603545217 1.4927802359978946 5.250267714762743 1.6334881744773015 6.51898558749397 8.486418948015412
2003-02-08 2.0608781902330606 4.757717407855825 0.7217147884725217 0.24914115806864376 3.6239568258037322 11.34441473614166 0.6920049633402847 3.6925495913782935 5.738132587149035 9.29202660957451 8.72729146416466
2003-02-09 1.1581882047161787 0.41238998578351993 1.4828567494051768 0.04618612810976639 2.018132298699367 5.3690046001736205 2.0791388828046857 9.96865221508781 1.95377915965044 22.991311031056355 2.3587050375672574
2003-02-10 1.4020613599337681 6.841570122015273 0.555517068472149 3.8163258712934023 0.5043701146341903 2.1968001530978407 2.8727041223937064 23.07196373706067 5.071162380297485 10.685164957930184 2.045161722208248
2003-02-11 4.8479270689174285 7.216150224829428 7.0970925430177 0.7528727319952809 1.0411415000649062 4.678599552969503 8.748100641571854 20.176148863581407 3.2996335701096817 17.162506808445507 1.3986657680160341
2003-02-12 3.9760514964690743 27.58279450159026 4.895881868299097 0.29186553760868916 4.049328978949564 19.382349582396294 1.4680302290861604 2.49748031100048 1.628615941226027 9.530116827479509 0.5383621168596758
2003-02-13 2.0173200395245394 10.957708969168273 0.9302557928167698 0.4780699422094824 1.1425062024832262 10.40243147072938 0.6965488021538078 5.298796007426472 0.04136646808351856 12.03392721038262 0.27406730955108016
2003-02-14 4.323134191322286 15.435173064729021 0.013414199487090585 0.03945094451209037 1.7047505435241874 1.500069162161056 4.689459325316204 2.7911211532399713 0.05049200024310708 15.991365908018922 1.8760593653258777
2003-02-15 6.632239567296622 1.391277939368044 0.0 0.3284167208254397 1.1183581822534145 6.352317477293116 11.413675947719282 2.4870890521265356 0.34651418955186153 17.799397068972887 3.9006161564405826
2003-02-16 4.901428231595854 0.6018839929165256 0.004122826170581401 3.5361046499543125 3.5645431086214456 0.8101447195392827 1.6957057645975522 10.7262778985237 1.1359843608267406 30.33742113224495 4.513464636057494
2003-02-17 4.401216781539215 1.8236234207336146 0.19983675656474567 6.718888079048141 2.356046322953844 0.7736562598500601 2.5416896797692603 34.248321395937054 1.8669196195770845 9.845672596204434 9.496102704600894
2003-02-18 1.3126902688445399 1.1106550167616538 0.5628260774389879 0.3429699249742998 3.011194316225801 5.964541285735063 0.16386099891203332 1.3063606149817415 1.8577670765466872 4.777662296839823 5.001652271105151
2003-02-19 0.33438682386191776 8.16375288559961 0.43475281373894514 0.09848248330864985 5.369305250957693 5.329724424497259 5.601884986323807 2.8696584931528824 8.840922980300913 2.3137328272515036 3.7574518634797824
2003-02-20 0.26526880010418524 5.899076972442285 0.6374192172668806 0.5354067796790762 5.868799328423351 2.3563508613255655 1.6518681560177413 1.5952646494090752 10.652162146400208 15.297288388438812 7.206605418371915
2003-02-21 1.2074466127478773 7.131839708585082 0.3723870269115442 0.7758727596275139 10.88557927781168 2.3434930734550647 3.8090077982424577 0.22248762937175004 16.297287539950137 20.455250152782185 18.292767588602132
2003-02-22 1.9396270670738078 14.289667877510741 0.8073269490415841 7.354648229383734 4.184229423727553 4.113782902922939 4.5376742703716095 7.239895962371411 7.908008639263218 25.648128921160236 7.496139055333273
2003-02-23 1.6227669288449642 7.389480897430898 5.4910081866119675 9.056496588955772 2.661899517269906 0.38676862684466035 7.981121030372659 1.6105985143997321 5.401604867262169 19.150024357140005 11.646624858041264
2003-02-24 0.11692925409188383 7.1822393758967955 11.173268767810917 11.626910754699592 2.771385218791964 0.3921684164164615 12.363361149073082 1.702779188217431 12.17009413475321 4.432313202154871 12.162220695353113
2003-02-25 0.7533375527519438 15.668819556109103 5.169764649894913 14.085814304533528 1.573782438967742 0.003855065666563107 3.079039021151277 1.666098311750258 14.713471241399851 7.025926566785799 9.312411304433326
