2003-01-18 0.4412468991014267 0.2224089262555332 2.179021268111915 0.6660645557678012 2.9037134062942505 0.8755922187332776 0.6820564996929419 1.1499813035892834 0.5248184534414307 2.0278382746850636 0.5449235995212622
2003-01-19 4.85570815572682 10.418444170736745 7.905140414807809 13.63687120434439 5.530899702686549 9.63832567981897 6.862416018776391 9.362243671909706 7.053764844239433 8.926570093313309 2.488751347021897
2003-01-20 12.196305219583538 20.175054377078727 16.308423243270155 3.8201019509044847 17.05361501781747 14.110265646415794 13.16755940974015 6.725060516366363 13.826971756600058 12.789721274419264 9.289154143517006
2003-01-21 8.366359691961083 17.132015970458127 7.99034747255779 0.9896692248474732 3.548928196268891 1.3254264336760393 8.711209354409641 9.988776144288774 8.828932523911025 8.829365621113999 5.461209319824237
2003-01-22 3.709123703431828 5.713421631281129 3.0128301192959284 2.264805533734707 1.9343848589231232 3.9868306944038165 5.170744930915119 1.5264843067096097 2.467505838276865 1.383919001522365 1.5155382450582882
2003-01-23 2.489715472018525 1.5141457855481497 1.6449497268103 1.2128429628320094 1.485628243884633 3.774462629215189 0.9500027978086983 2.6961968686188165 0.05412432111755382 0.7725437974054403 0.48134076194802544
2003-01-24 5.841198176659034 1.3214732997442564 2.994334809463065 2.482113166200301 2.532909433675374 9.008869854825964 7.673410001171917 0.3787323072503941 2.4464765947085763 2.676764604126375 3.4139143493177313
2003-01-25 15.757997507091833 4.663290302770175 5.8481518503102645 7.99889804010329 4.870459063223368 23.85712195559293 4.990403688445475 4.443265029089479 5.5848057856629065 1.0722289627409816 12.811909332748249
2003-01-26 10.47555284810793 17.755450577354985 24.12586690283336 5.726823393280368 24.22066615097171 10.395216000697184 4.254257016648967 9.33748379223401 10.885557032750324 8.783056338554447 23.126785235482526
2003-01-27 14.80123537391673 3.17195243048673 17.449053202774948 7.543372726223176 5.652617613332426 13.271291366696769 7.032155920496905 24.10246846227554 10.065540953068547 10.650848347920213 24.947165683752182
2003-01-28 11.619036243686267 4.799313154533898 10.024249216680053 26.025035879751204 14.93418634313305 28.433396015353303 30.522404218600435 16.776197959094965 5.424446567529369 10.374005731916434 11.978514655715259
2003-01-29 6.34750021406201 11.641364863211331 11.076288375738583 1.1354953004924013 9.263148034485079 19.763315648337414 14.805781734145583 18.736034465805265 7.671735865596321 3.0519096737717657 8.639275459568651
2003-01-30 13.626164714739785 13.751561758484959 4.249130883291622 0.7766876016227464 7.4171027430137535 13.221084691122176 17.24207965177621 18.723912456442466 7.596808978695775 9.226796286656612 5.358765384857332
2003-01-31 5.788082771909326 13.86452340564654 2.174887177905741 3.81560229058059 8.480381518327956 4.9709508875504325 16.94010130114749 6.202190385870058 10.312043760699288 4.476514708296719 0.7023284498533142
2003-02-01 5.852105677863207 26.768413403488278 0.5683882843897391 7.362222052189117 2.2051053039296873 4.611174279901583 15.688971863543637 12.805882785844078 10.187563566332848 2.943807378353549 0.6606506268432076
2003-02-02 5.5655194832323165 24.04587408150194 0.0 3.6277747217447835 5.388362127714263 14.909040236838742 12.975490474784666 1.5587097427212857 2.9682439507569685 9.812468392999296 0.6802067808734154
2003-02-03 5.327400106428344 6.556855314604974 0.319822792900441 17.205038285350035 13.708788733153856 2.6376057569631053 33.25775929149589 10.277732769729727 13.323927125941175 7.964153042419868 1.0432707712905358
2003-02-04 9.19438209310944 5.921442141728537 2.9798771012502994 2.411503529366956 11.218174580503483 1.404681607733849 15.364953166185494 7.6857229606277695 20.98414930816073 10.780896034020671 8.368182964198509
2003-02-05 1.8176726627021487 10.135237495664208 9.922629686954515 2.752427505137641 6.1254547243203366 0.9800311906422835 8.526678607956901 13.704810678007142 1.481844900668063 2.806818135814547 16.25309119075415
2003-02-06 0.17637723117643053 9.357521200314979 3.756861944126211 2.3075913261430743 0.3578909360935082 0.5393316400563626 1.5305652573932467 13.095236149058119 1.6452846540146928 4.570473527335727 1.5443703890135625
2003-02-07 2.160142280347311 2.4972954567628807 2.894304346170496 2.6654291472387963 0.7720589319670343 0.5184399103728511 3.222051566542999 6.053467933228045 1.2690267344565305 3.6100595192850626 1.8569474749124244
2003-02-08 2.347359878875638 3.1429575976239166 1.5717654807185446 1.0290467909429646 1.0467684663701862 4.195654059038114 6.638586273467656 5.22540868143039 1.8173357143553392 15.82126469774223 3.077165741786168
2003-02-09 0.7641538925953633 1.3313914987065543 1.1216352475097153 3.775911047361973 5.1981885355989474 4.600086344183774 8.309132028000533 4.67648362992775 0.4262553922492829 2.338858582875602 2.9489181154624573
2003-02-10 4.510160349839648 1.8997669669016113 0.4961415821795293 1.0004909225928573 1.8030003891959203 4.836222289740039 4.748170701412171 4.5210387760775035 0.18086708271052301 9.261773934854139 5.619110250114399
2003-02-11 2.98447080339996 3.631683689772706 1.0202679767689773 7.258186255421207 2.132398070057466 0.7878326870475096 9.183631731514236 2.335229894160566 0.02240993955651468 3.1046974465027057 0.44509281668517
2003-02-12 1.967357241141061 2.7432027354723285 2.9275210691968634 2.2874759291742444 5.58254584065353 0.8962814297311457 7.072708895463531 4.569796784997532 0.4907446562693746 2.972210294020901 2.4012819161579424
2003-02-13 5.221251502047016 1.124920024404401 2.6653907766742053 1.285331476894246 7.524977236592187 4.543308366866395 7.701657760160764 6.785540931816372 1.6471543638640362 3.4521776381880978 2.605608477446635
2003-02-14 5.330239400905075 2.5782205414312247 1.4754558330020715 5.346540024234326 15.602546685893156 3.5044437045605785 2.1784360345245335 9.332609577846132 5.390708899700062 9.571304629573646 1.436603227735509
2003-02-15 1.34992708189587 7.7837963108275705 1.0161753211618922 9.305747280325594 14.402340311943645 3.7583103764696357 2.785316256023373 1.3436740508213338 2.996717514500159 9.577642417548704 4.273554587250437
2003-02-16 1.3860292981385363 3.4383796061108187 0.3706886842267981 6.485139376239886 1.5922185892343665 2.228175998595622 4.243282974220459 0.1352633967539011 0.007343455215927072 11.212436329077123 11.941840818764303
2003-02-17 1.7577129288055062 4.661340616027651 6.209727811922041 2.0331622511832297 5.894776143808167 1.6486663974660303 2.039336660257097 2.207062395771887 3.635595619281697 11.063864085030637 12.779984367700225
2003-02-18 4.533132238222848 13.787805157373155 7.7106114384024895 3.865278569020036 4.141586004439311 5.526702269079731 1.5019512258262568 0.5300300333628626 6.56583624795026 17.80799550467107 11.002801622009077
2003-02-19 15.69010029521028 20.24756611404041 7.590215532875732 3.0122475007151404 1.221687394940084 4.334884224056265 8.590165160109057 1.353159037567334 8.57446958230784 7.735199547524684 24.107887195192994
2003-02-20 10.315213545447838 11.948183279199217 1.5249710132369254 11.588180959248426 0.5084826139716495 3.353154978415786 11.404640731257782 2.997239845191616 2.8619807709787235 11.043911766233139 6.540930472694082
2003-02-21 4.158666204305838 14.410566262162249 2.4955824898760115 8.724279215422259 0.3001401283893527 1.311760476159757 0.0 5.0244349939454285 3.0051489039543338 5.326912812718829 0.583748611987464
2003-02-22 2.4366153660120524 11.267296704513527 5.894980984506884 2.3312114816792495 4.064930338021932 1.2618001832351622 1.0754481988442597 6.151474513304235 1.534095886399118 4.7951021341135585 0.37018807429757156
2003-02-23 0.6386074437026754 14.201592582048784 12.838327654616318 8.104675116942992 5.749913908029394 3.8416626612602705 0.8351869618714178 6.056260993588134 1.1257730658601406 2.725272120391173 5.646880768313694
2003-02-24 0.8406010527213895 13.9590986108552 1.83893927700448 8.133958575627334 3.3520338520034336 0.42370335330358067 0.1677738937261112 0.08914516427289698 2.1241730550781903 4.1462834219957205 13.611632763531116
2003-02-25 1.1135864235343753 17.77099194398093 0.7109864750230594 3.3670961052459236 2.759149134472227 0.641757109699886 1.7612733482325695 0.6728989347187946 4.830012948476464 4.405893217551211 10.263929035240963
2003-02-26 0.6432770199942801 8.697543986527643 5.53827861866734 2.0282155653350946 2.678901837767484 1.2035014379478863 4.608780365595826 0.8548249032011799 0.353963618454192 6.036261116615439 10.217369412826168
2003-02-27 1.2531474892392325 10.428871554309836 4.010163438313539 3.6091052610296854 4.139463489714905 2.9096828613791414 5.974262947671415 4.342487513421313 0.99301864515396 2.2400058391767605 4.064066235033679
2003-02-28 10.363257283550983 2.5918548756901076 0.9411652454237881 5.422138703579387 4.569398775213547 0.2780170421921009 1.4504446306023056 2.693004675758446 1.6314861264809262 1.3815433683226512 10.580450412237287
2003-03-01 22.332200387315858 13.053039991813565 1.500785970177404 19.08520569557019 3.9832624869695654 4.25108610421185 4.976327403773716 2.2208164363351552 1.2062314363143414 4.397934659577524 13.319877139918695
2003-03-02 2.410411972678583 14.494636781813659 1.0935662677357612 2.7749316553859136 3.338777926087971 8.896295808795672 7.157800911261614 5.006854763405887 0.5806743496826385 4.379029298758221 3.80762934557359
2003-03-03 6.9960919362557865 11.368828345993844 0.20362046938509476 6.375357560664839 2.7156811735822 6.419758517846617 8.018013993270579 2.2802825876490274 3.2138117862173106 4.1798541343904585 2.604465649599605
2003-03-04 9.873287923260357 4.438656518455012 2.9281910622847565 2.3651834833029572 11.103243037399274 10.536400405876565 6.270534662107881 8.150131510236111 2.266085459510805 16.6763225150453 0.5780203855230202
