2003-04-05 2.8247579486527625 7.051936860088549 0.7198999469013114 14.80146487368477 0.18133365253008044 2.549938887781023 3.2206156846372407 0.8187991137340584 2.20410742158054 0.42798737578392165 11.359005460496284
2003-04-06 0.7877639531973024 0.5689894814832743 3.048684062295292 8.947205316094514 0.45508406855080313 1.4055286123734247 1.0427361934402006 1.2006867959236378 0.7982530140872036 0.39059890616772175 0.9321363886753922
2003-04-07 4.016856208582518 6.631238784757869 2.8257138497155103 1.5774416462380612 1.7172288374042943 2.6300430544980946 2.342346804396282 7.246305095205908 1.5542961918885947 2.7348708125938757 2.8446400910806378
2003-04-08 10.345464960877809 23.311930378984094 13.699083630305367 2.2222223902581657 10.134113299378491 7.066853715219269 3.2908754479667763 8.331500990393803 4.32580972786186 4.322002010799091 6.552584512684298
2003-04-09 8.377135901826687 5.25822454509741 15.440736669207437 21.74027845418283 4.9914409294585464 4.925378947058127 17.810449328882942 8.745539136866075 6.043945734800651 10.106883205058473 4.579039631163051
2003-04-10 1.1182176281616658 1.3411262918698013 0.42397443861593426 1.2483128569546396 1.7199590291839963 0.8593185694022637 4.290563032843675 7.3474752862293755 1.53451131105413 0.8068473621949734 2.7255755346923842
2003-04-11 1.4087586332192732 0.5407587513654989 0.8318610440364158 1.7891335717296561 2.0171021675769634 3.6818087302810505 5.814838729032435 8.321261866200476 0.07037541975764793 3.2962154359953884 1.4472459498047265
2003-04-12 3.5516358951656004 0.3436673973660628 0.8659920778645493 1.1302806761777573 6.792514311253584 3.4097139877127614 6.984138538143226 12.112174721418455 0.25720048882373625 2.829946324284265 2.9756146465347495
2003-04-13 2.3625580394678005 0.6448705097046068 7.682753738775544 0.5825774001540995 1.0496362652563382 0.43776948299761265 2.27914375288887 7.654483389597308 1.1290302964234393 7.020462954702497 3.1921874677882167
2003-04-14 5.90740503005779 0.44861726067477536 1.137090572925545 4.372971473857211 2.2597675885806017 0.5464658781140809 2.099999637270994 3.2888142481335345 9.376039701931226 19.971993434817065 3.518158969146446
2003-04-15 9.68470124271267 1.2558389155705063 2.011944160060586 4.2504669801637895 2.8542737243942633 1.526240096994809 5.376143008408263 16.53867128470199 9.343656770825078 1.6792755015068732 24.597738693057543
2003-04-16 0.5616341921141401 1.3573244584214033 0.5667734690738726 0.8961300017622387 2.5117482004464087 3.3109677965172386 21.56383919158558 3.6976941113006756 35.76697707197579 6.20638972130338 3.5119592797659553
2003-04-17 1.080456939761782 0.6301644509093475 0.6698554258054639 1.1610176983790839 20.73810914434866 0.6819281104972315 1.6007481830747543 0.1486137397000531 3.1819794615868453 18.68857063751488 0.23613595226870446
2003-04-18 1.6760566480235006 6.757336326652558 0.13467503778500406 5.274821789447294 2.9228711963194907 8.070446704157085 2.3208197467139757 1.6448280554327048 22.966817287933466 2.3462951607258304 0.4879500452966079
2003-04-19 2.3132588184628684 6.602272356912781 0.408544900457104 6.318270491209423 0.6101854298111264 1.0769734689922208 5.64547021317869 0.7625277931262318 0.3927912482152421 2.413465522832337 6.438900812638378
2003-04-20 2.8518219550369155 2.151504140438674 3.1962760577222094 0.9555893047468631 0.07947592366538828 11.065704277713404 6.111403912259602 3.0846740395596113 0.0 30.370706975537612 4.331725282973674
2003-04-21 4.911084222289729 2.4978643962312153 2.9827308456935926 0.6915129117536256 1.4160056169879347 3.4596181869179876 1.1511427345882375 3.936173346133602 2.398071754470604 6.723884777555501 1.423805317471615
2003-04-22 1.4916422056881689 9.149802705563658 4.924400172235504 2.138954207179619 8.970905545297633 15.600214774935818 0.05193112134382677 0.8855700649996203 2.0527603955712594 0.6957807908014895 1.6885390726884815
2003-04-23 0.9566470080019316 4.702623996738167 0.08211041062686797 8.06666374910929 5.74735870326293 5.4630008944410795 0.5748098897525209 0.3104650531697587 0.7551369148876805 3.2704685681573515 0.07818065298447846
2003-04-24 1.876439878984619 0.33791830267268214 2.3852356466845093 1.878505241520307 0.19184903750910215 12.247344680392878 0.7198829021083655 1.1172473648838588 0.6889235178666737 2.9787237918661535 0.4211679025989642
2003-04-25 1.5585946266374537 0.8703135948108701 2.113077083042623 3.9010834052427548 0.8667492400463166 13.860724569842082 0.6529207339112884 1.8967008876911073 0.037398805718437116 7.111146291111192 2.5511478525822078
2003-04-26 0.40142363959809496 2.6249540959751516 0.13283781589934285 0.40195741169993127 0.39144558444830524 2.572443162462303 0.0032401466323640866 4.518049896013736 1.4410765067888138 5.16589016119705 1.4047270031144086
2003-04-27 0.6186818737201977 4.048204095690387 6.079028169518153 0.08014356006638021 0.23274472558862913 2.069521889088219 0.17220321915606296 4.621725387026872 0.47682800496818273 25.123834986051897 1.3663348090667626
2003-04-28 0.910105946948807 0.21340767540880157 0.6822239049883094 0.0 0.1850562046092884 1.2492134514666686 0.2722317314072626 18.141537642475342 0.6550269720618429 3.6335298110419947 2.0625278058981342
2003-04-29 0.9134772847879706 1.0998604334809594 0.14613290013463093 0.007606289154466844 0.573181691921961 1.3949891079589105 1.0002785987885603 5.324797836179702 1.1408916886838518 11.372286408508668 10.25503322565686
2003-04-30 1.7087079889408294 4.701979123852655 2.258263342163905 0.4187785668965798 3.091012560809483 0.7174571283484978 1.6181787305019024 8.33643689130174 2.748898017027109 25.13946245571494 0.6553872767807318
2003-05-01 1.7323361832775843 3.576972336014285 22.804839670385174 1.084752030799062 4.827222204518883 0.446213407684687 0.8307311953836325 4.363555277168859 3.081883212401772 0.5226890066474308 19.801135428424395
2003-05-02 1.2086975620406535 1.6395293368311845 5.498870259484425 0.36431682060894016 0.9253632102686122 0.5853105791908462 0.12430519257151115 2.390825325979083 0.1770077580843178 1.551729095218862 0.5572842747680752
2003-05-03 2.1582976754032046 0.5266401194350067 10.916253905164911 1.5681570618343654 1.0718372922865163 0.0 0.2899028119432788 2.605162545116622 1.0068942732046784 5.175074078139704 0.1834916969019947
2003-05-04 3.881910879441277 1.6415601206011017 3.801800153992162 1.37766994310164 1.6340794051286367 2.0622602211467713 0.043047592725228755 0.20262352598757544 0.3152636445206291 2.969516787478278 0.2663950575010427
2003-05-05 6.406901819566469 0.14866746392161298 0.1791694936104216 1.4478890027413118 0.2960421435109991 1.8841209861448727 0.12190012775391859 1.9318148688553434 1.1734805757129028 4.168816154151628 3.6303668114752536
2003-05-06 3.850435492472071 0.20624454929493732 4.750119357563215 0.08734302384450374 0.8971073592725255 3.4134322657892304 1.1210367930993792 1.8818440031813508 5.184692627394119 11.464507513068714 1.5468107999799932
2003-05-07 0.5232288698134666 0.9138226064091253 4.8167397016647 0.12979516030347366 0.03130293264985084 0.6728234767032276 0.22854213575806578 5.934149023597773 0.33326900537356896 23.05977914619375 0.16616132179737642
2003-05-08 0.6649302174155427 1.1698251561272062 4.390569664506268 0.0 0.038387175380229704 0.42107201459948007 3.023823928523644 1.3945593511774457 0.003762193056452063 12.027216824123869 0.395072325998532
2003-05-09 2.490369287313579 0.8196354799957358 2.9190251210836333 0.20777832031868515 0.0 0.1706589778143905 25.09425897533042 0.8490049522752054 0.1427496067474788 1.4268035272087451 0.7537163967622409
2003-05-10 2.5324882565059696 0.20052104915619565 1.7687735660927344 0.48541612508073007 0.7220879938515781 0.07117831323353477 1.254394239541757 0.7913101861901545 0.6474626332287594 2.3234869939284364 0.05441625815158668
2003-05-11 0.7231128212521092 0.20206152870438204 1.5043969627150848 0.011442075139769345 1.3913568083603804 2.2645845872151384 0.6678171222434187 0.8960867331117581 4.200386664741239 0.7069694090708596 2.3103036219006823
2003-05-12 0.715976599908503 0.07908361098114414 5.716047987974246 0.0701462895913734 0.4842567160492308 0.5347548718514468 0.6577612288180577 0.7595850039447136 15.143575672445099 1.9824507268916953 19.346892133372197
2003-05-13 1.3349831484988162 0.6572344203301238 5.078582392169405 0.0024728154484696518 1.1605656015080448 0.3568583001260071 0.7623687883024655 0.05624536905264024 3.884560137157607 1.4683726678687128 0.1982656930595693
2003-05-14 0.8539562562537508 0.04483892397142796 5.796205209691069 0.6843257650138757 0.0 2.9753693587842767 0.04311552714516234 0.3741748883510984 0.061246906009446815 0.06260586529970168 0.04598891376787576
2003-05-15 0.1974280085894946 0.11543118703108518 5.903342816990163 1.3482816064691758 0.0 0.7231048984681258 0.0 0.12123673813527287 1.7032155032632503 0.11181530736661559 0.037908530308722155
2003-05-16 0.1028953371270896 0.3642989811949181 0.20875279066380747 0.21431755085766985 0.07922675824578973 0.1025272662544038 0.012944180727335204 0.01758311062590892 0.05461114393371818 0.9950145001852111 0.003762193056452063
2003-05-17 0.037432000075922234 0.1433910156624939 0.5436087321626215 0.8166728376814398 0.48279795652971036 0.028951592836827827 0.0 0.5912495169871712 0.22476614431329262 0.1291454308833005 0.016788276825349984
2003-05-18 0.24940860144734467 0.08420056710637261 0.04536097039551594 0.3631202052889151 7.1057766871295005 0.21278034715671423 0.0 0.08329590405853354 0.30472185996999446 0.045817588474351696 1.1443289235834266
2003-05-19 0.2547337175725475 0.170676765642187 0.0032401466323640866 0.0 8.446752011880891 0.4173043852841629 0.28145380030885486 0.0 0.3598433986691252 0.018669465027574314 0.7479971157130396
2003-05-20 0.5001488864254356 0.008586348317944727 0.5596045151671054 0.5794653703135918 0.5047965380624584 1.7470572283217314 0.7459659982274387 0.0 0.3606269402081891 0.6987663171592492 0.039432662594675705
