2003-01-04 0.0 0.11910595163759471 2.2737367544323203e-13 2.2737367544323203e-13 2.2737367544323203e-13 0.21601540437153724 2.2737367544323203e-13 0.011632648709646183 2.2737367544323203e-13 2.2737367544323203e-13 2.2737367544323203e-13
2003-01-05 0.10240105968093115 0.07626355865107208 0.04988188234573971 0.04591467383008038 0.610152757986359 0.38277052709168924 0.0 0.13944594813783756 0.0687465887499285 1.7247811256536614 0.11162925691935177
2003-01-06 0.025623371517677965 0.1476588809813979 0.04512556355616311 0.06659286921166739 0.04395271716102099 0.02712962954154605 0.18961745440572814 0.0 0.45792377207247603 0.2486889699578811 0.27626157898978787
2003-01-07 0.4128911453366918 2.465108449900246 0.39311219767660033 0.6870392157914786 0.019640326051115858 0.1659027422344846 0.9674839360247727 0.04395271716102099 0.34690072840528996 0.1593896010380168 0.3248249243932241
2003-01-08 0.5265107330470858 8.168839564184507 0.6188786325818001 0.26016642160657644 0.4774909800944127 3.138228142751646 2.5740851660672277 0.10667185899124729 0.2495690007899608 0.059449698259100875 0.02654577165968388
2003-01-09 1.9970927974571082 2.2602722436081106 0.47128125837060986 0.5128307314885288 0.047919924851910045 2.9817339531216027 0.8771697218151691 0.2743882916473156 0.7118853501423306 1.5586881761230993 0.34292538269673145
2003-01-10 2.382853860832625 0.36750647476137344 0.04072894722436972 7.128619412376535 0.06513072436314477 3.108185628271083 1.3624878040846695 0.12500937249990632 14.92325053464991 6.964469447403809 1.9681885106291186
2003-01-11 0.17725586401367988 0.0 0.10210473411375331 0.12466287075553734 0.07769857446492823 3.5140727895332757 0.368499194551108 0.22005326791624483 0.4634836449064735 0.30632142579610167 0.09132034993033765
2003-01-12 0.16038181555113362 0.027914764169183492 0.07831920756554023 0.13165285779548885 0.16606936549671417 0.5314471843232427 0.8553984261808631 0.4201389436856663 0.3840415790566438 0.002831057784815047 0.06150521531520959
2003-01-13 1.3228842379210586 0.0209290405296734 0.02229803303917301 0.18761220320126182 0.14725510933706654 2.7001169872057647 1.5246699823777692 1.177079757585014 0.6522436202040384 0.44205740049983744 0.5480883194191056
2003-01-14 0.40951254200193576 0.026639540179109647 0.01794082482276031 0.15863250052651956 0.12046704816813711 0.08754295541381989 0.680893759316059 7.404012762080288 0.15482450526963776 0.09219913413816172 1.221261846959396
2003-01-15 0.0 0.0 0.0046334345814988236 0.18403478971316914 0.7426129536307116 0.0 0.004989161393002205 1.4621686333669905 0.011400213074598134 0.02385386683391421 4.023319028421566
2003-01-16 0.7930791008448719 0.05969172574924318 0.11689882050490899 6.6599504452963565 17.310927627992356 0.20591092111940906 0.29160870397705463 2.7227327687167966 0.0046334345814988236 0.0 4.479769776262033
2003-01-17 7.584508536437748 4.373666708475929 0.47841780609280393 1.6606143322587894 7.078184408956227 3.0064050438911516 4.771424794165969 8.91606805330374 6.147852690147436 0.0 0.3214073632167531
2003-01-18 0.8073995792488459 5.5057822902466 7.669941707101673 1.5285338578653644 9.335856107912965 17.892625924544614 2.852021627379421 3.071049270162166 2.2403518872884867 0.04263612439103308 0.5670851881301427
2003-01-19 1.8583908608318744 12.052349648289665 11.448646639464044 8.270158541734029 0.7164064449459102 0.9620807377041156 1.8725467789943349 0.10637353297675492 3.7250195608521697 5.10886988859435 1.2739449352620693
2003-01-20 3.3154059863912853 2.7875638415955324 0.8959108387584762 10.067156853486402 7.646900385742579 5.477511747067066 9.746839999516745 0.943639396512143 1.9274377852560072 3.25799374919232 1.8903649305507366
2003-01-21 2.810712488680695 2.10585608527934 1.7792931558818714 8.894569971600419 30.633411249227887 2.3321165180589447 1.1117007321665608 0.7227705326063274 7.941126940520306 4.287138794549625 3.508548724963883
2003-01-22 8.223021133394962 6.134120159092593 2.7803293466044887 25.016398181570175 14.05386962504253 0.22123484046648967 3.1581412605163766 2.8673515023670335 21.77733312387837 13.402753791463569 6.323456781293316
2003-01-23 5.589640836246141 2.6137828350417367 1.1756496732497972 5.606761283607506 15.694838033530282 1.0143706553668874 4.054645098384516 6.624174754814328 6.108948823969666 10.137591188318087 5.188803738737345
2003-01-24 3.053158625626474 11.525538372724279 1.2834064269060308 5.195181794856566 1.416860208903728 0.8477150414225285 2.5978460512376413 3.0138401271542326 6.983823884197731 14.61267754697491 6.490619890772779
2003-01-25 5.669708974829002 11.16769363269011 1.5334142543824232 6.962851124822896 2.459891318557557 3.9482890083602378 3.6073299360997213 10.636448334651718 12.382428584137138 22.424582970860314 17.391411993928806
2003-01-26 1.966982823023499 3.034752024538634 1.9298553632095476 4.9965901718811185 2.99616738349501 3.2014887118964213 20.371437463876518 10.411716806909935 7.379921281929672 5.767664587972712 6.281531688743412
2003-01-27 0.6206129521733489 0.44731015423077425 1.4411044811941407 1.5528483239001925 4.744312876546665 5.248846391596194 4.144913701372762 9.430438557335778 1.780866198605616 3.700489622444314 1.6132499510746034
2003-01-28 3.2050292263750197 1.5187897479981458 1.1939332784336132 0.9752501799722669 6.056346687941941 4.371214987874606 3.5946823695058634 8.506922471244916 9.133721461050097 1.4507217157378234 0.2840090799240966
2003-01-29 1.6984320133312245 6.818181578258123 6.9787634502756 1.9568481320391888 5.714389410841735 1.0177498891129582 0.274493124562334 4.996361522252247 5.867232470305916 1.7399600145830538 0.039701981127856514
2003-01-30 1.6424129088612156 5.883146839371612 1.7601866993056525 3.164677015744659 6.541955440547347 3.718171325377195 0.7827387903829119 6.5667978644815355 5.881761494130556 5.812649687470819 0.3569055505712632
2003-01-31 1.8121140332108518 4.449942136872389 1.1900795102916475 3.367398555952816 0.7844774811778388 2.824193072277866 1.4778932618619254 3.425057756649883 11.502599703321309 4.13994073428724 0.020005159911521703
2003-02-01 1.7441835477813004 1.1136679820620585 0.8153607722428662 14.168184524296151 0.4659097835651129 8.016343049962533 2.0254958989838956 12.786031107522295 8.299992324156499 8.412550169927144 1.5900851035516388
2003-02-02 3.4503996959655363 1.9301773966935607 7.014926083790625 6.769033958827592 0.0 20.71849217079454 2.344162762661659 8.98937269022972 3.6590906920017767 4.779788456443775 1.8720156583175913
2003-02-03 0.00829441906846473 2.4108767171030863 1.9497913322355458 3.2666238807749908 0.33861815585139265 12.409021823453116 5.77403112525651 3.6487786115038485 0.13697061627520363 13.257347230092101 3.073908653496492
2003-02-04 0.08638803032841139 0.7270599054604238 2.561329230995521 1.3868451519931193 0.5056046464486922 24.925240749541764 2.994580649539582 3.602756653918155 1.3678282088769955 0.9156075639061658 8.563697346048103
2003-02-05 0.45983557684726983 0.13794259452153343 1.7517540735140469 1.6251809017694563 0.16120337421952272 21.092066049053315 1.5052508615712012 3.2931401544981105 4.330392076287398 2.304680075171591 0.543713134832902
2003-02-06 2.807788049266156 0.19111580104427406 4.154537300647228 4.812894837460025 0.4686166130093649 22.465327237817988 0.8498173802128466 5.92158144199449 1.8535705430204747 2.092263102320144 1.9517371542520823
2003-02-07 15.223919301142727 1.3341324236714183 3.7718367630387757 1.252365122124603 0.14488933026201006 9.536877032947665 2.7812234838555954 2.520407049541818 2.314157724711536 2.912869413044557 6.361876474182189
2003-02-08 10.084128048639439 2.8173671039084884 2.7941362536804757 0.5880756769316791 0.0 6.735760919565298 0.07032764204410959 4.618952582184648 2.689398404461608 3.5976532738366407 14.734498245009018
2003-02-09 9.418337020738308 0.016617426662913586 0.37231035352647796 2.1716655242585796 0.0 7.071063260730475 1.274273263059964 0.029634483172040853 5.4824785063051165 0.17470636252629962 18.005480781901625
2003-02-10 1.5345329142328508 1.7834423866333033 0.073147588611487 1.2311740420337167 0.0 0.1820248720151471 1.9938120644855335 1.3135672844091038 1.6154244407379783 0.7377157957573452 0.7658710516073597
2003-02-11 0.42870262564294687 0.04600844234950615 1.7083036952964141 1.446676685530552 0.19926329786447866 1.203943386854159 10.400209253336218 1.1611568774825696 6.195249859303644 0.710162050004233 7.745601581705209
2003-02-12 2.1326738427474012 0.4687291002407371 0.811767501561232 6.8573162067761295 0.866147576011722 2.0837466836599137 4.842444766527091 0.8926895888752403 14.771723530172478 1.7172288002418128 24.35389191475509
2003-02-13 1.8395109187883443 0.16763922537450132 2.2851485243026626 8.158320481487163 7.7690849736559375 3.1100123988970267 4.570746290410964 0.03651081368052507 12.216309563159722 4.911342286279687 4.192410537136321
2003-02-14 1.0350702448135767 1.7498087803273212 7.374847119122666 3.190619233771657 6.254241626073796 6.185473392327834 5.10956263214138 0.3817631606365302 1.9414639410354528 9.271824410693952 2.0417058275715103
2003-02-15 1.9189680373914189 1.0312421876358302 4.850342793871416 0.7353185127772414 4.456209059625572 7.367301823652152 13.495368040149192 2.115490941385862 14.487134953639128 11.54313360139977 1.5675979197873349
2003-02-16 0.6072876154969238 5.238896941080955 11.30400287415502 7.9406118038560525 1.6252613786600905 1.0719130209509578 12.704217907019686 4.30668699306897 6.794180200386581 15.120080337048343 0.9336383315884995
2003-02-17 4.3470478325965 11.91582402742592 7.935101439686287 9.77982753765816 0.11130529357274611 0.1806111590093687 4.806909702268211 8.809145472151553 8.750915680086901 7.443486599057759 3.582898350061352
2003-02-18 5.528329872938852 13.400240790932667 2.2956399797812512 0.1484957975218686 1.012253800928975 0.05702017145319329 1.1544574293488126 27.387576930252145 5.297949933698286 4.012213854808845 0.5868513140899594
