2003-03-08 0.805573703096834 1.301514150559251 0.7103198237463308 0.48333116337042364 1.6596465599410355 0.8673972341420737 0.8776381690666268 1.1231025658860476 3.3834822453885534 0.6964995372091726 1.4651632202946023
2003-03-09 0.669610983388423 0.11652136495525532 0.4825074241995458 0.5375405103815184 2.3642512432119345 0.8056028403945833 0.6741434410574192 0.7161382678356941 1.5350576035975 0.97687330363576 3.9584036240762144
2003-03-10 1.087043315467239 1.2015439230863239 1.8998908211365362 0.5268828913696999 1.2701884436820023 0.7669615077451437 1.441554009553574 0.42678060428443887 2.74222633811843 0.6523917084966961 1.498748770606626
2003-03-11 0.6867980236551351 0.257323547211892 3.7388823176617585 0.5196400171815775 0.9574201222087328 2.351939531248247 2.1063431481920625 0.23679620020000566 2.2138274233661224 1.0931434926853791 2.251985674470312
2003-03-12 2.902435002766854 2.9417351578555264 7.443894197388346 8.122761782655944 4.277813378435901 4.991517253226798 14.138033307433503 8.979217725543503 0.3294371212183729 3.0089244165877025 22.109933511846968
2003-03-13 7.0312321301067255 7.386437195833503 11.799665054789365 14.037235656620272 9.411327220091456 5.027086891531226 0.22319680488239593 8.044809968894091 9.945982893196021 3.992566214519667 17.734074051033208
2003-03-14 5.599787985196082 17.869162947822698 2.7398766492807525 6.748567870891119 10.03321662656684 15.661840371818965 13.009393845648175 1.919506498236327 3.646450712576723 21.734206184063826 4.22659452810205
2003-03-15 5.200679399986612 5.832729555398703 4.005880131011037 20.536146567674855 10.382925742884897 1.6407141404255037 16.23105576194952 7.9452436812826175 6.434815428479844 35.284330003996516 2.9213037769257433
2003-03-16 2.2270519099302097 7.123742216071023 9.184192778327072 4.483714003346815 6.179452592288229 1.4856668476762358 10.178545233152615 4.13512595589495 2.8937216703174355 5.290687636587643 2.705987991701294
2003-03-17 6.528786113266786 3.595503913743849 3.495710584398183 4.361830262868941 12.16714226403445 1.442111441840623 12.225320429604928 3.259943157468502 3.776033355874512 6.637619861063994 6.796764611933912
2003-03-18 5.645728464093894 15.6214552275867 2.2996311562056433 13.979955972954208 6.969204904775853 4.207433689287435 15.25105876454724 5.913425143466217 2.0568309677386325 10.026151742676635 4.15129994052461
2003-03-19 31.085487654332443 15.838041327460706 4.838137569174624 6.047177602600101 14.199651514207902 9.643339775824161 16.11136907266725 8.50540575142179 4.718638135332286 23.01121282046772 14.760270951750952
2003-03-20 3.8176730380555286 9.505170760061077 2.660335721654623 23.297390076708957 40.37564044662554 6.284566147663613 14.696311538799439 3.4855117687098236 6.281608253337437 2.5192676744545066 24.999586634371813
2003-03-21 14.11179560601052 20.43072858081628 0.7791554811083754 2.1680901696490995 18.55529260158935 6.81512090453229 1.4726397363099901 1.5451167157714136 3.042089619620953 6.069396562139586 14.971215707969755
2003-03-22 11.588559704299417 2.7180926848722473 5.482279283733054 6.673320360263075 12.09907361977074 8.12130309440932 0.847819238776391 0.6906085443984902 9.567112490903055 4.480516881984576 9.358855648673178
2003-03-23 12.22605481917141 0.0 1.463287643183099 6.773151875645558 2.1013120367864024 16.648742965338357 0.0 0.6399183489018376 19.1681122966478 5.318076325300828 23.58308519126739
2003-03-24 7.92201919452728 6.645700680521756 6.744556800302542 42.3366270639531 3.7403948802222673 5.99923353580408 3.680949189691786 1.2748041155613785 11.615869686475012 6.383631439028283 18.48053510720313
2003-03-25 12.022216253041755 3.7349260843519527 19.08420850392622 15.773245173829993 2.774409110429189 5.280636462034607 3.63655863091158 5.808790702955167 6.3991931123880414 2.0685137703824026 10.438615781869409
2003-03-26 11.530145706349076 3.3889034233319077 20.14965054689437 0.6867491929265199 1.3354606230923074 15.08140251345716 5.410203263222637 1.7058389682357482 9.062112453014695 10.931746026372233 18.75737518748579
2003-03-27 13.82707613878397 8.913602627566865 6.020623559626003 0.8569141205721275 1.7385917844261969 43.212106547225204 12.783546251397965 2.6629192099427086 6.518015394171407 10.041274854670476 23.93472755791486
2003-03-28 11.584513030026345 3.862315301985702 3.418953317101127 5.384217176953134 1.2132979393717362 1.9237149094900357 11.564859434406362 12.30463074811205 8.749157185146213 9.917454535582001 8.838354123399096
2003-03-29 13.923538663846855 3.37406455085848 8.351061442771215 5.320331881595871 4.847549456340094 2.7222581580490544 8.394155294515118 27.38395397844797 13.084945630324054 5.353151157790319 17.429472372075104
2003-03-30 15.649382583492624 9.453131264088867 8.739003434169515 6.982527054490496 1.5334825369998375 1.8376960195654808 1.5222889730984634 13.717736951811602 10.446239474914089 3.4232432246744695 1.1803072478755605
2003-03-31 15.324453649611742 3.60810553027635 9.205207485808472 0.5515064656719411 2.1733949170277915 4.049333334058821 16.59319568192216 14.11769312790754 3.2637072679189454 2.7128962329418895 1.9125180843613672
2003-04-01 14.12052941798304 7.685033539724757 5.77521398716401 2.2949486979792755 1.2104185835654258 1.3616069687369536 24.31134019225667 5.31601357994518 1.0355189522643142 5.846628066616904 8.435189002506227
2003-04-02 10.896158485873075 2.352368388071562 8.161144697579758 7.457976794086017 0.855901326030925 6.573326834127877 22.242551864443595 0.1593917684214332 2.003738090737995 4.4255932520069035 6.9824340505316655
2003-04-03 12.400110197240881 7.915647822963189 13.425612417372438 1.0299986431889598 5.129890956870007 8.790435161599394 14.569451207951207 1.6041487271810058 2.883332235771421 12.8984262225176 0.6763058889196882
2003-04-04 12.027433450325388 17.916060467369313 3.387297103948021 1.128410186627627 0.2692359656373039 0.6655746754071237 24.648384083784883 9.654485346337331 5.588928004701852 20.95455467644211 10.105548893956081
2003-04-05 5.310908328655067 18.593260414271782 3.901762023788737 3.108188459188301 7.732607787893197 1.1965870459050945 6.927164736109988 17.199846737587222 1.9082464655648819 7.47403990976002 11.674475211597198
2003-04-06 5.933477152238341 13.165005823333562 2.5757458120147447 4.359009714046957 9.508654311109845 0.09970075410957546 5.2130170067200865 25.864359145753625 4.257184603553569 2.0684815738508835 4.732130028749377
2003-04-07 8.684630813476446 8.17102118559442 5.669600352865507 5.529946774207855 2.8262897216194824 2.120051234066371 3.6536793728412063 5.219526148657158 1.4320736926376734 1.0660586976844992 3.586926456853989
2003-04-08 9.060140007843449 9.407454610566017 0.6669785317823089 5.546356001600568 0.9214086287282902 7.551657668399441 15.346948132547196 2.6697304772113144 1.9497408756830157 0.6498003062569603 3.8129112644968335
2003-04-09 10.142865769380595 5.49532102226959 7.516014378296575 10.524621641470537 1.0174014797081334 9.484536673753516 27.19028169127325 1.1410279428924721 0.8189027814289398 1.084893283117283 2.3852204507542747
2003-04-10 10.789706790904194 0.885286700374257 5.010123202719904 11.083785792519354 1.459336939931368 0.5385147450797028 12.911073854682538 1.6540926548604293 9.70580950960351 1.5074051668369122 10.167789654521425
2003-04-11 4.725050055744264 1.0767643880527817 3.402011079137772 7.804749867294035 1.1979231250222728 1.4043885690983084 22.287357442163703 1.089750241909367 4.621279031753968 0.2803451886992896 8.554194405312847
2003-04-12 0.7248824045470476 0.07426754515681126 16.332101716495576 4.13572280407513 1.9989174392372466 2.408868442022145 4.1209431869707664 8.43410075199089 4.836312173284627 1.9391189829509665 10.352778357570184
2003-04-13 0.6459723317115653 2.858216859920031 14.109307036948072 6.511093983083373 3.4796544939124945 0.3919736148032009 4.074609553746143 2.744207985214728 0.3386864032855714 6.4423835988831915 13.2139829387617
2003-04-14 0.730947153460726 1.137087756753907 19.175683520785938 8.173388400145036 1.3122203764934408 4.089498371502921 0.9016635679839045 2.6822759926675253 2.7862583649395036 2.3630215615017205 14.887276980478283
2003-04-15 1.188915697222291 0.5038604088505833 1.02275192367228 9.874419633695997 0.2771946570780327 7.455311884092046 5.761688159461723 9.83336220799944 1.3428942288838335 0.49319326993110035 6.467970603403385
2003-04-16 6.683603343286624 1.0371466995813083 0.32099619649098876 14.533249061930741 0.8788251259865849 2.2242432756160486 9.80839009422273 0.8278173655162223 0.8054716362517291 3.716745183441401 12.98750249991355
2003-04-17 1.674528794756318 2.014408908765148 0.6667291673678709 9.805833940748629 1.0137733284647852 5.0285167745324335 2.7030991333873264 1.0143467839586116 1.8581981619729642 6.378852141587732 3.414117028130618
2003-04-18 1.187796639976399 7.555307186285873 2.511465809377776 12.518544830912349 0.2784293265589166 6.242295989296266 3.3330888348599874 3.412115383112149 0.9077777104682401 12.395296005400652 1.9454542351608861
2003-04-19 2.83117914937639 2.3707014804248314 3.4369595166403846 9.744296879623654 2.483981303215157 1.656613840682574 7.184350533369088 1.8565657987898627 0.0328735676798677 3.0508918476280797 6.19720540561565
2003-04-20 1.3281475187322824 6.645474175972712 1.106587821773958 8.01330877908512 2.6181162035865038 0.6615344099961169 3.1504695765188746 3.3566074399854235 1.6588149812629647 4.552288759851672 2.787658853296661
2003-04-21 0.6964774915402938 1.1214902296467508 3.0274632453772976 7.370608453453132 1.569317802468621 2.9650319978140067 9.484837202132558 1.155003323079753 0.7914267018165875 3.339493008859826 10.638785666209756
2003-04-22 0.635941996764128 3.546387799474826 2.3117601682001645 10.873788701460953 1.5339579512947723 3.6789952342200056 0.5111291581008541 5.180699311502627 13.814189278504761 6.170150653116835 21.43390757238827
