2008-04-19 0.5114996247403508 0.2746545684295846 1.0210145529106405 0.39497258365404475 0.6686234867792344 0.5744358863528903 0.43257414456850496 1.3467231035454925 0.3299093197175831 2.327634200997319 0.41177722795109023
2008-04-20 1.8947884011547074 1.1987253944644949 1.443328650497032 3.2908919856537464 2.6899389582189874 2.278973485391611 3.093936617120915 0.4958271245484781 0.1898447373026804 1.1389241734898627 0.8929141582556431
2008-04-21 0.7051800221551787 5.522438294925522 0.3571649172002883 6.672505965124159 1.9227905041172313 1.4158706969937846 2.179897234235423 0.3521681378777445 0.1413547147824219 1.801612600513054 0.7836785329187598
2008-04-22 2.3396975357253456 3.084900503370396 1.4107544734138182 2.823385345468288 2.8032485970439227 2.51759403527059 0.9097663364739154 1.7939203710461995 0.19525351093788534 2.8759288861977117 0.810738809193605
2008-04-23 2.808181841080629 12.02233602265821 5.609268114514252 5.03564344709034 9.793737428480847 6.75695567583615 1.9717731762291066 2.94861248251494 8.988120528890414 6.06648726981884 2.0082161166025196
2008-04-24 2.6292477696542713 1.3397892260574387 2.224385288763144 3.3954591011974458 0.8884339972288233 0.6450638397279026 5.319024538222967 1.2593063804565543 4.265509137885484 1.4891376422477989 0.5762060177836685
2008-04-25 7.978183620213844 2.15041945207076 3.3077646998254755 8.854428120779069 4.687776804039647 2.8724442834725474 1.6419736561431781 0.4943053194566198 3.5774584340714304 3.0240585416848687 3.8375463320092225
2008-04-26 8.656002518288389 4.316451999750672 2.6196237018598385 4.281120816662355 7.192783374243746 4.8191672216704795 4.2183829015261045 0.11962489789802914 2.5544200574160807 3.8919672758691592 1.9996385133917989
2008-04-27 2.827159538484446 3.9391938705698246 3.075952287152741 0.48371857693299286 12.993360278025413 0.7506145922639683 4.54008311435164 0.41758554300426676 3.4096223417525637 0.5366396698034551 1.566385764242639
2008-04-28 0.2567781105104728 0.7341436352707389 0.9092492365898177 1.5247783331552356 1.2216524142839003 2.1076751659414183 0.3701801135348813 0.3602157134191804 0.900762224331262 1.5484254921433291 0.3321173581644429
2008-04-29 0.39923244258253376 0.16769320102550772 3.7168144628705626 0.4389337134402316 0.9377210653417537 0.39745696367524097 0.5057938852850086 2.6148388069762176 2.31374579236008 0.7524272568030905 0.10847028380698517
2008-04-30 0.27488215637731184 0.13318177769461148 1.3686746836987371 0.42815947878574645 1.6291041441229996 0.0547639444641695 0.04076401005876172 1.235964669010179 1.5104207023211285 2.317999405710741 1.811841516842167
2008-05-01 1.272727259895765 1.6436695728768624 2.8879893990765 0.28525894097348103 0.27554340661292076 0.6154092931099845 0.02716105249595068 1.317858720996416 5.59329745303843 9.769185419206972 3.2578231056390354
2008-05-02 1.596267781577997 7.474077935015589 4.542601029187908 0.06645900640713076 21.790164700107468 2.6114785605199837 0.6285593215236459 1.7027572202288523 14.02410147388884 14.376138903006531 6.905744888943227
2008-05-03 0.32989788107797674 8.331127581903893 1.9946324677972085 0.37679343001211096 4.7505389670784375 0.9711241463757672 1.4759539443607623 0.2156485590647027 8.633110729287596 3.928361374435155 10.092020378204115
2008-05-04 0.11010222771206174 11.017074263106583 6.945283709701573 0.049337459392278724 4.137757646194677 0.19601188916470386 1.8193525250800646 0.845758103362769 3.195638895903299 2.5454858006309484 13.547915560353296
2008-05-05 0.19518467348756185 7.383925644105119 11.246155279415587 0.4275489292860539 0.6826116888671852 1.213129077631839 1.9562102326848723 1.4295583379474177 1.8598356100024596 1.3679297583939425 7.078755141129465
2008-05-06 2.277017075789808 6.6805378065988545 0.2669814349528317 0.11623103197321721 9.009867336432063 3.060791063066352 7.34697166782073 7.153397221402564 1.2519639045924937 1.1824440448753104 0.6014110056421895
2008-05-07 4.555024246285891 2.2418122465286547 0.15150556570875723 0.19062241034634592 6.444368926061063 0.7873883665261245 1.6707450163123219 6.173694957502406 3.655072542191769 2.083004204916126 0.7347121204664337
2008-05-08 12.011022534495908 1.5814999092995696 0.5348238038201203 0.7855644032579099 13.522726899535273 12.307186811316676 1.0480173265707666 27.03294150817802 4.667020324526959 2.5591239891336954 3.633036457082232
2008-05-09 4.974712874890228 0.16889565507988538 0.572395497856432 2.2777393125227845 4.361153466618072 2.6477666536360993 0.30449658960694254 0.594502975914063 0.4418453332130462 0.6226306283737653 0.24386803622123637
2008-05-10 1.0351423928690133 0.82271991623371 0.34958377884327874 0.9683047209636135 3.6377108233044524 1.099189336902779 0.1342516415941748 0.02189232980693499 0.783105484553351 0.48052516755340463 0.0378889620217114
2008-05-11 0.6575733578824849 0.24585710708709504 0.2824645160440291 8.288245919778156 5.442703401790769 0.9431133860899643 0.3547060675631174 0.10472512632520031 3.4596096116527626 2.796687887449359 0.5240928876450965
2008-05-12 0.5665977389196188 1.051300896110518 0.19717011844087634 2.294318239144153 0.001973498316834329 2.380918470638413 0.14866583177666676 0.193061866500137 5.042521868677094 0.8615510536689588 1.52030360146613
2008-05-13 1.0298074594284374 2.1934336790254965 0.4066346742659737 0.7247635616286565 0.0457660130494206 5.115854534468317 0.3069531075649735 1.653045876471095 9.739886969163466 1.530765156161471 0.1480464411692639
2008-05-14 0.873825093184221 9.983375818612345 2.7090193258035207 2.454345243589308 0.0997382671823861 2.810703333291178 0.15894363394140026 8.083187899267296 0.2794683594228652 1.920275618278472 1.362814567939555
2008-05-15 0.3257987301055302 8.298039730130155 1.1925882330640805 1.969811078440649 4.327180219981513 3.2302227218491337 0.051877354551455826 11.114011427709876 0.1680336783578001 2.6224064602866974 2.1847720249363483
2008-05-16 0.22036227291853103 1.3647203387557187 0.5181792488078931 3.4046960025503354 9.253903676366102 0.8726262946061557 0.028932217530694315 1.6531032493324798 0.026710746376857178 4.061355546773202 0.6775744888098183
2008-05-17 0.25300739118793714 4.372837129441761 0.11663803120952437 5.580242805060084 3.911752644614407 1.0904701864905921 0.0236634397674594 0.20525240194041125 0.010330459110486623 6.60763651607664 4.055150429263622
2008-05-18 0.3991496548611522 0.7577101264977505 0.08816182979317563 4.945726818284038 1.1321968435937624 3.8898307398888625 0.9046524533959797 1.527593296297033 0.07049985755618433 3.9547313324689797 3.1452256527820635
2008-05-19 0.47402879329398806 0.205562640408068 0.10665753467771102 4.265413637344352 0.8819105838661412 8.401744079060652 0.021604280260977944 0.01969609193409893 0.6169058552035119 10.155063883685475 1.1162019647408732
2008-05-20 0.10531051692839148 1.0614911082256717 0.18792222527951427 0.8857691964377237 0.04943110750318144 0.9147881032476257 5.645635611712692 0.057285717223272775 0.09361656278643705 13.965201839414537 1.2519884928599252
2008-05-21 1.3551104863979755 0.6865607439411072 0.010330459110486623 0.41231531511584407 0.03765053957734213 1.964351727576237 2.8591840145879175 0.47572418021923274 0.73596731322669 12.129836518333523 0.8967588886364674
2008-05-22 2.280684419733023 2.153177015985139 0.1100796573358721 1.118891137564502 0.08833843686547158 3.4483973071685297 0.20062914741439672 0.058829490128468276 4.0357142167755296 5.4438623002788695 2.1131454581545053
2008-05-23 1.7261626618336825 2.230557414647982 0.09255450005553131 0.4954755914051814 0.14336824522809735 4.0877696418702545 1.2292005752329986 0.19798685067646532 0.08482079144032498 1.4227443193339835 6.393460255220598
2008-05-24 0.5546796881910083 0.9961709714199959 0.06225748681668941 0.06023320165309895 0.1789971618284521 0.045470253877321586 0.0 0.025050531181265073 0.14951792022137445 3.1902275165099234 5.043511807407102
2008-05-25 0.1835758393961187 3.6741058143486236 0.292525200446774 0.1659197519855643 0.9753699774766607 0.05146566378092918 0.0 0.023113359063863942 0.8850119005379575 1.9591777231671583 1.7839896137769604
2008-05-26 0.1116004660538068 2.083463467388615 0.2154167715716358 0.12749656656117836 1.4356940007331946 0.12773464302365184 0.6831982468109309 0.08427036331901844 2.739888248499898 0.15023805676027824 2.3776995387146513
2008-05-27 2.430982752784349 2.2211588205575583 0.034213774296619405 0.3203227645244018 1.5039340955470428 6.0062596479807 1.8159878623964842 0.14352032832210876 7.581032299789669 0.19988462886449898 0.8585977261317443
2008-05-28 1.6966096934423063 3.7189680500558255 0.0 0.8033760912686756 0.8142599161144997 5.573483883084691 0.5771761668347993 0.5161929262951797 0.023122909750781576 0.040180604631816545 0.0982369354451677
2008-05-29 0.04175549987933265 8.765890582818198 0.0 0.4623330183569629 0.13641678593906498 1.587984175040742 0.1710324769972767 0.24792544412613693 0.0 0.21315265929135654 0.01819795996989384
2008-05-30 0.002150982691928829 0.8495396679774595 0.5634755237853327 0.5245726065469914 0.43137251171914565 0.43722955620766796 0.32777999895837595 0.04918307814282045 1.205148535825983 0.15854444218504063 0.036799662735139106
2008-05-31 0.19869913566353797 0.4858265015870855 0.06391740992769039 0.4717506549207096 0.249306167745507 0.05910359010467377 0.41613376709562877 0.08834484053814846 0.9651961626818799 0.024867868039933474 0.17214661762533126
2008-06-01 0.004534549507778851 0.5233881287245561 0.0 0.9346202342086143 0.03761351829014096 0.03255487354096363 0.34100982347773723 0.2374439604758174 0.3850903962078417 0.2497408377631622 0.1990941046028099
2008-06-02 0.0 0.1053979179557544 0.10288495866279194 0.3809987700994709 0.011731644105908143 0.0 1.1511460981743473 0.15440331181063804 0.0060637759520326615 0.0 0.7019395979264369
2008-06-03 0.0 1.5223608712719447 0.0 1.3838959926003382 0.0 0.022712908371008547 1.2511102629132909 0.0222416748620933 0.12673998433602784 0.0 0.6241771789720449
