2008-02-01 21.487332889261378 21.587476316554294 30.01401609513007 70.74952908887866 18.200745745955903 24.84417237584865 44.81695583946235 31.748196710502683 49.17123849352504 45.319858440316054 30.33175444139518
2008-02-02 1.6459915554755933 1.3911817559192423 2.3931007208738393 4.209483509001753 9.157911023873817 3.9858330125626003 0.36622173804861313 2.068338179338069 8.635446336144357 1.4173251708073238 3.5840564702722464
2008-02-03 0.45176624235208873 1.7612097274161909 0.7098334169241975 1.2986570258546966 0.5369251562851711 0.03487776745725349 0.04919399111533557 1.202632350453712 1.4626306134848295 0.32129014698805775 0.23996371421278473
2008-02-04 0.6284404539840416 3.9961891086884584 0.36622670423476633 0.13156403604811923 0.15330465563509407 0.5620689067955087 0.36035404609224553 0.5548409516151918 0.532875840229896 3.230326465928778 0.7934944419463419
2008-02-05 0.9564279240006356 0.6622107517740505 0.2524418470460971 0.13579506619992582 0.06188046388673014 0.20147746513521553 0.4600310933466512 0.31708667470813723 0.22137500044955152 0.21632949572438426 0.21071698694269148
2008-02-06 0.39613928210323623 0.21742732542425977 0.5011166202544579 1.4684844128902956 1.188370105922873 0.3228611232353427 2.3043317839652175 0.07151259692829896 0.9640720911618048 0.007810166023138941 1.917036856456956
2008-02-07 0.8781943597261156 0.8538411956806444 1.6896243991901472 0.5940587123170877 0.5631038132067271 0.028137727077968296 0.186228044090186 0.2726878826427693 1.6252131595417283 0.13210017677419772 1.7162442857831575
2008-02-08 1.7194315618143932 2.9978933210619103 0.5126400794934474 3.360918206726032 2.913002011449427 1.068579707559185 0.8242128312703216 1.3264873247787088 2.8915632388040646 1.5518105226251242 1.8891996946474778
2008-02-09 2.095138480510629 6.86571465406313 3.549436562717875 10.85009722939246 0.5063829081952596 4.476214773552496 0.3398756628001574 2.4851934005552065 3.6056939277165427 2.0011572064916 8.173747479424293
2008-02-10 1.6550854822356253 9.655715423236618 0.8470547513896238 9.986876137937333 0.10211936542359054 0.7455693222667239 4.819228875287519 1.3502985915958736 4.087973670086858 1.275031755199198 5.9791037799793685
2008-02-11 3.6111584141465882 2.583794977801296 3.3346709824280043 10.132038195332438 2.5184041271538424 1.174739341006644 0.057502763120945044 2.9690696665761824 0.3991371795610026 2.9075186566695406 4.388531039352035
2008-02-12 9.277022776606373 11.105942540891458 0.9804374328587057 11.34823771580346 0.23477244307261083 3.5400880177813976 0.3778365553085785 1.1961159348641526 0.5586358941853787 0.02322867899472318 0.5677664935542892
2008-02-13 4.874426982767851 25.78861873290744 2.707571158131481 11.617133840985447 0.027710536495839502 0.5528892208070094 10.481998973372985 0.2403588979030648 0.2283991160856625 0.0 0.15568626389609272
2008-02-14 1.0032470955413586 8.132408946854113 0.44387559586608116 0.19538885192933989 0.32531039884642143 0.8987449888419965 18.57384324452282 9.641310112077164 1.5729001391817108 2.847800831416651 0.6148783934485414
2008-02-15 1.4855739620916169 7.133246102340228 0.0 0.028536555693022783 3.095045642503754 0.7658571767222291 0.058106446451976684 12.382007006974314 4.74911360043312 5.113822742700275 1.8650339154665772
2008-02-16 0.2717779584979215 1.968591055472617 8.9539805826507 0.0 3.2670307130827987 4.809664309504893 3.5408320777040614 5.057240690409895 9.056720328798935 2.5404016233042546 0.14300574424045043
2008-02-17 3.1649627381836534 1.6166231426667006 1.1098936100098535 3.8815682289295044 8.001250262249114 0.2088645571159842 1.9394741557182487 6.59312599679393 1.9466347223563187 2.470350781584305 0.0
2008-02-18 2.892300387395516 0.31718843758752313 0.47235515102447106 4.484493371943368 2.1625353600171224 0.5507819545986614 0.7420050018124154 1.2152393182364616 0.7514788967840852 3.7971950948441 0.28365196639221624
2008-02-19 0.7645562139548931 2.7245706438574926 6.399565278145888 3.8766758400647507 1.215209808681534 1.5940111083470168 2.259494283037452 0.38613436955628133 0.7782936589663236 6.741556179077006 4.348395511694465
2008-02-20 3.416218126730241 2.200080005806877 5.255399889110407 2.6028463231740413 0.00507586148308774 0.9505104090044825 6.16659938542815 8.57601151140627 0.6809895019405127 3.319251726343416 4.373507187943832
2008-02-21 1.337232929280185 2.7528386512579988 2.710655092001751 0.09958525550297087 5.9780758355109995 0.14349393749354206 11.24502943753595 10.15553241274683 1.641345990225821 3.3772446967245218 8.337582755041542
2008-02-22 2.363804939193236 6.925330491901505 3.16559567668527 4.6516096196220635 6.102375255574515 0.044616815860429836 16.204797335835444 2.158345520805315 2.3985164702325665 1.804458088724083 4.115243364079152
2008-02-23 1.979595180543583 5.400836659813761 2.501311885000762 1.2936530974129519 2.7858988343707374 0.40529184435462146 13.715604122646983 5.435706656231269 9.461372013488031 1.2514212921859609 2.786206802441251
2008-02-24 2.397516355324782 4.98976861254041 0.7784628311385899 12.447128979962994 8.640680602254342 4.107711083587739 8.551315433569819 4.006938103576668 7.425778492850416 0.03944067043739948 6.303134612213918
2008-02-25 0.6515080682794976 5.213241962850554 2.0413804448493607 1.2359206310310182 0.8018076906317335 18.369298365268225 7.442231704374495 1.6553154372327283 5.910906077630192 0.08694722018768937 1.9277820692163672
2008-02-26 0.9876783790035236 5.392686390562341 13.917539923363233 2.6004908982923016 2.856801197517781 23.618567192891923 15.5761942911287 0.09930182013074455 4.196727904916459 1.381184433057824 0.9765353677501658
2008-02-27 5.121965654815963 3.3802640902255536 5.963856958571962 3.2490743553120005 2.125923506834295 28.00829753650529 15.987643343886111 1.3933638020659553 1.4053631549626249 0.7976120593680246 0.8878968410999817
2008-02-28 2.5379762100384573 0.25705816426217337 0.2526646728167234 1.2816547587987197 7.927693380943132 9.195771810838886 6.650163245922537 0.7557274178086109 2.436248651777099 0.586178154140978 0.1667553170430051
2008-02-29 9.107952326268808 2.494402311009008 1.1053523960503624 2.2443551251027025 13.337616283435509 20.99661783622031 2.45624075886259 1.8265959023195384 3.3664580671963935 0.4229782619458795 0.3647082622644522
2008-03-01 6.900735791052713 1.3857615082566244 1.9608792082817375 6.720243293409766 6.616738834918065 7.291593718668615 3.6725248864580826 7.317183654430535 4.34172532821494 0.021731233252656877 0.9074138033493866
2008-03-02 5.829719292617738 0.9716020518532884 0.7644152359549783 14.432771095026274 7.51709594268771 5.0700502580371385 7.0127126988847 7.790308931557641 1.3971487005146375 0.6519391530737577 1.8793178898210576
2008-03-03 3.930838706378804 0.33834215040646853 1.9279819140702172 1.16665152905323 11.81184874622383 6.808710236619101 5.182796388493671 2.438166539244903 0.672789003209993 6.960039845917242 0.8560745569048103
2008-03-04 3.6276835329436388 0.5030522946299489 2.7783023397851077 1.1973301314061948 10.730237618794408 14.299645041869258 10.921936691371585 0.6274215637587036 1.9683776657581746 4.5062845965878955 1.9496464435991077
2008-03-05 3.9883324660017196 0.9934953242556661 2.7583746464695613 2.900030683700363 4.064678404698499 6.497912631950328 18.690365655298166 5.688467324036013 9.017636741990842 9.594155535612778 0.36153774119634496
2008-03-06 9.301618200105562 1.4153322115061682 6.608028978731204 11.377096785702689 5.270027231244442 6.581659251392832 10.852398707898502 16.194331257425397 19.545146788712955 6.769920868412838 2.9219471467390177
2008-03-07 3.900198296948848 15.445379973785512 3.174668516482127 8.361857888990116 4.094278607206023 8.668999532582607 21.244328404572244 5.784134076176379 9.16872670804882 2.0523108005861848 10.837923537041934
2008-03-08 2.60465237047549 14.665670315645126 13.08933166383876 2.848231491860478 11.641978888766165 14.139602747854333 11.023347268927001 6.570397026696456 10.71873246270946 5.361888032200863 6.857494568373415
2008-03-09 5.523242675778503 5.9517195870518815 5.577187030731622 3.725260546792613 10.73084254959354 2.146985406156187 15.62108672028747 5.521170010419031 14.797406761548913 4.734564664658123 13.93845101336019
2008-03-10 7.585994825692836 7.518604716761597 5.936272723451019 9.363743572843717 13.2628621239367 0.6575036070501785 15.188214078790951 1.4168030501215123 1.6953267094424616 14.654277739715399 16.316377385133954
2008-03-11 7.035743663793572 9.45975884314106 6.652880465329922 4.414845549962742 13.311439958617136 1.83873054760286 14.893758676761175 3.432266489725138 3.5467983875091313 7.9300123745120965 0.416265351008124
2008-03-12 6.716462698542246 9.917541645325489 11.116169560861493 0.9183060432681354 23.09393045939721 1.344010501052831 6.338811040736273 9.02291235250798 1.9677990726260892 11.690038239677119 4.301861680951017
2008-03-13 13.628300135015834 16.935102085254513 8.962904456020123 3.5171781345253335 16.74089372328111 5.023288547659928 17.357902080630065 0.7887031782176315 23.31561265772587 20.048540013356586 1.3327986399850107
2008-03-14 12.183668513428362 8.055139662749633 0.9525967736199472 10.155937454567336 18.656367734810942 4.528084684305465 17.29364331551583 10.858970030235133 12.955548385260121 19.79442859610864 0.32213468661938444
2008-03-15 15.039787020088092 9.644021878463313 1.2943768789735386 22.064994744535653 11.859341377479335 1.5554464202859855 12.262369158378188 7.6513076548311965 4.29497202338308 3.100322588837633 1.4181422721833328
2008-03-16 11.159880486879935 15.351052925189952 8.105059742803368 19.579235742989717 15.106753084791986 3.6856783580950476 23.951464210431475 4.880994913351207 4.798148673507978 9.827178979121248 0.7500611207070925
2008-03-17 4.780793018583642 11.903623275876964 21.107824996978074 9.547211275789827 17.014005969323733 22.394267707897036 12.44387856667169 4.718219047676051 6.9780505211982735 19.4345660087653 5.790797463199382
