2008-02-08 2.299032339401544 1.0741513880871658 3.441946819064309 0.7728231767207447 1.8875349070036636 0.8920618158600264 5.035647263185434 1.2327163155782013 2.8681992124434585 3.6590422135233367 1.3795639421942003
2008-02-09 0.9211672249522341 2.4561056280467897 0.645453291737613 1.2159176948575938 0.3529878576218535 1.2186130146278467 0.1523953462237874 0.7115608586023364 0.12967904738792707 0.12074453702443834 1.1474513427845532
2008-02-10 4.05011377065609 0.968289057175041 0.8679094060413197 3.7488534162899807 5.033997989187722 4.151388014736579 0.35444780746947435 4.336708976494883 0.9014837268374326 0.8934066921145183 1.0376645773219035
2008-02-11 9.891544420441551 3.3674625466609287 0.2579079759440404 11.542132804432216 13.279045774241151 28.685923578594046 0.6830913968033411 1.780573658146205 8.462241203909677 0.8975428339167169 0.39587095869312894
2008-02-12 8.435749654445338 0.7181773269367795 0.7133210171336501 2.1127550349501862 8.199216800117256 2.7599052828412822 1.9967435897862187 14.473061919063243 11.134949095496466 0.3029437572312887 1.2085063703924646
2008-02-13 0.9568898334524081 2.0481985744589704 0.02597485100539322 0.4790657697677444 3.3040614921254896 1.0479092996285133 1.5940140561594895 3.7364529116503027 1.869660517511179 0.3831925012249419 1.7138574127059822
2008-02-14 0.9851296418286929 0.019411414399648826 0.6033978400092193 0.6121479371487435 1.2054062645091963 2.3495604551627145 0.6675235490912865 11.600996672763682 5.986951346455607 0.3185196576435023 6.127254990797047
2008-02-15 3.892023725812435 0.9912831433218395 2.6810882944091032 2.319662979797831 4.969749435070989 1.7200388411867025 1.5651952632058261 4.776644998827523 2.7767673524726586 0.9877174709065422 0.06534453988320996
2008-02-16 4.430890675061583 2.0761592047642834 0.6711775443344701 0.7837472795759807 2.153116659625538 3.958711929631293 2.169166870123826 13.070787560348881 14.44867921763722 5.961448371749494 2.1644031693234975
2008-02-17 4.654198230258661 10.551645732562 5.768350121305407 0.9718508839991428 1.8830798195644904 11.889997733009103 0.1881078876838238 15.567300647783533 1.3614814320497715 4.329882897994553 22.865101921396324
2008-02-18 10.410752237372893 4.980611334374357 2.80383552102977 1.5880034160880596 3.454921799530238 17.93365145414335 0.883693217869827 3.9225382796617785 0.7789443747617171 1.699364319761733 7.516503916774585
2008-02-19 7.120055596019346 0.4217858534281714 0.0 2.2455278601574076 12.88656327397031 25.056855826020126 0.3655842765000441 7.908759005961764 6.869700161438554 1.4936269707184027 0.2121439561328135
2008-02-20 0.5734021435630492 0.5344192032009378 1.4641622164063106 3.6271301931380986 0.7324220062848558 25.644551230975328 3.678899297236958 1.4885658475786139 16.213568598060874 2.0512988826822776 1.9830516153194875
2008-02-21 3.193967205472571 0.06942671931286123 5.532890766437962 1.0695341529298201 1.0820190314050628 3.079572057885799 27.511435140476863 0.9896861325101646 2.0492997006120097 6.6477185960866425 1.6819283026021237
2008-02-22 7.162758179269075 0.3225357776953324 7.069205559563218 2.344460759957662 0.18358419606725385 0.31355818398999147 9.790073373369204 0.9806523778896905 1.9695393310561755 0.3470907275827402 0.8662165710680291
2008-02-23 1.3060073737339497 0.8995209590139601 0.6497911547685082 7.357672895997489 0.0 7.068803859738993 24.682833463635376 0.02290235335103172 3.93975203229076 1.3559397128323856 0.4445628588274292
2008-02-24 2.588809747085367 0.6677892606267543 5.518818190305903 0.9301522988979636 1.4624748664002079 12.508850080240503 7.285654161749068 1.9931989685671196 1.5859080324212096 6.253350983972647 0.7265302335513224
2008-02-25 5.487147633772256 1.5461933741522784 14.371978873202977 0.5466895191592629 8.3916515427754 5.6127628919558115 4.287006948217582 2.806417179347815 1.9007429020044428 2.1877033421511145 4.012922096451509
2008-02-26 5.860536135746912 2.260660960584504 11.849924929495758 0.9619148039838186 2.8021781937230683 7.781111417297099 0.6718066338850559 2.306342272520169 0.20094853775088933 1.320991010117104 2.147077170333098
2008-02-27 4.439804321725472 10.103805786177613 10.199129423346085 5.976645767253668 3.9631218339403453 20.22815143979001 0.15253866877807645 3.5872894861337703 0.6158440853509336 2.884830152435895 1.6077164393409866
2008-02-28 4.930852157375905 27.162439771502974 14.092210497824713 8.38521943982767 1.6674274764531243 2.2608813671978263 1.5367731838505234 24.459532832013643 1.0758645884333182 9.711167001773251 2.230417831692404
2008-02-29 9.374003704520188 4.053281948539864 6.41088949706727 2.1164288134192133 1.3629644194263253 2.3076857885394357 3.8413822435707123 5.77160954396517 2.5446976766519844 7.894793960165549 0.8498834481708709
2008-03-01 5.159154827158913 2.2127041416776208 4.397362208570545 2.6681998405854417 2.943953802141608 7.557639202162777 1.1269505604236878 1.838446804939983 11.259280633860438 7.8323514469099225 4.693258415028515
2008-03-02 3.101330153049102 4.538093857419961 8.960465969958712 5.824054066138504 8.078800424924628 10.441414285264141 1.03089224011977 15.214318158967417 14.601321917078135 5.015955413164544 11.48503329994017
2008-03-03 12.398411527121826 6.647623603605706 3.3018556649549073 5.357117117246958 3.5339756664251003 14.290701836178293 0.9988244880047497 10.059046695851634 14.336126212543189 6.822446105594464 7.279358752876641
2008-03-04 17.24856281294227 19.257796851469656 9.961984855151442 10.652295853573111 8.553802199709452 8.34411899031491 2.4242614954512893 4.0022494076666435 6.506473052481347 10.798601767904206 10.041870426543614
2008-03-05 18.939182022738862 2.0292522390563503 1.5625835881774384 0.8874248193536376 28.441955372343806 8.60550367606815 11.030602079965405 4.4744540222820355 3.632500820926656 18.262228437542248 16.979667887881256
2008-03-06 14.781351510380698 7.127014416086611 1.154234515744565 12.291730593852488 12.216149931020048 20.645280952209475 7.00538026403989 5.462841981568682 14.420598345640425 20.9141831293463 15.24761494846345
2008-03-07 16.209647943379473 27.02371276757157 3.8482247411928276 4.269073921479442 11.552159440816933 9.520165152989843 7.343989217261093 5.926633585471527 15.86848975714585 25.872769181957423 13.917461998381157
2008-03-08 10.17549818531948 9.091770138629878 8.647266676438212 23.842988358907622 16.649794439529348 13.167703560309953 21.997476409473414 4.503633909020303 22.503448019598643 14.793380017227953 4.474958910873106
2008-03-09 14.633606128490257 10.891662519698656 8.321171010467367 3.090237197230474 12.365471550345061 10.760485962714142 16.710305570635924 15.062566464250233 11.97343127183686 6.23972568382735 17.178554165689366
2008-03-10 5.971947389599226 21.862723315216154 7.804492336364731 4.138285208349412 23.150225821365147 2.2737003919917567 6.696062247417394 10.785485054525328 6.277875926266264 21.876510106313248 6.512478294471739
2008-03-11 12.945597471087522 9.423506884937753 8.157304037044305 2.559807520762594 8.367959910323874 0.5153689764519405 7.030420752500891 3.218453580451781 3.648981227495045 4.879907333784162 4.4738972666106775
2008-03-12 3.9832831042921106 10.666265220186592 38.1312634315547 4.032502392845894 8.755047578161927 0.4110525399555644 11.317176737160672 0.8337216804363742 1.1297739441008594 4.3370480412197665 4.722293238837707
2008-03-13 10.664389855440987 1.4260830289835793 9.080054604366001 7.76727481185484 6.983177062631451 1.2953967271003313 2.6321145223361455 1.0931331806299673 2.5799442723921864 2.734550729393767 1.3175801688032982
2008-03-14 5.563520045930559 6.8429677940326865 6.20860348676193 12.66497012181729 1.1507275556795316 3.660267770409609 7.120211003726844 0.5968506138123129 7.6265666763081175 5.342536385791943 2.596176983707741
2008-03-15 5.273999557343455 5.021162523942035 11.071590181177722 4.37229314221731 5.571269491929693 4.772022606150741 2.151023291196667 5.2608179800336075 21.052035808524312 14.031592940550723 1.4646548227349379
2008-03-16 8.228154496768212 4.329579102432513 17.266035999704357 16.732199217371807 8.739313808531914 4.753628271569035 0.27278377191360603 5.078595726860573 22.400356593086368 14.477466609656622 0.964721112478259
2008-03-17 7.3851406381614275 2.9856665009083407 12.791097052085336 15.894935512701931 8.444351955112968 5.796316953427252 0.4727207316992773 18.128562733949376 9.334793162104093 21.136939521468342 1.029440567463292
2008-03-18 8.575278873138263 9.916995464551237 9.602769356136218 6.7964749729943765 12.835960525204442 16.27320785559912 2.707466305087273 11.417654045694015 9.477939724340533 12.10134711592207 2.250900122357697
2008-03-19 15.928764848572092 5.293451543023688 19.44958302918601 6.361777070988962 21.085533798383906 6.727948606441956 1.39764313341125 10.67474423424398 3.3120610945097138 14.536313214782314 8.69822890300646
2008-03-20 23.57732838284872 1.8271801924524083 8.226272550741827 8.047885624783625 8.729043848146054 12.349331647715413 1.637136523143235 15.034311789607163 17.89099195745652 1.4097665648399407 10.64451490605656
2008-03-21 7.085233928388973 7.961756431136825 5.333720096592307 18.57850284467099 10.381610217664678 8.58836333470744 20.429534430279904 11.655264855074986 17.01649816462658 1.5009863462793889 16.753101893146134
2008-03-22 7.2264719964158886 11.022281030139856 2.3006160893714895 11.005492791500762 9.23487499058641 2.707704592585973 29.448202882867662 17.181063674501676 17.443962209025003 1.055910108892822 8.47291325407445
2008-03-23 1.2743870178781487 3.5356577622583454 9.252107483058165 23.51143210143135 10.296051233099755 12.830327553136913 7.066797628258707 20.441662391541144 10.826388987263591 0.8122210355223074 9.173666071631352
2008-03-24 2.5803524454380553 5.656728104878443 13.460620479658143 6.743609944274306 20.335341936433807 13.703400033131473 4.801304474397681 7.726510691550267 4.210803255909558 2.1072834355569894 11.671966667809095
