2008-01-25 4.427000386008466 4.12462706017645 4.38599039978999 5.740087880588243 8.87146145475812 10.873713983457764 1.5784371769456398 3.1790016957952885 8.727696997364475 11.742055107210504 2.3225290142360246
2008-01-26 4.832325150868903 15.293351645579033 1.0998296503009468 4.1499139354121395 3.2673743836683875 2.307389480393761 3.5546748618886745 0.7702219940571908 8.126066312755933 2.9205048359856134 5.703519682437147
2008-01-27 7.483029204721346 16.121415919085205 1.277562545204393 9.788209192229793 0.8772860104006787 1.9590667522934215 13.487332359595289 1.9724169958350193 4.9664507949055645 3.9114416898640987 19.72530208606577
2008-01-28 6.007005152560744 5.03236829559784 1.9430400971150092 1.5614493069575937 2.0748152218187164 6.835546620185774 9.648274316217067 1.7823540383982157 4.069523437250858 8.823603909521827 3.611109481720273
2008-01-29 1.6107141890127972 0.04425509230301752 6.661738043910833 0.6805556616657904 0.0 4.253834150433688 21.65278792930447 0.15334271020166412 0.32291880048569344 3.0404655733919106 7.140692859099747
2008-01-30 5.961012784756427 0.718231664634192 5.452667496397123 14.33977828379174 1.38270628420035 1.4923064083619013 7.23689602970618 0.37968876639850746 1.5974084407231073 4.054135400685314 3.5609033340318796
2008-01-31 10.556326436564456 1.1168222149222706 12.012513749256046 2.90321116994469 3.859696467520859 8.05076210475248 5.69962730774132 1.4231574656861221 11.957278697878714 10.62826193272193 11.813367770710979
2008-02-01 6.345333302088671 9.017012843471218 11.953551958243171 3.47734843541698 8.58917561156634 32.40193368571707 16.26845143241019 2.0564329976464286 28.76849437234032 4.669833612043311 24.162362589211952
2008-02-02 5.953429938314766 15.9924776584601 45.50118045317739 4.865752254492941 35.01181775553125 9.508666002491289 6.052371315790532 2.2124471762247135 25.802098099548676 18.590003513169528 14.019202678073526
2008-02-03 1.8874721987436738 2.2907725475651723 1.1093057064200678 2.7587144212889494 5.631020088408486 7.623091719033834 4.537328097624863 2.8409022699481183 7.601106364905551 15.98373366436591 2.5985858314182577
2008-02-04 3.331113510354075 3.2374821787664994 0.10804873486677236 0.0671799730196937 4.848644502823152 0.5966637115138802 3.188282177138545 0.04900006516007201 1.0488401005430716 4.723660966958028 0.33225379567175367
2008-02-05 0.7850833669059376 0.3759093364961007 0.04502737180029988 0.0 0.8092521234676566 0.4452541484331581 0.05132302614329165 0.2496290627891117 3.172299086557815 0.11476288473855135 0.01672574467310012
2008-02-06 0.17401583291731199 0.14658775537982482 0.25980634214709225 1.0854987990403855 0.6762242121126637 0.011651677445166538 2.344230975920751 0.5259077284141133 10.759033852335916 1.2097652145024878 1.1558745559522843
2008-02-07 0.08691104362046524 0.010290743381428701 0.9891499674798736 0.2320705428384476 0.21925151551537705 3.697567730330656 5.775034971507189 0.3750232839197212 2.4204672392149025 0.5432552252962823 0.4316019536107527
2008-02-08 1.1492677322388973 0.04346228238299324 3.2569230777468854 1.0418133192550298 0.020916841124730405 1.6080689485154904 0.5286891895103374 0.34320279272918003 0.2783712403411502 1.2202966783895128 0.9692971692074167
2008-02-09 2.0532442298044256 5.022426581421024 1.0822236559175327 4.765961104307195 0.0 1.328420757042779 1.7552957088990897 0.7711184310206094 0.8357490958349114 1.0461221004300663 3.1344037019773725
2008-02-10 0.20869762118832783 5.41983273246881 1.8096857940319016 2.589071786921877 1.0551541232986512 1.273563719280797 0.278873494026771 0.598369254305741 3.52970880943261 13.508413888663515 16.715735114040665
2008-02-11 0.5817752271111821 9.213121233894618 12.219069393744173 1.0213807319181847 0.8439567055250893 12.802788339889867 0.2217169167300768 2.356268721351592 11.099544300482382 6.354538283483256 1.7340948551736584
2008-02-12 0.743780296900543 0.05123845341968852 20.590073046490975 0.888101112991057 0.6354394332133498 5.422614262937475 3.724006887055074 7.659741821301572 1.7053227956557717 5.99310110215642 2.834943193587493
2008-02-13 3.388721892379421 0.4808555982404953 23.20471604545027 0.9351393361512365 16.836940841773632 3.104357919862494 3.214074525618132 1.77350504090414 4.122941254941159 0.428335105423997 4.359264947953367
2008-02-14 1.075989888242822 0.5353453700465942 1.8242692000266492 1.0649682583907454 5.369033004569247 8.629008832907784 1.8285333589636872 2.549218588770878 10.816522383306136 0.8978274433976927 7.165595798772146
2008-02-15 1.0306993564019193 3.0298972912792843 1.271288353342512 1.727452785629151 5.08241485538068 6.222860732471901 2.503207905180753 13.073194376692456 12.566451313126713 1.0970852083330636 9.303064902415457
2008-02-16 1.9715763180380896 8.040213528400024 1.5370400885748583 10.229803041211197 8.190361331835902 6.890549964485736 0.8753653048316428 13.81086006052497 4.880663468854695 2.290666254061056 12.816947789530658
2008-02-17 2.6528632938886925 1.2784501368574486 3.211929054797381 14.179225071693642 15.275650259824905 17.164611067939976 0.5681152536323739 22.54525537451483 9.171249275939552 1.2783953122964316 19.680489690469322
2008-02-18 1.3120500882044421 2.0625818597637005 9.793547801937823 4.046846261319008 0.9369700619099555 10.157516598501662 0.17486824058450312 0.16493151673675388 1.1035457790532897 0.6001335147484923 6.9507620683579265
2008-02-19 3.8832468802401516 1.2748190439997014 2.165933737281432 6.694598197186927 0.32336689202586755 0.9186321957244062 1.6482512698323317 1.1547915822136519 3.992005347373939 0.279644974874508 1.165460157218238
2008-02-20 0.26229186662598536 1.557299039969443 4.479261781024391 3.695964761643692 0.17626931095791976 2.7968233962014875 4.986801791513606 5.783186137939953 0.7482870583211403 5.5270966903743615 0.03508704679422689
2008-02-21 0.9804954047192619 0.20707771276431042 5.128938348428786 1.4953708799928132 0.7745123485122959 5.32820134726953 4.792398150478441 3.4803316330110357 5.114236185541456 6.12792085854628 0.21354058467146306
2008-02-22 1.7369481725967246 0.17108752334334326 12.101598635858547 0.3034343034928142 0.3393669478782103 3.53125705812313 5.991222173059643 0.7869225572766783 2.515406045364076 4.252247684310191 3.6338422063681852
2008-02-23 8.432846783535915 10.103034644901815 9.715980039891221 2.5806959685961295 1.2631954107799288 2.039768259185692 1.0132305339190069 1.9638212568261737 2.9964404567801104 4.755424893718741 7.231657537058263
2008-02-24 10.521365904162362 8.058037224832177 7.597087933675578 2.0681249190915283 7.789441683955123 6.239314562782286 3.3215599731533705 3.6952672398531683 1.8578209838237199 8.269317059116778 4.876487014205346
2008-02-25 17.033879672639955 8.957323694446673 4.865308164823 2.3714781392933006 18.13332098134063 3.0430467042735008 2.0134634611921354 17.665748781770258 1.6135537599426732 11.684987769713947 7.09518285965026
2008-02-26 3.2494236323322596 8.933705106677074 19.258889395377373 14.193263177619716 4.876550617463998 2.2981299043061605 1.8221227347453333 5.913766064711877 5.585141305364526 12.235455588976132 1.8795982173329557
2008-02-27 3.4659245768737788 1.7375493242969622 1.9366932040203608 3.112537629707664 1.0421056448685704 1.3112920198653049 1.2394248945590616 2.645214867694861 6.020129121559697 4.933762404024586 8.894090671770371
2008-02-28 2.7832093456668954 3.71064601202365 2.618124456562299 6.269791980737017 2.4912394722104794 1.2660380915234333 5.5174912846119035 10.964644209112798 2.1664552335635383 6.861273209947942 15.087936911826164
2008-02-29 3.485069317180841 9.831090020384174 1.934730873308628 19.156959608808364 1.4613453402188223 0.9986641579554496 4.036999014015346 7.76712630913071 0.8773314934458044 17.04850626334993 11.889189451890548
2008-03-01 5.044717620253297 7.697182401006758 0.6409937734438167 3.767285674371662 0.7307567776009427 5.498574103437917 7.04811375626268 15.133185354634449 2.0297701374950075 3.824356950935299 12.119303768857872
2008-03-02 2.019797317261391 12.012071362014748 0.09175787153219755 8.942187788654262 1.022302324692653 5.330435467783431 9.008707108432775 10.669928795800363 3.6666584671293156 3.756926108679264 2.51665603531718
2008-03-03 2.7402454473906044 12.334879573278707 0.3400753857498368 8.032936422528657 2.993089818857529 12.134407774795216 2.9938080260973017 7.904837920891397 7.61340220595687 27.269260189621733 10.346771283197615
2008-03-04 0.34368935372160725 1.1489317956309026 0.437306975758907 3.287191467181751 5.323301302153981 2.3706909594229613 5.80547897504912 0.27998393904255187 7.755524608575733 14.96449227716427 11.766168771492282
2008-03-05 0.43753795007358876 0.4608103297359394 0.7769642255549701 1.3236655878149943 11.324170798102625 3.950100389446776 2.539657939923243 0.18903490879881366 5.975113375361106 2.4449341801441853 8.980594624819219
2008-03-06 0.651115758207774 2.3291724034868766 0.21689734469181374 1.3865145017224942 3.252259181115045 2.021789358559064 4.67210708626555 0.47580660053691354 17.374523124769357 1.7781835499692025 8.876886496966275
2008-03-07 0.13906740666727566 6.681828607393008 1.8472893380383477 3.3624648393538235 11.952124503752772 3.7640993662380815 9.148125808043588 14.80740369581412 17.451771266946885 11.074634341022787 14.346454390624942
2008-03-08 0.1513043284765208 9.228902442076018 3.2252246464878374 4.903524201551212 23.383679991942195 6.120815078074863 2.033229868622896 26.35143039415261 10.987979649527091 9.075276087345275 7.794854495925614
2008-03-09 0.563944647207341 16.45382358094005 5.966719107810434 10.564655474470463 6.225015452572677 2.9364186162905264 5.971876607306863 16.287495097808858 8.70822598981875 2.525964616902505 25.99979340717116
2008-03-10 0.660870516739017 15.947999043129531 7.742329627714975 3.1599213261892958 11.84581308303622 0.38781249672733586 4.578998011909281 9.862301078728617 13.91312606561408 3.134358364797184 5.134810086257426
