2008-01-18 1.325803335682486 2.529397766172359 10.027764383630846 2.4320996570855677 2.7595146723715827 3.363343576417793 3.281950533769976 1.2785242979861335 2.8148490497841943 1.7375023874194204 1.7339245584468315
2008-01-19 5.550950728515717 24.03050857967101 7.256012304856677 20.709806247003698 4.041652059240544 1.7349139601065118 3.7519763452888713 0.5552444779477577 2.514461905855437 1.6270402418794725 7.09000589747985
2008-01-20 4.959443908199397 4.663209521016306 4.365010650689811 10.189918981104057 3.5629775129768326 3.488991166030403 2.5395156884565604 2.942052915867855 3.0872606961340794 1.5469550951734778 6.392684171059516
2008-01-21 1.3771953823652328 1.95449215296426 6.87003606360857 2.722971821853638 0.9330238488744093 4.899102221625697 0.949756928409581 0.4316786797691097 1.9758416455373546 0.3214541449081568 3.3831349701280833
2008-01-22 6.899343907094242 7.650932737008309 11.75341052256053 10.315496051293895 3.8778289864057376 5.84692484879777 5.303106591852266 8.088961829035362 6.034925057229865 10.632298536428905 1.737762340571967
2008-01-23 6.507547145113869 6.795201334235897 3.0560504236401993 6.922356792963989 1.7106323985610243 6.711631902910227 8.225617005707539 17.66510852744983 2.976425870957219 1.1292763841704836 9.661951299852277
2008-01-24 3.980567337962157 12.180814755069363 1.1228518950916846 9.745397135618127 4.13897451871822 13.911661969182259 7.206913016724986 17.823713552090695 7.523992112980931 3.403178782170346 10.379864709637943
2008-01-25 2.191516720064145 1.0830395469860512 0.6537918201417907 5.423975626427381 6.482039621042574 7.81751692100016 1.4215907847444855 2.391055981343242 0.6303583589521371 8.205120094856682 11.329280115792768
2008-01-26 2.7554706470646386 0.8606155261513337 0.8540420508870905 3.864102898305485 15.52236810564574 5.064776918201977 0.8986775871703268 3.7460225182933495 3.663056104847856 11.52775424845208 6.037162771797255
2008-01-27 3.6467210229466627 2.4160534633724895 0.4443361486813352 3.1721021139657952 5.837092074910032 1.3322647694297465 2.3805482235342685 2.4732817103784295 0.26910178025698506 17.94492010493238 0.21425300735379316
2008-01-28 5.4695714729436755 6.307018882286497 1.5180331905601219 3.504606783349388 4.0820113357388585 0.8570690859468666 7.7670428889390655 4.7376404144841615 6.8458511346696955 2.6941691352360566 4.407046415790292
2008-01-29 8.523184708096938 9.015851961941188 2.56170851895134 6.6783607315885005 0.23373429697206044 6.517505452949703 11.95423918096956 0.6799515500446454 1.0494460396558334 1.8275781803451774 5.185469668015051
2008-01-30 2.2171654908052565 1.6496178420604481 8.922555994777824 1.442043945886092 2.5812238441097595 6.790496827940274 4.207463336280479 3.34243980638491 19.980172111332298 13.813275404342196 12.074293735361724
2008-01-31 7.783354858410184 3.136121135797315 6.860422840763913 4.936906517526678 7.763467118711494 1.175195495391201 3.2180858553238503 2.9812687614953313 6.03461603743152 21.856750731624032 17.046070059679025
2008-02-01 3.7255027035041843 5.222418252271703 17.245889877378897 0.5769496296816737 8.787544247711494 0.9218378244667909 13.175202197943616 5.920354201917521 7.767239589867369 10.512250588163779 6.479268459333017
2008-02-02 7.534209330674437 0.12098780096326253 13.74612945053832 0.2449199724742498 2.4965455966179615 4.736388528398729 11.079779046982747 13.942661151248512 14.287418218761161 17.93693943221958 2.654247005236485
2008-02-03 2.16512779093458 3.5382759075403936 21.80518070176657 11.381322589742293 13.10994490719694 8.607138353060954 8.372502647569453 7.533736085630104 10.829213902379609 10.484008725537496 0.04582560589411497
2008-02-04 5.366603901873953 0.3546144791691815 6.198711914178137 7.445692360279306 14.887046805934377 26.125527248040726 8.354020513641714 8.417136783323329 6.305576454298557 13.11611663318413 0.21310348856130137
2008-02-05 1.7323879429303504 0.7418819052459734 19.276691837294955 5.397483126285257 4.12707931028819 2.5844872131618777 6.883421331422943 7.583897063168953 7.18125876102042 2.2962674787529544 1.4303261619383896
2008-02-06 0.9858476239805207 0.22826628496925777 2.8043796766263296 3.939581939274068 0.5684190699547673 1.1260934191573662 2.559554184360212 1.7418692699194631 8.874995191443233 11.559068440360127 3.563579644319468
2008-02-07 1.4358439269715617 0.5164886748659533 2.8846104175140552 5.71592801244976 2.492507425840039 3.876230263728215 0.9769704241110151 0.23421757167708124 17.454888133352206 3.489233923282282 3.4941935963858386
2008-02-08 2.5676876108162996 1.817714052976711 3.610958076497408 7.872185911870462 5.313659911821603 10.339461244867186 5.191032523742367 0.6827192544046565 3.310834162387354 0.2750370208437584 4.52895548055627
2008-02-09 8.412240896312536 2.569221628273261 7.07048768831021 4.0235316050621215 13.274525970094182 1.6620826206685257 4.098605990331719 2.612784384340789 0.1786951460541827 1.1545399239787 20.34949013683992
2008-02-10 11.509071644828314 1.4619584250398927 2.780465825024449 1.036855984045333 3.1500272517558843 5.964693939502343 1.4828343966160644 2.4708205013592934 1.160918852053888 0.5974950963145964 4.451358297972408
2008-02-11 5.298709205334299 2.2725390279017312 5.463155999524274 4.974527773470188 2.812708202537809 7.707744552639932 2.437080530384769 10.574378379507554 8.665609687173053 2.181389497470083 2.3599612585348835
2008-02-12 4.119834064778148 0.6869800005021875 24.697325553118866 9.679916438769844 11.519708521470964 3.1480011456877137 0.8766800442898153 27.489505159405695 15.714773596802882 25.091369285511952 12.511608916788136
2008-02-13 2.3811975689446 0.9191796349711703 20.62042319725054 2.5158622674794167 4.164487673817615 15.58404065355952 1.953406378519466 9.797895319865969 2.2303617682636947 20.050991361439994 4.360745306915815
2008-02-14 2.0601965167994774 1.2856445367754386 4.515155167242822 2.6730645024894892 17.049179988952318 11.653598158662113 0.9678866100101957 22.864609894416777 0.5584468284065096 13.833697965754348 5.172542507694442
2008-02-15 7.415445831938626 0.6432992904012246 5.488458006407448 1.5270844719650403 9.789681386338732 14.913259318771455 0.5614893506018555 17.323140634485853 5.354484904358221 8.449761113070863 3.887597396737755
2008-02-16 2.6888947007915807 0.8082378993587266 12.07605622450151 2.332599757551646 0.8446711638781825 12.163486956459911 1.281555981238545 3.739528445049619 14.570895802399866 3.453479172763784 9.020253582917233
2008-02-17 2.301967360932435 2.924166895035723 19.44767045161474 4.284007943582293 7.084253734099795 8.096184347096601 1.553287327585118 7.874355004619352 8.352082431236912 15.518155682904702 9.995973179574314
2008-02-18 7.212550548784308 7.113650147377292 6.597739192183416 1.548711797185685 1.2701561475435765 2.70703938593815 19.9238639160206 1.3718956871852965 0.42786524859302955 17.753253455308542 1.2491163161371635
2008-02-19 9.58665331051783 0.6378547306950375 18.702538457864215 2.6022528489217014 0.10146175231256951 3.759355491603206 8.858775568595961 4.29545754220457 8.390292905959637 17.683359393767425 3.4534435478879146
2008-02-20 12.888607790490164 0.6146477964261947 2.1020836919542556 0.5316512633490345 10.970016136829171 1.57040508283843 8.101993018559146 5.870859530608661 11.527077083727768 13.049132716066214 1.8615873789565902
2008-02-21 6.102516091638243 0.5590443538821965 1.8703785562002406 1.204805631129587 3.105811894659554 0.7224068339745475 9.152813975371899 2.1274349186542185 12.440779179089777 8.905913652848472 6.2548161196089005
2008-02-22 6.700948888573425 0.9023120417017003 4.548663035605531 3.6022112613034434 10.632694364568188 11.236791117281776 5.339068829396789 5.052546240688164 4.891435274795979 0.4970426072983567 9.430848337387346
2008-02-23 3.381281655192182 2.7805961532239216 1.3714597913634996 1.2164033929961096 5.730044828166315 11.043997438428264 4.831042572624994 18.797878633247862 0.9829745847026141 5.794075550766587 11.504058893004299
2008-02-24 3.305983463702603 4.551441827555072 1.9575317890528041 2.42342756998343 3.221396634791069 11.022588781503595 5.2281768946268095 11.680592899074291 0.1478652055819864 0.5860534282715806 7.434531092138969
2008-02-25 0.8748639644440902 7.887027830194842 4.121966100792357 7.975088883219145 5.301758119569965 23.854206594873638 11.443166283217082 13.957425896592902 1.3969927959044233 1.9383403794334455 0.9827039875010897
2008-02-26 1.6756024615124594 2.9857519240222974 1.2303703411094915 0.006301524208588446 2.6782251778620765 19.204963576062006 1.57589858469918 8.753431046474246 2.4749653253617723 6.618960603273861 0.38265803613302013
2008-02-27 0.30540147330478434 1.6716713503290106 1.2402882450179165 0.36699184112269334 5.945749953774705 4.578442224640017 1.2496552947256312 9.320957141517692 0.7746484455441964 3.1238332730853506 0.4880539718609974
2008-02-28 0.5581157827089456 1.8091022474506648 4.169390299055904 0.767936067141416 1.541655180598792 1.329126055021402 1.579880016374603 8.198287522818475 3.692572758092549 7.7150517835857 1.317205214250094
2008-02-29 2.078912606683495 0.33849039042130546 3.5168800839463916 1.1269682945199202 3.550448110525478 2.3245848357045764 1.6991820669740445 1.4686254742953373 1.0318118255494304 8.93210041399012 6.095414775253376
2008-03-01 4.509542399468169 0.05514894048797318 0.5435254815921409 3.3511730160365025 1.1912880594240511 0.2000998871491975 1.168152570386554 6.923419406336086 0.552642786550839 1.8947970028362073 9.979392673241158
2008-03-02 5.012019978980678 0.08431892715260668 6.978159165143142 4.949769371997255 2.245763773208826 1.0783678402494103 0.7915095915768027 2.9055633315138465 0.3856914643024417 7.993013005864608 0.4679820103710344
2008-03-03 9.490791077807494 0.12342119670154125 0.7777751055012323 0.014612148870822378 3.3782497925660313 6.81838160051292 0.8924723803301753 1.6391780885585625 0.07874098757932732 4.943516092217081 0.43336971679535835
