2008-03-08 11.826962898970987 31.185799579021804 17.99907652214021 14.182020885904393 8.998047394656911 29.907009984461943 14.445627848736478 13.993175821558609 19.7781248715654 15.741723808970285 18.738129836778015
2008-03-09 8.487211304742889 6.594550880563316 5.185808318219806 12.99973862805252 7.530266940920875 5.923579540461313 2.383570679727854 5.402436406489851 5.735903117584074 6.763777234046134 17.693830997383266
2008-03-10 14.201591735515144 5.815148920669719 11.484874910995547 14.803824025964914 8.1249570489508 19.245584006759152 11.070487572944877 4.898122074356909 18.846297570955706 14.606004356440263 19.3547759254609
2008-03-11 4.118462435671553 15.1599022519278 5.371855035851811 6.186588437638288 10.831958711484997 7.085900635628711 4.262278799942966 9.10625695577946 16.787415621624007 9.70182662598392 7.567589611122973
2008-03-12 4.381504416984075 7.775180767759624 2.699746963744226 0.2177435125093924 2.281344195266259 3.3436602068037833 5.590047703440093 0.8914940187704505 8.327833380826814 7.185601354378027 14.514847463640521
2008-03-13 1.953068240174997 2.167619254643014 15.227701769585007 2.5521407835972236 2.0504828100939982 3.000629108699389 5.092012754501236 4.689051455929054 7.085446966701538 4.261336491310238 6.497698351884569
2008-03-14 11.622554297610966 2.977078412946164 6.734561382560398 9.830718396353937 3.2012792906602705 10.418385297875579 7.063680973293742 3.6627978708446607 6.713628194835295 6.2041893593898045 14.11867527856193
2008-03-15 6.23650663686708 12.714927604777147 2.528150911438999 10.28022407269453 8.957935818804069 14.233459320540057 21.806486154251072 13.21226007850295 6.987948358432725 2.7810059837874617 2.003084467197989
2008-03-16 6.779133776480812 3.0020196689103043 1.6279214904628794 13.024539518004701 9.904199266400813 34.16408795531274 2.743227624086661 6.496006289810643 9.843584459501294 9.565112304088 3.1760585157659467
2008-03-17 5.174881831237389 9.784574242959309 0.6855563349307175 4.720464757531377 10.462677420841558 32.42340551736282 13.279521027018099 13.29172956059916 5.739643305187436 6.322940504263469 3.952458371419547
2008-03-18 6.678646413686654 8.740795590666735 5.943433772509644 2.127987126465238 2.5644102184451727 10.13960779568241 12.516776616662899 14.884481821346611 7.293643393549567 12.160514897627433 4.052428655487808
2008-03-19 10.293350310204653 7.336526504791588 8.681052193314727 4.242276337204688 4.290737594946174 8.807851112857797 5.1436623616857915 3.3897418685747436 17.182746473882567 6.072821058816215 9.240186616233448
2008-03-20 7.073301625455491 21.083684829674667 24.12580513587883 16.572281253794248 7.305621493473425 14.341236006923593 7.198680824944744 4.457381336412945 9.081846406878393 27.628611557029288 4.05937045097779
2008-03-21 12.236536654176849 5.066545163413728 8.060095853150923 9.477793337752745 5.800117459222738 18.430965148844052 13.61023030207077 7.20059042518619 4.261066045142945 16.011944100358356 1.1391662882838989
2008-03-22 11.977818498614841 2.120954460069666 3.4676899692821084 8.38165981646937 2.8254250947500963 5.37400978558319 15.192386812179656 16.716095845629248 10.965281282214665 4.324045047542228 11.008394986675528
2008-03-23 20.652483384875033 1.6178019349405754 10.507826014279125 28.670402075708974 16.969038233026332 0.20397336685211997 14.257739792103774 21.81459578174102 26.95980522552758 12.523391829032132 14.273490225686315
2008-03-24 10.878409059011936 7.565611606579575 16.744616761501838 7.358217933913017 11.247517660893468 11.44853626153375 14.073921791070479 9.699358836215774 5.581393094012659 5.481659142213848 13.309638761544194
2008-03-25 9.034294905069185 2.6707856249764226 24.533401314079473 17.644240234221733 3.462607637480201 16.87484422544727 10.392862159635534 3.2609448411976425 3.4062282302234124 0.998848392440817 18.640826616934735
2008-03-26 9.283865964580375 2.2652420781377343 6.139656061154039 13.197043290127873 5.725591992095863 3.6800372611310577 1.9061033614419203 12.030394051448807 7.086798067363098 8.734073412186195 14.563104514226612
2008-03-27 12.037801275915768 4.395335634847839 3.811912688942304 17.251673694610155 10.337755690773943 11.26483695693536 2.069786245790479 28.24629628645158 2.6546614900221224 9.113186567032397 24.445754129963518
2008-03-28 4.838022321481912 7.893428992882752 7.942488843018827 14.790052261002506 9.27128116641447 7.6866541891714775 8.686842578731003 10.47487454555215 9.09054462609165 24.24083129017919 22.694052159244116
2008-03-29 6.207257527718048 14.37787203498289 12.136385611901483 10.936724318639182 2.3957806087787508 18.954518840670694 15.631011690542127 6.27392471898105 5.811764213598906 4.474442962181278 9.017712616181385
2008-03-30 8.063922892223509 15.625599985568488 17.882796516267295 17.16384761031917 1.4439716968053857 14.640898239855462 21.505342695533294 14.816091705628445 10.270255276268445 3.029306933618514 9.117543164831602
2008-03-31 14.22922813101792 3.978135917857431 13.064759866353247 12.953137003029234 3.7497568504172607 11.821139375376122 24.91439479404619 7.166714451168546 2.8112065234636603 11.71477736880971 11.55791566075014
2008-04-01 13.974384462843872 8.04856521767893 5.242184741341776 11.732171115254419 2.4361521613242214 8.298093677294753 8.5990463868097 1.8914912866830693 5.520311851043965 8.036806970812822 16.21788641655095
2008-04-02 13.4927309785615 26.26583250865231 2.0702348580710908 24.573605968600663 10.591977126791 5.005211663123683 0.7118232601415775 6.9283490294895955 8.950323653257225 1.7916491470689482 20.3413154447816
2008-04-03 8.694127234212145 10.583639488729233 2.003438264011807 11.049428813569012 7.246113378539972 0.2969834381469665 1.4276443585628384 14.912593692207414 6.5143365465563665 8.037670317827308 18.252985366454908
2008-04-04 9.630087442731563 12.648244820695377 4.744573924673882 5.821802345359989 23.349342642103462 1.9526795806227533 5.466470899946119 11.948760799977341 11.588937269503123 8.489849353343796 2.0658872202272365
2008-04-05 12.305621763005549 5.773093770275313 5.39676644494513 10.455156886574496 2.5071657875919353 1.3195287056709017 9.047858065562037 13.498207881409336 3.5204296948235734 14.045375835499392 6.430113384047732
2008-04-06 9.075578570718726 10.511587374140628 12.742505599679475 4.531154171957178 3.3504160564994323 1.7321250239792862 9.25537685844487 12.399343882059584 0.882632319810067 4.682794700561972 3.290956661441271
2008-04-07 6.465803248810031 17.208394691927705 6.13358150973927 2.928059707599511 10.893647141310062 6.265085469081722 4.823096839181595 16.81472686699074 0.8058813999885742 9.361370117837506 11.039925998676708
2008-04-08 7.8361476603444284 11.118408748304399 6.901144497715236 2.485867491966918 12.60625168104372 10.85821593311169 8.435204864305488 13.631881347590173 0.29012889787235785 9.24134581617161 16.678101630881883
2008-04-09 7.074545386076366 11.62112859650092 8.415341107757609 1.6970647041714604 15.0013690942001 16.53443089026385 21.08049930017127 13.660321802595945 6.0472256673014115 3.8659966390770952 33.774061684859376
2008-04-10 8.469542135871645 1.235033605172902 14.471310250546814 3.5480066186560384 12.872798038174416 9.814132478419848 12.186264221624242 15.636046416774583 16.69278455074966 3.96757576933923 8.888177043137418
2008-04-11 5.895789654931238 0.20165868643262097 20.58654868735933 6.380354370430635 9.245537398911688 10.961334491070927 13.754806106873904 8.337811724247079 5.2301384224039476 1.5626648117219921 1.1581618545243804
2008-04-12 5.095384970264863 0.0 10.931927641925078 1.2107580694968783 6.031769994154305 3.5112270635649807 19.75474103557525 21.73363076608455 2.7140791912786266 15.546914125094617 0.9843963291123761
2008-04-13 4.947859673654689 1.9484685215749349 3.4113317156295277 0.6625875055377402 7.061631488579566 0.41222819236398456 7.556069184013917 9.640427041691538 1.1964037120464366 22.295735970288916 3.6397001987352073
2008-04-14 3.2848855190313495 3.5306702058702144 13.908350536857657 1.525292521320151 10.307492713614305 0.9509887717475143 9.709217670328462 2.4555819944511392 0.8554734194184428 19.224769740184495 19.460592955596002
2008-04-15 1.7854060730400365 3.514774429058748 0.14574362803512614 1.4352946664047668 6.8821896022650595 0.8778989198029765 13.878407699328463 0.6552336888567315 0.0210882176855856 15.046177975376803 2.462836842969944
2008-04-16 2.37724878466507 2.972732027668364 0.78920341603615 0.4549213905727278 3.1772051312434155 2.3926730945820585 11.9431658629642 1.1394739216127032 0.8838462140957863 8.741187953586016 4.028402356661402
2008-04-17 5.589023133626999 1.904520428325014 11.371193267902436 4.728042790796595 2.0227826908311726 7.792236579348964 4.255384173802981 5.306690717560538 16.316162651933414 8.490003642007066 1.426451501930249
2008-04-18 5.519674770323127 11.545321864724098 8.601337952053584 3.798612000730759 0.9268120550932653 15.181089514019288 10.093630933202002 1.471429917345241 7.908919575134077 4.513989251189224 0.6915171625420499
2008-04-19 10.78750629102077 24.762155529958413 2.358705737173524 0.6998974504374211 0.15482451929860208 2.5818656255757224 6.609621132385211 6.860539363525585 9.935854269475383 5.032724784817963 1.2287333423301656
2008-04-20 9.557747004341714 12.328959958708314 1.1760596267640042 3.2442093519522484 10.300352835141677 1.286026384342429 8.33983499530718 7.583084153666193 3.7852738768273406 12.133255578943675 4.3249668749502845
2008-04-21 6.287427707914258 10.979393706453742 3.0678722463935717 1.1006317856582244 7.767893766037888 0.6271959739327495 16.75508263383218 4.81053586248784 8.048394800639684 11.951252628162464 32.43410875301129
2008-04-22 8.401787819799715 14.214681495227522 4.9012118600093935 3.2368376948628717 17.148927938151978 0.3484481018210549 5.063254476731894 17.53652805811436 16.292037167176872 2.1940272949618445 15.834686511986778
