2008-03-01 13.765129240647799 9.45212739642793 10.036648575310208 1.7520939189963824 22.448711769161697 16.50888853131525 6.515738600627909 18.538734901442645 13.557626723376309 13.360707482913842 5.778172242655427
2008-03-02 2.6530012647607015 0.21343336003419922 8.182178633686398 8.53613894514028 7.125564270804093 1.200227925113381 7.805338772375887 5.098831328988879 1.0961210725210597 0.6423020111973107 2.6797496696505867
2008-03-03 0.23366141749407557 0.7656533797431532 2.030153538836201 0.5449806039052654 0.13392494934464358 0.9800571017090782 1.0261674085648953 1.6616415930193391 0.5634216801677556 0.9290721361272932 0.7970808912785918
2008-03-04 1.3058338719468607 3.479629974236091 15.879106600430237 3.0686555563051865 9.296472159680562 5.030432000548703 3.418092749486833 13.9271291931594 19.56660333418119 1.1622795051684598 4.955613943977079
2008-03-05 4.775690656188656 2.1563383493548702 17.999300268766287 6.950585755940531 12.236686288546286 6.129259863438925 7.6723419762863525 15.25652205292353 5.364329418780146 4.951055334512845 8.535885903164436
2008-03-06 4.067133755510214 0.46045058153586305 4.606046814731753 1.9757542978924332 6.823028530287608 7.47405318948836 3.9020308951843212 4.158437230792188 3.4601486259518714 1.9192856244606986 3.5198268032656648
2008-03-07 10.027111665802671 10.293720111929513 7.695077668752468 7.626616306729861 10.850259355681608 7.9816565999469455 15.71932219555458 10.544856915208225 5.741487068461089 14.719002973234346 21.74083790121937
2008-03-08 8.31497329722544 5.344531666025604 17.280774523180042 2.6654965223489637 6.292439229981682 16.835856219116366 6.757937906785897 4.888117458720514 4.265675432217499 7.205908210822787 7.579805558625498
2008-03-09 4.021213102016631 3.639122414369025 16.967544051729263 10.601930431530867 0.7832091266633188 8.925202576523958 11.592441124852414 4.504470201596067 4.901888598480129 14.232357288005172 4.95779783893458
2008-03-10 12.566419887145818 15.723035459435014 6.636103372521576 6.897879999765096 4.387034204825138 11.355570070713526 5.17527319349828 2.048886932059643 7.929043717764637 14.515469899467895 10.996899010486679
2008-03-11 5.26525025704145 11.523518602198656 6.238699826043563 3.669056741354102 3.7811980826577973 8.781802010582695 11.24606624740513 10.033415493410939 18.715082842620824 0.9873505611488562 17.017606091362197
2008-03-12 12.062764384931189 1.4018475341478718 0.7801043542754938 5.004420241595621 4.937689538276105 3.2318845635580526 4.009596095612258 3.0913484094886416 3.326011760685015 2.2067818582005905 1.269886367124161
2008-03-13 2.3211603000129424 2.467429787181764 4.867189335218834 8.765845222379408 6.141257611850181 2.546520713742038 2.2391901110726535 1.2861583214419803 2.90515390664026 4.353572720094801 2.3060580040438383
2008-03-14 3.3853443138466677 0.9026642521520616 7.633865324713273 5.1288899787026265 6.728377282518652 1.605186215612738 1.8036391347272356 6.453952440844251 1.9441540872004843 0.44755384238587537 1.1183584322206028
2008-03-15 5.822391625301387 6.852810138834888 5.374391925044902 7.83263781547661 8.000087579662372 5.24767614886248 3.0652337374432097 15.732819338839931 1.0802597852077713 6.952978259099336 9.717114774904456
2008-03-16 9.505985976406855 3.8298286222714593 2.464169783683505 0.3724242868364992 8.22288669568233 10.923234806018442 5.606157168260091 17.863999747245757 0.0 10.327399396339835 4.534328931220337
2008-03-17 5.160030048179468 14.500215136539165 4.596028381747109 3.2491243937941907 12.44413046776467 8.345110201241939 9.617966378920892 1.3250969874834948 3.78534567514696 1.5690053892801874 2.794458163449618
2008-03-18 11.954821387519583 43.6634501985005 32.82074210676902 8.052478292084228 1.5322139967539083 10.4799408050714 6.071880774258002 4.870620469010653 5.81579750593101 2.7668513270310697 7.648234529164908
2008-03-19 10.540995646045907 3.447531083667571 2.7813348576385533 7.131866217772805 2.4277936002134703 3.5159904537423077 5.304013767036187 8.558046987021676 1.7635200112723153 7.18682094808116 26.781422574518587
2008-03-20 14.783614591301173 3.23283578631489 2.246697680995159 4.76968599317431 2.944194551925288 10.26337959741579 2.4080323364264515 6.77083509272383 15.704606118974358 2.855523166692662 9.023866164518854
2008-03-21 10.038189401035895 3.2213163288118793 4.704468947067798 1.6060435167791227 12.051024421039296 11.71338058132951 1.1157521221751239 1.3441468902625795 15.498728678677487 6.799736474267998 4.401690982047549
2008-03-22 8.768591572306988 14.005337984581844 7.348131573259574 0.9336618028694103 16.806570196304516 19.905136383895364 3.7441501020639327 2.5487727649465803 13.834682103324873 7.21496340367976 2.6981670030251292
2008-03-23 6.997137102581131 7.456542179018944 10.557181002459753 0.1851551085052679 2.51079823924214 3.3300442309949236 17.327248361515096 6.076165947319701 13.690491507360484 27.7163266978609 1.6849732025217983
2008-03-24 4.27447254471635 6.760490061559432 5.898273160029005 0.4909265289143022 4.677374500316731 7.86040742949193 8.78736669325199 13.424855605648073 1.4441165798771078 1.818898719408015 4.043840560674264
2008-03-25 10.013563493403808 3.4451536213802485 15.660182289128132 3.5388628764989623 9.018579031561979 4.39067604983677 2.5156451400515376 16.77278895580962 1.1913933165938206 0.9259273961792102 3.600791393658548
2008-03-26 7.388749020124937 4.24794085040145 12.99373255819787 14.201281153621526 17.650606097602218 22.230952724772255 1.5937100246464433 6.181949438440881 7.9666332759649885 5.080375180915775 1.5066292138370743
2008-03-27 19.669226864573172 2.538578973878435 11.151433225668832 1.9739092532608744 8.18572050276981 28.006956065492417 0.42346882898420074 4.622652066681274 11.133624475885426 5.096657392824243 2.6964370750988094
2008-03-28 21.365402053603358 1.5356941398095454 3.8113367524806874 1.7842352218137272 5.112398928005771 30.61428853425636 0.40805386599197746 4.594406504334668 14.818547908698786 1.6093987373765404 16.291978759819717
2008-03-29 13.08469263947516 3.6889119498015854 1.9039157253477852 1.970107002729132 12.349834116694893 21.112170599156862 1.1118236768536969 10.27080736843822 21.737746742224953 2.4955372440228927 11.576726576889378
2008-03-30 8.868841313474068 33.167135754520814 1.8996212803183932 2.6362422553545173 23.61285008514661 22.25658952245693 1.4936868510932448 9.611691942707074 5.4131942060856435 11.195037564914383 3.58931239506651
2008-03-31 11.17716367847136 6.559833857889051 2.1496326233574843 5.187677006978172 7.519747047077211 6.1545510073347645 0.29456356528397437 11.493584083455033 5.739131777622282 15.165424198290005 8.44358914032776
2008-04-01 3.4647743163947076 17.594091511622896 5.336684598995262 12.318824321863321 3.7610484616774507 6.2530622987359035 5.682713077340191 5.149250371258029 32.46729481044731 8.770494087058655 23.724617936011303
2008-04-02 2.78449599874461 4.799082440261472 20.730059521500774 7.29403248295929 4.408339928808738 30.201365975613562 5.19179372054654 8.08521980697332 7.793729808730249 5.772485227286094 25.712926572577054
2008-04-03 11.519842685343672 11.74149280332038 5.006343611071431 6.711722335574309 5.828264606645533 3.5922307957700585 12.437911183979383 5.514094464915745 13.51146482478422 4.961025155376255 18.80463914820208
2008-04-04 19.370670252397268 25.863259134408228 3.157721261413977 8.496771162220753 7.50755836123163 8.822124915374335 13.68885064255685 5.75402688155367 13.613953200435368 3.3543642013058443 16.902732282880383
2008-04-05 10.323076617001693 24.123109911400284 3.927865918273196 22.190164995881098 6.4542559169231355 10.335213791143506 2.4700034602311733 7.353568549760742 18.887656410516417 1.6937220686780736 11.910074751970699
2008-04-06 4.372229969487371 11.239574798532786 1.9269992709473052 4.07113912831608 17.975794063772696 8.068961545278675 2.930276007195232 3.033069792078331 3.593170782583132 1.010998461600735 19.581539359783417
2008-04-07 5.895006180573247 8.673187439477996 7.773043599276048 8.672609330485361 7.916485666066162 11.247019568520884 4.517121693918123 1.7513399972425603 5.746610372462218 0.8383002201306331 30.50433669680917
2008-04-08 5.90638062351837 2.1073900908068444 3.1553671508720185 8.495771590746282 22.462877082186246 4.361185071898639 2.4592593526606925 4.689478842462776 15.496875161611278 3.9682467657675415 11.232467461238942
2008-04-09 5.174340434575173 5.9969984370743585 4.049796564798639 16.677807825383713 22.186693271078024 3.2642504249680107 3.9605458524579467 14.819318935105176 6.913282691312803 2.9848508882352327 18.345783896442505
2008-04-10 5.679174874636665 4.1025502754776975 2.5125064879633983 1.775090587499723 15.262729423599511 1.3740685054924608 2.403493829373612 23.656094502598904 7.815854308261155 0.8775612326248643 7.166404344061286
2008-04-11 6.79612625809008 6.817162320542112 13.621061117265565 1.7152828461089147 10.310529357394548 10.436214603732866 6.387453532883505 4.9802608125090195 3.6472335138984002 2.905509365113665 6.175791710080409
2008-04-12 3.626853761447933 12.270294176407091 29.843475621591665 1.119826878076946 3.906221344625091 22.089260507102153 6.9069509191260146 0.7142161446206167 5.467447247776365 8.460628443140733 2.3610502182155884
2008-04-13 5.929686334489871 12.762897160950455 10.30347852753521 1.484104869315311 1.6521532357736903 1.7811189073666986 22.08197561177546 1.204462213902037 15.2013914455997 4.104589239575186 8.018781067778267
2008-04-14 10.85127373836097 3.877475139018689 4.413322297693811 8.025541020391435 0.3800575915737774 1.115765380598517 4.190240786788951 0.07715561349125027 12.398661264890507 6.828506606402527 3.6526095416392836
2008-04-15 0.669545238896565 5.332763657727711 21.41157246641236 7.048331134659825 2.6769908359684798 1.0565017257495386 9.70520913327573 0.7996399585863969 11.787363275003397 5.305392687064374 6.001971106117997
