2008-03-22 30.105316819062615 30.328622527663516 26.440732324861337 22.93936564049244 30.462567816111076 28.272239394469047 31.29357507742575 39.53762833903005 16.21548964862273 43.60218505547714 23.391749802561776
2008-03-23 10.15580901208887 6.773781786700806 4.255347391575876 12.834589603690237 12.860339746068783 9.743465151776375 12.63842320804173 13.017998192986646 4.967099063289788 18.974792271430662 11.0928363944395
2008-03-24 13.282913846286814 14.32833327187075 10.189575924118351 28.007369201965336 14.694320619990215 6.797175927463703 18.480668137011484 9.71408232486622 21.260387039952988 7.019567182994949 16.672196146707712
2008-03-25 6.391135266106131 24.660104778703488 19.929083215178398 2.504764906918165 8.774400128545917 0.644094555998562 10.674068214320453 6.611323564280652 9.381967455421144 1.6594475459157998 4.402530820444331
2008-03-26 7.858604267578219 8.566145815562612 17.25579930193657 18.260699778221536 24.173841927938426 6.125352600963943 10.523015835111542 12.176118332069834 10.027633172953884 7.798222570209321 2.8853553751582637
2008-03-27 8.4583353851977 10.542279275900658 10.587710001785993 18.940129605894086 6.375205758266361 19.178636227420057 7.12930006943647 22.85148023628409 8.828163047566921 33.97749351518371 5.693410287237209
2008-03-28 16.2341123770441 7.469735018034304 6.5546048016858665 12.76795556012336 24.4409240245096 4.698890121769504 11.303377664596876 26.47402256539516 10.9547874461479 4.278980075588832 12.960893109234451
2008-03-29 8.388037508028383 5.94334133941525 20.730457429532716 1.3646842216346333 4.1042143948073555 0.35295391599047976 5.141422636339022 10.05190182503171 4.3308307190243225 4.480185473713224 8.539660289926612
2008-03-30 10.937790861197513 12.542102549011652 25.99652581462108 8.603587193746286 24.983827373816652 3.0673728395442774 8.36114626629183 11.64864539224546 5.9324749260481 7.7731085646384 19.77090306388988
2008-03-31 13.913656573999976 4.985012921055323 13.157607218149689 16.869906845332558 13.777591893108447 8.296906295116687 30.852399204099626 17.468773457369128 7.367948564777669 14.186981462591156 9.43658016859684
2008-04-01 9.690918862724875 9.828472628008502 15.065984724047956 4.113280318346397 10.97273243351852 3.371817653343933 12.728982159479528 13.898633544190018 15.188342355974516 26.18288476436153 5.819085826953841
2008-04-02 12.905378582761516 13.316375366023392 16.239176769534065 11.201743979939 5.85922406478028 11.797602781872483 5.3840220384675606 12.271912308935878 18.26178258176948 5.301085616468789 11.355264728359073
2008-04-03 15.359929016061102 33.757150983833654 14.444914375226134 4.2053923781663745 6.63398906746265 11.991505268233187 18.857338683315593 16.67367912545378 11.58729217217247 1.5285592156267036 22.211523972517202
2008-04-04 16.16571010412361 10.864074434699674 20.61941556077668 12.619271884291056 23.07897889762549 18.16019549095546 25.129093600295292 11.388723293265237 13.31732292788537 2.1009488568591115 34.875157371065676
2008-04-05 11.924545802740617 16.312095788447426 2.8349709575068203 8.729058353679775 12.670277921160473 14.022434346554494 15.900054856721791 6.733372641087824 10.12719956139021 1.5518028211272816 23.270352465602926
2008-04-06 10.942853550986447 28.57327658748278 0.8795360995559636 17.10643612308573 11.227660356597834 25.436248770747476 15.34435003493832 0.8215677708350835 16.952444675423322 2.7733030338062807 3.504247034968639
2008-04-07 0.7607834482463363 22.090759475269444 6.994146545895283 6.802694648800537 2.7073705812511024 11.802914420094936 6.79882017671896 4.867432376503746 2.2703484092698756 18.00753644065668 1.8330964399225276
2008-04-08 3.3015919048976947 10.062049179680365 8.73408086889582 2.6817365263475734 0.5195569218595855 6.491784285319623 1.3908852696473384 3.879926152973156 1.211823418241618 1.592334645929617 1.6964528407227606
2008-04-09 1.1834251968806564 13.15770941777501 6.729436134682496 7.7976639457955805 3.7421625957881717 4.484881871640359 0.021194589682725473 2.468919490561598 4.606490648255426 5.744579928273367 4.879109130928565
2008-04-10 1.026528650298876 5.887293426222755 5.5960922520254 9.454397051679763 7.244917711838529 4.517244802744511 0.3436232511140972 1.6323057537689296 2.6960216933487358 7.445789040921641 9.965584720536558
2008-04-11 1.3841930352562424 12.299158343389486 12.07941709235798 27.2724287834897 15.465072366321895 11.021895954390544 6.985900055236634 1.2904194504793172 1.7571907775534832 16.914802826898235 7.528135406620929
2008-04-12 4.802219977719979 2.4252938406300144 3.3647198070590947 18.800069880297677 11.628745900911111 3.8157463983112057 6.581407657365963 12.19698533880079 1.7985509522752294 6.969467881153087 9.02424682448103
2008-04-13 1.586841235495563 13.455020102831032 8.28945195469234 34.17417867280295 17.806938538514252 7.928016712974485 2.375345664878001 9.424332289004358 6.492240998310118 12.038049123563441 4.522823004135308
2008-04-14 5.270822716477989 11.485582869528093 9.081605129472404 16.369304631395856 6.0950345488998865 18.512186070287804 3.822745819707264 15.64435835119895 9.127203820064171 7.477566849185116 3.4448680345561358
2008-04-15 4.398630533148776 8.246092883238491 0.2521130337084216 4.722126585385732 14.81487984981465 7.187035916875255 0.8725246382747606 20.32679526107978 10.379258009410606 5.8451172519428995 10.783466753774002
2008-04-16 2.7342630719151204 3.288415160220873 0.5345397430291066 1.8772759397941878 8.273301262557212 3.4543734484896045 9.827879022173857 3.226254192421508 3.0335563792890055 2.3200709944602718 6.652356411509992
2008-04-17 1.8054294164277596 2.5706315933676454 1.1977377079176663 1.0753428176521433 0.8963673057746352 0.08881421367651388 6.382626739391261 1.8388465994864456 1.1100877190326222 1.2674147392802353 11.57348069437624
2008-04-18 0.9606833042355962 10.881596632685884 5.801195321777332 0.9093998131504182 1.796870031273855 4.515366688277119 6.547454788130022 2.221950237574592 3.709068495397248 1.2879267004247592 0.9380616891808677
2008-04-19 0.8059430739980731 14.425192520582003 15.09550162961328 2.751950782090753 12.524904922640083 2.313297166673949 5.882162702059993 2.4301178618998454 12.939465384584778 4.806157221232912 4.930518433219743
2008-04-20 0.9344366233458352 27.149179710099094 1.982856094520661 2.462269011855242 11.907040260317245 2.488653513757363 4.876826931813426 0.6079784637647675 9.561006862703179 13.651192832720083 6.668241505207374
2008-04-21 2.922148899113812 6.737321390298725 5.195761630158345 9.984746869665958 7.509087996410246 0.8781352982881045 4.202552369786433 7.219176071167235 2.799291017808205 0.0885664472679342 4.356216970345338
2008-04-22 5.286062315976215 0.18864415733035955 4.896504974375962 13.049280090517026 2.0945402938661513 0.2349663001183456 1.8485523873164311 1.8013312888497055 2.0540683447177672 0.6353592404918071 9.642779017961066
2008-04-23 6.0891555224839955 1.0952026201470795 2.992864628325739 5.284021367940305 0.2330310793655764 1.821828178284413 1.3797097489124672 3.305631513418642 0.781581832258329 1.74032117717825 1.618500945335885
2008-04-24 9.625036463584802 0.5120399941892062 13.093278721759605 7.543304845761551 0.5039326257303784 10.14515117939623 1.924661478197516 5.502126146518728 0.8250082247913972 0.4388247605271641 17.30709616328243
2008-04-25 6.722996119481279 1.815927628292613 60.77073256463882 29.3025172387059 0.46880977261879714 9.293088918699041 2.442488590272741 10.241487378231454 1.936143844606803 1.1213462878822258 16.215384351351997
2008-04-26 1.3726107444133597 2.7247901137656902 1.0718394286515065 28.79186189810411 0.6231546395063584 10.039171748035049 0.17450931898879563 28.46424414663688 1.8817400790217924 0.02867106902530029 1.7448046173315823
2008-04-27 3.932604136857415 4.2948679250511805 0.08597776678141494 10.158091769991746 1.817442557657813 2.9940683706954627 0.016738961066352497 3.478046541910662 1.0240826157268952 3.9587251531215975 8.100279595331664
2008-04-28 4.747704078284564 1.54392973617941 0.09113292696459128 8.947195864426742 0.9725502775700164 7.611239051190685 0.15001641005564048 4.146881232509719 9.166220963612334 8.065325853789496 3.7551071005605445
2008-04-29 4.297359440507234 0.1434838448635351 1.6413754249407104 7.981476386719955 0.12037707729770009 19.35494516330565 6.5538540143054576 5.034674144168248 0.5125798916548291 16.037391918165454 2.8022236983148434
2008-04-30 5.663745435648121 5.616556269600566 0.23254449219962642 5.379028978590069 2.122465728321134 21.404125184128713 17.829930343150252 11.750305454614491 0.7757858995045654 9.5553977211569 6.926950704237986
2008-05-01 9.208742469778251 17.187378371393184 0.43276451442722536 4.79324794181175 0.6307629409725303 2.2055889718342074 3.0613200728801293 4.760323835699555 0.3822503918552652 10.36832796062482 1.403500091738323
2008-05-02 13.337654712055576 3.88249520037826 0.4984495509750691 1.9065157165726425 1.6890623536914968 0.9742789752217427 14.155509993158688 9.149548539584398 0.6289013206846398 9.006782831137858 0.322676296632065
2008-05-03 6.830446832822343 1.4537001076577023 0.6719016206725288 0.5132903730771016 8.431760136063918 4.7727298255361585 1.0786860931080275 2.0026737952171167 0.0 1.2927874650240456 0.8232630309327924
2008-05-04 14.590919022688844 0.155316823046695 0.5048021298776894 3.7692620984263536 7.091661058194657 0.9307877386120402 0.198889254336244 0.7115421295711024 0.3422942311199245 0.6475155621164598 12.264255214272783
2008-05-05 8.390209073739147 0.15868303576139248 1.1215037545926991 9.725030447599156 9.919058787758324 0.9168018479231963 0.12975311011254556 0.6952437528186725 0.7887161088500523 0.23463282163701277 3.3983082944859877
2008-05-06 5.230715720824929 3.2534455750022886 1.9574764597176686 3.784281639909378 11.38447068065209 0.9194370927123405 0.4292659060255143 13.186446751828553 0.08077214316261049 0.380598577679112 0.696271017759623
