2008-04-05 4.180859277495379 6.74883517525859 2.599357657545093 8.513793416191646 2.3742830166794153 5.39957172751165 5.194521151806428 6.694659296230443 4.958441797735098 2.5543565533713375 7.283877605925644
2008-04-06 3.137321442174277 5.562117016966939 6.472496819022156 9.557012055527698 6.828439337424946 4.684194840821467 11.146778510741996 19.88879888793494 22.524178320140713 3.1268052972829627 2.22855861956367
2008-04-07 10.719737207207967 8.743647856382156 7.963875413684193 10.285764186452337 8.160124229749378 3.5794905627272744 5.702688792981221 14.439729286832085 8.821737929299626 27.01901466154433 5.812792611226383
2008-04-08 3.0733677818509895 3.2662897823454102 7.489481520191623 1.641734766511699 3.4337055075114415 1.711650185860583 2.078003015815953 12.36122660469797 6.263520690755998 6.042067435285766 15.930058859351128
2008-04-09 4.783925080203126 0.9273007277447624 7.148198315943473 2.1614199556071907 8.48852302673313 2.9895653234239004 5.672440236829178 1.2230071931467048 6.125371439800219 3.7041670257113353 10.18241918450528
2008-04-10 1.7362466552863485 1.2336927007011949 5.727761762709666 1.3136864804651522 9.328441954840676 2.289472272804933 3.18684560716605 0.8140982119427398 5.207400334972601 1.3025125815586682 11.335981870090919
2008-04-11 1.7726309397073259 1.1062956530840977 3.5775566416996787 0.8054337739503044 3.9254055610209404 1.9684145257807069 4.900476460907221 1.4648155067471555 3.2302007258211414 1.7554309956897183 4.002009131561559
2008-04-12 3.0526136064218248 1.3261158535878255 6.065600074494257 4.603413715358695 1.7673983672762963 4.816133444469596 4.2740549307880835 4.075260214658207 7.989750854777311 0.7761761263606326 3.82411825821891
2008-04-13 4.9423327989656585 5.535078042605559 10.621771404328829 3.66493363550342 6.237373888646109 8.309116505331795 12.432123842817711 4.804635771542713 3.5679048349255638 6.90355597555606 6.4354401554381715
2008-04-14 6.855703839995143 15.268219522045618 5.428582201288328 5.389541792954876 9.467521587412566 2.690271985293035 6.31626555806397 12.31663976394292 8.040379629094044 5.603496034194777 8.686562036097515
2008-04-15 2.866666089762105 8.482040311155323 11.092373720140099 5.117251913160647 4.337731063053292 1.9318641604049742 44.852298492861124 4.279455192770603 8.05601006579263 0.8087814029974183 3.204281974354968
2008-04-16 4.679701641487037 8.247423258692127 5.5127698698719465 7.377210622068347 5.149579431527895 3.2774991807061316 14.642405038365377 2.067250671954961 4.854744067297004 4.603273230513635 7.758498440232534
2008-04-17 7.594050743389912 13.699215389518162 3.880248145299343 8.530111158585267 3.556736203166839 4.390177171203727 1.921706467793684 6.4840889712113805 4.900050147639337 4.188627555601098 0.9778888508893853
2008-04-18 10.907288495615738 12.220124635112432 3.4319147539008488 3.3560756538403025 5.189212510549092 3.1897706802803856 10.336793837538352 4.722129318277977 10.708662215140116 4.883270761371881 0.018657142808168943
2008-04-19 10.41297263303181 13.296248115167739 1.0269403271828426 8.31757938616018 7.6073711397462835 3.973258791632536 17.590798799247285 20.22130245633936 18.648053706295013 10.348126105623994 4.0309580348729845
2008-04-20 9.96766106587798 8.050732696279164 1.8076961372852811 3.603293931489199 6.325953394653129 6.532735872136342 11.589139014984994 3.5960070754438758 13.462060946490764 4.791346702093274 2.8367647638306215
2008-04-21 8.134980415201083 11.725560594753315 0.48015553608482364 4.694310468254615 15.331490928490819 2.181253169562118 14.789313941534218 11.809177709428441 11.974667149912054 2.400763405818921 15.358599821937636
2008-04-22 8.605956275171142 19.602540961556887 5.0598732957677415 8.879245595416009 23.235764550815077 6.60672100954846 6.986580385618956 6.670905349052466 9.039405480905344 1.7394502122426652 14.193704552676301
2008-04-23 12.987190342118415 25.442126419414986 10.791608387901785 11.935553779191803 16.187902827934494 4.88686667089252 4.341926850957638 3.763220645846851 9.661756507595094 3.1647359122216026 12.453716992447946
2008-04-24 13.472587482260323 5.389477682695762 3.9981029456394017 11.58243107826431 7.016130941370376 0.6704141746487223 5.225228296938539 6.161514179239024 7.858569770325607 4.422913882816742 9.928512814693752
2008-04-25 1.2831608550839562 4.734985937636712 1.1405373690332286 12.83808610906011 14.055870323601166 3.584968431989567 2.1117842298897433 4.848227450936017 5.7372637849498425 6.044632628285391 9.030081082947948
2008-04-26 0.9503478235148103 12.741424292051882 0.17615877657679058 3.1108741575110925 11.695258099170108 7.565202530878388 11.352722393200107 15.143022498383209 0.3214485348293342 4.686422571034932 7.577559610367305
2008-04-27 5.4253133939348235 5.606281003446483 0.6298547893915591 3.7729720737261863 13.17975521098018 5.024206196009773 30.86607002488804 11.09489343741607 0.455791176498138 3.631133226624786 4.056812989613187
2008-04-28 0.1755125268964155 0.4252459710901923 0.12574974475123363 11.589961862635661 19.609434713861976 7.8064133590841935 12.249896245911195 22.205325385290912 3.1926002741778614 18.213983362646562 3.7053790353753464
2008-04-29 1.1121062687903063 2.7044605098357746 1.0003220957145162 18.336231655295443 3.049876490567893 8.102290079718248 6.532062904864209 4.559243634357342 1.8262211604342435 16.025045068866863 7.143558160749223
2008-04-30 5.394433641358521 1.108671694671358 1.2668857266825708 8.487059787569574 0.5667235107271156 12.134986555437486 12.05736049323853 3.7087812266673543 0.8124006553781695 13.43818649864929 8.983935224454935
2008-05-01 4.9048214204344145 0.7847765931793398 0.6590101877482967 5.5755068880592 2.9381250138100503 4.451028474690325 10.456296740229185 3.4298092457774314 0.373441139594606 0.6320684383536814 9.780889104338506
2008-05-02 5.941281809991346 7.448295646257042 0.4346109833763425 1.3607687058529088 1.9842334313038281 7.461647089712463 5.157252483422874 1.191417992749805 2.216432185370868 0.3176081890046931 1.9337791114820364
2008-05-03 2.2816313506109767 2.7052974730669748 0.3139851321073227 2.4327533431185064 0.6054245921767915 14.194904957538814 5.632739142353398 1.3163890108903176 2.0561083984841435 0.1429942732673793 4.271898327844243
2008-05-04 5.08353340155231 0.3537310778396211 0.4117526015639531 1.8025022863834284 1.7048500598586862 0.3187923713437565 1.5311513957844012 1.5143597600991678 1.70755254098653 0.5164146268347672 0.12061262326934036
2008-05-05 3.3879451189643426 0.468142914530577 3.2358569770974803 3.738712419300242 3.9943143066715034 1.208507860781026 0.06696351384247992 1.6359661656685613 16.28480617655033 1.5109032887123353 0.6527011089200799
2008-05-06 1.7801156083063663 0.034750217438129 8.025627358210876 5.1284867306076904 2.302253573672741 0.21661406938927114 1.0450005704339302 0.47708535095064264 36.886791414611025 0.8407891998051169 0.4994430189823709
2008-05-07 0.38433490334262554 2.090851323508292 10.336258230448927 0.9750057919945525 3.0197391991865956 1.2381478995082507 1.4504676006572166 5.601960651970797 27.634152086620915 5.56737700109302 1.1565140620259329
2008-05-08 0.3567145047835118 0.7494157883488355 8.083689907024688 0.4665148826285065 1.9620144730192484 1.7003031916563018 1.910851927834008 1.2937466219547606 2.966295669318302 1.0009377539234454 3.0211280936204967
2008-05-09 1.5556482550209312 0.32533753088330597 9.088969620241558 0.8478561649617549 3.935448124834597 0.8754909846133749 5.825844546754979 0.4406347600658145 0.033554709620422334 2.382307504861658 0.650505723661892
2008-05-10 0.047309864445534505 0.41042284510767757 8.942848062117399 0.3209284189326807 9.935995108060965 0.2177634507145319 2.7760555776491476 0.0 0.0 0.26335961201364644 0.0
2008-05-11 1.8646392052388907 1.0831480165329053 3.3528003182512798 0.12089904790950659 0.4679937436868784 1.071638643758132 3.905704888657126 0.09542135170776136 0.008586348317944727 0.004047119304331803 0.028830117201381185
2008-05-12 0.38489414668646205 0.25422565789946744 0.473910488507651 0.2796481106108635 1.0394972858111278 2.525672808804741 3.0228527825782603 4.513163287654605 0.0 2.0967514808018377 0.09676445378839074
2008-05-13 0.19203594193618165 0.9019700996711453 0.8301692718166284 0.5714614319845545 0.5261013247023225 0.056803410624733215 0.16819757284230952 0.591203502652682 0.37168160945649664 0.29180961599945526 0.1117588500847832
2008-05-14 0.1899126887388709 1.6114562908436318 1.5484483494530932 1.7681348125050973 0.11731675356821646 0.23936270327216141 1.151390620423149 0.30563830730458147 0.06366599709785006 0.2820315920192144 0.07311304167190641
2008-05-15 0.42207837462377096 0.572867172083487 0.9143125217858609 0.3864255830585964 1.4671050883323797 0.13067247873431986 6.909376384886915 0.6910649613270428 0.37909066854390516 0.37790953364112295 0.6000978987915977
2008-05-16 1.033679577170879 0.016991300031667007 0.7419137269523082 0.04356544428646172 4.6160299062749335 0.08878746165723297 2.061369721463717 0.3218811617788514 1.156087793776285 1.8478107422346481 1.136278954474811
2008-05-17 0.6442490968270043 0.2118252353533041 1.7187845700780666 0.07127393183189383 1.360811718123628 0.0 0.43685084142269054 0.3051972817080134 3.050410943294569 10.31883610669045 1.2582965042608643
2008-05-18 0.2896983889801624 0.1099360066989298 3.0137634566465854 0.3361798500446177 0.19473433522886763 0.08795853064086369 0.807448904986189 0.8885044897901697 5.111407324257297 15.4974522255222 1.1442283405356861
2008-05-19 0.592021129252712 0.0417742979287164 5.2527367713500634 0.1633466893909501 0.0032401466323640866 0.012348541374396789 2.18664310194533 0.1711120603738847 3.590265465988339 2.585876390378891 0.018444414828585495
2008-05-20 0.3626812100466208 0.0 11.877961772701775 0.09979308291994088 0.0 0.11435696999734854 0.7411223293430639 0.811468535318664 2.339451843655158 10.736098626619384 0.07771214716125192
